1.83328537728947e+003 1.73710342830699e+006 1.05536876318093e-003 6.04358043153172e-001 1.56820633060701e+000 1.50146781821291e-005 1.12896834224459e-007 9 1
1.83461776927199e+003 1.73722336783429e+006 1.05606286515040e-003 4.18073061311686e-001 1.50214732276376e+000 4.13526478404085e-005 3.66264818902069e-007 34 2
1.83368167213320e+003 1.73713933470960e+006 1.05557507935115e-003 5.15823847163305e-001 1.54835986526078e+000 1.35471878069898e-004 5.26190518347589e-007 58 3
1.83518852720692e+003 1.73733992031472e+006 1.05632054105948e-003 7.30430005798517e-001 1.44030688726463e+000 1.41145898353275e-004 5.99972403591846e-007 78 4
1.83626900839513e+003 1.73748200458293e+006 1.05685602491496e-003 2.00048829615162e-001 1.35909936964019e+000 2.20085717381688e-004 1.85665704970917e-006 91 5
1.83459397177283e+003 1.73732740106209e+006 1.05598592915118e-003 3.72814111758782e-001 1.44558010269478e+000 2.25944564873526e-004 2.18087266775374e-006 105 6
1.83909255188598e+003 1.73742111081811e+006 1.05851819893159e-003 6.23859370708335e-001 1.39725827402570e+000 2.89754899595473e-003 2.28456994917421e-006 131 7
1.83498077004021e+003 1.73719744359765e+006 1.05628758224746e-003 1.35044404431288e-001 1.50329784249397e+000 3.05197489593818e-003 5.32890258254324e-006 162 8
1.83411909138089e+003 1.73713682306724e+006 1.05582840999238e-003 4.06079287087619e-001 1.54912687841426e+000 3.15845537475202e-003 5.59960047729227e-006 180 9
1.83856471308358e+003 1.73722867344395e+006 1.05833161445630e-003 7.24143192846461e-001 1.50042154316843e+000 3.18205575619771e-003 5.67525598748951e-006 186 10
1.83326744513559e+003 1.73709952712104e+006 1.05536081029915e-003 3.73088778344066e-001 1.56916509704886e+000 3.18360391956226e-003 6.00150056800544e-006 187 11
1.83328290770774e+003 1.73710022785459e+006 1.05536928593488e-003 5.96148564104129e-001 1.56993211020234e+000 5.50595214522050e-002 6.11784634581784e-006 216 12
1.83369261607376e+003 1.73732283435678e+006 1.05546988670717e-003 1.24729148228401e-001 1.43292438566240e+000 5.50683359838334e-002 9.71749709214281e-006 232 13
1.83679203917918e+003 1.73742031887226e+006 1.05719458609080e-003 6.16931669057283e-001 1.39745002731407e+000 5.52836340162679e-002 9.82377699908868e-006 293 14
1.83611493352990e+003 1.73746542863599e+006 1.05677742978752e-003 4.21460615863521e-002 1.21883183919797e+000 5.53297249390167e-002 4.69423148603257e-005 331 15
1.84110830496936e+003 1.73719368406892e+006 1.05981712490370e-003 8.58027893917661e-001 1.51959687200537e+000 5.54258326840230e-002 4.69944653180428e-005 358 16
1.83929439359883e+003 1.73720919145477e+006 1.05876351298123e-003 6.48213141270180e-001 1.51087209738456e+000 5.54264575404627e-002 4.70910640091064e-005 361 17
1.83843015046824e+003 1.73716074583665e+006 1.05829553686005e-003 5.37888729514451e-001 1.53685466795862e+000 5.54271786454905e-002 4.72368638691177e-005 364 18
1.83468622989202e+003 1.73713509500164e+006 1.05615593916369e-003 7.78801843317972e-001 1.55123616458632e+000 5.73711749767923e-002 4.73014751384258e-005 407 19
1.84026329638194e+003 1.73736721321645e+006 1.05922489739093e-003 9.51689199499496e-001 1.42630889721366e+000 5.74253051357321e-002 4.73426177848590e-005 485 20
1.84167636236972e+003 1.73735688059623e+006 1.06004453840853e-003 7.05618457594531e-001 1.43167798928800e+000 5.74298516041426e-002 4.74221348912167e-005 487 21
1.83998229375116e+003 1.73734873582677e+006 1.05907442062504e-003 6.04480117191076e-001 1.43570480834376e+000 5.74308924926469e-002 4.75339538028877e-005 494 22
1.83503090135282e+003 1.73738120413117e+006 1.05620471467166e-003 1.12918485061190e-001 1.39802528717917e+000 5.74530139545469e-002 5.19898317409865e-005 518 23
1.83685170915172e+003 1.73746011170882e+006 1.05720471649074e-003 3.08816797387616e-001 1.37443963270974e+000 5.74680990868918e-002 5.24748543722786e-005 531 24
1.83525586570317e+003 1.73740245116836e+006 1.05632128115577e-003 6.52668843653676e-001 1.40684593844417e+000 5.78478449052251e-002 5.25689009850703e-005 593 25
1.83353186464988e+003 1.73711070959106e+006 1.05550623435675e-003 2.49427777947325e-001 1.56072795236061e+000 5.78501216450186e-002 5.33599986130103e-005 608 26
1.84170944576194e+003 1.73730531251772e+006 1.06009504638398e-003 5.51530503250221e-001 1.45890695623646e+000 6.28145053936252e-002 5.34971984216886e-005 660 27
1.84040156560252e+003 1.73727559567342e+006 1.05936034658277e-003 9.79857783745842e-001 1.47539773903623e+000 6.28147706630681e-002 5.35360128106062e-005 665 28
1.83935907899892e+003 1.73729984495520e+006 1.05874549926911e-003 8.07245094149602e-001 1.46216676213874e+000 6.28478194363715e-002 5.35953806586388e-005 673 29
1.83411023772704e+003 1.73713328680592e+006 1.05582546262984e-003 1.06143375957518e-001 1.52928041306803e+000 6.29571695972668e-002 5.87737371592427e-005 697 30
1.83329975898320e+003 1.73710687874509e+006 1.05537494598750e-003 9.76012451551866e-001 1.56676818094424e+000 6.29680747724109e-002 5.88130672893327e-005 729 31
1.83517610115021e+003 1.73719501694520e+006 1.05640149814697e-003 8.88882106997894e-001 1.51873398220771e+000 6.29680747724109e-002 5.88613158867088e-005 729 32
1.83419219277125e+003 1.73725809889762e+006 1.05579678253118e-003 3.11929685354167e-001 1.48210910412915e+000 6.30341331631633e-002 5.93431479982943e-005 759 33
1.83970004879628e+003 1.73717909927459e+006 1.05901536681793e-003 7.53990295113987e-001 1.52736288018433e+000 6.39501397123457e-002 5.94124772099780e-005 797 34
1.83325914880116e+003 1.73710052173912e+006 1.05535543006626e-003 8.23389385662404e-001 1.57012386349071e+000 3.08585283746282e-001 5.94696512676032e-005 826 35
1.83753661262096e+003 1.73744729960682e+006 1.05760671297614e-003 5.62639240699484e-001 1.38316440733055e+000 3.08585358965730e-001 5.95994691566502e-005 827 36
1.84057832909479e+003 1.73738198702313e+006 1.05939721619555e-003 9.04568620868557e-002 1.38632833658864e+000 3.08955585495431e-001 6.68426258659304e-005 834 37
1.84044366663068e+003 1.73735660506118e+006 1.05933518359214e-003 5.82689901425214e-001 1.43148623599963e+000 3.22064288196474e-001 6.69637805666887e-005 886 38
1.83542918604053e+003 1.73722481460682e+006 1.05652906156595e-003 4.16516617328410e-001 1.50138030961028e+000 3.22080497685585e-001 6.72192226097423e-005 906 39
1.83518864381468e+003 1.73723786781326e+006 1.05638266075132e-003 7.46391186254463e-001 1.49534008102664e+000 3.22180534196892e-001 6.72899791932626e-005 968 40
1.83864704692401e+003 1.73725601779261e+006 1.05836234935122e-003 9.43662831507309e-001 1.48584829325236e+000 3.22236663066650e-001 6.73321842769756e-005 1026 41
1.83933359066589e+003 1.73729657516243e+006 1.05873282070346e-003 8.82900479140599e-002 1.43033571626942e+000 3.22448580258215e-001 7.50275017167770e-005 1034 42
1.83670147537193e+003 1.73740305946416e+006 1.05715296237750e-003 7.90276802880947e-001 1.40684593844417e+000 3.22707431625989e-001 7.50892398057350e-005 1040 43
1.83337109907928e+003 1.73710334810692e+006 1.05541815939849e-003 5.53086947233497e-001 1.56811045396283e+000 3.22710078168402e-001 7.52264491306354e-005 1048 44
1.83452972372005e+003 1.73715017914890e+006 1.05605667474812e-003 6.35517441328166e-001 1.54279901989807e+000 3.23073464318953e-001 7.53274860320416e-005 1105 45
1.83605073913743e+003 1.73718082622668e+006 1.05691360839040e-003 6.67775505844295e-001 1.52621236045412e+000 3.23504329348698e-001 7.54180409109844e-005 1140 46
1.84187213727781e+003 1.73727682231921e+006 1.06020607856159e-003 2.73781548509171e-001 1.47156267326884e+000 3.23516678212895e-001 7.60593976636673e-005 1159 47
1.83691134558270e+003 1.73728192949281e+006 1.05734747472639e-003 1.17526779992065e-001 1.45296260429701e+000 3.23623225354782e-001 8.01728607642558e-005 1205 48
1.83698247922395e+003 1.73714055468306e+006 1.05747447409197e-003 4.82833338419752e-001 1.54759285210730e+000 3.23643820291433e-001 8.03578131011173e-005 1217 49
1.84050221167895e+003 1.73734171031548e+006 1.05937796360398e-003 5.23606067079684e-001 1.43925224417859e+000 3.23644999528717e-001 8.05112578571776e-005 1219 50
1.84059077168441e+003 1.73719387299352e+006 1.05951909660804e-003 4.88814966277047e-001 1.51873398220771e+000 3.34786230955803e-001 8.06910720491220e-005 1297 51
1.83416036407754e+003 1.73711247718675e+006 1.05586696691066e-003 9.46562089907529e-001 1.56370012833033e+000 3.34800987727718e-001 8.07331439102837e-005 1306 52
1.83496127870972e+003 1.73743075501332e+006 1.05613451998822e-003 5.87664418469802e-001 1.39169742866298e+000 3.45426791469688e-001 8.08512964766436e-005 1367 53
1.83409681458326e+003 1.73711127712952e+006 1.05583111294759e-003 2.55958738975188e-001 1.56063207571642e+000 3.45454853451307e-001 8.15986642104061e-005 1402 54
1.83663403561870e+003 1.73740594375596e+006 1.05711239108012e-003 5.40757469405194e-001 1.40483252891629e+000 3.45473825198579e-001 8.17408697042063e-005 1407 55
1.84013673827170e+003 1.73719265849917e+006 1.05925847719894e-003 4.11481063264870e-001 1.51892573549608e+000 3.45497997930993e-001 8.20035191613767e-005 1425 56
1.84070403331389e+003 1.73718106224553e+006 1.05959210841266e-003 2.47444074831385e-001 1.52247317133091e+000 3.54780675038314e-001 8.28077373683338e-005 1457 57
1.83820062495560e+003 1.73716611291024e+006 1.05816014094158e-003 2.68868068483535e-001 1.53119794595172e+000 3.55238912218284e-001 8.34779364241918e-005 1530 58
1.83558871658662e+003 1.73714541305474e+006 1.05666918820764e-003 1.55217139194922e-001 1.53512888836329e+000 3.59091207879691e-001 8.57227852728289e-005 1617 59
1.83981815740550e+003 1.73743803588977e+006 1.05892551660773e-003 8.51008636738182e-001 1.38872525269326e+000 3.59096954385304e-001 8.57750775356483e-005 1629 60
1.83367706060558e+003 1.73744027101142e+006 1.05538959260227e-003 2.24860377819147e-001 1.38210976424451e+000 3.59104198436973e-001 8.67512912630970e-005 1651 61
1.83836353276401e+003 1.73717511119115e+006 1.05824843717027e-003 6.71315652943510e-001 1.52937628971221e+000 3.59900345155879e-001 8.68408110714564e-005 1657 62
1.83393778967782e+003 1.73713240482025e+006 1.05572672713087e-003 3.39976195562609e-001 1.55085265800958e+000 3.59901156958118e-001 8.72409931145284e-005 1661 63
1.83574537100959e+003 1.73720903056547e+006 1.05672066827314e-003 4.24146244697409e-001 1.51000920758690e+000 3.60208310930094e-001 8.74865733701669e-005 1701 64
1.83521982672552e+003 1.73715074604382e+006 1.05645359111499e-003 6.40949736014893e-001 1.54251138996551e+000 3.61271267969125e-001 8.75857351252288e-005 1715 65
1.83999433276965e+003 1.73729997230044e+006 1.05911107702910e-003 9.74944303720206e-001 1.46226263878292e+000 3.61416923007655e-001 8.76249284570119e-005 1742 66
1.83782269473083e+003 1.73716127697330e+006 1.05794553069512e-003 9.01699880977813e-001 1.53714229789117e+000 3.61437919833603e-001 8.76717179437605e-005 1757 67
1.83625857945075e+003 1.73723311584558e+006 1.05700143454978e-003 6.64174321726127e-001 1.49783287377544e+000 3.62316209919806e-001 8.77632036131327e-005 1829 68
1.83473220085004e+003 1.73713671218510e+006 1.05618141954745e-003 1.67088839381085e-001 1.54136087023530e+000 3.62316209919806e-001 8.96724331639578e-005 1829 69
1.83838864730160e+003 1.73722479532268e+006 1.05823262827444e-003 5.22507400738548e-001 1.50205144611957e+000 3.62423700283811e-001 8.98275647728091e-005 1876 70
1.84085253276474e+003 1.73718517022982e+006 1.05967508546203e-003 9.93072298348949e-001 1.52429482757042e+000 3.62455929064383e-001 8.98653831648705e-005 1897 71
1.84178914179147e+003 1.73740176101730e+006 1.06008206806165e-003 3.30790124210334e-001 1.40598304864650e+000 3.62463605221024e-001 9.02847458239868e-005 1900 72
1.84165892702932e+003 1.73744640867525e+006 1.05997988087414e-003 4.82863856929228e-001 1.38373966719565e+000 3.62463605221024e-001 9.04664954832199e-005 1900 73
1.83564799574265e+003 1.73714882702165e+006 1.05670123592745e-003 6.97408978545488e-001 1.54366190969573e+000 3.62465311820769e-001 9.05488520472132e-005 1907 74
1.83823870350059e+003 1.73729675585631e+006 1.05810248668514e-003 9.79583117160558e-001 1.46389254173406e+000 3.63045078766773e-001 9.05876450557462e-005 1962 75
1.83503343173650e+003 1.73739290424351e+006 1.05619905830934e-003 8.16827906125065e-001 1.41211915387432e+000 3.63045529559100e-001 9.06451033751656e-005 1964 76
1.84149137867628e+003 1.73744524215655e+006 1.05988415890527e-003 4.67543565172277e-002 1.26044230277413e+000 3.63045554445525e-001 1.20613390588618e-004 1965 77
1.83403748358989e+003 1.73714092425320e+006 1.05577893913814e-003 1.35135959959716e-001 1.53407424527726e+000 3.63045554445525e-001 1.23658071292248e-004 1965 78
1.83697688580310e+003 1.73732498217917e+006 1.05735899734424e-003 9.68413342692343e-001 1.44864815530869e+000 3.63159670666204e-001 1.23697785787641e-004 2025 79
1.84062290512453e+003 1.73718904619438e+006 1.05954053784736e-003 6.35517441328166e-001 1.52180203482162e+000 3.63159670666204e-001 1.23798741011012e-004 2025 80
1.83694036545506e+003 1.73745796426349e+006 1.05725704955073e-003 4.48469496749779e-001 1.37702830210273e+000 3.73142829378361e-001 1.24012297974855e-004 2175 81
1.83471488174080e+003 1.73711668790791e+006 1.05618362444473e-003 9.58281197546312e-002 1.53301960219123e+000 3.73403895463974e-001 1.30497689606035e-004 2186 82
1.83592397995556e+003 1.73719411048403e+006 1.05683255852882e-003 9.85106967375713e-001 1.51930924207282e+000 3.73405812241107e-001 1.30536174592703e-004 2197 83
1.83359513686422e+003 1.73711833094172e+006 1.05553802710552e-003 5.60075685903500e-001 1.55996093920713e+000 3.82002628277500e-001 1.30669638064178e-004 2203 84
1.83924509104320e+003 1.73723888229002e+006 1.05871703805441e-003 1.00527970213935e-001 1.46926163380840e+000 3.82042786055552e-001 1.36480719913888e-004 2217 85
1.83861596998803e+003 1.73737384206021e+006 1.05827268668164e-003 6.31214331492050e-001 1.42228207815790e+000 3.83464173285217e-001 1.36582189153904e-004 2240 86
1.83884490427191e+003 1.73738115296615e+006 1.05840000307435e-003 5.10696737571337e-001 1.41806350581378e+000 3.83615692188486e-001 1.36743806001506e-004 2258 87
1.83908843701443e+003 1.73724469736398e+006 1.05862332047581e-003 7.36289559617908e-001 1.49179264519181e+000 3.83629627466400e-001 1.36816695829740e-004 2289 88
1.84071040000402e+003 1.73724365607832e+006 1.05955759558055e-003 9.84832300790429e-002 1.46561832132939e+000 3.85570139817515e-001 1.42894225036304e-004 2321 89
1.83432268498639e+003 1.73716051665745e+006 1.05593120822531e-003 8.24457533494064e-001 1.53742992782373e+000 3.85576171838740e-001 1.42951204539245e-004 2328 90
1.83450128854058e+003 1.73715019051916e+006 1.05604029898767e-003 7.62016663106174e-001 1.54299077318644e+000 3.86303371860392e-001 1.43018975080728e-004 2410 91
1.83504398332547e+003 1.73716914469490e+006 1.05634117804862e-003 5.53605761894589e-002 1.44653886913663e+000 3.86314818964579e-001 1.64553136913983e-004 2423 92
1.83913693678090e+003 1.73716245637700e+006 1.05870135685824e-003 5.25894955290384e-001 1.53589590151677e+000 3.86323517718783e-001 1.64706347345660e-004 2432 93
1.83866848033935e+003 1.73733844545257e+006 1.05832447251982e-003 3.13974425489059e-001 1.43915636753441e+000 3.86583382667707e-001 1.65179051490584e-004 2468 94
1.84038501294938e+003 1.73728202363146e+006 1.05934689905209e-003 2.56782738731040e-001 1.46820699072237e+000 1.14094054711914e+000 1.65917289623186e-004 2504 95
1.83731185620273e+003 1.73715591101366e+006 1.05765473292359e-003 8.60103152562029e-001 1.54001859721671e+000 1.14120415100955e+000 1.65969207123992e-004 2530 96
1.83612569104780e+003 1.73715786051464e+006 1.05697072731114e-003 5.39231543931394e-001 1.53838869426557e+000 1.14120415100955e+000 1.66114216791757e-004 2530 97
1.83452230959538e+003 1.73734030226712e+006 1.05593683941425e-003 6.03961302529985e-001 1.43982750404370e+000 1.14121512312311e+000 1.66226308956999e-004 2540 98
1.83939165992560e+003 1.73719372345101e+006 1.05882893064994e-003 8.26899014252144e-001 1.51950099536119e+000 1.14123542655611e+000 1.66282876021276e-004 2559 99
1.83585332922928e+003 1.73716403943238e+006 1.05681018263127e-003 6.58558915982543e-001 1.53532064165166e+000 1.14123542655611e+000 1.66376276511898e-004 2559 100
1.83561077332082e+003 1.73732748729595e+006 1.05657114371739e-003 3.13364055299539e-001 1.44481308954131e+000 1.14129609669996e+000 1.66851356604866e-004 2575 101
1.83743625075140e+003 1.73719814328313e+006 1.05770062710293e-003 9.52787865840632e-002 1.48834108600116e+000 1.14131601172131e+000 1.73401653494631e-004 2581 102
1.83804993282747e+003 1.73732828182732e+006 1.05797463051221e-003 6.64815210425123e-001 1.44663474578082e+000 1.14155958425954e+000 1.73492484142287e-004 2602 103
1.83644158168733e+003 1.73715539022151e+006 1.05715407378316e-003 7.05465865047151e-001 1.54011447386090e+000 1.14197619458958e+000 1.73572777391897e-004 2636 104
1.83387687799118e+003 1.73710900910888e+006 1.05570588090929e-003 3.20108645893735e-001 1.56331662175359e+000 1.14198213464628e+000 1.74029722735864e-004 2640 105
1.83361950615190e+003 1.73717053424491e+006 1.05552033553777e-003 3.12814722128971e-002 1.24491028641621e+000 1.14228026745695e+000 2.46209799696885e-004 2671 106
1.83577832237815e+003 1.73739545628079e+006 1.05662624623037e-003 1.86986907559435e-001 1.40368200918607e+000 1.14241857127463e+000 2.47680259998791e-004 2704 107
1.83455237120850e+003 1.73718834395391e+006 1.05604651079326e-003 8.14661091952269e-001 1.52228141804254e+000 1.14241871966857e+000 2.47738721511707e-004 2707 108
1.83545855483659e+003 1.73713633888843e+006 1.05659977902128e-003 1.76122318185980e-001 1.54251138996551e+000 1.14241877909390e+000 2.49439177047746e-004 2709 109
1.84092330444118e+003 1.73720695301049e+006 1.05970253696642e-003 6.93075350199896e-001 1.51221437040315e+000 1.14243491934604e+000 2.49522558231268e-004 2723 110
1.83851395717715e+003 1.73716630289534e+006 1.05834039474665e-003 3.90545365764336e-001 1.53301960219123e+000 1.15045456663940e+000 2.49817369078383e-004 2745 111
1.83495036261849e+003 1.73716866017187e+006 1.05628758003974e-003 1.91442609942930e-001 1.52621236045412e+000 1.15057304753849e+000 2.51231905021358e-004 2828 112
1.83581530969536e+003 1.73713235711850e+006 1.05680757066882e-003 1.81707205420087e-001 1.54519593600269e+000 3.27679824727984e+000 2.52819609379139e-004 2937 113
1.83355244276220e+003 1.73711936182838e+006 1.05551282319917e-003 7.49809259315775e-001 1.55976918591876e+000 3.27679837117755e+000 2.52889853912390e-004 2938 114
1.84024807199924e+003 1.73718388165011e+006 1.05932791748601e-003 8.37794122135075e-001 1.52487008743553e+000 3.27690803298251e+000 2.52944829571164e-004 3002 115
1.83862161213649e+003 1.73732291759039e+006 1.05830695439134e-003 7.01040681173131e-001 1.44960692175054e+000 3.27691159278824e+000 2.53025683021553e-004 3006 116
1.83686305002680e+003 1.73723930235163e+006 1.05734561900311e-003 4.34766685995056e-001 1.49371017807550e+000 3.27853635790096e+000 2.53257996975517e-004 3026 117
1.83694662849997e+003 1.73717214444028e+006 1.05743460698892e-003 5.65538499099704e-001 1.53071856273080e+000 3.27854433013651e+000 2.53388543414115e-004 3035 118
1.83545293730623e+003 1.73714241988982e+006 1.05659284654188e-003 9.56205938901944e-001 1.54740109881893e+000 3.27862504006863e+000 2.53429677198777e-004 3068 119
1.83655940420225e+003 1.73717690204555e+006 1.05720880688930e-003 2.43018890957366e-001 1.52448658085879e+000 3.27863730658059e+000 2.54266544809099e-004 3087 120
1.83758038620438e+003 1.73749473334986e+006 1.05760303372861e-003 1.61168248542741e-001 1.34903232200079e+000 3.27863904251251e+000 2.56283740275627e-004 3088 121
1.83372929189039e+003 1.73726816738924e+006 1.05552421054313e-003 6.67195654164251e-001 1.47875342158269e+000 3.27909232614786e+000 2.56374174201098e-004 3163 122
1.83747844744443e+003 1.73730137435888e+006 1.05766206681208e-003 4.51307718131046e-001 1.46034510589923e+000 3.27909452840248e+000 2.56587496441045e-004 3166 123
1.84159847184014e+003 1.73742974850364e+006 1.05995524926656e-003 1.40934476760155e-001 1.38028810800500e+000 3.27970369180826e+000 2.59314989189099e-004 3185 124
1.83331174174412e+003 1.73711225532147e+006 1.05537857755924e-003 1.93456831568346e-001 1.55708463988159e+000 3.28062777809883e+000 2.60698571216323e-004 3251 125
1.83433921908083e+003 1.73716484437931e+006 1.05593809548352e-003 8.90377513962218e-001 1.53512888836329e+000 3.28306127661778e+000 2.60746676323285e-004 3281 126
1.83563911274286e+003 1.73716567335924e+006 1.05668587497324e-003 5.23575548570208e-001 1.53407424527726e+000 3.28330737568221e+000 2.60901373796104e-004 3284 127
1.84091359709110e+003 1.73724636882998e+006 1.05967290596373e-003 8.90560625019074e-001 1.49112150868252e+000 3.43711002472069e+000 2.60949335111920e-004 3396 128
1.83554911380538e+003 1.73713259491943e+006 1.05665418749984e-003 2.12500381481368e-001 1.54720934553056e+000 3.43725561444433e+000 2.62074506042681e-004 3420 129
1.84027286515041e+003 1.73731053059617e+006 1.05926496412295e-003 3.81084627826777e-001 1.45507189046907e+000 3.45604150486260e+000 2.62383798241228e-004 3522 130
1.83531991987165e+003 1.73713898864844e+006 1.05651836092816e-003 5.69170201727348e-001 1.54874337183752e+000 3.45611228398481e+000 2.62512591264850e-004 3546 131
1.83384735734809e+003 1.73711321758657e+006 1.05568632920639e-003 2.25745414593951e-001 1.55842691290017e+000 3.45611449957733e+000 2.63497817134742e-004 3555 132
1.83985099764437e+003 1.73742967457344e+006 1.05894951424473e-003 5.06668294320505e-001 1.39246444181646e+000 3.45611455325327e+000 2.63661572599564e-004 3556 133
1.83516221792951e+003 1.73745326552020e+006 1.05623648813519e-003 7.80510879848628e-001 1.38019223136082e+000 3.45618680038318e+000 2.63724720628923e-004 3613 134
1.83603709715865e+003 1.73715716441909e+006 1.05692015155444e-003 7.91741691335795e-001 1.53925158406323e+000 3.45619288797971e+000 2.63787012424518e-004 3634 135
1.84208597224007e+003 1.73724753274930e+006 1.06034704159308e-003 8.93948179570910e-001 1.49054624881741e+000 2.06616753125371e+002 2.63834572615385e-004 3697 136
1.83728623798926e+003 1.73716441581962e+006 1.05763480773628e-003 5.69261757255776e-001 1.53493713507492e+000 2.06617183193092e+002 2.63963268597654e-004 3709 137
1.84094305842448e+003 1.73733246081575e+006 1.05963735262115e-003 4.61806085390789e-001 1.44395019974364e+000 2.06617197358156e+002 2.64165671234164e-004 3740 138
1.83566977664471e+003 1.73741781711819e+006 1.05655017204657e-003 4.28785058137761e-001 1.39792941053499e+000 2.06618120890331e+002 2.64402307823218e-004 3759 139
1.83616460693314e+003 1.73718475428341e+006 1.05697676578038e-003 7.47154148991363e-001 1.52419895092624e+000 2.06618120890331e+002 2.64473030153347e-004 3759 140
1.83848955264852e+003 1.73728146193600e+006 1.05825619314889e-003 6.32618182927946e-001 1.47175442655721e+000 2.06618406104820e+002 2.64574628225236e-004 3822 141
1.83737996130570e+003 1.73733136014858e+006 1.05758712380454e-003 7.77153843806269e-001 1.44510071947386e+000 2.06618406173843e+002 2.64639041507613e-004 3824 142
1.83520638825846e+003 1.73723690846616e+006 1.05639345827742e-003 9.04263435773797e-001 1.49601121753594e+000 2.06618417563754e+002 2.64685435971671e-004 3837 143
1.83472285039292e+003 1.73713043364302e+006 1.05617985422336e-003 6.75252540665914e-001 1.55363308069094e+000 2.06618426884875e+002 2.64773874401948e-004 3840 144
1.84080480313348e+003 1.73720089572125e+006 1.05963801808725e-003 3.62956633198035e-001 1.51403602664266e+000 2.06618427730957e+002 2.65119933526933e-004 3846 145
1.83585640654450e+003 1.73715247272152e+006 1.05681899079332e-003 5.86626789147618e-001 1.54145674687948e+000 2.11123634381488e+002 2.65240422577722e-004 3962 146
1.84116482750503e+003 1.73722890518218e+006 1.05982817385705e-003 1.72185430463576e-001 1.49198439848018e+000 2.11123635304642e+002 2.67022753916534e-004 3966 147
1.83490265198903e+003 1.73721329740663e+006 1.05623297517459e-003 9.86938077944273e-001 1.50885868785668e+000 2.11126957540884e+002 2.67061059257650e-004 3986 148
1.84197417911767e+003 1.73726840058573e+006 1.06026995498475e-003 7.35129856257820e-001 1.47913692815943e+000 2.11127066335479e+002 2.67134123157363e-004 3991 149
1.83918634113949e+003 1.73721987383450e+006 1.05869480409443e-003 8.12616351817377e-001 1.50531125202185e+000 2.11127650198736e+002 2.67192851887586e-004 3996 150
1.83906753495389e+003 1.73735851957828e+006 1.05854193439692e-003 3.29203161717582e-001 1.42870581331828e+000 2.11127721134183e+002 2.67618167109959e-004 4050 151
1.84092100186758e+003 1.73719936317603e+006 1.05970584135963e-003 7.73796807763909e-001 1.51643294274728e+000 2.11128533239059e+002 2.67683617067901e-004 4087 152
1.83549249762508e+003 1.73746395870915e+006 1.05642008031706e-003 9.08627582628864e-001 1.37472726264229e+000 2.11128632377525e+002 2.67728769362916e-004 4131 153
1.83909828739779e+003 1.73731961066093e+006 1.05858334249411e-003 4.09527878658406e-001 1.45037393490402e+000 2.11128633412994e+002 2.67992615320158e-004 4138 154
1.83376638262130e+003 1.73748104458721e+006 1.05541623458537e-003 4.12518692587054e-001 1.36437258507035e+000 2.11144553715640e+002 2.68248612644078e-004 4209 155
1.83530458685242e+003 1.73716448366834e+006 1.05649402878281e-003 5.31968138676107e-001 1.53474538178655e+000 2.11144684105876e+002 2.68397995254924e-004 4254 156
1.83836321066156e+003 1.73732293366981e+006 1.05815820933220e-003 5.74541459395123e-001 1.44931929181799e+000 2.11144688051737e+002 2.68523254961814e-004 4263 157
1.83735570307948e+003 1.73720066191401e+006 1.05765272731846e-003 6.19617297891171e-001 1.51537829966124e+000 2.11145857935002e+002 2.68629961660975e-004 4319 158
1.84015598079856e+003 1.73730519567157e+006 1.05920093787903e-003 6.92373424481948e-001 1.45919458616901e+000 2.11145871896845e+002 2.68713151760923e-004 4336 159
1.83363179748531e+003 1.73734173426760e+006 1.05542339798763e-003 9.78576006347850e-001 1.43944399746696e+000 2.11145973701832e+002 2.68751919037860e-004 4406 160
1.83654872187393e+003 1.73715585454324e+006 1.05721546678214e-003 8.38892788476211e-001 1.54001859721671e+000 2.11146721299143e+002 2.68806768295125e-004 4435 161
1.83375742344315e+003 1.73712509951479e+006 1.05562733668788e-003 7.22098452711570e-001 1.55660525666066e+000 2.11146721390248e+002 2.68883077134963e-004 4437 162
1.83890364014593e+003 1.73738106789964e+006 1.05843386199203e-003 7.36655781731620e-001 1.41863876567888e+000 2.11146783036180e+002 2.68955271229643e-004 4449 163
1.83905198976612e+003 1.73716269501694e+006 1.05865231161449e-003 4.34400463881344e-001 1.53532064165166e+000 2.11146804249431e+002 2.69188562632835e-004 4484 164
1.83476045807989e+003 1.73725121297888e+006 1.05612807301820e-003 2.73140659810175e-002 4.10399975432600e-001 2.11146804249431e+002 3.10154945532466e-004 4484 165
1.83400526011053e+003 1.73712887945966e+006 1.05576770979657e-003 8.51008636738182e-001 1.55468772377697e+000 2.11146954069077e+002 3.10208109773243e-004 4521 166
1.83790143352704e+003 1.73716423832998e+006 1.05798905320996e-003 7.00064088869900e-001 1.53532064165166e+000 2.11146954890792e+002 3.10289759397690e-004 4525 167
1.83744041352825e+003 1.73721323460627e+006 1.05769383500763e-003 4.13739432966094e-001 1.50770816812647e+000 2.11146954890792e+002 3.10549097683918e-004 4525 168
1.83516614392836e+003 1.73713375228028e+006 1.05643302296470e-003 4.94979705191198e-001 1.55133204123051e+000 2.11151562497675e+002 3.10724225913527e-004 4543 169
1.83437369435653e+003 1.73712132009884e+006 1.05598439861042e-003 9.90844447157201e-001 1.55890629612110e+000 2.11151641396532e+002 3.10762270068256e-004 4570 170
1.84162728949890e+003 1.73721345438341e+006 1.06010380875538e-003 9.17172765282144e-001 1.50895456450087e+000 2.11165183367218e+002 3.10807279877819e-004 4645 171
1.83395676071838e+003 1.73746291962836e+006 1.05553681686902e-003 5.35294656208991e-002 1.28134341120640e+000 2.11165960652782e+002 3.33203420213878e-004 4699 172
1.84217573922358e+003 1.73730963795262e+006 1.06036080647575e-003 2.14087343974120e-001 1.45171620792260e+000 2.11166912245165e+002 3.34302790610575e-004 4713 173
1.83893869475685e+003 1.73723108252219e+006 1.05854542116070e-003 8.51191747795038e-001 1.49927102343822e+000 2.11166913576156e+002 3.34355800702722e-004 4715 174
1.83327186490040e+003 1.73710066968328e+006 1.05536266047711e-003 2.58003479110080e-001 1.56648055101169e+000 2.11167023738113e+002 3.35090230709663e-004 4783 175
1.83399536842489e+003 1.73715571368438e+006 1.05574570695524e-003 1.45725882747887e-001 1.52803401669362e+000 2.11167764781263e+002 3.37668645395702e-004 4819 176
1.83967071994358e+003 1.73738177277336e+006 1.05887494689823e-003 3.55235450300607e-001 1.41672123279519e+000 2.11168042025803e+002 3.38027748718128e-004 4830 177
1.83854149749735e+003 1.73716303928581e+006 1.05835823665088e-003 8.82564775536363e-001 1.53618353144932e+000 2.11168052721037e+002 3.38076797473551e-004 4838 178
1.83783078622287e+003 1.73726794206740e+006 1.05788523240154e-003 4.87960448011719e-001 1.47856166829432e+000 2.11168164456022e+002 3.38256781755689e-004 4861 179
1.84132717270951e+003 1.73722002717289e+006 1.05992704111437e-003 5.83574938200018e-001 1.50492774544511e+000 2.11168177997674e+002 3.38378449453440e-004 4895 180
1.83449953677356e+003 1.73743215429259e+006 1.05586790857196e-003 1.33335367900632e-001 1.37683654881436e+000 2.11168182276829e+002 3.41457593374350e-004 4913 181
1.83639402265519e+003 1.73742607259477e+006 1.05696200130035e-003 1.66600543229469e-001 1.38556132343516e+000 2.11169130545426e+002 3.43347101768459e-004 4935 182
1.83531465492570e+003 1.73724662874166e+006 1.05644986829830e-003 3.75347148045289e-001 1.48920397579882e+000 2.11169168151028e+002 3.43667972870552e-004 4948 183
1.84177641655864e+003 1.73727290242999e+006 1.06015337255082e-003 4.71205786309397e-002 1.35564781044954e+000 2.11169178952673e+002 3.73890955531333e-004 4951 184
1.83773862738185e+003 1.73715617672397e+006 1.05790024318788e-003 7.21427045503098e-001 1.53973096728416e+000 2.11169180673495e+002 3.73967391500836e-004 4961 185
1.83354564566288e+003 1.73723110417556e+006 1.05544101785088e-003 7.80846583452864e-001 1.49898339350566e+000 2.11186490886716e+002 3.74031477817213e-004 4979 186
1.83861510602067e+003 1.73719469407168e+006 1.05838132350618e-003 7.98974578081607e-001 1.51892573549608e+000 2.11199126251735e+002 3.74092483974574e-004 5017 187
1.84021508046830e+003 1.73741088207532e+006 1.05917052282215e-003 6.52729880672628e-001 1.40281911938841e+000 2.11199145518176e+002 3.74186447839835e-004 5022 188
1.84127025943535e+003 1.73719720301347e+006 1.05990820543784e-003 9.73296304208503e-001 1.51777521576586e+000 2.11199146534719e+002 3.74225964550961e-004 5029 189
1.83947315019210e+003 1.73730778831630e+006 1.05880631812601e-003 9.95208594012268e-002 1.43158211264382e+000 2.11199197943782e+002 3.80140185264673e-004 5073 190
1.83992935126494e+003 1.73744463750999e+006 1.05898549153506e-003 6.92800683614612e-001 1.38508194021424e+000 2.11199259287136e+002 3.80222345106477e-004 5085 191
1.84183168707947e+003 1.73749094539228e+006 1.06005214131827e-003 1.14658040101321e-001 1.34145806711020e+000 2.11199322757548e+002 3.84481448029776e-004 5099 192
1.83496451149089e+003 1.73713056315139e+006 1.05631889043022e-003 5.74877162999359e-001 1.55334545075838e+000 2.11199324341621e+002 3.84607456412624e-004 5101 193
1.83593137233960e+003 1.73714156596428e+006 1.05686878073138e-003 2.34076967680899e-002 6.83456658070620e-001 2.11199324341621e+002 4.75661486825687e-004 5101 194
1.83503856547668e+003 1.73720544565633e+006 1.05631598585578e-003 3.20139164403211e-002 2.74638647267067e-001 2.11199327585910e+002 4.95298418715578e-004 5107 195
1.83350216574840e+003 1.73710916497203e+006 1.05549007618134e-003 2.19611194189276e-001 1.56034444578387e+000 2.11199399086796e+002 4.96345226951153e-004 5109 196
1.83493205659722e+003 1.73718071457166e+006 1.05626971263890e-003 7.79839472640156e-001 1.52640411374248e+000 2.11199399195938e+002 4.96409598084889e-004 5110 197
1.84091698933765e+003 1.73738382865858e+006 1.05959101841423e-003 6.51356547746208e-001 1.41720061601611e+000 2.11199399271857e+002 4.96504218803250e-004 5111 198
1.83942874032825e+003 1.73724963713075e+006 1.05881619637392e-003 2.68257698294015e-002 1.05651268059328e+000 2.11199516227297e+002 5.89520107931459e-004 5158 199
1.83429862017567e+003 1.73718000874685e+006 1.05590550733429e-003 3.11075167088839e-001 1.52448658085879e+000 2.11199549444239e+002 5.90006247622690e-004 5165 200
1.84054493834882e+003 1.73718586763109e+006 1.05949759547980e-003 2.24250007629627e-001 1.51892573549608e+000 2.11199549881197e+002 5.91004717020591e-004 5170 201
1.84114592465606e+003 1.73724884892945e+006 1.05980512606100e-003 8.72707296975616e-001 1.48977923566393e+000 2.11199555567173e+002 5.91054858009166e-004 5183 202
1.83521361125626e+003 1.73745412098525e+006 1.05626554772075e-003 2.59254737998596e-001 1.37626128894925e+000 2.11200005005379e+002 5.91767812641073e-004 5212 203
1.83786322436131e+003 1.73718130809901e+006 1.05795666238351e-003 2.76833399456771e-001 1.52314430784020e+000 2.11200017536842e+002 5.92396097739801e-004 5229 204
1.83885719521799e+003 1.73721140553614e+006 1.05851049709825e-003 7.50144962920011e-001 1.50981745429853e+000 2.11221826423907e+002 5.92466146961452e-004 5245 205
1.83884803906751e+003 1.73747862360934e+006 1.05834243225963e-003 7.39097262489700e-001 1.36724888439589e+000 2.11232058483470e+002 5.92537158286914e-004 5300 206
1.84220821159676e+003 1.73746128900365e+006 1.06028694447123e-003 2.61543626209296e-002 8.46638706472976e-001 2.11232059440119e+002 6.77152457985851e-004 5310 207
1.83673393327161e+003 1.73715127297523e+006 1.05732487285089e-003 9.68260750144963e-001 1.54260726660970e+000 2.11232254910742e+002 6.77192468580036e-004 5360 208
1.84197465676746e+003 1.73721236602354e+006 1.06030442939249e-003 4.51216162602618e-001 1.50857105792413e+000 2.11232762115411e+002 6.77406778925161e-004 5392 209
1.83396850007491e+003 1.73716596422712e+006 1.05572401053747e-003 4.13769951475570e-001 1.53330723212378e+000 2.11234373254195e+002 6.77666409449654e-004 5565 210
1.83732469275113e+003 1.73726526242794e+006 1.05759554828276e-003 7.15109714041566e-001 1.48057507782220e+000 2.11234374376112e+002 6.77744059340508e-004 5567 211
1.83331190091616e+003 1.73710045129695e+006 1.05538584074153e-003 4.69435712759789e-001 1.56935685033723e+000 2.11235136374258e+002 6.77940876412949e-004 5614 212
1.83649183480217e+003 1.73722474675440e+006 1.05714079546207e-003 5.08621478926969e-001 1.50195556947539e+000 2.11235403015894e+002 6.78105477415875e-004 5676 213
1.83602421439474e+003 1.73717801669914e+006 1.05690004887771e-003 2.59102145451216e-002 1.06331992233039e+000 2.11261689197598e+002 7.78889765624002e-004 5806 214
1.83556321995441e+003 1.73717596419891e+006 1.05663592788536e-003 8.71578112125004e-001 1.52908865977966e+000 2.11264041462346e+002 7.78940171243558e-004 5907 215
1.83477579251781e+003 1.73723015369940e+006 1.05614970267991e-003 3.22641682180242e-001 1.49744936719871e+000 2.11297516507670e+002 7.79388066435699e-004 5930 216
1.83641277592701e+003 1.73720064000625e+006 1.05710995585861e-003 2.23548081911679e-001 1.51077622074038e+000 2.11297516693439e+002 7.80392987350305e-004 5932 217
1.84086213370032e+003 1.73745505791118e+006 1.05951600674992e-003 4.65529343546861e-001 1.37904171163060e+000 2.11297571436400e+002 7.80589781995180e-004 5940 218
1.83848610501236e+003 1.73729104612551e+006 1.05824837053756e-003 2.84249397259438e-001 1.46398841837825e+000 2.11297780906347e+002 7.81179860445346e-004 5954 219
1.84128683597397e+003 1.73724308876603e+006 1.05988975198741e-003 9.41801202429273e-001 1.49294316492203e+000 2.11297781794952e+002 7.81222273824912e-004 5959 220
1.83850526249454e+003 1.73718477255984e+006 1.05832413749484e-003 7.88048951689199e-001 1.52429482757042e+000 2.11297782101019e+002 7.81285172853437e-004 5961 221
1.83601868263951e+003 1.73714809843606e+006 1.05691506707974e-003 1.37272255623035e-001 1.53062268608661e+000 2.11297791701519e+002 7.84226193326129e-004 5979 222
1.83807359987435e+003 1.73727344349985e+006 1.05802164932588e-003 1.25919370097964e-001 1.46005747596667e+000 2.11297809209115e+002 7.87763386218994e-004 5981 223
1.83523408786496e+003 1.73720828299255e+006 1.05642681024604e-003 6.12079226050600e-001 1.51115972731712e+000 2.11297846775718e+002 7.87872978796019e-004 6020 224
1.83887031259746e+003 1.73735877078606e+006 1.05842826297075e-003 9.83916745506149e-001 1.43071922284616e+000 2.11361685484431e+002 7.87911239022602e-004 6121 225
1.84242207096810e+003 1.73731838629579e+006 1.06049725531329e-003 1.69133579515976e-001 1.44356669316691e+000 2.11362731152823e+002 7.89755831684491e-004 6125 226
1.83407450521241e+003 1.73712621417571e+006 1.05580919149360e-003 2.76284066286203e-001 1.55305782082583e+000 2.11374951538089e+002 7.90387486073586e-004 6198 227
1.83677353341417e+003 1.73719318630475e+006 1.05732215819916e-003 4.54359569078646e-001 1.51882985885189e+000 2.11375111198658e+002 7.90598671880548e-004 6275 228
1.84114168094723e+003 1.73722021946159e+006 1.05982014887143e-003 8.36542863246559e-001 1.50521537537767e+000 2.11375907684744e+002 7.90653768133954e-004 6305 229
1.83326842717417e+003 1.73710832953165e+006 1.05535602782550e-003 8.69869075594348e-001 1.56590529114658e+000 2.11375985567927e+002 7.90704435337852e-004 6344 230
1.83447947143378e+003 1.73743928481249e+006 1.05585202646363e-003 3.27860347300638e-001 1.38546544679098e+000 2.11376015998162e+002 7.91130537327408e-004 6385 231
1.83630745859744e+003 1.73726893336875e+006 1.05700777780884e-003 4.74929044465468e-001 1.47789053178503e+000 2.11376016618649e+002 7.91321553651267e-004 6396 232
1.84024866338012e+003 1.73745557563327e+006 1.05916260596385e-003 6.16931669057283e-001 1.37923346491897e+000 2.11376020978257e+002 7.91427476932972e-004 6412 233
1.83731702343984e+003 1.73715703811920e+006 1.05765702122777e-003 5.68559831537828e-002 1.45766055986206e+000 2.11376021884288e+002 8.11762175673002e-004 6423 234
1.84038042008754e+003 1.73724491450387e+006 1.05936688388718e-003 8.96633808404798e-001 1.49188852183599e+000 2.11376335238720e+002 8.11809428086064e-004 6454 235
1.84100987153164e+003 1.73742610803629e+006 1.05961869341815e-003 8.93856624042482e-001 1.39514898785363e+000 2.11376342819253e+002 8.11856418280019e-004 6467 236
1.83855322650138e+003 1.73720792117296e+006 1.05833764493693e-003 6.51448103274636e-001 1.51154323389386e+000 2.11376343049168e+002 8.11951968622207e-004 6469 237
1.83687964083986e+003 1.73715103314239e+006 1.05740889604956e-003 4.72396008178960e-001 1.54184025345622e+000 2.11376361620982e+002 8.12146001318628e-004 6474 238
1.83856225774574e+003 1.73722123447210e+006 1.05833473297570e-003 4.55610827967162e-001 1.50368134907071e+000 2.11376361690543e+002 8.12355723784629e-004 6475 239
1.83380750419480e+003 1.73712504767089e+006 1.05565619783620e-003 4.19904171880245e-001 1.55564649021882e+000 2.11376637104708e+002 8.12607230992878e-004 6500 240
1.83328042568710e+003 1.73710338512737e+006 1.05536593892389e-003 2.93893246253853e-001 1.56590529114658e+000 2.11376670547819e+002 8.13158683818850e-004 6523 241
1.83804169996083e+003 1.73720585734220e+006 1.05804444897662e-003 9.60051271095920e-001 1.51298138355663e+000 2.11376685417680e+002 8.13199399032786e-004 6544 242
1.83847916624669e+003 1.73723056532222e+006 1.05828121874262e-003 1.08859523300882e-001 1.47760290185247e+000 2.11376833662614e+002 8.18080703410576e-004 6572 243
1.83527053686145e+003 1.73744045816684e+006 1.05630661796001e-003 6.82393871883297e-001 1.38680771980956e+000 2.11376833686500e+002 8.18165672459418e-004 6573 244
1.83702328951099e+003 1.73733387281972e+006 1.05738029610829e-003 4.12915433210242e-002 1.28364445066683e+000 2.11376836092424e+002 8.57837251733933e-004 6576 245
1.83369924712458e+003 1.73717739396869e+006 1.05556207008459e-003 6.72902615436262e-001 1.52803401669362e+000 2.11397781530490e+002 8.57926302696616e-004 6662 246
1.83441899850362e+003 1.73712816981593e+006 1.05600631461421e-003 2.08960234382153e-001 1.54941450834681e+000 2.11397782550162e+002 8.59093895442944e-004 6667 247
1.83347054333878e+003 1.73711630634112e+006 1.05546753306615e-003 6.62251655629139e-001 1.56130321222571e+000 2.11402884012262e+002 8.59186207920930e-004 6687 248
1.83363325087280e+003 1.73710597813714e+006 1.05556747425040e-003 9.54802087466048e-001 1.56724756416517e+000 2.11402907781788e+002 8.59227485913464e-004 6705 249
1.84183723305514e+003 1.73719477817415e+006 1.06023605761365e-003 1.34800256355480e-001 1.50483186880093e+000 2.11497381089889e+002 8.62284275559800e-004 6795 250
1.83526584716717e+003 1.73719414131268e+006 1.05645369204601e-003 1.42948698385571e-001 1.50665352504044e+000 2.11499338045159e+002 8.64971105758563e-004 6867 251
1.83588267163933e+003 1.73713036334295e+006 1.05684756127962e-003 1.15634632404553e-001 1.53455362849818e+000 2.11501032058180e+002 8.69261053174124e-004 6929 252
1.83748563200928e+003 1.73738316925096e+006 1.05761640806812e-003 9.20438245796075e-002 1.38661596652120e+000 2.11501033090735e+002 8.76232682170192e-004 6932 253
1.84099001606694e+003 1.73743447804178e+006 1.05960216073712e-003 2.40913113803522e-001 1.38652008987701e+000 2.11501034259965e+002 8.77072184260475e-004 6940 254
1.83339387426652e+003 1.73714213342318e+006 1.05540770571455e-003 7.93023468733787e-001 1.54740109881893e+000 2.11501034821275e+002 8.77134268668280e-004 6949 255
1.83609937014844e+003 1.73713127531778e+006 1.05697175134657e-003 7.15231788079470e-001 1.55324957411420e+000 2.11501036027909e+002 8.77212194394060e-004 6952 256
1.83575545468934e+003 1.73727414875203e+006 1.05668686358322e-003 7.79595324564348e-001 1.47578124561296e+000 2.11501152192949e+002 8.77276382574478e-004 6999 257
1.83439524022487e+003 1.73716982125267e+006 1.05596731877227e-003 6.64601580858791e-001 1.53215671239357e+000 2.11501175181827e+002 8.77367914246273e-004 7007 258
