1.14182810641984e+003 1.73742902481572e+006 6.57194006618053e-004 4.68062379833369e-001 1.28949292596210e+000 5.27760223308119e-005 1.90303923600463e-007 11 1
1.13869320299163e+003 1.73714071341911e+006 6.55498447019786e-004 7.23929563280129e-001 1.53474538178655e+000 6.77805573006988e-004 2.66147102224818e-007 35 2
1.13664449075951e+003 1.73713450636094e+006 6.54321426685380e-004 4.02935880611591e-001 1.53944333735160e+000 6.78070008310917e-004 5.41441978758061e-007 40 3
1.14043590912789e+003 1.73715498835939e+006 6.56496255620305e-004 4.77065340128788e-001 1.52189791146580e+000 6.94216636723815e-004 7.31173711479543e-007 56 4
1.13659695970677e+003 1.73710612997138e+006 6.54304753116915e-004 5.97552415540025e-001 1.56494652470473e+000 5.06686126275235e+001 8.46917061893478e-007 81 5
1.13692763020411e+003 1.73713769414515e+006 6.54483217825703e-004 5.18051698355052e-001 1.53704642124699e+000 5.06686140752806e+001 1.00528325630897e-006 89 6
1.14363252222673e+003 1.73731035397100e+006 6.58277523312331e-004 5.44724875637074e-001 1.38834174611652e+000 5.06686165135742e+001 1.14481454594319e-006 92 7
1.13833707550180e+003 1.73716680101696e+006 6.55283598502290e-004 6.83309427167577e-001 1.51183086382641e+000 5.06686192493353e+001 1.23083801342250e-006 103 8
1.14101933737541e+003 1.73741571245408e+006 6.56733541176271e-004 6.96066164128544e-001 1.30051874004334e+000 5.06691838450570e+001 1.31057135556569e-006 121 9
1.14488057592622e+003 1.73724613413341e+006 6.59020266436699e-004 6.61336100344859e-002 1.40607892529069e+000 5.06691846084045e+001 1.57877306059928e-005 122 10
1.13945150881942e+003 1.73718792266227e+006 6.55917146640918e-004 9.73784600360118e-001 1.49361430143132e+000 5.06819777341957e+001 1.58271416067493e-005 154 11
1.14473200807219e+003 1.73719125852426e+006 6.58955562184438e-004 8.66847743156224e-001 1.49102563203833e+000 5.06819838050055e+001 1.58780363853424e-005 177 12
1.14366429915277e+003 1.73718995105092e+006 6.58341439998779e-004 3.23435163426618e-001 1.49073800210578e+000 5.06819842904018e+001 1.63232880182292e-005 178 13
1.14196805581037e+003 1.73735596488427e+006 6.57302196228659e-004 8.82808923612171e-001 1.35008696508683e+000 5.06820780774350e+001 1.63711465201391e-005 229 14
1.13692254682518e+003 1.73730193569641e+006 6.54418418102228e-004 4.45081942197943e-001 1.39419022141179e+000 5.06820793764240e+001 1.65889949766878e-005 231 15
1.14312694544549e+003 1.73738512016724e+006 6.57958196613775e-004 2.63985106967376e-001 1.32400851786859e+000 5.06820794196379e+001 1.72661596699569e-005 232 16
1.13656849326601e+003 1.73710224113821e+006 6.54289830594420e-004 6.18335520493179e-001 1.56839808389538e+000 5.06820794655721e+001 1.73735181157407e-005 234 17
1.14047615953581e+003 1.73731017223067e+006 6.56460782846607e-004 6.34479812005982e-001 1.38814999282815e+000 5.06820811897046e+001 1.74732713338552e-005 237 18
1.13806835634214e+003 1.73728150881266e+006 6.55085654094206e-004 2.05267494735557e-001 1.40876347132786e+000 5.06821021877081e+001 1.86719424695806e-005 261 19
1.13687776871409e+003 1.73718185220462e+006 6.54437878778922e-004 8.47163304544206e-001 1.49869576357311e+000 5.06821060396261e+001 1.87255064914160e-005 266 20
1.13680356465579e+003 1.73711853330537e+006 6.54419016650852e-004 7.54509109775079e-001 1.55420834055605e+000 5.06821311495318e+001 1.87947866811262e-005 272 21
1.13747636615874e+003 1.73713143103230e+006 6.54801463647907e-004 5.90472121341594e-001 1.54270314325388e+000 5.06821312384495e+001 1.89135604722307e-005 275 22
1.14497534584894e+003 1.73743774811093e+006 6.59002131930048e-004 1.29032258064516e-001 1.27405678624836e+000 5.06821340647040e+001 2.21389806487910e-005 286 23
1.14347828937260e+003 1.73718764333797e+006 6.58235239360268e-004 4.32447279274880e-001 1.49342254814295e+000 5.06821340647040e+001 2.23740394016009e-005 286 24
1.14168377913684e+003 1.73721085867360e+006 6.57193459890581e-004 3.21359904782250e-002 1.30991465117344e+000 5.06821359398473e+001 9.17484572231000e-005 293 25
1.13726990233514e+003 1.73716367215556e+006 6.54670459720408e-004 1.97393719290750e-001 1.51068034409619e+000 5.06821986450684e+001 9.30697897922220e-005 353 26
1.13762706549411e+003 1.73711542897817e+006 6.54894248176515e-004 8.55739005706961e-002 1.53493713507492e+000 5.06821987860910e+001 1.01389352260379e-004 355 27
1.14223481587883e+003 1.73717224864850e+006 6.57525269676860e-004 3.66832483901486e-002 1.38364379055147e+000 5.06824416911266e+001 1.54118521598829e-004 389 28
1.13652643320299e+003 1.73713051282581e+006 6.54254969703438e-004 1.64220099490341e-001 1.53790931104465e+000 5.06824519560460e+001 1.56101682316103e-004 408 29
1.14428619562453e+003 1.73727161343714e+006 6.58668466861071e-004 8.54518265327921e-001 1.42170681829279e+000 5.06824547477045e+001 1.56153789674455e-004 427 30
1.13758796077023e+003 1.73711560242955e+006 6.54871671498645e-004 9.29319132053590e-001 1.55689288659322e+000 5.06824562611545e+001 1.56197594906521e-004 438 31
1.14109644794602e+003 1.73728035946092e+006 6.56829093607625e-004 9.27640614032411e-001 1.41384493346965e+000 5.06825197501839e+001 1.56241038323683e-004 454 32
1.14163602140706e+003 1.73716297592758e+006 6.57184082825269e-004 2.30170598467971e-001 1.51259787697989e+000 5.06825223036150e+001 1.57183546496968e-004 455 33
1.14524622238918e+003 1.73747258996171e+006 6.59144819404209e-004 5.64165166173284e-001 1.25574434720908e+000 5.06825271200392e+001 1.57308433449564e-004 458 34
1.13673179682142e+003 1.73714656515271e+006 6.54367142863012e-004 8.37122714926603e-002 1.50655764839625e+000 5.06825276260183e+001 1.66028060656250e-004 460 35
1.13783951748668e+003 1.73736794795817e+006 6.54921345902840e-004 6.04266487624744e-002 1.29428675817133e+000 5.06825277099453e+001 1.83247121042049e-004 461 36
1.14376351254519e+003 1.73745176753449e+006 6.58299337396012e-004 5.34928434095279e-001 1.27185162343211e+000 5.06825313703873e+001 1.83388237628906e-004 474 37
1.13728830791366e+003 1.73716908316402e+006 6.54679015677561e-004 6.34235663930174e-001 1.50972157765435e+000 5.06825327510533e+001 1.83489574794645e-004 487 38
1.14000424657263e+003 1.73746277089251e+006 6.56131516644328e-004 5.06393627735221e-001 1.26207220572527e+000 5.06825365469896e+001 1.83648291552561e-004 493 39
1.13736894706563e+003 1.73714680196195e+006 6.54733833237356e-004 3.15775017548143e-001 1.52803401669362e+000 5.06825460670556e+001 1.84118729563629e-004 504 40
1.13913736098309e+003 1.73740465580552e+006 6.55654509699165e-004 7.14072084719382e-001 1.30914763801996e+000 5.06825987582834e+001 1.84194283915058e-004 560 41
1.13959449093055e+003 1.73715177230350e+006 6.56013104683063e-004 5.12283700064089e-001 1.52477421079134e+000 5.06826108354627e+001 1.84356519987408e-004 566 42
1.13681144718503e+003 1.73710927893694e+006 6.54427040762520e-004 6.61824396496475e-001 1.56226197866756e+000 5.06826109914352e+001 1.84448964423857e-004 568 43
1.14345365096661e+003 1.73721702515727e+006 6.58209923848184e-004 2.77199621570483e-001 1.46667296441542e+000 5.06826110550301e+001 1.85072740042685e-004 570 44
1.13652230865781e+003 1.73710257886705e+006 6.54263116247510e-004 8.51130710776086e-001 1.56830220725120e+000 5.06829035853373e+001 1.85125894240602e-004 583 45
1.14049396796666e+003 1.73748398679734e+006 6.56405361334071e-004 9.99938962981048e-001 1.24586905285806e+000 5.07478881634722e+001 1.85161232727877e-004 587 46
1.13900152147415e+003 1.73729023281290e+006 6.55619502583047e-004 6.57216101565600e-001 1.40492840556047e+000 5.07479015732222e+001 1.85253824176293e-004 603 47
1.13828264458045e+003 1.73728976671574e+006 6.55205886491844e-004 5.81865901669362e-001 1.40512015884884e+000 5.07479027190945e+001 1.85374865159588e-004 607 48
1.13750643626985e+003 1.73725371600097e+006 6.54772681291652e-004 8.21558275093844e-002 1.41221503051851e+000 5.07479050207441e+001 1.94366577468715e-004 617 49
1.14454772160459e+003 1.73720448010132e+006 6.58844464832903e-004 4.03149510177923e-001 1.47875342158269e+000 5.07480744520121e+001 1.94640522193506e-004 646 50
1.13875375590034e+003 1.73729038348826e+006 6.55476829685429e-004 4.85305337687307e-001 1.40444902233955e+000 5.07480814540928e+001 1.94820932295926e-004 662 51
1.14004876481727e+003 1.73715077021395e+006 6.56274988154911e-004 7.75719473860897e-001 1.52602060716575e+000 5.07480872294537e+001 1.94886056866217e-004 664 52
1.13704782152661e+003 1.73711833351785e+006 6.54559702236971e-004 2.01605273598437e-001 1.55066090472121e+000 5.07481015624792e+001 1.96149449950633e-004 687 53
1.14021002223276e+003 1.73717169122724e+006 6.56359912064834e-004 2.60811181981872e-001 1.50559888195441e+000 5.07481137331577e+001 1.96865081295284e-004 707 54
1.14139704658266e+003 1.73738638526952e+006 6.56962027590044e-004 9.33042390209662e-001 1.32477553102206e+000 5.07481137331577e+001 1.96907199495137e-004 707 55
1.14293299723357e+003 1.73727064681453e+006 6.57889911646656e-004 4.88662373729667e-001 1.42189857158116e+000 5.07481195009025e+001 1.97085387697644e-004 710 56
1.14247644130694e+003 1.73748328354991e+006 6.57546629350076e-004 1.35074922940764e-001 1.23810304467910e+000 5.07481318453191e+001 1.99967921856176e-004 712 57
1.13658886803786e+003 1.73712096037332e+006 6.54294509002909e-004 5.04165776543474e-001 1.55171554780725e+000 5.07481798910056e+001 2.00136108008647e-004 717 58
1.14016616094889e+003 1.73748863929943e+006 6.56214936605229e-004 6.86239204077273e-001 1.24193811044649e+000 5.07483082268411e+001 2.00216899317886e-004 746 59
1.14359533741960e+003 1.73735811177400e+006 6.58238025024820e-004 2.05053865169225e-001 1.34490962630085e+000 5.07483098021740e+001 2.01403339264199e-004 751 60
1.13751315732286e+003 1.73712231411667e+006 6.54826079598083e-004 1.65105136265145e-001 1.54519593600269e+000 5.07486521806784e+001 2.03363605593345e-004 756 61
1.13815975552967e+003 1.73745039163338e+006 6.55074584118789e-004 2.98867763298441e-001 1.27031759712516e+000 5.07487173963329e+001 2.03871260666416e-004 759 62
1.14489448669135e+003 1.73724684931739e+006 6.59028002492455e-004 5.14481032746361e-001 1.44260792672506e+000 3.70900979610665e+002 2.04030826552236e-004 840 63
1.14497211994528e+003 1.73719071814302e+006 6.59093985590349e-004 3.12814722128971e-002 1.31806416592914e+000 3.70900984499873e+002 2.77800643582230e-004 847 64
1.14432034636482e+003 1.73737822974069e+006 6.58647703361912e-004 5.67186498611408e-001 1.33177452604755e+000 3.70901352439645e+002 2.77926770522132e-004 911 65
1.14427688898622e+003 1.73721971348095e+006 6.58682787571471e-004 9.80071413312174e-001 1.46638533448286e+000 3.70901403720552e+002 2.77965531268239e-004 945 66
1.14134294545110e+003 1.73719752374689e+006 6.57002307238140e-004 2.01757866145817e-001 1.48153384426405e+000 3.70901414728725e+002 2.79222056346734e-004 954 67
1.13712711295831e+003 1.73711111330949e+006 6.54608068431378e-004 9.03836176641133e-001 1.56082382900479e+000 3.70901461222921e+002 2.79268626933953e-004 960 68
1.13948355189023e+003 1.73715566332808e+006 6.55947772855083e-004 9.43815424054689e-001 1.52180203482162e+000 3.70901576054042e+002 2.79310918881203e-004 986 69
1.14351375120762e+003 1.73730929619152e+006 6.58209559216558e-004 9.47080904568621e-001 1.38958814249092e+000 3.70907301375162e+002 2.79352253069667e-004 1047 70
1.14034463356299e+003 1.73722466785705e+006 6.56417382781193e-004 8.68831446272164e-001 1.46168737891781e+000 3.70907320900756e+002 2.79402752013355e-004 1070 71
1.14226583545873e+003 1.73720149554922e+006 6.57532055876257e-004 1.60130619220557e-001 1.47578124561296e+000 3.70907385452651e+002 2.81490719438440e-004 1081 72
1.14029994070744e+003 1.73733106776056e+006 6.56351456623217e-004 6.76747947630238e-001 1.37050869029817e+000 3.70907528011118e+002 2.81576981860580e-004 1124 73
1.13981278543066e+003 1.73741913270348e+006 6.56037797936183e-004 6.84377574999237e-001 1.29745068742943e+000 3.70907528155585e+002 2.81659671112084e-004 1127 74
1.14393921235388e+003 1.73726581205504e+006 6.58470936965859e-004 5.50401318399609e-001 1.42630889721366e+000 3.70907532118930e+002 2.81796913007953e-004 1136 75
1.13674027373710e+003 1.73720617787350e+006 6.54349567699518e-004 5.06912442396313e-002 1.41365318018128e+000 3.70907532445931e+002 3.07816102196343e-004 1139 76
1.13842107296460e+003 1.73723857334653e+006 6.55304877220351e-004 5.06546220282601e-001 1.44903166188543e+000 3.70907756369308e+002 3.07981352083036e-004 1168 77
1.14223680784322e+003 1.73716889777751e+006 6.57527684666699e-004 5.06881923886837e-001 1.50991333094272e+000 3.70926523656712e+002 3.08147284148754e-004 1176 78
1.14033953297393e+003 1.73720884367298e+006 6.56420425984466e-004 6.70186468092898e-002 1.43906049089022e+000 3.70927362187177e+002 3.22276591059222e-004 1198 79
1.13739101433500e+003 1.73712820417119e+006 6.54753546151561e-004 8.36848048341319e-001 1.54577119586779e+000 3.70927362199805e+002 3.22331744441857e-004 1199 80
1.13990288877355e+003 1.73714087461910e+006 6.56194751857784e-004 3.06344798120060e-001 1.53321135547960e+000 3.70927363240434e+002 3.22834736063506e-004 1204 81
1.13758723823549e+003 1.73728168671910e+006 6.54808649824904e-004 7.34550004577776e-001 1.41211915387432e+000 3.70927364370833e+002 3.22907312085650e-004 1209 82
1.13818335969332e+003 1.73740704555968e+006 6.55104513234554e-004 9.28067873165075e-002 1.28824652958769e+000 3.70927429281723e+002 3.29595119416593e-004 1286 83
1.13937677034177e+003 1.73715137197642e+006 6.55887923953922e-004 1.17252113406781e-001 1.51384427335429e+000 3.70927429671124e+002 3.33751932475615e-004 1293 84
1.14337680566685e+003 1.73718402783528e+006 6.58178190821017e-004 9.55442976165044e-001 1.49725761391034e+000 3.70927433928529e+002 3.33793038437587e-004 1294 85
1.14442974920805e+003 1.73742607382096e+006 6.58692534283043e-004 1.76610614337596e-001 1.28795889965514e+000 3.70927434196304e+002 3.35416664191219e-004 1295 86
1.13833714706667e+003 1.73728298349025e+006 6.55239816986402e-004 3.53373821222571e-001 1.41010574434645e+000 3.70927644275063e+002 3.35779561474456e-004 1322 87
1.13836772998613e+003 1.73713360451476e+006 6.55313767504962e-004 1.54667806024354e-001 1.53445775185400e+000 3.70927648194199e+002 3.38041933671581e-004 1328 88
1.14234494057857e+003 1.73730482387808e+006 6.57538481586106e-004 5.54795983764153e-001 1.39284794839320e+000 3.70927648194199e+002 3.38176063297643e-004 1328 89
1.13688483373365e+003 1.73711268139869e+006 6.54468005206338e-004 5.94195379497665e-002 1.51336489013337e+000 3.70928047758333e+002 3.56718622471939e-004 1359 90
1.14167901345454e+003 1.73732580679214e+006 6.57147234358270e-004 8.45393230994598e-001 1.37530252250740e+000 3.72353805241594e+002 3.56771546038889e-004 1385 91
1.14439806263715e+003 1.73720249968488e+006 6.58759066546591e-004 7.18588824121830e-001 1.48115033768731e+000 3.72354903050671e+002 3.56848375229947e-004 1408 92
1.14035900524588e+003 1.73731521293288e+006 6.56391444098563e-004 3.55601672414319e-001 1.38297265404218e+000 3.72354905543888e+002 3.57204583841662e-004 1414 93
1.13656331900985e+003 1.73717998156217e+006 6.54257571986303e-004 8.70632038331248e-001 1.50032566652425e+000 3.72354905543888e+002 3.57255028502274e-004 1414 94
1.14256996672558e+003 1.73725060544866e+006 6.57688532904178e-004 9.05484176152837e-002 1.41969340876492e+000 3.72354906685390e+002 3.64523044641674e-004 1423 95
1.13760152945360e+003 1.73734582743904e+006 6.54792700971315e-004 4.28205206457717e-001 1.35708596011231e+000 3.72354910769252e+002 3.64758496660537e-004 1432 96
1.13752106262558e+003 1.73712842381627e+006 6.54828327278674e-004 8.34009826960051e-001 1.54557944257942e+000 3.72354918832841e+002 3.64814063542589e-004 1443 97
1.14211725760508e+003 1.73722965839899e+006 6.57435870688658e-004 3.75072481460006e-002 1.33858176778466e+000 3.72354926200168e+002 4.14548948277004e-004 1454 98
1.14064256062989e+003 1.73718522063541e+006 6.56603788219821e-004 7.30368968779565e-001 1.49591534089175e+000 3.72355152753580e+002 4.14623167924351e-004 1487 99
1.14166089450966e+003 1.73741753692904e+006 6.57102110417815e-004 6.28070925016022e-002 1.25747012680441e+000 3.72355170383359e+002 4.30263115448477e-004 1491 100
1.13660966530731e+003 1.73711793507483e+006 6.54307620775990e-004 4.48683126316111e-001 1.55420834055605e+000 3.72355172386505e+002 4.30480487407418e-004 1497 101
1.13737906818518e+003 1.73711193730038e+006 6.54752800456155e-004 1.32084109012116e-001 1.55094853465377e+000 3.72355179999262e+002 4.33683612435559e-004 1520 102
1.14352318406386e+003 1.73729430597410e+006 6.58220668188505e-004 2.88796655171361e-001 1.40051807992798e+000 3.72355181348520e+002 4.34248420861176e-004 1527 103
1.14237020385017e+003 1.73719520169795e+006 6.57594516763771e-004 2.57362590411084e-001 1.48517715674306e+000 3.72359130905961e+002 4.34984182252720e-004 1546 104
1.14022830027257e+003 1.73717323157035e+006 6.56369851783246e-004 9.10489211706900e-001 1.50646177175207e+000 3.72360163239032e+002 4.35029914942591e-004 1621 105
1.14006238141585e+003 1.73715645037887e+006 6.56280680701267e-004 6.53920102542192e-001 1.52093914502396e+000 3.72361950722142e+002 4.35124721065131e-004 1637 106
1.13851473772765e+003 1.73748031315884e+006 6.55267611468698e-004 8.30225531785028e-001 1.24817009231849e+000 3.72361952611781e+002 4.35177967876965e-004 1638 107
1.14165086279930e+003 1.73734058255602e+006 6.57125442147208e-004 2.62703329569384e-001 1.36072927259133e+000 3.72362006322168e+002 4.35868291601827e-004 1690 108
1.13784848413039e+003 1.73715131627601e+006 6.55008179623492e-004 2.78542435987426e-001 1.52362369106113e+000 3.72362043578851e+002 4.36488141157128e-004 1710 109
1.13919429100890e+003 1.73717104367340e+006 6.55775452772757e-004 1.01260414441359e-001 1.49255965834529e+000 3.72368224988670e+002 4.42219173270388e-004 1733 110
1.14287533650746e+003 1.73716822526078e+006 6.57895507757737e-004 5.28702658162175e-001 1.51058446745201e+000 3.72368224988670e+002 4.42370417102028e-004 1733 111
1.14175569474313e+003 1.73730458914908e+006 6.57199398133973e-004 7.96136356700339e-001 1.39323145496994e+000 3.72368231992158e+002 4.42431017504578e-004 1753 112
1.13717543315512e+003 1.73719610113966e+006 6.54603858470657e-004 4.70900601214637e-001 1.48575241660817e+000 3.72368429420112e+002 4.42625783864990e-004 1780 113
1.13980987535156e+003 1.73715419126211e+006 6.56136178075905e-004 8.26136051515244e-001 1.52304843119602e+000 3.72368448178968e+002 4.42682475890833e-004 1784 114
1.13782478652679e+003 1.73718876941955e+006 6.54980416548673e-004 2.14697714163640e-001 1.48939572908719e+000 3.72368459166233e+002 4.43779130699433e-004 1791 115
1.14051544114515e+003 1.73726932796443e+006 6.56498827749968e-004 9.92858668782617e-001 1.42324084459975e+000 3.72400033613150e+002 4.43816596345229e-004 1800 116
1.14369755400644e+003 1.73728007429761e+006 6.58326429746839e-004 2.91451765495773e-002 1.20924417477950e+000 3.72400111945732e+002 5.27080663639760e-004 1810 117
1.14172137461233e+003 1.73748941912267e+006 6.57109734147128e-004 6.90878017517624e-001 1.24174635715812e+000 3.72400125804860e+002 5.27160261125600e-004 1824 118
1.13654383441885e+003 1.73710119155723e+006 6.54276030530982e-004 3.15530869472335e-001 1.56811045396283e+000 3.72400126055317e+002 5.27631929816288e-004 1828 119
1.14151368962932e+003 1.73745931185515e+006 6.57001587084806e-004 6.25263222144230e-001 1.26542788827174e+000 3.72400159094428e+002 5.27731842503093e-004 1833 120
1.14239780376453e+003 1.73746978915677e+006 6.57506476526309e-004 7.72545548875393e-001 1.25747012680441e+000 3.72400161438008e+002 5.27794420462875e-004 1839 121
1.14110105501446e+003 1.73718710803988e+006 6.56867003913823e-004 7.13156529435102e-001 1.49428543794061e+000 3.72400161457352e+002 5.27872628537156e-004 1840 122
1.13889447472548e+003 1.73714008809275e+006 6.55614546780006e-004 1.72856837672048e-001 1.53014330286569e+000 3.72411947447626e+002 5.29643802761780e-004 1855 123
1.14035517271152e+003 1.73743197504485e+006 6.56345126220719e-004 4.85549485763115e-002 1.21643492309336e+000 3.72412290804940e+002 5.56805621061964e-004 1863 124
1.13659926484127e+003 1.73712394057919e+006 6.54299371561641e-004 8.49879451887570e-001 1.54951038499100e+000 3.72412380357389e+002 5.56858935664446e-004 1903 125
1.13798477955384e+003 1.73733525215660e+006 6.55017283158979e-004 7.81365398113956e-001 1.36667362453078e+000 3.72412380916740e+002 5.56921761792953e-004 1905 126
1.13903152680981e+003 1.73713821537977e+006 6.55694148852947e-004 4.30188909573656e-001 1.53637528473769e+000 3.72412396975082e+002 5.57160116154879e-004 1925 127
1.14462155524769e+003 1.73744664272978e+006 6.58795131605613e-004 1.81768242439039e-001 1.27175574678793e+000 3.72412591780275e+002 5.58676733838085e-004 1929 128
1.14190528423876e+003 1.73716430296783e+006 6.57338582089065e-004 1.53752250740074e-001 1.50761229148228e+000 3.72412595446268e+002 5.60965787408581e-004 1938 129
1.13907364429247e+003 1.73747179252306e+006 6.55592502855254e-004 8.49513229773858e-001 1.25507321069979e+000 3.72412600687281e+002 5.61016526353686e-004 1943 130
1.13688956447574e+003 1.73710888021945e+006 6.54472160668114e-004 4.22101504562517e-001 1.56207022537919e+000 3.72412826108521e+002 5.61265181229268e-004 1988 131
1.13862760828079e+003 1.73712732362770e+006 6.55465739171073e-004 6.72048097170934e-001 1.54644233237709e+000 3.72412851809224e+002 5.61354536691410e-004 2022 132
1.14302343701693e+003 1.73721066755235e+006 6.57964686391452e-004 5.20493179113132e-001 1.47367195944090e+000 3.72412877613093e+002 5.61510623424636e-004 2036 133
1.14150388711163e+003 1.73716775151701e+006 6.57106213155678e-004 2.04901272621845e-001 1.50761229148228e+000 3.72412941848736e+002 5.62727551678224e-004 2067 134
1.13669432906477e+003 1.73712835521171e+006 6.54352433669611e-004 9.49491866817225e-001 1.54567531922361e+000 3.72427082795489e+002 5.62769326335756e-004 2113 135
1.13778297163713e+003 1.73711851404264e+006 6.54982834927799e-004 4.06323435163427e-001 1.55353720404675e+000 3.72427084000565e+002 5.63039689730424e-004 2122 136
1.13657593962792e+003 1.73710352139390e+006 6.54293635031288e-004 3.98663289284951e-001 1.56667230430006e+000 3.72427108286356e+002 5.63321653469318e-004 2133 137
1.13723559856083e+003 1.73715950753133e+006 6.54652282170335e-004 7.87652211066012e-001 1.51825459898679e+000 3.72427108286356e+002 5.63384603371897e-004 2133 138
1.14197325150194e+003 1.73735838789434e+006 6.57304270089738e-004 2.91299172948393e-001 1.34634777596362e+000 3.72427109926740e+002 5.63932819717412e-004 2144 139
1.13663727339610e+003 1.73711787538318e+006 6.54323536295628e-004 6.52150028992584e-001 1.55468772377697e+000 3.72427109926740e+002 5.64028299144783e-004 2144 140
1.14184748953982e+003 1.73721572515004e+006 6.57285856082010e-004 8.21131015961180e-001 1.46954926374096e+000 3.72427877281313e+002 5.64085525160110e-004 2173 141
1.13680469541630e+003 1.73714368846960e+006 6.54410191098191e-004 7.10013122959075e-001 1.53206083574938e+000 3.72427879802575e+002 5.64164669301209e-004 2184 142
1.14065687954296e+003 1.73717336879574e+006 6.56616510535216e-004 5.30716879787591e-001 1.50598238853114e+000 3.72428202004144e+002 5.64314609979432e-004 2215 143
1.14080360165655e+003 1.73716570507814e+006 6.56703867873630e-004 7.60307626575518e-001 1.51298138355663e+000 3.72428202737955e+002 5.64382628612088e-004 2219 144
1.13730443208861e+003 1.73711492813864e+006 6.54708707620097e-004 8.96359141819513e-001 1.55746814645833e+000 3.72428203326398e+002 5.64430056261897e-004 2223 145
1.14281449184117e+003 1.73717363395853e+006 6.57858434320962e-004 4.64918973357341e-001 1.50569475859859e+000 3.72428451572269e+002 5.64630678805755e-004 2234 146
1.14155962216523e+003 1.73717353909967e+006 6.57136107678557e-004 6.50379955442976e-001 1.50607826517533e+000 3.72428453727611e+002 5.64726542205714e-004 2248 147
1.13647803474842e+003 1.73710226623360e+006 6.54237746787793e-004 5.23026215399640e-001 1.56820633060701e+000 3.72428467787090e+002 5.64881701441420e-004 2263 148
1.13921861905301e+003 1.73714075006781e+006 6.55800893331255e-004 7.43003631702628e-001 1.53474538178655e+000 3.72428471884535e+002 5.64953327054616e-004 2272 149
1.14052883810349e+003 1.73734877433653e+006 6.56476518192337e-004 4.33729056672872e-001 1.35516842722861e+000 3.72428490758801e+002 5.65182136730970e-004 2285 150
1.13761066909281e+003 1.73712546783342e+006 6.54881024732742e-004 7.45567186498611e-002 1.51902161214026e+000 3.72428491079020e+002 5.76440555947237e-004 2288 151
1.14368150267691e+003 1.73721822500278e+006 6.58340628130644e-004 6.84713278603473e-001 1.46743997756890e+000 3.72449915063771e+002 5.76525883171734e-004 2313 152
1.13660315702188e+003 1.73710439002347e+006 6.54308976103373e-004 5.99658192693869e-001 1.56648055101169e+000 3.72449948990432e+002 5.76640735116279e-004 2327 153
1.14288321329198e+003 1.73725457738845e+006 6.57867340395270e-004 9.65636158330027e-001 1.43618419156468e+000 3.72449948990432e+002 5.76680637074498e-004 2327 154
1.14470466879441e+003 1.73735198867005e+006 6.58878863127654e-004 5.32303842280343e-001 1.35353852427747e+000 3.72449959657606e+002 5.76826400429044e-004 2331 155
1.13713883263494e+003 1.73712146492307e+006 6.54610914187346e-004 8.88180181279946e-001 1.55171554780725e+000 3.72449960322330e+002 5.76874789720125e-004 2334 156
1.14240663610864e+003 1.73740519300428e+006 6.57536006032082e-004 8.78383739738151e-001 1.30953114459670e+000 3.72450209658483e+002 5.76922700268099e-004 2361 157
1.13791657276954e+003 1.73717056024798e+006 6.55040118717882e-004 9.02462843714713e-001 1.50866693456832e+000 3.72450212824609e+002 5.76969339074440e-004 2364 158
1.14227717709978e+003 1.73717452106932e+006 6.57548794675905e-004 2.16315195165868e-001 1.50214732276376e+000 3.72450215257743e+002 5.78049068859772e-004 2377 159
1.13829446542984e+003 1.73719467180013e+006 6.55248557342819e-004 3.42265083773308e-001 1.48642355311747e+000 3.72450216016869e+002 5.78442062320434e-004 2381 160
1.13916737569656e+003 1.73714233757262e+006 6.55770795382426e-004 6.92403942991424e-001 1.53330723212378e+000 3.72450294027342e+002 5.78525706257395e-004 2403 161
1.13902257270183e+003 1.73713657804479e+006 6.55689612356754e-004 7.31742301705985e-001 1.53838869426557e+000 3.72451239408270e+002 5.78599788588222e-004 2454 162
1.14427537236841e+003 1.73742551710598e+006 6.58603891594617e-004 2.77199621570483e-001 1.29150633548997e+000 3.72451248971605e+002 5.79202658892238e-004 2470 163
1.14019076825747e+003 1.73723694855661e+006 6.56324173560816e-004 6.35120700704978e-001 1.45085331812494e+000 3.72451256989425e+002 5.79303147177307e-004 2478 164
1.14086716896500e+003 1.73723261755026e+006 6.56715164929777e-004 6.52333140049440e-001 1.45468838389233e+000 3.72451766018900e+002 5.79397937487977e-004 2534 165
1.13790826438262e+003 1.73712219049955e+006 6.55053575303414e-004 4.21460615863521e-002 1.45871520294809e+000 3.72451772154898e+002 6.18692433893791e-004 2550 166
1.14155973797977e+003 1.73738761826991e+006 6.57055202705937e-004 3.10525833918271e-001 1.32228273827326e+000 3.72451772191508e+002 6.19165982453342e-004 2552 167
1.14021672427158e+003 1.73728740923941e+006 6.56320050723425e-004 1.39408551286355e-001 1.39946343684194e+000 3.72451781815576e+002 6.21969402678982e-004 2555 168
1.14252384764640e+003 1.73720506931464e+006 6.57679224576122e-004 3.85052034058657e-001 1.47798640842921e+000 3.72451782413313e+002 6.22272453062387e-004 2561 169
1.14530728620379e+003 1.73745414890466e+006 6.59186961012276e-004 6.44489883114109e-001 1.27050935041353e+000 3.72452000394315e+002 6.22366074015438e-004 2581 170
1.14539711196207e+003 1.73735318062493e+006 6.59276973034687e-004 9.21628467665639e-001 1.35305914105655e+000 3.72452001991545e+002 6.22409638294283e-004 2597 171
1.13924147799462e+003 1.73720120478398e+006 6.55791229906152e-004 9.51597643971068e-001 1.48201322748497e+000 3.72452026925318e+002 6.22451059182106e-004 2606 172
1.13803037521107e+003 1.73743213261268e+006 6.55007002056783e-004 1.03946043275246e-001 1.27165987014374e+000 3.72702778085245e+002 6.27636973972427e-004 2628 173
1.13961993555353e+003 1.73730398880452e+006 6.55970273158343e-004 6.85811944944609e-001 1.39332733161412e+000 3.72702822207748e+002 6.27721114316893e-004 2630 174
1.13786286407010e+003 1.73716073687773e+006 6.55012905360124e-004 5.41520432142094e-001 1.51691232596820e+000 3.72702830040248e+002 6.27864645822465e-004 2634 175
1.14425527414075e+003 1.73722672620679e+006 6.58667686493315e-004 9.91241187780389e-002 1.44375844645528e+000 3.72702830537573e+002 6.33840805918343e-004 2640 176
1.14170473811234e+003 1.73743456047852e+006 6.57120906738218e-004 9.56938383129368e-001 1.28556198355052e+000 3.72702876076424e+002 6.33880222073708e-004 2652 177
1.14029739610791e+003 1.73718627367444e+006 6.56404698572574e-004 7.09738456373791e-001 1.49495657444990e+000 3.72702876117341e+002 6.33959265215424e-004 2653 178
1.14011789169442e+003 1.73749528043248e+006 6.56184647462153e-004 2.71492660298471e-001 1.23484323877682e+000 3.72702876318110e+002 6.34579104779010e-004 2656 179
1.14486889804559e+003 1.73739315563579e+006 6.58957777415816e-004 4.49903866695151e-001 1.31931056230354e+000 3.72702897354530e+002 6.34788413126594e-004 2691 180
1.14049196277553e+003 1.73715026118363e+006 6.56530309666808e-004 8.00805688650166e-001 1.52649999038667e+000 3.72708476678892e+002 6.34849134941999e-004 2714 181
1.14151384647276e+003 1.73723201599931e+006 6.57087638076869e-004 3.92040772728660e-001 1.45459250724815e+000 3.72708477158883e+002 6.35139713216672e-004 2720 182
1.14275226021881e+003 1.73739217730732e+006 6.57739864580682e-004 1.77709280678732e-001 1.31528374324778e+000 3.72708477333013e+002 6.36753457187238e-004 2725 183
1.13882512817059e+003 1.73712657539471e+006 6.55579726400719e-004 2.87148655659658e-001 1.54548356593524e+000 3.72708481139644e+002 6.37333628984293e-004 2734 184
1.13735727779673e+003 1.73711473619563e+006 6.54739201490816e-004 3.95397808771020e-001 1.55679700994903e+000 3.72708594008554e+002 6.37620715482774e-004 2747 185
1.13972557396967e+003 1.73721383182062e+006 6.56065125416625e-004 6.75374614703818e-001 1.47089153675954e+000 3.72708594168175e+002 6.37708690898529e-004 2749 186
1.13649130780467e+003 1.73710924455686e+006 6.54242759465851e-004 8.84273812067018e-001 1.56245373195593e+000 3.72708595946055e+002 6.37757558913855e-004 2755 187
1.13724706519959e+003 1.73723883509214e+006 6.54628989276341e-004 4.12884914700766e-001 1.44836052537614e+000 3.72708598150385e+002 6.38016644673673e-004 2761 188
1.13797555847196e+003 1.73738945683079e+006 6.54991539900318e-004 4.32508316293832e-001 1.32084458861049e+000 3.72708602606195e+002 6.38245011360968e-004 2783 189
1.14036843832856e+003 1.73720023896830e+006 6.56440316405671e-004 6.01825006866665e-002 1.43771821787164e+000 3.72708602812531e+002 6.56144439427032e-004 2786 190
1.13930732858976e+003 1.73720295014755e+006 6.55828477121868e-004 6.46015808587909e-001 1.48028744788965e+000 3.72708614320333e+002 6.56241538369691e-004 2802 191
1.13654715151808e+003 1.73710499680132e+006 6.54276506851373e-004 3.90362254707480e-001 1.56533003128147e+000 3.72708617508187e+002 6.56536859829724e-004 2811 192
1.14122231668850e+003 1.73716422860664e+006 6.56945459571565e-004 3.83281960509049e-001 1.51346076677755e+000 3.72708617800106e+002 6.56843815758451e-004 2815 193
1.13926837575286e+003 1.73741922730549e+006 6.55724418472251e-004 8.18567461165197e-001 1.29735481078524e+000 3.72708638335883e+002 6.56899581596148e-004 2841 194
1.13881485719550e+003 1.73714350719152e+006 6.55567423957007e-004 5.44907986693930e-001 1.53206083574938e+000 3.72708638879892e+002 6.57041256789977e-004 2846 195
1.13920978727931e+003 1.73714748975845e+006 6.55793264926726e-004 8.30408642841884e-001 1.52889690649129e+000 3.72708652449910e+002 6.57097323784221e-004 2865 196
1.13756390382031e+003 1.73713857994710e+006 6.54849160766867e-004 6.20624408703879e-001 1.53647116138188e+000 3.72708928217645e+002 6.57203750662383e-004 2879 197
1.14517257519500e+003 1.73725547865062e+006 6.59184802350391e-004 8.20886867885373e-001 1.43560893169958e+000 3.72708975202254e+002 6.57260783734611e-004 2910 198
1.13953808046148e+003 1.73749392591187e+006 6.55851453682649e-004 8.12524796288949e-001 1.23771953810236e+000 3.72708975761921e+002 6.57316417788498e-004 2914 199
1.13788610093153e+003 1.73736620091124e+006 6.54948817142261e-004 3.92071291238136e-001 1.33992404080325e+000 3.72709099796526e+002 6.57601158067603e-004 2960 200
1.13749436502579e+003 1.73712435137973e+006 6.54814493587218e-004 1.42551957762383e-001 1.54136087023530e+000 3.72709194604977e+002 6.60308864093063e-004 2987 201
1.14449088514896e+003 1.73729578800923e+006 6.58777122170768e-004 4.16974394970550e-001 1.40042220328379e+000 3.72709203114944e+002 6.60560606339344e-004 2992 202
1.14458341675251e+003 1.73719714048795e+006 6.58867795975769e-004 9.41221350749229e-001 1.48594416989654e+000 3.72709357602028e+002 6.60603052995613e-004 3014 203
1.14359441830631e+003 1.73743202875295e+006 6.58209492072587e-004 9.75066377758110e-001 1.28805477629933e+000 3.72709448556281e+002 6.60640902464901e-004 3022 204
1.13786410916018e+003 1.73720856542338e+006 6.54995588374275e-004 2.79030732139042e-001 1.47357608279672e+000 3.72709448769275e+002 6.61256136766640e-004 3026 205
1.13956868263726e+003 1.73716042489278e+006 6.55994980569672e-004 8.28516495254372e-001 1.51758346247749e+000 3.72709513788550e+002 6.61312455512794e-004 3044 206
1.13709687634229e+003 1.73722864713670e+006 6.54546375243857e-004 8.61232337412641e-002 1.43608831492050e+000 3.72710046165328e+002 6.69446631965644e-004 3073 207
1.13658130395948e+003 1.73716625097583e+006 6.54273096280214e-004 3.80657368694113e-001 1.51144735724967e+000 3.72710059843959e+002 6.69758226661771e-004 3095 208
1.13939100716464e+003 1.73718952443558e+006 6.55881714548933e-004 1.82531205175939e-001 1.48747819620350e+000 3.72710134995806e+002 6.71325265872478e-004 3111 209
1.14559766260972e+003 1.73729008033367e+006 6.59416357424296e-004 9.13113803521836e-001 1.40617480193487e+000 3.72710157247563e+002 6.71370188420299e-004 3130 210
1.13885713383906e+003 1.73716673330152e+006 6.55582995489745e-004 4.01989806817835e-001 1.51125560396130e+000 3.72710157537221e+002 6.71646556156446e-004 3131 211
1.14037044268174e+003 1.73716679332382e+006 6.56454108642287e-004 2.43385113071078e-001 1.50952982436598e+000 3.72710163391498e+002 6.72479984527354e-004 3136 212
1.14307516578641e+003 1.73724330356384e+006 6.57982102150177e-004 3.59721671193579e-001 1.44481308954131e+000 3.72710165085355e+002 6.72830694811337e-004 3140 213
1.14030235296175e+003 1.73724691487952e+006 6.56384639070088e-004 6.90176091799677e-001 1.44232029679250e+000 3.72710165085355e+002 6.72914298364323e-004 3140 214
1.13888107392650e+003 1.73724760101909e+006 6.55566259010631e-004 6.73940244758446e-001 1.44155328363903e+000 3.72712071782753e+002 6.73002388304319e-004 3178 215
1.13741752508016e+003 1.73720535174593e+006 6.54739729765445e-004 6.02252265999329e-001 1.47798640842921e+000 3.72712073310233e+002 6.73115666152873e-004 3181 216
1.13730522165995e+003 1.73717354628837e+006 6.54687070040378e-004 8.30164494766076e-001 1.50598238853114e+000 3.72726602701288e+002 6.73171700809056e-004 3210 217
1.13728908297353e+003 1.73716327967866e+006 6.54681648981288e-004 8.64955595568712e-001 1.51499479308451e+000 3.72727046579779e+002 6.73222924138096e-004 3249 218
1.14149585448671e+003 1.73718321755919e+006 6.57095739044054e-004 9.28312021240883e-001 1.49783287377544e+000 3.72727070738052e+002 6.73266721394351e-004 3254 219
1.14127877430467e+003 1.73746679622365e+006 6.56863551374218e-004 6.06616412854396e-001 1.25938765968810e+000 3.72727074643311e+002 6.73373310348148e-004 3268 220
1.14122144700710e+003 1.73726417739215e+006 6.56907163402314e-004 1.67699209570605e-001 1.42209032486953e+000 3.72727123757085e+002 6.75247194668405e-004 3298 221
1.13684744608090e+003 1.73715752504321e+006 6.54429588218837e-004 6.78273873104038e-001 1.51988450193793e+000 3.72727212308355e+002 6.75334668149043e-004 3315 222
1.14294620528616e+003 1.73717649527689e+006 6.57933171140429e-004 4.26953947569201e-002 1.41298204367199e+000 3.72727220982721e+002 7.13289030083946e-004 3320 223
1.14355360320122e+003 1.73718380981507e+006 6.58280045876816e-004 4.63332010864589e-001 1.49687410733360e+000 3.72727364161425e+002 7.13491043372813e-004 3363 224
1.13810788605374e+003 1.73712456896286e+006 6.55167593358617e-004 2.14850306711020e-001 1.54567531922361e+000 3.72727364161425e+002 7.14589276385620e-004 3363 225
1.13652875724560e+003 1.73711644091473e+006 6.54261607517968e-004 7.35404522843104e-001 1.55602999679556e+000 3.72727364685296e+002 7.14662580017510e-004 3364 226
1.14139594539771e+003 1.73736184082534e+006 6.56970674941651e-004 4.93575853755303e-001 1.34462199636830e+000 3.72761917214098e+002 7.14834350270312e-004 3399 227
1.13859183367730e+003 1.73748823347861e+006 6.55308996490840e-004 8.17529831843013e-001 1.24193811044649e+000 3.72761952214103e+002 7.14889317374952e-004 3408 228
1.14052635240315e+003 1.73717612789884e+006 6.56540330144779e-004 4.98794518875698e-001 1.50348959578234e+000 3.72766941533246e+002 7.15061155114779e-004 3434 229
1.13978607649319e+003 1.73739268895282e+006 6.56032410074792e-004 5.20493179113132e-001 1.31883117908261e+000 3.72767018051638e+002 7.15213029071852e-004 3447 230
1.13837868455730e+003 1.73717417353579e+006 6.55304769636945e-004 8.46034119693594e-001 1.50550300531022e+000 3.72767022422754e+002 7.15266775667173e-004 3449 231
1.13668947383518e+003 1.73714903682739e+006 6.54341848343418e-004 7.13644825586718e-001 1.52736288018433e+000 3.72767057150425e+002 7.15345021327223e-004 3462 232
1.13662525892946e+003 1.73711597411325e+006 6.54317336124569e-004 3.12265388958403e-001 1.55507123035371e+000 3.72990401617886e+002 7.15827551556164e-004 3551 233
1.13877994516863e+003 1.73712713744598e+006 6.55553504110555e-004 8.23969237342448e-001 1.54672996230964e+000 3.72990416959509e+002 7.15884620615979e-004 3554 234
1.13693713066690e+003 1.73712124155915e+006 6.54494885633680e-004 8.85341959898679e-001 1.55190730109561e+000 3.72990418558938e+002 7.15933352018171e-004 3562 235
1.14468156508029e+003 1.73741411717217e+006 6.58842004414200e-004 2.40546891689810e-001 1.30013523346660e+000 3.72992089451078e+002 7.16758982068115e-004 3564 236
1.13953887627220e+003 1.73730551435688e+006 6.55923039115462e-004 9.30326242866298e-001 1.39217681188391e+000 3.72994449184177e+002 7.16801991912607e-004 3616 237
1.13919144446212e+003 1.73720207037845e+006 6.55762101941746e-004 1.24546037171545e-001 1.47089153675954e+000 3.72994449888288e+002 7.20429713338599e-004 3625 238
1.13660481628371e+003 1.73710706994426e+006 6.54308921855366e-004 6.41102328562273e-001 1.56417951155126e+000 3.72994452354409e+002 7.20528860665048e-004 3644 239
1.13652138075718e+003 1.73711592802570e+006 6.54257554292937e-004 7.72545548875393e-001 1.55650938001648e+000 3.72994457643941e+002 7.20594634529865e-004 3656 240
1.13654835486556e+003 1.73719570492286e+006 6.54243036339763e-004 9.71953489791558e-001 1.48661530640584e+000 3.72994457736053e+002 7.20634186671861e-004 3658 241
1.13677363617058e+003 1.73712074921698e+006 6.54400953078306e-004 1.19235816522721e-001 1.54107324030274e+000 3.72994459588224e+002 7.24645106846456e-004 3663 242
1.14181556179070e+003 1.73724213702082e+006 6.57257484746566e-004 4.28846095156713e-001 1.44605948591571e+000 3.72994460638154e+002 7.24883382697739e-004 3674 243
1.14158937337382e+003 1.73733130311578e+006 6.57093558968501e-004 3.94909512619404e-001 1.36983755378887e+000 3.72994478128731e+002 7.25165485207538e-004 3681 244
1.13884931766890e+003 1.73735616584608e+006 6.55507015164680e-004 7.13675344096194e-001 1.34922407528916e+000 3.72994482577665e+002 7.25241882874621e-004 3690 245
1.14221237895632e+003 1.73740256553856e+006 6.57425191521188e-004 8.85464033936582e-001 1.31164043076876e+000 3.72994493913346e+002 7.25288981087770e-004 3706 246
1.13738979599484e+003 1.73715440904517e+006 6.54742967892775e-004 6.18152409436323e-001 1.52256904797510e+000 3.72995933910137e+002 7.25396284911016e-004 3712 247
1.14509477213865e+003 1.73727252842387e+006 6.59133548462907e-004 2.37922299874874e-001 1.41835113574633e+000 3.72995958434902e+002 7.26263860446221e-004 3719 248
1.13870545358855e+003 1.73714874856382e+006 6.55502467152371e-004 5.43382061220130e-001 1.52745875682852e+000 3.72995966061773e+002 7.26406385456055e-004 3733 249
1.14393698346979e+003 1.73724065517610e+006 6.58479189239770e-004 9.32584612567522e-001 1.44826464873196e+000 3.72995966688096e+002 7.26449532208424e-004 3734 250
1.14457466284408e+003 1.73732815635354e+006 6.58813070555069e-004 5.96514786217841e-001 1.37357674291208e+000 3.72995967662005e+002 7.26563468645297e-004 3745 251
1.13699746281409e+003 1.73745522812042e+006 6.54403798214617e-004 6.07928708761864e-001 1.26753717444380e+000 3.72995971390354e+002 7.26669826813913e-004 3755 252
1.14316847021409e+003 1.73727979960236e+006 6.58021986718043e-004 9.52879421369060e-001 1.41461194662313e+000 3.72996482917469e+002 7.26710783851636e-004 3810 253
1.13670641359798e+003 1.73714278796002e+006 6.54353953652177e-004 6.08691671498764e-001 1.53273197225867e+000 3.72996492126615e+002 7.26821839794594e-004 3819 254
1.13724475501954e+003 1.73711775824615e+006 6.54673286913183e-004 4.09222693563646e-001 1.55420834055605e+000 3.72996498963304e+002 7.27088010085971e-004 3828 255
1.13695591566266e+003 1.73711029913792e+006 6.54509822361881e-004 4.75112155522324e-001 1.56101558229316e+000 3.72996552338089e+002 7.27279681968909e-004 3844 256
1.14280768215041e+003 1.73716751235336e+006 6.57856832552933e-004 4.46821497238075e-001 1.51096797402875e+000 3.72996563437495e+002 7.27498688988849e-004 3865 257
1.14093546673302e+003 1.73738766152810e+006 6.56695870465803e-004 9.25504318369091e-001 1.32362501129185e+000 3.72996563437495e+002 7.27541553163162e-004 3865 258
1.14104275867498e+003 1.73735537854526e+006 6.56769828846854e-004 2.02917569505905e-001 1.34663540589618e+000 3.72996563619998e+002 7.28756126096240e-004 3868 259
1.13674525937300e+003 1.73710453987613e+006 6.54390723768588e-004 6.24622333445235e-001 1.56638467436750e+000 3.72996563665964e+002 7.28861120934691e-004 3869 260
1.14041268572602e+003 1.73717419323304e+006 6.56475629412512e-004 6.22211371196631e-001 1.50540712866604e+000 3.72996595893509e+002 7.28966787621201e-004 3884 261
1.14261050886779e+003 1.73717541397166e+006 6.57740338082792e-004 1.01351969969787e-001 1.48891634586627e+000 3.72996622838149e+002 7.34684764698544e-004 3924 262
1.14208334824446e+003 1.73726503431514e+006 6.57402964520417e-004 7.30704672383801e-001 1.42698003372295e+000 3.72996706829839e+002 7.34758350105632e-004 3945 263
1.14420960807032e+003 1.73733314518283e+006 6.58601055190377e-004 8.31751457258827e-001 1.36954992385632e+000 3.72996713698452e+002 7.34813138722804e-004 3964 264
1.13989607820526e+003 1.73738948598535e+006 6.56096933841908e-004 9.12076174199652e-001 1.32189923169652e+000 3.72996716452970e+002 7.34857384191279e-004 3976 265
1.13896818322437e+003 1.73723627477540e+006 6.55620675535822e-004 9.50651570177313e-002 1.43359552217170e+000 3.72996723334157e+002 7.41400478785822e-004 3980 266
1.13751509526575e+003 1.73713712385535e+006 6.54821612559656e-004 7.88140507217628e-001 1.53790931104465e+000 3.72996727077680e+002 7.41463395751181e-004 3985 267
1.14034104244885e+003 1.73723698886898e+006 6.56410660130944e-004 9.17172765282144e-001 1.45104507141331e+000 3.72996727316005e+002 7.41508168805555e-004 3987 268
1.14038453284782e+003 1.73714639839940e+006 6.56469926818644e-004 1.20334482863857e-001 1.51882985885189e+000 3.72996727316005e+002 7.45435394044670e-004 3987 269
1.13980078743542e+003 1.73716003534838e+006 6.56128739252019e-004 1.61809137241737e-001 1.51192674047060e+000 3.72996728244640e+002 7.47481702104577e-004 3988 270
1.13944524667359e+003 1.73719032548439e+006 6.55912634645428e-004 9.39207129123814e-001 1.49150501525925e+000 3.72996731836437e+002 7.47524368798804e-004 3993 271
1.14467517349856e+003 1.73730580380177e+006 6.58879401283716e-004 8.13043610950041e-001 1.39265619510483e+000 3.72996736815852e+002 7.47582225351830e-004 3996 272
1.13666580605286e+003 1.73710927659613e+006 6.54343200592025e-004 7.66624958037049e-001 1.56235785531175e+000 3.72996737512890e+002 7.47649126370880e-004 4000 273
1.14453025451569e+003 1.73728170152131e+006 6.58805125230310e-004 9.54863124485000e-001 1.41317379696036e+000 3.72996738371775e+002 7.47689887175135e-004 4002 274
1.14477878367262e+003 1.73727601672193e+006 6.58950337747206e-004 3.98449659718619e-001 1.41720061601611e+000 3.73001333869729e+002 7.47968862602414e-004 4074 275
1.13748915293609e+003 1.73716372615181e+006 6.54796651140321e-004 8.61140781884213e-001 1.51461128650777e+000 3.73001361127144e+002 7.48020585364226e-004 4097 276
1.13951824351644e+003 1.73727044082150e+006 6.55924404928399e-004 1.87658314767907e-001 1.41767999923704e+000 3.73001442172741e+002 7.49482798086393e-004 4106 277
1.14344668034071e+003 1.73720318467905e+006 6.58211155318760e-004 4.82558671834468e-001 1.48009569460128e+000 3.73001590578496e+002 7.49667270564251e-004 4143 278
1.13682198960648e+003 1.73711616324753e+006 6.54430516142773e-004 5.44816431165502e-001 1.55602999679556e+000 3.73001680262777e+002 7.49809089072075e-004 4183 279
1.14034378675082e+003 1.73718577681776e+006 6.56431590780947e-004 4.14349803155614e-001 1.49476482116153e+000 3.73001680955196e+002 7.50067354633947e-004 4184 280
1.13826207858545e+003 1.73719053996880e+006 6.55231472599344e-004 5.27268288216804e-001 1.49083387874996e+000 3.73001687907889e+002 7.50219294290275e-004 4199 281
1.13972119735673e+003 1.73721230000274e+006 6.56063184583567e-004 6.86696981719413e-001 1.47223380977813e+000 3.73001712947489e+002 7.50304121361646e-004 4214 282
1.14162835418586e+003 1.73717743879904e+006 6.57174197833853e-004 2.40211188085574e-001 1.50022978988006e+000 3.73001716203001e+002 7.51161442185933e-004 4224 283
1.13820564215554e+003 1.73713730682770e+006 6.55219063455781e-004 8.65901669362468e-001 1.53781343440046e+000 3.73002565331948e+002 7.51212594296090e-004 4235 284
1.13740327975350e+003 1.73731459327929e+006 6.54690360426997e-004 6.41499069185461e-002 1.34433436643574e+000 3.73002583215327e+002 7.66504672697622e-004 4260 285
1.13720655788056e+003 1.73714613103415e+006 6.54640605711140e-004 2.63985106967376e-002 1.28393208059938e+000 3.73041616588613e+002 8.72658602303910e-004 4287 286
1.14197716787262e+003 1.73749867108218e+006 6.57253454313980e-004 9.79216895046846e-001 1.23474736213263e+000 3.73042494176446e+002 8.72695466008771e-004 4295 287
1.13663963242626e+003 1.73718725038149e+006 6.54298763691459e-004 7.59086886196478e-001 1.49390193136387e+000 3.73042802614281e+002 8.72763637723047e-004 4309 288
1.14172767321704e+003 1.73730019452057e+006 6.57184931222790e-004 1.56773583178198e-001 1.39054690893277e+000 3.73043718275073e+002 8.74925543336318e-004 4342 289
1.14297679947919e+003 1.73718620091872e+006 6.57947106617181e-004 5.38987395855586e-001 1.49495657444990e+000 3.73043867552167e+002 8.75070356351399e-004 4363 290
1.14439455442612e+003 1.73741964520787e+006 6.58674714587887e-004 4.89272743919187e-001 1.29773831736198e+000 3.73044103297182e+002 8.75243386789680e-004 4389 291
1.13823024018017e+003 1.73717329488470e+006 6.55219649442121e-004 8.58790856654561e-001 1.50627001846370e+000 3.73044441977625e+002 8.75295395206796e-004 4406 292
1.13990620819171e+003 1.73716346140133e+006 6.56188130772761e-004 9.36399426252022e-001 1.51499479308451e+000 3.73044474471995e+002 8.75338412163479e-004 4427 293
1.13961274089216e+003 1.73720980983370e+006 6.56001693617118e-004 2.84310434278390e-001 1.47271319299905e+000 3.73044485966687e+002 8.75928741216210e-004 4457 294
1.14002905014100e+003 1.73739088793217e+006 6.56172939803870e-004 6.30207220679342e-001 1.32055695867794e+000 3.73044490214968e+002 8.76028494048587e-004 4460 295
1.13659037697901e+003 1.73720032309353e+006 6.54265486652373e-004 4.40443128757591e-001 1.48191735084078e+000 3.73044490214968e+002 8.76254050595235e-004 4460 296
1.14359834121030e+003 1.73731893378449e+006 6.58254597816275e-004 8.97793511764885e-001 1.38143862773522e+000 3.73044597860669e+002 8.76300471050140e-004 4469 297
1.14219055023059e+003 1.73726913092818e+006 6.57463121472010e-004 6.78334910122990e-001 1.42343259788812e+000 3.73045899803936e+002 8.76387091567414e-004 4526 298
1.13835035571413e+003 1.73717490291612e+006 6.55288187082578e-004 9.98504593035676e-001 1.50492774544511e+000 3.73045901492519e+002 8.76424418107438e-004 4531 299
1.13730159470661e+003 1.73714146613135e+006 6.54697072395718e-004 9.46104312265389e-001 1.53417012192145e+000 3.73046845951913e+002 8.76466507579910e-004 4540 300
1.13967759560092e+003 1.73725756670577e+006 6.56020991907439e-004 9.04660176396985e-001 1.43321201559496e+000 3.73046901149872e+002 8.76512547985821e-004 4541 301
1.14355800836062e+003 1.73723340570477e+006 6.58263788523295e-004 9.93499557481613e-001 1.45449663060396e+000 3.73047163946377e+002 8.76550115988574e-004 4556 302
1.14391826484918e+003 1.73720420657839e+006 6.58482229770994e-004 3.32407605212561e-001 1.47846579165014e+000 3.73047512179651e+002 8.76968910325540e-004 4592 303
1.13662616472545e+003 1.73710675033434e+006 6.54321331890703e-004 7.44102298043763e-001 1.56456301812799e+000 3.73047552850280e+002 8.77040348514575e-004 4606 304
1.14090904856874e+003 1.73722802675747e+006 6.56741007494691e-004 1.61503952146977e-001 1.45277085100864e+000 3.73047577289424e+002 8.79084418880477e-004 4617 305
1.14236531757281e+003 1.73722548222539e+006 6.57580241945350e-004 1.99621570482498e-001 1.45727705328532e+000 3.73069376784121e+002 8.80367546752812e-004 4630 306
1.13804601077147e+003 1.73726661913842e+006 6.55078406184333e-004 4.94705038605914e-002 1.35785297326579e+000 3.73069378104636e+002 9.07534874323698e-004 4640 307
1.13706337172194e+003 1.73711208184797e+006 6.54571009670085e-004 1.02114932706687e-001 1.54452479949339e+000 3.73069479066921e+002 9.13176242465358e-004 4654 308
1.13936133122993e+003 1.73746809118400e+006 6.55759477653063e-004 5.96545304727317e-001 1.25785363338115e+000 3.73069479066921e+002 9.13286775676299e-004 4654 309
1.14249841092058e+003 1.73740552753893e+006 6.57588702309544e-004 4.22559282204657e-001 1.30857237815485e+000 3.73069482137239e+002 9.13526367615970e-004 4665 310
1.13877999707620e+003 1.73719286490730e+006 6.55528730840665e-004 2.96792504654073e-001 1.48757407284768e+000 3.73069482137239e+002 9.14064177230841e-004 4665 311
1.13700428771144e+003 1.73710773408619e+006 6.54538635128152e-004 1.05777153843806e-001 1.54941450834681e+000 3.73069497151027e+002 9.19285364629193e-004 4692 312
1.13721932765422e+003 1.73713518665824e+006 6.54652081155983e-004 4.04461806085391e-001 1.53886807748650e+000 3.73154181377505e+002 9.19558374756251e-004 4693 313
1.14151979818119e+003 1.73725150593106e+006 6.57083692255749e-004 6.75069429609058e-001 1.43848523102512e+000 3.73154182029765e+002 9.19646105447447e-004 4697 314
1.13862129126372e+003 1.73720042791667e+006 6.55434519769695e-004 2.64015625476852e-001 1.48047920117801e+000 3.73154505771778e+002 9.20341404733312e-004 4738 315
1.14415197680331e+003 1.73744530075898e+006 6.58525371080272e-004 9.44151127658925e-001 1.27750834543901e+000 3.73154506999482e+002 9.20381907690566e-004 4747 316
1.14366733931739e+003 1.73746407153153e+006 6.58239322976958e-004 4.47798089541307e-001 1.26178457579272e+000 3.73423129243704e+002 9.20589913811909e-004 4759 317
1.14559974279597e+003 1.73738182907026e+006 6.59382731877044e-004 3.26578569902646e-001 1.32803533692434e+000 3.73423135917531e+002 9.21014370097493e-004 4768 318
1.14188871033300e+003 1.73722278797482e+006 6.57306911805049e-004 9.98260444959868e-002 1.44721000564592e+000 3.73423155136803e+002 9.26901032136478e-004 4782 319
1.14464251011954e+003 1.73721694778434e+006 6.58894299836146e-004 4.92446668904691e-001 1.46830286736656e+000 3.73423361688208e+002 9.27077252189851e-004 4831 320
1.14543856853943e+003 1.73720004025215e+006 6.59358954641984e-004 1.46061586352123e-001 1.47597299890133e+000 3.73442715825574e+002 9.29633459433059e-004 4873 321
1.14121743324912e+003 1.73719223089247e+006 6.56932058978291e-004 9.46745200964385e-001 1.48997098895230e+000 3.73442716871067e+002 9.29675377161000e-004 4875 322
1.13668416844154e+003 1.73731261682274e+006 6.54277183759598e-004 2.89071321756645e-001 1.38393142048402e+000 3.73442788492579e+002 9.30237320695302e-004 4885 323
1.13871143732037e+003 1.73717342289633e+006 6.55496601099033e-004 2.00415051728874e-001 1.50233907605213e+000 3.73442789745427e+002 9.31514540145331e-004 4891 324
1.14328611629378e+003 1.73736557624637e+006 6.58057214264946e-004 2.37220374156926e-001 1.33963641087069e+000 3.73442820536043e+002 9.32374519941514e-004 4912 325
1.13676377877471e+003 1.73710928266052e+006 6.54399598144375e-004 2.61635181737724e-001 1.56024856913968e+000 3.73443028056744e+002 9.33086675751231e-004 4934 326
1.14383102706118e+003 1.73726451393457e+006 6.58409155659336e-004 9.01730399487289e-001 1.42774704687643e+000 3.73510280168159e+002 9.33133010113234e-004 4944 327
1.13883127881350e+003 1.73729208220134e+006 6.55520811589157e-004 2.76955473494675e-001 1.40157272301401e+000 3.73510285235237e+002 9.33752423413701e-004 4961 328
1.13686726893167e+003 1.73710633363371e+006 6.54460285249135e-004 7.64885402996918e-001 1.56494652470473e+000 3.73510519676810e+002 9.33819660865057e-004 4988 329
1.14286532642096e+003 1.73738390576554e+006 6.57808074418492e-004 2.64625995666372e-001 1.32496728431043e+000 3.73510525110645e+002 9.34493385175081e-004 5008 330
1.13754700264773e+003 1.73712938970630e+006 6.54842895864758e-004 1.89092684713279e-001 1.54040210379345e+000 3.73510626672976e+002 9.35947657232382e-004 5016 331
1.14250640486281e+003 1.73734015073643e+006 6.57618048878819e-004 4.59120456556902e-001 1.36283855876339e+000 3.73510649711837e+002 9.36149881260615e-004 5021 332
1.13828268963278e+003 1.73713385734836e+006 6.55264717743045e-004 9.54069643238624e-001 1.54088148701437e+000 3.73510650581828e+002 9.36191210762417e-004 5023 333
1.13966534566170e+003 1.73731884116616e+006 6.55990803289516e-004 8.62178411206397e-001 1.38086336787011e+000 3.73510654993318e+002 9.36241949065335e-004 5032 334
1.14486834930357e+003 1.73723957289101e+006 6.59015717480413e-004 7.95007171849727e-001 1.44922341517380e+000 3.73510655266105e+002 9.36303254224551e-004 5035 335
1.13910480728685e+003 1.73717831628977e+006 6.55721196462617e-004 4.60188604388562e-001 1.50138030961028e+000 3.73510656097622e+002 9.36508382070176e-004 5041 336
1.13672616347670e+003 1.73710957463583e+006 6.54377834203324e-004 8.86593218787194e-001 1.56216610202338e+000 3.73510676100822e+002 9.36556969153532e-004 5050 337
1.14084366086240e+003 1.73725393669122e+006 6.56693574135927e-004 3.15866573076571e-001 1.43503367183447e+000 3.73510700287340e+002 9.37023207423668e-004 5077 338
1.13761556328700e+003 1.73721135332618e+006 6.54851465536484e-004 3.87615588854640e-001 1.47213793313395e+000 3.73510779591921e+002 9.37321698218189e-004 5092 339
1.14122301808307e+003 1.73715675233354e+006 6.56948690653909e-004 6.73879207739494e-001 1.52074739173559e+000 3.73510807734033e+002 9.37410435477555e-004 5102 340
1.13697648151534e+003 1.73749840381496e+006 6.54375461140990e-004 7.94152653584399e-001 1.23350096575823e+000 3.73512817018363e+002 9.37468854504713e-004 5132 341
1.13954913588779e+003 1.73744584948759e+006 6.55875964607853e-004 3.66832483901486e-001 1.27491967604602e+000 3.73514776825707e+002 9.37792752180411e-004 5135 342
1.14172587023384e+003 1.73728569960775e+006 6.57189376578622e-004 5.20340586565752e-001 1.40895522461623e+000 3.73514936500899e+002 9.37947628531341e-004 5155 343
1.14420914172095e+003 1.73723672056182e+006 6.58637342121728e-004 8.09076204718162e-001 1.45162033127842e+000 3.73514956369656e+002 9.38006629956068e-004 5200 344
1.13906807556231e+003 1.73747106687709e+006 6.55589571583508e-004 8.51161229285562e-001 1.25564847056490e+000 3.73515647501348e+002 9.38057162510397e-004 5228 345
1.14350921822260e+003 1.73719951501399e+006 6.58248544961118e-004 5.52323984496597e-001 1.48345137714774e+000 3.73515704964278e+002 9.38194265003113e-004 5237 346
1.13944546864828e+003 1.73728066532913e+006 6.55878654497505e-004 4.37116611224708e-001 1.41269441373943e+000 3.73515716943592e+002 9.38421652189096e-004 5256 347
1.13776483197488e+003 1.73719456195350e+006 6.54943720301280e-004 4.88357188634907e-001 1.48719056627094e+000 3.73515734706593e+002 9.38601451653425e-004 5274 348
1.13724534614379e+003 1.73711975705359e+006 6.54672873906844e-004 5.93310342722861e-001 1.55296194418165e+000 3.73515734706593e+002 9.38719006733529e-004 5274 349
1.14166266793737e+003 1.73720953311232e+006 6.57181808998724e-004 3.57188634907071e-001 1.47386371272927e+000 3.73515774858244e+002 9.39076372049941e-004 5304 350
1.14508358095753e+003 1.73733706688167e+006 6.59102621461079e-004 9.87792596209601e-001 1.36648187124241e+000 3.73515786085975e+002 9.39113881228173e-004 5312 351
1.13969297645696e+003 1.73720412117675e+006 6.56050028350366e-004 2.48420667134617e-002 1.19179462553789e+000 3.73534833808029e+002 1.05664409512029e-003 5328 352
1.13750287204580e+003 1.73713748168526e+006 6.54814441262318e-004 1.60039063692129e-001 1.53148557588427e+000 3.73534900335609e+002 1.05874254131731e-003 5334 353
1.13985330758596e+003 1.73716767887919e+006 6.56156085483315e-004 7.02658162175359e-001 1.51115972731712e+000 3.73534912266961e+002 1.05882343617901e-003 5338 354
1.14041816824033e+003 1.73726693261656e+006 6.56443741039640e-004 1.94677571947386e-001 1.42113155842769e+000 3.73534948842528e+002 1.06017287562661e-003 5402 355
1.13835483453146e+003 1.73745677944324e+006 6.55184454148153e-004 8.80733664967803e-001 1.26686603793451e+000 3.73534948842528e+002 1.06021991887058e-003 5402 356
1.14039453653104e+003 1.73716653737302e+006 6.56468074982472e-004 7.35831781975768e-001 1.51221437040315e+000 3.73534949397912e+002 1.06029301127690e-003 5406 357
1.14464880661014e+003 1.73743578153980e+006 6.58814934724666e-004 2.24982451857051e-001 1.28220630100406e+000 3.73534963237213e+002 1.06124462783045e-003 5446 358
1.14020840828063e+003 1.73727573338946e+006 6.56319674907930e-004 3.16415906247139e-001 1.41624184957427e+000 3.73534963240425e+002 1.06170781297317e-003 5447 359
1.13813362147327e+003 1.73739402380280e+006 6.55080795189668e-004 8.84609515671255e-001 1.31777653599658e+000 3.73534965001579e+002 1.06175508722861e-003 5455 360
1.13923187160397e+003 1.73716882993487e+006 6.55797921684931e-004 8.07061983092746e-001 1.51020096087527e+000 3.73534965345483e+002 1.06181472724124e-003 5457 361
1.14343802137981e+003 1.73725478818696e+006 6.58186619509627e-004 8.08404797509690e-001 1.43599243827631e+000 3.73535627207190e+002 1.06187371869859e-003 5487 362
1.14088790987193e+003 1.73723731050124e+006 6.56725329900727e-004 5.10879848628193e-002 1.38767060960723e+000 3.73536383818223e+002 1.08733652625843e-003 5536 363
1.14284236215851e+003 1.73721089092589e+006 6.57860368744785e-004 8.95077364421522e-001 1.47386371272927e+000 3.73536384204291e+002 1.08738388432101e-003 5538 364
1.14184486743743e+003 1.73720770062463e+006 6.57287382844917e-004 5.49333170567949e-002 1.42209032486953e+000 3.73536384292715e+002 1.10921481240087e-003 5540 365
1.13772788632196e+003 1.73727170797342e+006 6.54893370132387e-004 5.47441022980438e-001 1.42046042191839e+000 3.73536429970964e+002 1.10935357174275e-003 5576 366
1.13982280908366e+003 1.73715337993690e+006 6.56143929876270e-004 5.89220862453078e-001 1.52352781441694e+000 3.73584457144405e+002 1.10947281490508e-003 5579 367
1.13843737685553e+003 1.73712848690894e+006 6.55355791152975e-004 7.43797112949004e-001 1.54548356593524e+000 3.73584463584384e+002 1.10954429607819e-003 5588 368
1.14530646325196e+003 1.73734717939818e+006 6.59227073853753e-004 6.53981139561144e-001 1.35785297326579e+000 3.73584469935512e+002 1.10963705706526e-003 5597 369
1.14375132716770e+003 1.73737814699929e+006 6.58320218839352e-004 7.75811029389325e-001 1.33196627933592e+000 3.73586306360348e+002 1.10970038014082e-003 5689 370
1.14238128392900e+003 1.73722238314841e+006 6.57590605754075e-004 7.69341105380413e-001 1.46379666508988e+000 3.73618732753146e+002 1.10976638534387e-003 5714 371
1.14372241303687e+003 1.73718180181755e+006 6.58377981272309e-004 3.34452345347453e-001 1.49792875041963e+000 3.73618734774309e+002 1.11018023380896e-003 5727 372
1.13947525585739e+003 1.73720259631706e+006 6.55925275991379e-004 8.36787011322367e-001 1.48076683111057e+000 3.73619060918556e+002 1.11023518984745e-003 5764 373
1.13772027437914e+003 1.73731165804483e+006 6.54873929193956e-004 5.09109775078585e-001 1.38623245994446e+000 3.73669396924401e+002 1.11039703745778e-003 5768 374
1.14034835073961e+003 1.73746997911941e+006 6.56326843458248e-004 2.39356669820246e-001 1.25421032090213e+000 3.73669409026614e+002 1.11122021401062e-003 5781 375
1.13708869825535e+003 1.73731720169887e+006 6.54508304398477e-004 7.05069124423963e-001 1.38172625766778e+000 3.73675786571006e+002 1.11129921122880e-003 5791 376
1.14033294226905e+003 1.73719641337776e+006 6.56421329046026e-004 2.90200506607257e-001 1.48450602023377e+000 3.73675789396765e+002 1.11186411677173e-003 5800 377
1.14362501563428e+003 1.73736151849883e+006 6.58253816652727e-004 7.27347636341441e-001 1.34567663945433e+000 3.73675797804761e+002 1.11193733162888e-003 5808 378
1.13989216985273e+003 1.73744805762527e+006 6.56072566487156e-004 9.11496322519608e-001 1.27424853953673e+000 3.73676735056297e+002 1.11198105233645e-003 5820 379
1.13852315863761e+003 1.73738892791047e+006 6.55306924878341e-004 8.23389385662404e-002 1.29802594729453e+000 3.73676754116950e+002 1.12070751311530e-003 5837 380
1.13680173634371e+003 1.73710820015390e+006 6.54421856944624e-004 9.77660451063570e-001 1.56341249839778e+000 3.73676754357659e+002 1.12074669678902e-003 5842 381
1.14529944937178e+003 1.73726542860480e+006 6.59254057895910e-004 5.00930814539018e-001 1.42669240379040e+000 3.73676757617440e+002 1.12091554431004e-003 5861 382
1.13989633860489e+003 1.73717781340075e+006 6.56177028172100e-004 1.98889126255074e-001 1.49850401028474e+000 3.73676766850281e+002 1.12221407006118e-003 5893 383
1.13953545517662e+003 1.73716601260315e+006 6.55973743131813e-004 1.86468092898343e-002 7.14137184209723e-001 3.73676769095674e+002 1.27796091767549e-003 5896 384
1.14131074940738e+003 1.73717601668360e+006 6.56991907691115e-004 1.69652394177068e-001 1.49859988692892e+000 3.73676774349581e+002 1.27980324113920e-003 5898 385
1.13839967259261e+003 1.73735446481008e+006 6.55248846868267e-004 8.60194708090457e-001 1.35066222495193e+000 3.73676821769787e+002 1.27985391791354e-003 5910 386
1.13654800149235e+003 1.73710789654059e+006 6.54275903977572e-004 8.16797387615589e-001 1.56360425168615e+000 3.73676827739638e+002 1.27991211053398e-003 5935 387
1.14161633054443e+003 1.73719992606075e+006 6.57158769741924e-004 8.45820490127262e-001 1.48325962385937e+000 3.73676854273020e+002 1.27996579548888e-003 5965 388
1.13762193079650e+003 1.73711617262122e+006 6.54891011949187e-004 6.73848689230018e-001 1.55622175008393e+000 3.73676856464111e+002 1.28005464341876e-003 5971 389
1.14379601937323e+003 1.73723491276229e+006 6.58400223076050e-004 3.04757835627308e-001 1.45162033127842e+000 3.73676874801478e+002 1.28056016360738e-003 5975 390
1.14482569993938e+003 1.73746606148197e+006 6.58905264189849e-004 8.97152623065890e-001 1.26111343928343e+000 3.73698498363739e+002 1.28060525129378e-003 6024 391
1.13913371174716e+003 1.73722620903225e+006 6.55719757485066e-004 8.96572771385846e-001 1.46024922925504e+000 3.73698749155140e+002 1.28065236891855e-003 6026 392
1.13715162058936e+003 1.73715790914173e+006 6.54604542384596e-004 5.65294351023896e-001 1.51940511871700e+000 3.73698751969911e+002 1.28078297178940e-003 6031 393
1.14199110274576e+003 1.73723589335944e+006 6.57360893023985e-004 5.48570207831049e-001 1.45181208456679e+000 3.73698754175789e+002 1.28092169154855e-003 6043 394
1.13687483413437e+003 1.73711031800420e+006 6.54463139177237e-004 1.06021301919614e-001 1.54720934553056e+000 3.73699192287520e+002 1.28611620627473e-003 6072 395
1.14449036163574e+003 1.73745896009462e+006 6.58714952346212e-004 9.12259285256508e-001 1.26667428464614e+000 3.73699248952617e+002 1.28615974432769e-003 6088 396
1.13961750501506e+003 1.73730050134777e+006 6.55970190921491e-004 3.83983886226997e-001 1.39553249443037e+000 3.73699286164464e+002 1.28646127914301e-003 6099 397
1.14008062706839e+003 1.73718408390719e+006 6.56280744194318e-004 5.74968718527787e-001 1.49668235404523e+000 3.73699317657599e+002 1.28658691672196e-003 6117 398
1.13686402244252e+003 1.73732481717779e+006 6.54376112590069e-004 6.76259651478622e-001 1.37520664586322e+000 3.73699318048411e+002 1.28667339768101e-003 6121 399
1.13907836592049e+003 1.73721607901849e+006 6.55691722196191e-004 7.82525101474044e-001 1.46897400387585e+000 3.73699318509717e+002 1.28673701556896e-003 6122 400
1.13983987010033e+003 1.73746336655313e+006 6.56036684582653e-004 2.11798455763420e-002 6.00235730918302e-001 3.73699351630001e+002 1.38822712180095e-003 6158 401
1.13723117044910e+003 1.73712051985369e+006 6.54664425976586e-004 9.62309640797143e-001 1.55257843760491e+000 3.73699418738641e+002 1.38826768815534e-003 6184 402
1.13898518129062e+003 1.73729031993077e+006 6.55610064153280e-004 2.33954893642995e-001 1.40224385952330e+000 3.73699420187134e+002 1.38916561597540e-003 6195 403
1.14173978204474e+003 1.73748604866380e+006 6.57121603125972e-004 3.34879604480117e-001 1.24328038346507e+000 3.73701617824120e+002 1.38955740670682e-003 6199 404
1.13711682644923e+003 1.73712103463592e+006 6.54598408147027e-004 1.75725577562792e-001 1.54701759224219e+000 3.73701617824120e+002 1.39126652037383e-003 6199 405
1.13651680068450e+003 1.73710069051682e+006 6.54260656693256e-004 4.70625934629353e-001 1.56945272698141e+000 3.73701617992211e+002 1.39146224407476e-003 6201 406
1.14537593503133e+003 1.73722356935265e+006 6.59313970449471e-004 4.60036011841182e-001 1.46255026871548e+000 3.73701617992211e+002 1.39166681284052e-003 6201 407
1.13708252220503e+003 1.73711589183348e+006 6.54580598304682e-004 3.33964049195837e-001 1.55535886028626e+000 3.73701618013701e+002 1.39208304876744e-003 6202 408
1.14382844318678e+003 1.73741547852576e+006 6.58350459098363e-004 4.11847285378582e-001 1.30071049333171e+000 3.73701633298805e+002 1.39233602197446e-003 6205 409
1.14388264620615e+003 1.73735444933946e+006 6.58404783981302e-004 1.74779503769036e-001 1.34653952925199e+000 3.73701876021944e+002 1.39402272348092e-003 6245 410
1.13686580487704e+003 1.73710851100077e+006 6.54458622109582e-004 9.38291573839534e-001 1.56312486846522e+000 3.73702026104912e+002 1.39406561532507e-003 6300 411
1.14459328924578e+003 1.73720179293340e+006 6.58871714428657e-004 9.58708456678976e-001 1.48191735084078e+000 3.73702802865031e+002 1.39410636298326e-003 6304 412
1.13855085315453e+003 1.73719732178278e+006 6.55395144730783e-004 6.85232093264565e-001 1.48517715674306e+000 3.73702803725029e+002 1.39419169145898e-003 6309 413
1.14253108601540e+003 1.73739696734899e+006 6.57610749178497e-004 2.10211493270669e-001 1.31279095049898e+000 3.73702824533358e+002 1.39530616156429e-003 6342 414
1.13650896374990e+003 1.73710406094233e+006 6.54254875768756e-004 4.40931424909207e-001 1.56638467436750e+000 3.73702878030433e+002 1.39553205840346e-003 6347 415
1.13699344625885e+003 1.73730066986225e+006 6.54459705019048e-004 9.32126834925382e-001 1.39591600100711e+000 3.73702929755351e+002 1.39557491429152e-003 6351 416
