2.95593232305989e+003 1.73714183206814e+006 1.70160513987058e-003 3.13119907223731e-002 1.02688679754021e+000 2.55855169812218e-005 6.50556054079826e-005 1 1
2.95556270755650e+003 1.73709867784185e+006 1.70143463538197e-003 5.90533158360546e-001 1.57002798684652e+000 1.66417199444718e-004 6.51743990321998e-005 17 2
2.95944848019959e+003 1.73714622035729e+006 1.70362493520196e-003 1.06204412976470e-001 1.51748758583331e+000 5.41699858374718e-004 7.03433173592308e-005 41 3
2.95624811887934e+003 1.73719956987054e+006 1.70173036909417e-003 7.06930753501999e-001 1.53627940809351e+000 5.62682821301623e-004 7.04232350276146e-005 65 4
2.96157605861879e+003 1.73731402944849e+006 1.70468501358200e-003 8.93154698324534e-001 1.49812050370800e+000 5.94353322531106e-004 7.04709158841934e-005 71 5
2.96428645562962e+003 1.73724097071098e+006 1.70631687183778e-003 6.87917722098453e-001 1.52237729468673e+000 3.88725039624864e-002 7.05557247235129e-005 167 6
2.95651351504789e+003 1.73714931545773e+006 1.70193237515785e-003 4.69649342326121e-001 1.55219493102817e+000 3.93776730869146e-002 7.07523110801410e-005 197 7
2.96266086274734e+003 1.73741381677880e+006 1.70521148305607e-003 9.12381359294412e-001 1.46475543153172e+000 3.93790859076016e-002 7.07976735055487e-005 202 8
2.95854944274555e+003 1.73731052646561e+006 1.70294632866061e-003 7.40440076906644e-001 1.49898339350566e+000 3.93972324552704e-002 7.08697065985533e-005 218 9
2.96019638669887e+003 1.73728496968576e+006 1.70391937622857e-003 5.23972289193396e-001 1.50684527832881e+000 4.08578630938443e-002 7.10239347703692e-005 472 10
2.96234405733248e+003 1.73724512435479e+006 1.70519470431118e-003 7.70958586382641e-001 1.52113089831233e+000 4.08744425990228e-002 7.10899321264453e-005 501 11
2.95811271327958e+003 1.73714220143736e+006 1.70285993373872e-003 9.20316171758171e-001 1.55602999679556e+000 4.21009377177383e-002 7.11346850928421e-005 522 12
2.96372999203757e+003 1.73718660330532e+006 1.70604994937261e-003 3.40159306619465e-001 1.53790931104465e+000 4.21125462544816e-002 7.15342566890825e-005 550 13
2.95963498672845e+003 1.73744968773258e+006 1.70343472100347e-003 7.75383770256661e-001 1.45248322107608e+000 4.35065226250995e-002 7.15990525399455e-005 609 14
2.96242924389404e+003 1.73736066214537e+006 1.70513033786423e-003 8.17163609729301e-001 1.48239673406171e+000 4.36769225841422e-002 7.16569622973023e-005 653 15
2.95662281751971e+003 1.73714304556414e+006 1.70200143859496e-003 6.94418164616840e-001 1.55535886028626e+000 5.95933280296901e-002 7.17401219339634e-005 704 16
2.96399904516856e+003 1.73736825676110e+006 1.70602643281552e-003 8.13623462630085e-002 1.41576246635334e+000 5.96883943340733e-002 8.09310377650867e-005 777 17
2.95599798175416e+003 1.73712628449560e+006 1.70165816669037e-003 3.82213812677389e-001 1.55900217276528e+000 5.96883943340733e-002 8.12403709100104e-005 777 18
2.95699613106392e+003 1.73713670584946e+006 1.70222255109809e-003 4.33423871578112e-001 1.55612587343974e+000 5.97429427008447e-002 8.14749426763446e-005 801 19
2.95648242676888e+003 1.73711391246621e+006 1.70194916461069e-003 5.11093478194525e-001 1.56446714148381e+000 5.97805010919772e-002 8.16381806705101e-005 814 20
2.95668875107645e+003 1.73731860451873e+006 1.70186740005423e-003 6.91091647083956e-001 1.49610709418012e+000 6.00717050806254e-002 8.17219991538430e-005 828 21
2.95758352325962e+003 1.73717347535212e+006 1.70252465146122e-003 7.97753837702567e-001 1.54529181264687e+000 6.08554303732796e-002 8.17832733813215e-005 938 22
2.96130050170877e+003 1.73723767637937e+006 1.70460131839697e-003 6.84713278603473e-001 1.52343193777276e+000 6.11218343770662e-002 8.18689621923534e-005 958 23
2.95664502476007e+003 1.73712073000828e+006 1.70203608685505e-003 7.05526902066103e-001 1.56293311517685e+000 7.18573855436926e-002 8.19492754784663e-005 1035 24
2.95594517510506e+003 1.73725768586426e+006 1.70149906175219e-003 5.23361919003876e-001 1.51595355952635e+000 1.09771397781572e-001 8.21039834117423e-005 1110 25
2.95835350627527e+003 1.73726896019193e+006 1.70287428978312e-003 5.84185308389538e-001 1.51250200033570e+000 1.10946244363583e-001 8.22254287845978e-005 1168 26
2.95618553774217e+003 1.73711514492777e+006 1.70177704835774e-003 4.33088167973876e-001 1.56341249839778e+000 1.10949750569149e-001 8.24604196354212e-005 1171 27
2.96358377391701e+003 1.73723700777306e+006 1.70591628305836e-003 2.35206152531510e-001 1.51691232596820e+000 1.51696618273651e-001 8.33593226026385e-005 1211 28
2.96186931512493e+003 1.73716902086583e+006 1.70499612270609e-003 1.26773888363292e-001 1.52103502166814e+000 1.51727184726891e-001 8.68614116996201e-005 1220 29
2.96257061918504e+003 1.73747918946349e+006 1.70509538535679e-003 4.46302682576983e-001 1.44136153035066e+000 1.51736216498606e-001 8.70795327847649e-005 1245 30
2.95672457562963e+003 1.73738763362662e+006 1.70182040207258e-003 8.21924497207556e-001 1.47319257621998e+000 1.52029966621617e-001 8.71366580876663e-005 1360 31
2.95556491532559e+003 1.73710599994190e+006 1.70142873459762e-003 1.21677297280801e-001 1.54011447386090e+000 1.52361350365686e-001 9.09725399671704e-005 1378 32
2.95602504786702e+003 1.73716152899201e+006 1.70163922318147e-003 1.56376842555010e-001 1.53263609561449e+000 1.53019229406012e-001 9.31807228515256e-005 1455 33
2.95736180917661e+003 1.73713251759399e+006 1.70243716131254e-003 4.45081942197943e-001 1.55765989974670e+000 1.53019398131135e-001 9.34019942482865e-005 1458 34
2.95777588843032e+003 1.73715832396529e+006 1.70265023596886e-003 2.17719046601764e-001 1.54212788338878e+000 1.53029167910562e-001 9.44685414206298e-005 1465 35
2.96292570778045e+003 1.73747155904547e+006 1.70530724386252e-003 8.70662556840724e-001 1.44548422605060e+000 1.53172121248027e-001 9.45187111933458e-005 1470 36
2.95864540396486e+003 1.73726974248022e+006 1.70304154343403e-003 8.39625232703635e-001 1.51288550691244e+000 1.97760866295481e-001 9.45733893655846e-005 1507 37
2.95564613713574e+003 1.73711124220453e+006 1.70147035671957e-003 3.84838404492325e-002 1.26178457579272e+000 1.97800440515403e-001 1.40582574756077e-004 1535 38
2.95693434326334e+003 1.73718444095456e+006 1.70214020910054e-003 9.18454542680135e-001 1.54174437681204e+000 1.97917232631350e-001 1.40627513458331e-004 1560 39
2.96163582320441e+003 1.73721208421459e+006 1.70481945231276e-003 1.78930021057772e-001 1.51969274864956e+000 2.15720025099046e-001 1.42268330969663e-004 1589 40
2.96303743773514e+003 1.73719385468173e+006 1.70564416652252e-003 6.14215521713919e-001 1.53800518768883e+000 2.16473051836828e-001 1.42377221830533e-004 1604 41
2.95961334452834e+003 1.73715492652520e+006 1.70371130161172e-003 7.70012512588885e-001 1.55152379451888e+000 2.16480634453269e-001 1.42443467106401e-004 1616 42
2.96242677994163e+003 1.73730790741664e+006 1.70518069714046e-003 1.21250038148137e-001 1.47175442655721e+000 2.16849676203337e-001 1.46292015893111e-004 1627 43
2.96119304292741e+003 1.73731622003447e+006 1.70446240078078e-003 8.75331888790551e-001 1.49735349055452e+000 2.16898183794772e-001 1.46341855927076e-004 1668 44
2.95559686238145e+003 1.73709997191571e+006 1.70145302980298e-003 3.40617084261605e-001 1.56715168752098e+000 2.16912672875346e-001 1.46740459943681e-004 1676 45
2.95659963760827e+003 1.73743223981711e+006 1.70170480088054e-003 3.91521958067568e-001 1.45612653355510e+000 2.16918918502041e-001 1.47031937847795e-004 1680 46
2.96015374207244e+003 1.73728711088809e+006 1.70389272954972e-003 6.17694631794183e-001 1.50655764839625e+000 3.90179120701671e-001 1.47139319869570e-004 1706 47
2.95880235639264e+003 1.73735242267268e+006 1.70305083598863e-003 5.75853755302591e-001 1.48441014358959e+000 3.99823631211219e-001 1.47264409511850e-004 1761 48
2.95594975771058e+003 1.73731965550368e+006 1.70144100767603e-003 2.26325266273995e-001 1.48834108600116e+000 3.99827043610673e-001 1.48240836951214e-004 1769 49
2.95936575311259e+003 1.73720356572980e+006 1.70352107767600e-003 8.48261970885342e-001 1.53522476500748e+000 5.79698733220614e-001 1.48294353719320e-004 1831 50
2.96246144105083e+003 1.73717354251719e+006 1.70533253976913e-003 3.60301522873623e-001 1.54270314325388e+000 5.79801739483546e-001 1.48646476301887e-004 1862 51
2.96144670950599e+003 1.73723463999707e+006 1.70468845871764e-003 8.49116489150670e-001 1.52477421079134e+000 5.79819620162905e-001 1.48699851881288e-004 1874 52
2.96048505632395e+003 1.73745977172444e+006 1.70391409310353e-003 4.32416760765404e-001 1.44759351222266e+000 5.79852128389493e-001 1.48933865275838e-004 1886 53
2.95769619416108e+003 1.73736543759349e+006 1.70240139055302e-003 7.69554734946745e-001 1.48057507782220e+000 5.80990895629416e-001 1.48999939764047e-004 1919 54
2.95689285600036e+003 1.73712316202026e+006 1.70217637118460e-003 7.29422894985809e-001 1.56216610202338e+000 5.81017544206062e-001 1.49074577741328e-004 1933 55
2.96368478949976e+003 1.73721048656215e+006 1.70600047444890e-003 5.76097903378399e-001 1.53225258903775e+000 6.03574064414615e-001 1.49199925383180e-004 1988 56
2.95931752213030e+003 1.73715893643372e+006 1.70353707849006e-003 7.64488662373730e-002 1.47789053178503e+000 6.03667700481574e-001 1.59822685649147e-004 2014 57
2.96118171675726e+003 1.73735857996542e+006 1.70441432382765e-003 6.81752983184301e-001 1.48278024063845e+000 6.03668122608142e-001 1.59908957042358e-004 2016 58
2.95823496303647e+003 1.73734000886100e+006 1.70273641831762e-003 8.85311441389203e-001 1.48929985244301e+000 6.03678761801246e-001 1.59957539055209e-004 2029 59
2.96004656552799e+003 1.73731801657781e+006 1.70380072790703e-003 4.11206396679586e-001 1.49476482116153e+000 8.53387580043580e-001 1.60220167949057e-004 2047 60
2.95935314585469e+003 1.73728694707464e+006 1.70343206024268e-003 5.10269478438673e-001 1.50607826517533e+000 8.53389038971171e-001 1.60383646752791e-004 2056 61
2.95568456521361e+003 1.73710939648165e+006 1.70149428636004e-003 3.46385082552568e-001 1.56408363490707e+000 8.53389924864370e-001 1.60767787797231e-004 2065 62
2.96395808274839e+003 1.73733724037178e+006 1.70603331252554e-003 9.46531571398053e-001 1.49045037217322e+000 8.83393502583519e-001 1.60809727965257e-004 2163 63
2.95917701502253e+003 1.73736778307971e+006 1.70325142566403e-003 6.67439802240059e-002 1.38383554383984e+000 8.85216987493759e-001 1.74941258388618e-004 2172 64
2.95587977114902e+003 1.73721019557815e+006 1.70150792697452e-003 7.27317117831965e-001 1.53273197225867e+000 8.85539553404465e-001 1.75016320990629e-004 2234 65
2.95650666365775e+003 1.73713738193633e+006 1.70194012275285e-003 1.18717001861629e-001 1.52803401669362e+000 8.90142735961465e-001 1.79063990732550e-004 2358 66
2.96314740684631e+003 1.73719086905226e+006 1.70571040058171e-003 7.81334879604480e-001 1.53944333735160e+000 9.01926215497049e-001 1.79128122813927e-004 2553 67
2.95773995992933e+003 1.73735687122378e+006 1.70243497548534e-003 1.02694784386731e-001 1.44375844645528e+000 9.03740771410907e-001 1.84656661052056e-004 2574 68
2.95614973540286e+003 1.73715619561173e+006 1.70171622411361e-003 2.63374736777856e-001 1.54567531922361e+000 9.04962396874091e-001 1.85358327312417e-004 2578 69
2.96487822720520e+003 1.73746718342568e+006 1.70643530862441e-003 2.98348948637349e-001 1.44279968001343e+000 9.95690120892730e-001 1.85887465929539e-004 2618 70
2.95858252762749e+003 1.73717035259029e+006 1.70310278591902e-003 2.88888210699789e-001 1.54193613010041e+000 9.95784792716166e-001 1.86459924686584e-004 2665 71
2.96000660939484e+003 1.73725215497797e+006 1.70384232164299e-003 6.54347361674856e-001 1.51844635227515e+000 9.95862223620717e-001 1.86554582603651e-004 2737 72
2.95862446833069e+003 1.73715009605407e+006 1.70314678872469e-003 1.08951078829310e-001 1.51806284569842e+000 9.95919558929334e-001 1.91441299617335e-004 2762 73
2.95763026659624e+003 1.73726329829248e+006 1.70246353103480e-003 2.41767632068850e-001 1.50837930463576e+000 9.95919907083952e-001 1.92286983821334e-004 2765 74
2.95850200787834e+003 1.73716359649591e+006 1.70306305839144e-003 5.87084566789758e-001 1.54807223532823e+000 9.95946805803509e-001 1.92407286997356e-004 2799 75
2.95765804412456e+003 1.73712508917065e+006 1.70261497262314e-003 9.87243263039033e-001 1.56187847209082e+000 9.96029054822880e-001 1.92445638309870e-004 2816 76
2.95590896346180e+003 1.73711372978912e+006 1.70161922033017e-003 2.30048524430067e-001 1.55813928296762e+000 9.97389578238816e-001 1.93390771712303e-004 2840 77
2.96067885950440e+003 1.73717829340859e+006 1.70430174275402e-003 7.81029694509720e-001 1.54366190969573e+000 1.00738418964675e+000 1.93454966858665e-004 2872 78
2.95573191790595e+003 1.73713881853707e+006 1.70149272701010e-003 9.36643574327830e-001 1.55718051652577e+000 1.00752999788901e+000 1.93498022181352e-004 2878 79
2.96271056408116e+003 1.73731997033198e+006 1.70533220285518e-003 1.98095645008698e-001 1.48584829325236e+000 1.00802360989926e+000 1.94806712813365e-004 2913 80
2.96485632731108e+003 1.73745417586772e+006 1.70643547938157e-003 5.44969023712882e-001 1.45046981154820e+000 1.01061985204138e+000 1.94947434528622e-004 2931 81
2.95882903025828e+003 1.73716907271879e+006 1.70324593932195e-003 2.06762901699881e-001 1.53752580446791e+000 1.01120316449083e+000 1.96142111585382e-004 3085 82
2.95833179161451e+003 1.73730532160196e+006 1.70282615006506e-003 2.54646443067721e-001 1.49495657444990e+000 1.01181652818054e+000 1.96895845028137e-004 3181 83
2.95950761705577e+003 1.73714578932429e+006 1.70365940035858e-003 5.91540269173254e-001 1.55411246391186e+000 1.01206134747183e+000 1.97014177723331e-004 3200 84
2.95663808035741e+003 1.73733008203512e+006 1.70182699106905e-003 3.71868037965026e-001 1.49006686559648e+000 1.01237437206588e+000 1.97341713298314e-004 3262 85
2.96338152966340e+003 1.73744992681248e+006 1.70559082618719e-003 7.91802728354747e-001 1.45257909772027e+000 1.02143246123462e+000 1.97403590620705e-004 3341 86
2.95750111312375e+003 1.73716138405482e+006 1.70248906224906e-003 4.16028321176794e-001 1.54759285210730e+000 1.02372334537297e+000 1.97660241880173e-004 3399 87
2.96364066624629e+003 1.73720678441965e+006 1.70597871119033e-003 7.28019043549913e-001 1.53397836863308e+000 1.02372652332577e+000 1.97735148852553e-004 3422 88
2.95711450179748e+003 1.73741234778730e+006 1.70202062285334e-003 3.53556932279428e-001 1.46216676213874e+000 1.02405508280447e+000 1.98100199088216e-004 3440 89
2.96103415519077e+003 1.73741548529628e+006 1.70427356808261e-003 4.30433057649464e-001 1.46235851542711e+000 1.03123906538270e+000 1.98336998125624e-004 3483 90
2.95573121427344e+003 1.73710522735724e+006 1.70152522441239e-003 9.83916745506150e-001 1.56858983718375e+000 1.03124051674843e+000 1.98375636715013e-004 3490 91
2.95605399508763e+003 1.73713240878924e+006 1.70168441209162e-003 7.14285714285714e-001 1.55900217276528e+000 1.03771503309450e+000 1.98453796285953e-004 3542 92
2.96320548275105e+003 1.73736724899538e+006 1.70557066225965e-003 9.53764458143864e-001 1.48038332453383e+000 1.03771509442326e+000 1.98495004396544e-004 3543 93
2.96029426773028e+003 1.73714999301647e+006 1.70410811621384e-003 6.37745292519913e-001 1.55286606753746e+000 1.03805162062342e+000 1.98595289610107e-004 3614 94
2.96304373754611e+003 1.73727769703386e+006 1.70556547723233e-003 1.38859218115787e-001 1.48882046922208e+000 1.03977312469950e+000 2.01455549162179e-004 3649 95
2.95808637998915e+003 1.73713904702512e+006 1.70284786694288e-003 1.96752830591754e-001 1.54663408566546e+000 1.03977621104766e+000 2.02788388286581e-004 3662 96
2.96146873500178e+003 1.73721936623976e+006 1.70471612498713e-003 7.07846308786279e-001 1.52966391964476e+000 1.10626122554434e+000 2.02868058772715e-004 3740 97
2.96333075565907e+003 1.73730048237948e+006 1.70570831691780e-003 9.98382518997772e-001 1.50281845927305e+000 1.10626202178560e+000 2.02905390076288e-004 3748 98
2.95736173372414e+003 1.73747567276112e+006 1.70210088354959e-003 6.95577867976928e-001 1.44356669316691e+000 1.10628202405935e+000 2.02987585088454e-004 3764 99
2.95566237291618e+003 1.73712248974176e+006 1.70146868638208e-003 1.28574480422376e-001 1.53752580446791e+000 1.10671539833764e+000 2.06385009259545e-004 3815 100
2.96003268075179e+003 1.73725773042778e+006 1.70385186059164e-003 2.63588366344188e-001 1.51144735724967e+000 4.35533906486389e+001 2.07084412536290e-004 3861 101
2.96386310906498e+003 1.73722086313272e+006 1.70609293053762e-003 8.65260780663472e-001 1.52947216635640e+000 4.35535601737701e+001 2.07135632153400e-004 3952 102
2.95612629620566e+003 1.73722409777899e+006 1.70163621766762e-003 9.09756767479476e-002 1.47741114856410e+000 4.35535875207133e+001 2.14379968252017e-004 3965 103
2.95629606994508e+003 1.73725317995757e+006 1.70170545688755e-003 7.91222876674703e-001 1.51835047563097e+000 4.35557638327135e+001 2.14442295177498e-004 4052 104
2.95613086171568e+003 1.73723823682609e+006 1.70162499642521e-003 7.61314737388226e-001 1.52333606112857e+000 4.35557656318245e+001 2.14510153023610e-004 4053 105
2.95941328246731e+003 1.73737031640296e+006 1.70338493311435e-003 5.26779992065188e-001 1.47817816171758e+000 4.35557950785805e+001 2.14662236108082e-004 4066 106
2.95749898577062e+003 1.73716950063715e+006 1.70247988311433e-003 3.25937681203650e-002 4.70610507980590e-001 4.35558039746832e+001 2.46222845242980e-004 4072 107
2.96226029634583e+003 1.73720255185735e+006 1.70518827645588e-003 6.32587664418470e-001 1.53512888836329e+000 4.39952179540526e+001 2.46324889556186e-004 4153 108
2.95841052261852e+003 1.73716647820701e+006 1.70300756991527e-003 5.49089022492141e-001 1.54692171559801e+000 4.39952248444650e+001 2.46464267108895e-004 4161 109
2.96448356308413e+003 1.73739933085134e+006 1.70627479447945e-003 1.36844996490371e-001 1.44740175893429e+000 4.39953602216225e+001 2.49405384154132e-004 4211 110
2.95641782285788e+003 1.73720754499218e+006 1.70182024436960e-003 5.29618213446455e-001 1.53292372554704e+000 4.40144904800050e+001 2.49556218676360e-004 4282 111
2.95897542710914e+003 1.73713804716969e+006 1.70336063398584e-003 5.44907986693930e-001 1.55650938001648e+000 4.40146026591092e+001 2.49697985754366e-004 4318 112
2.95940334115032e+003 1.73720456882849e+006 1.70354173104800e-003 1.91625720999786e-001 1.52391132099368e+000 4.40146296631274e+001 2.51109401055790e-004 4323 113
2.96145844552826e+003 1.73719717352014e+006 1.70473197970443e-003 5.64622943815424e-001 1.53666291467025e+000 4.40146314104361e+001 2.51240442569421e-004 4334 114
2.95910785458668e+003 1.73731560023329e+006 1.70326277656679e-003 5.97003082369457e-001 1.49687410733360e+000 4.40146314104361e+001 2.51356105595563e-004 4334 115
2.95702383760006e+003 1.73711661494888e+006 1.70225818806875e-003 5.97064119388409e-001 1.56398775826289e+000 4.40232698151716e+001 2.51472056592648e-004 4403 116
2.95849616042338e+003 1.73722124996406e+006 1.70300317267455e-003 3.17941831720939e-001 1.52563710058901e+000 4.40236351374003e+001 2.51935421164370e-004 4447 117
2.95655233784559e+003 1.73711930751842e+006 1.70198412409049e-003 3.78337961973937e-001 1.56130321222571e+000 4.40236529716200e+001 2.52251776599986e-004 4485 118
2.96054730470168e+003 1.73716388951865e+006 1.70424014471249e-003 4.29914242988372e-001 1.54692171559801e+000 4.40236556676232e+001 2.52490539516835e-004 4490 119
2.96014478049332e+003 1.73716195635571e+006 1.70401032821758e-003 1.18503372295297e-001 1.51959687200537e+000 4.40296470685583e+001 2.56552668025885e-004 4569 120
2.95728772134353e+003 1.73716904675951e+006 1.70235871407833e-003 7.19901120029298e-001 1.54663408566546e+000 4.40492190135651e+001 2.56629475527776e-004 4704 121
2.95550497540023e+003 1.73709961042023e+006 1.70140048724971e-003 5.62761314737388e-002 1.43541717841121e+000 4.40502796082950e+001 2.77370270139393e-004 4766 122
2.95958664612326e+003 1.73714238283493e+006 1.70370823476923e-003 6.77022614215522e-001 1.55555061357463e+000 4.40552639640044e+001 2.77458203411614e-004 4780 123
2.96005534835084e+003 1.73714779783201e+006 1.70397273460639e-003 9.80346079897458e-001 1.55420834055605e+000 4.73023439510948e+001 2.77497147023177e-004 4809 124
2.95995343114208e+003 1.73740784427958e+006 1.70365903272367e-003 7.87469100009156e-001 1.46648121112705e+000 4.73025104348622e+001 2.77559873331873e-004 4846 125
2.95671855214835e+003 1.73719083536243e+006 1.70200972565397e-003 5.68529313028352e-001 1.53877220084231e+000 4.73029756056182e+001 2.77688951165187e-004 4895 126
2.95743772412193e+003 1.73714239884269e+006 1.70247117841606e-003 3.53068636127812e-001 1.55305782082583e+000 5.20446527753539e+001 2.78057226180858e-004 4996 127
2.96017136036659e+003 1.73744248439222e+006 1.70375049691128e-003 1.51402325510422e-001 1.43704708136235e+000 5.20447073952027e+001 2.80408715116534e-004 5019 128
2.95558617246088e+003 1.73710663919859e+006 1.70144034552909e-003 6.17816705832087e-001 1.56743931745354e+000 5.20515625224697e+001 2.80516271706050e-004 5026 129
2.95613111844856e+003 1.73731571181335e+006 1.70154926097458e-003 8.39960936307871e-001 1.49735349055452e+000 5.20737485538786e+001 2.80570846032520e-004 5065 130
2.95677340291136e+003 1.73714456691080e+006 1.70208663336172e-003 9.58464308603168e-001 1.55526298364208e+000 5.20798329273730e+001 2.80611773155699e-004 5116 131
2.96023582977526e+003 1.73730228427857e+006 1.70392509794372e-003 2.20191045869320e-001 1.49380605471969e+000 5.20798523038451e+001 2.81649499974594e-004 5154 132
2.95785997025080e+003 1.73724330512741e+006 1.70261534659027e-003 2.94351023895993e-001 1.51748758583331e+000 5.20798907792972e+001 2.82198293648321e-004 5201 133
2.96319969049941e+003 1.73718207069892e+006 1.70574913625358e-003 9.22452467421491e-001 1.54260726660970e+000 5.20802155289827e+001 2.82242806080839e-004 5232 134
2.95552130580166e+003 1.73710616901649e+006 1.70140346437161e-003 5.21744438001648e-001 1.56715168752098e+000 5.20835994365119e+001 2.82398804640452e-004 5277 135
2.96391673468973e+003 1.73719012341600e+006 1.70615398901293e-003 3.21268349253822e-001 1.53627940809351e+000 5.20836121404275e+001 2.82851871669053e-004 5289 136
2.95810251440520e+003 1.73718103420532e+006 1.70281599733823e-003 8.33887752922147e-001 1.54279901989807e+000 5.20838051379475e+001 2.82907452335688e-004 5316 137
2.96060927779753e+003 1.73742808908753e+006 1.70401666166510e-003 5.86626789147618e-001 1.45919458616901e+000 5.20838254532924e+001 2.83027243377503e-004 5331 138
2.95748405625449e+003 1.73719361460911e+006 1.70244765703127e-003 4.18408764915921e-002 2.55271565141758e-001 5.20838257713460e+001 2.93173000209523e-004 5336 139
2.95942609227962e+003 1.73738365882162e+006 1.70337922484389e-003 4.91286965544603e-001 1.47348020615253e+000 5.20838412796210e+001 2.93350228656122e-004 5344 140
2.96107937197786e+003 1.73738344706584e+006 1.70433102140963e-003 7.16177861873226e-001 1.47453484923856e+000 5.20838768494825e+001 2.93427580286332e-004 5395 141
2.95895950815880e+003 1.73718830686111e+006 1.70330218947639e-003 3.10800500503555e-001 1.53656703802606e+000 5.20838772512993e+001 2.93914902787518e-004 5397 142
2.95634616155626e+003 1.73712374077574e+006 1.70186109254926e-003 3.23526718955046e-001 1.55871454283273e+000 5.20849777255754e+001 2.94361274494631e-004 5401 143
2.96512740399390e+003 1.73748364406182e+006 1.70656255420030e-003 2.81594286935026e-001 1.43675945142979e+000 5.20849805889481e+001 2.94961680832087e-004 5409 144
2.96123885655497e+003 1.73723211334246e+006 1.70457129233851e-003 2.89162877285073e-001 1.52113089831233e+000 5.20868405660066e+001 2.95532477283326e-004 5431 145
2.96465348116949e+003 1.73721500301445e+006 1.70655364938293e-003 5.50798059022797e-001 1.53062268608661e+000 5.20868411282635e+001 2.95670832920583e-004 5434 146
2.95860432342757e+003 1.73720142652003e+006 1.70308486844748e-003 7.17764824365978e-001 1.53570414822840e+000 5.20873290093370e+001 2.95748119209671e-004 5440 147
2.95739341812700e+003 1.73714690340021e+006 1.70244125882150e-003 3.01705984679708e-001 1.55027739814447e+000 5.20875020545060e+001 2.96268539988580e-004 5469 148
2.95610070803014e+003 1.73711874038694e+006 1.70172469262504e-003 1.20090334788049e-001 1.53503301171911e+000 5.20878841198142e+001 3.00216158515383e-004 5502 149
2.96118908237803e+003 1.73719021456566e+006 1.70458375227598e-003 9.09695730460524e-001 1.53982684392834e+000 5.20892581408889e+001 3.00262051980452e-004 5580 150
2.95692898928858e+003 1.73711823302874e+006 1.70220200166810e-003 8.12524796288949e-001 1.56398775826289e+000 5.20893051716780e+001 3.00320920085550e-004 5594 151
2.95757079062923e+003 1.73715958231513e+006 1.70253093792959e-003 5.27176732688376e-001 1.54912687841426e+000 5.20893053947364e+001 3.00473369235355e-004 5598 152
2.96023011980816e+003 1.73742147038992e+006 1.70380492343944e-003 1.64586321604053e-001 1.44692237571337e+000 5.20893125652013e+001 3.02432772558642e-004 5614 153
2.95683605506203e+003 1.73712421393292e+006 1.70214264227177e-003 9.80376598406934e-001 1.56216610202338e+000 5.20895648955099e+001 3.02471717410985e-004 5698 154
2.95839852144710e+003 1.73740847877031e+006 1.70276345395962e-003 9.08352916043581e-001 1.46638533448286e+000 5.20896044878806e+001 3.02517531490366e-004 5719 155
2.96092640755625e+003 1.73740373367437e+006 1.70422307931018e-003 4.70290231025117e-002 1.26705779122288e+000 5.20918713843806e+001 3.32164232918027e-004 5805 156
2.95818390701757e+003 1.73723201327430e+006 1.70281288006317e-003 7.06534012878811e-001 1.52534947065645e+000 5.20919938612574e+001 3.32244214368902e-004 5825 157
2.95818683677827e+003 1.73722952212859e+006 1.70281700830237e-003 6.60420545060579e-002 1.42870581331828e+000 5.20920317759079e+001 3.46816459082541e-004 5855 158
2.95814657323791e+003 1.73749217730256e+006 1.70253642214308e-003 3.82457960753197e-001 1.43608831492050e+000 5.20920432871046e+001 3.47122580813435e-004 5883 159
2.95740432754210e+003 1.73713200889258e+006 1.70246213596764e-003 4.57594531083102e-001 1.55794752967925e+000 5.20920810208520e+001 3.47330759866379e-004 5921 160
