1.29687360843391e+004 1.73712888701170e+006 7.46547665522954e-003 8.35688344981231e-001 1.56590529114658e+000 1.77341523638289e-004 5.53385709975199e-008 73 1
1.29766279077042e+004 1.73734409877651e+006 7.46909412206282e-003 7.80816064943388e-001 1.54893512512589e+000 9.59897299996410e-004 1.19580663816274e-007 315 2
1.29762291109435e+004 1.73734444837930e+006 7.46886308806529e-003 1.18015076143681e-001 1.41633772621845e+000 1.67853561375523e-001 4.17529073961461e-006 410 3
1.29693617281836e+004 1.73707982247726e+006 7.46604766266730e-003 1.72826319162572e-001 1.50991333094272e+000 7.23011496072472e-001 5.94533265783133e-006 531 4
1.29768852499293e+004 1.73728698060020e+006 7.46948780085220e-003 7.82067323831904e-001 1.55334545075838e+000 7.27366645249918e-001 6.00935439485214e-006 665 5
1.29711211643829e+004 1.73738292999096e+006 7.46575780548372e-003 4.39344462416456e-001 1.53934746070742e+000 7.27483501408014e-001 6.23693987385466e-006 730 6
1.29691897412629e+004 1.73712460598763e+006 7.46575619207773e-003 1.97302163762322e-001 1.52103502166814e+000 7.34808109241375e-001 7.56037515854153e-006 1043 7
1.29711202251697e+004 1.73714204434299e+006 7.46679248650655e-003 9.34812463759270e-001 1.56542590792566e+000 7.35032909909698e-001 7.60361962512130e-006 1181 8
1.29731829768275e+004 1.73719981372632e+006 7.46773152683236e-003 6.42414624469741e-002 9.96014518112735e-001 7.39456433790589e-001 2.07334663982784e-005 1333 9
1.29729316857086e+004 1.73725743801701e+006 7.46733919359121e-003 5.36454359569079e-001 1.55219493102817e+000 7.39725954027694e-001 2.08801844126628e-005 1526 10
1.29707776445957e+004 1.73730136935755e+006 7.46591056462694e-003 9.82482375560778e-001 1.55334545075838e+000 7.40531331725974e-001 2.09189414054401e-005 1690 11
1.29732009851258e+004 1.73716559581382e+006 7.46788898331108e-003 4.58632160405286e-001 1.55689288659322e+000 7.57415479765740e-001 2.11260827570823e-005 1861 12
1.29693579585504e+004 1.73707397222759e+006 7.46607063647111e-003 5.30503250221259e-001 1.56619292107913e+000 7.80976036144161e-001 2.12764704804873e-005 2317 13
1.29724765033592e+004 1.73735950109002e+006 7.46663855090459e-003 6.18915372173223e-002 7.08959845423749e-001 7.80994228203992e-001 3.23313151799302e-005 2333 14
1.29685434856513e+004 1.73706716086703e+006 7.46563105917108e-003 5.44572283089694e-001 1.56705581087680e+000 7.84446637448182e-001 3.24732880894785e-005 2411 15
1.29704332471255e+004 1.73719213484587e+006 7.46618176463158e-003 4.54542680135502e-001 1.55468772377697e+000 7.99207936157322e-001 3.26845445867569e-005 2887 16
1.29775313354914e+004 1.73733070789221e+006 7.46967166981175e-003 2.41737113559374e-001 1.52113089831233e+000 8.01647080203607e-001 3.35310690559637e-005 2911 17
1.29698935708163e+004 1.73712892718786e+006 7.46614276700796e-003 4.64980010376293e-001 1.55996093920713e+000 8.02948872084517e-001 3.37320476378068e-005 3072 18
1.29699013998174e+004 1.73709443607878e+006 7.46629551318785e-003 8.55891598254341e-001 1.56868571382794e+000 8.02949069617350e-001 3.37845535790349e-005 3073 19
1.29678993441083e+004 1.73706262383381e+006 7.46527975630047e-003 5.73076570940275e-001 1.56801457731864e+000 1.33718879655749e+000 3.39114534487687e-005 3873 20
1.29722226536937e+004 1.73732664625977e+006 7.46663364135636e-003 4.90096743675039e-001 1.54557944257942e+000 1.39733551942325e+000 3.40904203013893e-005 4057 21
1.29779934376013e+004 1.73737720877341e+006 7.46973771357677e-003 5.67613757744072e-001 1.54366190969573e+000 1.39759794683915e+000 3.42199753630044e-005 4121 22
1.29737110401283e+004 1.73721267452753e+006 7.46798019898302e-003 1.79143650624104e-001 1.50396897900327e+000 1.45811964531344e+000 3.58549728554361e-005 4358 23
1.29701415786556e+004 1.73710986399977e+006 7.46636746045823e-003 3.22092349009674e-001 1.55209905438398e+000 1.47569934042208e+000 3.63056835662055e-005 4386 24
1.29693702773550e+004 1.73714427045297e+006 7.46577560404105e-003 3.82824182866909e-001 1.55468772377697e+000 1.48210570700960e+000 3.66139141606800e-005 4622 25
1.29753739485849e+004 1.73721224531930e+006 7.46893921876233e-003 4.84237189855648e-001 1.55420834055605e+000 1.48270407316771e+000 3.67977131131652e-005 4742 26
1.29696953229225e+004 1.73711422271704e+006 7.46609184620887e-003 1.04831080050050e-001 1.39697064409314e+000 1.48331223877436e+000 4.20440728700080e-005 4792 27
1.29750243346909e+004 1.73723595410438e+006 7.46863605483104e-003 9.04416028321177e-001 1.55804340632344e+000 1.48419004447071e+000 4.20905763256671e-005 4872 28
1.29748199635730e+004 1.73714805851561e+006 7.46889629518910e-003 5.17868587298196e-001 1.56015269249550e+000 1.60560111165613e+000 4.22491470621594e-005 4950 29
1.29754385826288e+004 1.73719080754444e+006 7.46906858965233e-003 7.14529862361522e-001 1.56015269249550e+000 4.64622952228081e+000 4.23272488992391e-005 5352 30
1.29677600537130e+004 1.73705888443010e+006 7.46521564334724e-003 1.84484389782403e-001 1.51921336542863e+000 4.64662561187294e+000 4.38613058378809e-005 5456 31
1.29710173161525e+004 1.73712581730166e+006 7.46680299591627e-003 9.33805352946562e-001 1.56667230430006e+000 4.64665778667314e+000 4.39046532336695e-005 5472 32
1.29720663396205e+004 1.73712889599692e+006 7.46739361289585e-003 4.90157780693991e-001 1.56082382900479e+000 4.64845123178377e+000 4.40836190626998e-005 5640 33
1.29779163034659e+004 1.73726744598222e+006 7.47016524644183e-003 4.29120761741997e-001 1.54778460539567e+000 4.64943356700358e+000 4.43233591928196e-005 5688 34
1.29711376924740e+004 1.73713953733064e+006 7.46681331671326e-003 8.14905240028077e-001 1.56494652470473e+000 4.65107102592045e+000 4.43818500008019e-005 5764 35
1.29685682660645e+004 1.73706515715035e+006 7.46565393539164e-003 3.02529984435560e-001 1.55315369747002e+000 4.68542540498460e+000 4.48991858403407e-005 5853 36
