1.69911238573476e+005 1.72905258516332e+006 9.79539090440749e-002 2.19824823755608e-001 6.71759707480087e-001 2.18087354426743e-002 6.50139523124248e-007 407 1
1.69895105539734e+005 1.72887219884172e+006 9.79548217800355e-002 9.60905789361248e-001 -1.54883924848170e+000 2.22786604238096e-002 6.90833320149202e-007 608 2
1.69895584841277e+005 1.72887755128089e+006 9.79547950386479e-002 2.85225989562670e-001 1.30291565614795e+000 3.56846689929099e+000 1.25882526140639e-006 5800 3
1.69910994331225e+005 1.72902808985677e+006 9.79551479977882e-002 6.17877742851039e-001 1.55430421720023e+000 4.64541581013668e+000 1.36634445958278e-006 10932 4
1.69895642750306e+005 1.72891191572953e+006 9.79528936596968e-002 3.34543900875881e-001 1.39572424771874e+000 6.47323489561491e+000 1.77470516429714e-006 11158 5
1.69886909278910e+005 1.72880331347333e+006 9.79540042814646e-002 2.32062746055483e-001 1.08019421170690e+000 7.40649180415173e+000 2.59258900601271e-006 13400 6
1.69894607045089e+005 1.72889176024028e+006 9.79534349801601e-002 9.09848323007904e-001 -1.55200317773980e+000 8.17768769611353e+000 2.63847944368072e-006 15527 7
1.69886213929702e+005 1.72881048435849e+006 9.79532022090666e-002 2.16834009826960e-001 7.35805305795465e-001 1.06731485390555e+001 3.36106990820450e-006 18184 8
1.69918857541849e+005 1.72913501759187e+006 9.79536332244876e-002 5.56993316446425e-001 1.53886807748650e+000 1.34196866901224e+001 3.49610272569552e-006 23234 9
1.69913403783309e+005 1.72907960093148e+006 9.79536286035173e-002 9.69328897976623e-001 -1.54960626163518e+000 3.47905262300035e+002 3.53602328629248e-006 41302 10
1.69911639052479e+005 1.72903656054790e+006 9.79550404838869e-002 2.16284676656392e-001 7.63130149388104e-001 3.48175235965240e+002 4.28431260582313e-006 42141 11
1.69888344583591e+005 1.72881475146774e+006 9.79541826306143e-002 6.74703207495346e-001 1.56590529114658e+000 3.48319104952929e+002 4.37292151604605e-006 42445 12
1.69907715009975e+005 1.72899704908439e+006 9.79550168434894e-002 8.15240943632313e-001 -1.55986506256294e+000 3.76021463726711e+002 4.43135685720238e-006 53985 13
1.69920532302284e+005 1.72910230040473e+006 9.79564341277383e-002 6.53889584032716e-001 1.56072795236061e+000 3.76659759692345e+002 4.52628586872258e-006 54736 14
1.69890865248820e+005 1.72880949551581e+006 9.79559226208482e-002 7.78923917355876e-001 -1.56226197866756e+000 3.76818447976676e+002 4.59088486823043e-006 55185 15
1.69907987987218e+005 1.72902457168000e+006 9.79536239206747e-002 5.61143833735160e-001 1.54068973372600e+000 4.05212779946383e+002 4.72373763767241e-006 60043 16
1.69883123648346e+005 1.72878451329783e+006 9.79528938894916e-002 5.00137333292642e-001 1.52189791146580e+000 4.05361589431545e+002 4.89474502558793e-006 61217 17
1.69919823111009e+005 1.72914215020312e+006 9.79537848196178e-002 3.81694998016297e-001 1.69557845240638e-001 4.05518921749217e+002 4.94710378765016e-006 63037 18
1.69890578270159e+005 1.72882061903083e+006 9.79551319712793e-002 5.67247535630360e-001 1.54356603305155e+000 4.05916185461392e+002 5.07684259556118e-006 64409 19
1.69894441458809e+005 1.72883674427310e+006 9.79564373421567e-002 8.18597979674673e-001 -1.55861866618854e+000 4.65043718640347e+002 5.13475118963910e-006 67126 20
1.69890054481306e+005 1.72885605859877e+006 9.79528367520675e-002 4.59303567613758e-001 1.50310608920560e+000 4.65599580516535e+002 5.34077403014087e-006 69205 21
1.69897822561789e+005 1.72892821996828e+006 9.79532245653171e-002 5.61845759453108e-001 1.54145674687948e+000 7.86869229728981e+002 5.47326494798785e-006 69972 22
1.69891106947098e+005 1.72881107388909e+006 9.79559722287145e-002 9.17416913357952e-001 -1.55104441129795e+000 7.86892543239077e+002 5.51832577292118e-006 70588 23
1.69896088260389e+005 1.72886512259143e+006 9.79557831324556e-002 2.73659474471267e-001 1.27127636356700e+000 7.86951204870021e+002 6.13476237839327e-006 71368 24
1.69896862268867e+005 1.72889350144081e+006 9.79546289151114e-002 4.61256752220222e-001 1.50387310235908e+000 7.86987245244016e+002 6.33888136596693e-006 71647 25
1.69900944456023e+005 1.72894574062398e+006 9.79540266655475e-002 4.64369640186773e-001 1.50511949873348e+000 7.86994521346528e+002 6.54001882847672e-006 72029 26
1.69890673637847e+005 1.72885210565827e+006 9.79534139932004e-002 3.68724631488998e-001 1.43723883465072e+000 7.87182409022519e+002 6.87183764276597e-006 72594 27
1.69905238293696e+005 1.72900244372501e+006 9.79532944130339e-002 6.94570757164220e-001 1.56782282403027e+000 8.34294411702346e+002 6.95496662937244e-006 74902 28
1.69895131960634e+005 1.72885175250833e+006 9.79559879864040e-002 8.60286263618885e-001 -1.55526298364208e+000 8.65037832295941e+002 7.00687814673448e-006 82790 29
1.69888742638335e+005 1.72881709171489e+006 9.79542789242867e-002 4.32630390331736e-001 1.48834108600116e+000 1.15332460641504e+003 7.24162253118315e-006 85034 30
1.69891890992200e+005 1.72883680709565e+006 9.79549726655532e-002 5.25650807214576e-001 1.53091031601917e+000 1.15346051571623e+003 7.39496095901258e-006 85649 31
1.69891278405163e+005 1.72883382286799e+006 9.79547897247074e-002 4.00189214758751e-001 1.46561832132939e+000 1.15588983996923e+003 7.67302206371093e-006 86590 32
1.69916104406733e+005 1.72904095827104e+006 9.79573507909055e-002 2.16498306222724e-001 7.53254855037080e-001 1.15609612344814e+003 8.41194217029026e-006 87213 33
1.69898353362315e+005 1.72892101752556e+006 9.79539340957750e-002 7.61741996520890e-001 -1.56475477141636e+000 1.17551820214705e+003 8.47979147300028e-006 89510 34
1.69897525692520e+005 1.72888595364452e+006 9.79554338840730e-002 3.34299752800073e-001 1.39553249443037e+000 1.21205561332440e+003 8.88879470562818e-006 93066 35
1.69889126746852e+005 1.72883414285981e+006 9.79535390415926e-002 2.53334147160253e-001 4.20275269783624e-001 1.21320649515902e+003 9.20073910174640e-006 95182 36
1.69891400497052e+005 1.72882423971176e+006 9.79553991833667e-002 4.49537644581439e-001 1.49812050370800e+000 1.23379525486698e+003 9.41666136111852e-006 96928 37
1.69897041253774e+005 1.72890751066985e+006 9.79539427970424e-002 7.97204504531999e-001 -1.56101558229316e+000 1.24351068722724e+003 9.47804554475775e-006 102776 38
1.69897121067370e+005 1.72892017408321e+006 9.79532756397405e-002 4.04736472670675e-001 1.50286639759514e-001 1.24353948987542e+003 9.51888085394255e-006 103832 39
1.69894365601082e+005 1.72886627495967e+006 9.79547313777551e-002 9.13480025635548e-001 -1.55161967116306e+000 1.24818080201643e+003 9.56437053722000e-006 105405 40
1.69891521400038e+005 1.72878569363628e+006 9.79576385789803e-002 7.22251045258950e-001 -1.56868571382794e+000 1.26698941164152e+003 9.64065142401896e-006 109319 41
1.69892667403326e+005 1.72880853031221e+006 9.79570094161423e-002 7.60093997009186e-001 -1.56427538819544e+000 1.33430523306911e+003 9.70882457928591e-006 113996 42
1.69898435116047e+005 1.72887140323686e+006 9.79567740164495e-002 8.13409833063753e-001 -1.55928980269784e+000 1.33509709284588e+003 9.76754933563974e-006 114927 43
1.69911028872289e+005 1.72904509548782e+006 9.79542105189087e-002 9.74517044587542e-001 -1.54912687841426e+000 1.33524685561031e+003 9.80700341873725e-006 115205 44
1.69899437083373e+005 1.72892053395683e+006 9.79545821423169e-002 8.90896328623310e-001 -1.55344132740257e+000 1.33533442540417e+003 9.85507025245813e-006 116536 45
1.69887171170319e+005 1.72882173889333e+006 9.79531170098939e-002 3.47727896969512e-001 1.41374905682546e+000 1.33541396010842e+003 1.02312763866681e-005 117367 46
1.69904311729993e+005 1.72899653084894e+006 9.79530964867404e-002 5.80492568742943e-001 1.54596294915616e+000 1.33793251687432e+003 1.03545993934843e-005 117846 47
1.69916303957494e+005 1.72906334828547e+006 9.79562047247245e-002 6.02832117679373e-001 1.55085265800958e+000 1.33924159166952e+003 1.04681036835741e-005 122334 48
1.69904278573297e+005 1.72898116993100e+006 9.79539421892291e-002 4.08001953184606e-001 1.47069978347118e+000 1.33937208829737e+003 1.07347247441486e-005 123674 49
1.69906648677533e+005 1.72901873247886e+006 9.79531854170665e-002 4.68398083437605e-001 1.50665352504044e+000 1.34078672856966e+003 1.09320957852014e-005 127228 50
1.69888365988271e+005 1.72883748842220e+006 9.79529148649191e-002 2.82815027314066e-001 3.22385216071047e-001 1.36580589489399e+003 1.11222260490932e-005 137714 51
1.69891693581505e+005 1.72879768831642e+006 9.79570619157705e-002 9.19217505417036e-001 -1.55085265800958e+000 1.36779977816929e+003 1.11670927450203e-005 137875 52
1.69914795503439e+005 1.72903934115205e+006 9.79566920514459e-002 2.16376232184820e-001 7.58719823755608e-001 1.39782573313201e+003 1.19112310689487e-005 139789 53
1.69913124185362e+005 1.72902298222474e+006 9.79566555585337e-002 7.86614581743828e-001 -1.56274136188849e+000 1.39793995975599e+003 1.19744489916463e-005 140806 54
1.69900215729164e+005 1.72888924573364e+006 9.79567896030917e-002 2.23792229987487e-001 1.00301351313822e+000 1.42760238653867e+003 1.28211857040585e-005 142714 55
1.69885419096673e+005 1.72879398864524e+006 9.79536755222637e-002 2.62245551927244e-001 1.23436385555589e+000 1.42770002760658e+003 1.34900167984820e-005 143981 56
1.69911014544118e+005 1.72906268847404e+006 9.79532120033134e-002 6.63136692403943e-001 1.56254960860012e+000 1.42815825766357e+003 1.35820594661188e-005 146087 57
1.69893483237799e+005 1.72885579327399e+006 9.79548159722120e-002 6.47816400646993e-001 1.56111145893735e+000 1.42882376581673e+003 1.36789577445664e-005 148100 58
1.69910817888836e+005 1.72901673234235e+006 9.79556862627849e-002 4.45570238349559e-001 1.49476482116153e+000 1.42992480710503e+003 1.38990772946243e-005 151450 59
1.69902632733576e+005 1.72890492715748e+006 9.79572914188351e-002 9.24771874141667e-001 -1.55114028794214e+000 1.43923893817752e+003 1.39433535255749e-005 155556 60
1.69913326051774e+005 1.72907562767672e+006 9.79538077292120e-002 4.46363719595935e-001 1.49486069780572e+000 1.60651739202747e+003 1.41626147409524e-005 161931 61
1.69925051492793e+005 1.72913162670728e+006 9.79573719432654e-002 5.13718070009461e-001 1.52496596407971e+000 1.60720666365507e+003 1.43238573366416e-005 163216 62
1.69922207002222e+005 1.72916222718302e+006 9.79540202112920e-002 3.05795464949492e-001 1.34653952925199e+000 1.66726534734158e+003 1.48165420054927e-005 164468 63
1.69915432523959e+005 1.72906858805498e+006 9.79554106038453e-002 2.79854731894894e-001 1.28757539307840e+000 1.66726967608333e+003 1.54062304450991e-005 164937 64
1.69902057700824e+005 1.72889911172343e+006 9.79572893911789e-002 6.95669423505356e-001 1.56858983718375e+000 1.66821400736562e+003 1.54890710427431e-005 166819 65
1.69918984681854e+005 1.72910441638050e+006 9.79554285389787e-002 6.92159794915616e-001 1.56686405758843e+000 1.98375685375306e+003 1.55728381127088e-005 168704 66
1.69894078456993e+005 1.72888562113207e+006 9.79534777678302e-002 2.16589861751152e-001 8.73292413556322e-001 1.98392557191513e+003 1.64000360033431e-005 170115 67
1.69884870831115e+005 1.72880421583235e+006 9.79527856489619e-002 6.71315652943510e-001 1.56542590792566e+000 1.98396274043629e+003 1.64896313655540e-005 170626 68
1.69890310779950e+005 1.72885076851285e+006 9.79532813931541e-002 6.30756553849910e-001 1.55794752967925e+000 1.98499024196133e+003 1.65923854151066e-005 173574 69
1.69924250301483e+005 1.72916399712183e+006 9.79550909544450e-002 7.70561845759453e-001 -1.56523415463729e+000 1.99824034616253e+003 1.66585380997685e-005 174387 70
1.69888441894509e+005 1.72881141816304e+006 9.79544260387385e-002 3.92468031861324e-001 1.45948221610157e+000 1.99908128051950e+003 1.69485828787890e-005 176869 71
1.69917563168779e+005 1.72908728098201e+006 9.79555788332424e-002 9.25107577745903e-001 -1.55219493102817e+000 2.02353204968689e+003 1.69928246626992e-005 180086 72
1.69887237264517e+005 1.72882308994669e+006 9.79530788145856e-002 2.22174748985260e-001 9.84029937589648e-001 2.02359140258150e+003 1.78426102846153e-005 180390 73
1.69885051466976e+005 1.72879983474437e+006 9.79531357810315e-002 4.25641651661733e-001 1.48402663701285e+000 2.05131360120003e+003 1.80858288252730e-005 183539 74
1.69891015385669e+005 1.72883413604167e+006 9.79546214119407e-002 2.46528519547105e-001 1.16782546449171e+000 2.26128636720594e+003 1.88325587489920e-005 187300 75
1.69918648334062e+005 1.72911620243968e+006 9.79545724552156e-002 7.28507339701529e-001 -1.56983623355815e+000 2.27597602697992e+003 1.89074059983656e-005 191565 76
1.69898597064008e+005 1.72887808292693e+006 9.79564907435672e-002 2.26416821802423e-001 5.88155273751030e-001 2.28517714392043e+003 1.94505179193626e-005 192892 77
1.69889367742420e+005 1.72883112240792e+006 9.79538471489962e-002 6.95516830957976e-001 1.56897334376049e+000 2.28549152544597e+003 1.95333985708012e-005 196233 78
1.69897528747736e+005 1.72884867116698e+006 9.79575345479113e-002 9.08932767723624e-001 -1.55181142445143e+000 2.28581895306865e+003 1.95793905978833e-005 196738 79
1.69892827729192e+005 1.72887485751257e+006 9.79533671971929e-002 9.55992309335612e-001 -1.54912687841426e+000 2.28588786135769e+003 1.96205462080636e-005 197282 80
1.69914914679772e+005 1.72905525171573e+006 9.79558646869320e-002 7.52616962187567e-001 -1.56657642765587e+000 2.28590296042984e+003 1.96902191298024e-005 197592 81
1.69919209760809e+005 1.72908930197661e+006 9.79564082519960e-002 8.26868495742668e-001 -1.55938567934202e+000 2.28625197198130e+003 1.97468616073196e-005 198585 82
1.69896596623580e+005 1.72888609506499e+006 9.79548936823426e-002 5.25101474044008e-001 1.53043093279824e+000 2.28815534657473e+003 1.99005502106524e-005 202667 83
1.69898215035589e+005 1.72891478904317e+006 9.79542054830509e-002 3.54258857997375e-001 1.42103568178350e+000 2.41778377576929e+003 2.02620737388239e-005 210411 84
1.69891523222676e+005 1.72883113257676e+006 9.79550814364656e-002 2.15735343485824e-001 8.19122109591968e-001 2.48273515288116e+003 2.10574118189018e-005 212629 85
1.69907173620092e+005 1.72900516095805e+006 9.79542500803504e-002 7.61040070802942e-001 -1.56533003128147e+000 2.48307519899131e+003 2.11253990967717e-005 216350 86
1.69899716029845e+005 1.72887363364350e+006 9.79573822584023e-002 9.42472609637745e-001 -1.54989389156774e+000 2.48360884426578e+003 2.11678654131428e-005 216709 87
1.69904263838327e+005 1.72896554396741e+006 9.79548133797921e-002 8.73073519089328e-001 -1.55497535370952e+000 2.48419736521286e+003 2.12181187083326e-005 217737 88
1.69895017473380e+005 1.72888410374682e+006 9.79541011292141e-002 8.83693960386975e-001 -1.55372895733512e+000 2.48437329724467e+003 2.12670518710368e-005 219069 89
1.69925070788363e+005 1.72913607199990e+006 9.79571327730112e-002 9.18973357341227e-001 -1.55286606753746e+000 2.48444051142750e+003 2.13119465069457e-005 219300 90
1.69925816898711e+005 1.72914251800976e+006 9.79571972979236e-002 3.53251747184668e-001 1.41844701239051e+000 2.48827520604819e+003 2.16755981211579e-005 221457 91
1.69901514399718e+005 1.72893494137801e+006 9.79549610954070e-002 9.76775414288766e-001 -1.54835986526078e+000 2.49352492837044e+003 2.17148511335170e-005 225807 92
1.69885639745119e+005 1.72879957471079e+006 9.79534874471405e-002 2.85744804223762e-001 1.30473731238746e+000 2.49638686371339e+003 2.22808586592099e-005 227825 93
1.69908351748205e+005 1.72897995360250e+006 9.79563439523353e-002 6.09302041688284e-001 1.55277019089328e+000 2.49639565866328e+003 2.23917323072032e-005 228049 94
1.69917007951112e+005 1.72905006086187e+006 9.79573559552654e-002 3.09518723105563e-001 1.35430553743095e+000 2.49644128791398e+003 2.28723078208365e-005 228588 95
1.69899032857638e+005 1.72890129891538e+006 9.79554334178777e-002 2.71126438184759e-001 1.26331860209967e+000 2.52340210128179e+003 2.34999195400298e-005 229602 96
1.69891931011173e+005 1.72884649795563e+006 9.79544500216158e-002 3.73180333872494e-001 1.44174503692740e+000 2.52384076237925e+003 2.38232770431424e-005 230349 97
1.69917029867160e+005 1.72909349760536e+006 9.79549234228370e-002 5.87511825922422e-001 1.54711346888638e+000 2.52384310872671e+003 2.39433851555419e-005 230485 98
1.69899778881720e+005 1.72887867061865e+006 9.79571346945411e-002 8.63643299661245e-001 -1.55516710699789e+000 2.52475456331658e+003 2.39948537077148e-005 231835 99
1.69894970995839e+005 1.72886363129096e+006 9.79552270275830e-002 8.86074404126102e-001 -1.55344132740257e+000 2.53499587936581e+003 2.40434978854183e-005 236746 100
