9.745848529277632011e-01 1.829454193176083265e-01
9.721465166929471602e-01 7.409302930486756367e-01
9.375974250772072249e-01 7.586614069457500165e-01
9.793213727277517711e-01 3.695229688387779987e-01
9.652368596429153902e-01 6.110884526480298007e-02
9.308317312946237099e-01 2.027070215172086520e-01
9.328055374168594538e-01 7.512984713775701096e-01
9.834005961571167242e-01 4.284773048292294106e-01
9.645133364259066422e-01 2.161983303346026730e-01
9.879612316282889717e-01 6.291199318312798994e-01
9.862474534833667317e-01 9.563044614061944060e-02
9.252627165447639968e-01 2.419703453801593795e-01
9.180384209623280167e-01 6.314243454869812311e-01
9.482679929476216518e-01 3.672266841579645558e-01
9.202745058685244395e-01 7.829455516545973381e-01
9.624882553585839551e-01 2.605867504777910071e-01
9.945479789797361247e-01 2.111937619707919822e-01
1.003025789191779538e+00 3.423423720119505020e-01
9.717389914589529276e-01 2.669383557892501813e-02
9.915296170935090636e-01 1.684207843124525539e-01
9.182859191588789161e-01 3.973793819678874684e-01
9.772007226094108212e-01 1.474598427281605950e-01
9.785065121362837015e-01 4.277461426466739880e-01
9.221688409128451225e-01 6.493602148742914082e-01
9.889177861729927521e-01 6.092881729360462018e-01
9.667580999252469720e-01 5.849991671762300172e-02
9.408480631779155834e-01 4.104233363985452243e-01
9.787484956220698917e-01 3.110462232144026729e-01
9.626361794562133811e-01 5.885617724079841295e-01
9.204252775284816890e-01 7.739917926496850953e-01
9.434184434268302333e-01 3.513905487902651004e-01
9.651204265551927008e-01 5.126271562909057167e-01
9.899367726563873537e-01 1.845644748247021738e-01
9.824241691083583916e-01 1.876226075669151783e-01
9.360061401594315100e-01 4.353500349388061963e-01
9.422026763635483748e-01 2.862153002059262263e-01
1.000641760684035431e+00 5.598424744476684367e-01
9.758571281349278648e-01 5.868456419398642154e-01
9.430858215960638002e-01 3.727511799872846865e-01
9.822390364331212709e-01 6.756116958738482836e-01
9.503460828477831024e-01 1.476839898047535016e-01
9.495513399010336864e-01 2.975003916572127594e-03
9.720731958824362362e-01 1.799561022773392693e-01
9.592043559708951506e-01 6.599612109080501554e-01
