1.733428854930167424e-03 3.249863526178065953e+00
1.883931956148781131e-02 2.432140792023131937e+00
-3.051708387317129414e-04 3.502191661701017367e+00
-1.516762650707111255e-02 2.653089951661845802e+00
3.766475951871803285e-02 2.360468767958092684e+00
2.722258162371073154e-02 3.900144772846063645e+00
-3.705713482737673509e-02 3.090021360218207391e+00
-5.807585384549775361e-03 3.750636091533810834e+00
1.183580412978775011e-02 2.667927149525779029e+00
2.423995721467806647e-02 2.777717051120420777e+00
3.303192076430594426e-02 3.640887300061848464e+00
3.831429076229062036e-02 2.704428373319096579e+00
-7.067618963792870503e-03 3.301604329143296823e+00
5.709403726787930233e-03 2.502803095156069801e+00
-2.256521258231271483e-03 3.534315637094451290e+00
-3.272379128696942491e-04 3.119643539308389890e+00
1.152769269532922343e-03 3.175442522405719892e+00
-3.585549375093516344e-02 3.219430166259814818e+00
-1.076919683699237990e-02 2.753020919430650082e+00
1.026449960274282251e-02 2.835885133345128040e+00
3.399757179246504918e-02 2.914421258940810944e+00
-3.820913644378785834e-02 3.269845938754226466e+00
-3.933836582062435333e-02 2.361088359953765092e+00
-4.166818944218195209e-02 3.355913153920695891e+00
3.259021508441949100e-02 2.601778136052947943e+00
3.981056353122374575e-02 3.891988139409447989e+00
8.982665871843428101e-03 3.224438649999932238e+00
-3.853421799599798109e-02 3.205831575132387812e+00
3.511420947814965221e-02 2.396357567813282685e+00
4.337523375058176256e-02 3.182776191614399508e+00
8.855373364382978368e-03 2.657617158306440075e+00
4.007870670679711603e-03 3.824458826647248344e+00
-9.782476058530378479e-03 3.071094164403710636e+00
-2.385410826511260435e-02 2.833816973073213674e+00
-6.031059120017452212e-04 3.187897501081825347e+00
-3.766035136664630523e-02 2.594864623254288460e+00
-5.639341670671405536e-03 2.643021633505728829e+00
-3.923041358440743087e-02 2.881926926978525927e+00
3.147725758537801150e-02 3.782519745911899989e+00
1.361722794131668170e-02 3.126016510335016818e+00
