-4.932274260604020966e-01 3.051989024997176614e+00
-5.365721445181914628e-01 2.657489369040227700e+00
-5.261406810815232316e-01 2.630831113516226338e+00
-5.337872254839595154e-01 2.414105822758216391e+00
-5.665990760996212350e-01 3.665165685182531163e+00
-4.857117014758939311e-01 3.123059931161517255e+00
-5.221568530348275061e-01 3.415123666419359161e+00
-4.876061299491293854e-01 3.040100909435555110e+00
-4.928836814605895844e-01 3.240527035572048575e+00
-5.556634665596167366e-01 3.144568917398957275e+00
-5.025607913514502645e-01 2.825202616500767760e+00
-5.156358843077650800e-01 3.744226141170267752e+00
-4.973723595638618322e-01 3.396815116335654139e+00
-5.271113650636374270e-01 3.040415951197992683e+00
-5.594651101892461620e-01 3.443864692615669298e+00
-5.190959755505309969e-01 2.891424615494106121e+00
-5.648278050139061701e-01 3.382972949690585374e+00
-5.487206234403484428e-01 3.389310972795032129e+00
-5.467845104048880689e-01 2.824434035928405251e+00
-4.976106627979592356e-01 2.793876333057713879e+00
-5.159065966950222570e-01 3.387656854365300063e+00
-5.524400115583095738e-01 3.350897394927667250e+00
-5.386094961042565687e-01 3.024645826180860197e+00
-5.287641167054240032e-01 2.979953002543799911e+00
-4.808110543373873003e-01 3.216843201796697471e+00
-5.585187393459245531e-01 3.416084365491157016e+00
-4.849953166197072396e-01 3.918818147329297119e+00
-5.603546306054154602e-01 3.155070720689143293e+00
-5.233740460942263306e-01 2.672889253637894313e+00
-5.205095957411365326e-01 2.578745385594382711e+00
-4.907317598355889210e-01 2.718074262637776073e+00
-5.403362666322159003e-01 2.958348167326185774e+00
-5.109803961321114363e-01 3.595639060529779663e+00
-4.893546281641736884e-01 3.681554767918640003e+00
-5.070484524196882115e-01 2.410205870850472110e+00
