1.033679793928056201e+00 6.308160938186091471e-02
1.067354017604258853e+00 2.731005647361346433e-01
1.047216822360785393e+00 5.134718694510702619e-01
1.088627857614500316e+00 2.458835577006937001e-01
1.035556919707792956e+00 3.662658594385694855e-01
1.013637248501501720e+00 3.680583926778044912e-01
1.007406627429721091e+00 2.866121020806779995e-01
1.090314223021711104e+00 5.656979591937796314e-01
1.080914790825142857e+00 7.301608666433256900e-01
1.062707488373366926e+00 5.114691441576404429e-01
1.018917951401663968e+00 7.081831995029652660e-02
1.021613326415369061e+00 2.557028223805497547e-01
1.090139588367061263e+00 7.407602724945885342e-01
1.061266780011425714e+00 6.173725871744473181e-01
1.049893694628368568e+00 7.186221481033445713e-01
1.085149076967706794e+00 2.197492981532445100e-01
1.074369944320511694e+00 2.982841453721647440e-01
1.040513509811866522e+00 3.440323573455223993e-01
1.020660087605165245e+00 4.283115831959172226e-01
1.058959843782419252e+00 4.112438194937180214e-01
1.087480659381415915e+00 4.439584993253422596e-01
1.074918893332061032e+00 6.543621710175164807e-01
1.039212671835319846e+00 2.484156647542246077e-01
1.035430267754634315e+00 6.517575336930274688e-01
1.010696957963005849e+00 2.448441345663372459e-01
1.072673193081020715e+00 3.921052675047489444e-01
1.065616920633806863e+00 3.012893683560813329e-01
1.037353105176546109e+00 4.631262157331175189e-01
1.048788342881178393e+00 1.336818127601313577e-01
1.067991327004496283e+00 2.527833464499655847e-01
