1.09255580256638e+004 1.73709070471429e+006 6.28948962330622e-003 9.06584894158475e-001 1.56974035691397e+000 1.08819976783441e-004 4.62627877980777e-008 1762 1
1.09234391283388e+004 1.73708573640964e+006 6.28828785979906e-003 6.86929332724331e-001 1.56878159047212e+000 1.17173605316682e-004 1.31439971672858e-007 1912 2
1.09239655399952e+004 1.73709306453021e+006 6.28856436238445e-003 8.89933328597408e-001 1.56945272698141e+000 1.93817217447391e-004 1.79628522363542e-007 3113 3
1.09270640196322e+004 1.73710728521442e+006 6.29029651316669e-003 4.83058252140848e-001 1.56341249839778e+000 2.50925504343625e-004 3.64436171657680e-007 4060 4
1.09247042639061e+004 1.73710035018670e+006 6.28896323374730e-003 9.11327316656207e-001 1.56887746711631e+000 2.73015857352926e-004 4.10170914424043e-007 4419 5
1.09318978548215e+004 1.73707614658259e+006 6.29319190143521e-003 9.95469924778286e-001 -1.57021974013489e+000 3.60213594672894e-004 4.47829907727736e-007 5840 6
1.09254692122692e+004 1.73710523967767e+006 6.28938587313153e-003 6.31312042013986e-001 1.56638467436750e+000 4.69748412332784e-004 5.50392622239241e-007 7532 7
1.09321568304120e+004 1.73706755366795e+006 6.29337211363600e-003 9.59335496642579e-001 -1.56954860362560e+000 4.93403234181719e-004 5.91242919873127e-007 7910 8
1.09241656411433e+004 1.73709535204688e+006 6.28867126982510e-003 6.60598270498116e-001 1.56763107074190e+000 5.16399537507548e-004 6.84068178467365e-007 8293 9
1.09234916391779e+004 1.73708399726626e+006 6.28832438348401e-003 8.03808812565830e-001 1.56983623355815e+000 5.66044284476411e-004 7.44351117135223e-007 9066 10
1.09233668263740e+004 1.73706823077600e+006 6.28830960819972e-003 4.88986280263013e-001 1.56715168752098e+000 5.71509612356324e-004 9.24269329367003e-007 9140 11
1.09254277844024e+004 1.73710799404023e+006 6.28935205311545e-003 8.95507444592877e-001 1.56811045396283e+000 6.16860026744043e-004 9.71800322273855e-007 9900 12
1.09241350234660e+004 1.73709139043906e+006 6.28866798624771e-003 8.38704548258098e-001 1.56935685033723e+000 6.77792663621021e-004 1.02670261089207e-006 10882 13
1.09245670021705e+004 1.73708948552690e+006 6.28892355204807e-003 4.60567136489289e-001 1.56437126483963e+000 7.26819388853291e-004 1.23194981474478e-006 11673 14
1.09246384955374e+004 1.73710253707023e+006 6.28891745715474e-003 5.68386465887359e-001 1.56571353785821e+000 7.36934929971268e-004 1.36116360992865e-006 11838 15
1.09271475429729e+004 1.73711028296951e+006 6.29033373807146e-003 8.05454503954968e-001 1.56743931745354e+000 7.70751604644705e-004 1.42117559820477e-006 12390 16
1.09317821221812e+004 1.73707355414730e+006 6.29313467081612e-003 8.80837786941309e-001 -1.57041149342326e+000 7.80831063750525e-004 1.47046568701810e-006 12550 17
1.09237802613748e+004 1.73707728872880e+006 6.28851481550073e-003 4.74139666548098e-001 1.56590529114658e+000 7.88228052379290e-004 1.66301042835935e-006 12674 18
1.09236701827736e+004 1.73709386437458e+006 6.28839144410511e-003 6.94609225873644e-001 1.56811045396283e+000 9.00124369663651e-004 1.74612935452082e-006 14460 19
1.09264755993623e+004 1.73710361622793e+006 6.28997107570892e-003 6.05671108434829e-001 1.56619292107913e+000 9.01991817974077e-004 1.85848761482499e-006 14485 20
1.09232535335091e+004 1.73706686216567e+006 6.28824934433261e-003 5.14839561118188e-001 1.56791870067446e+000 9.15612794175588e-004 2.01912650359644e-006 14703 21
1.09272281315081e+004 1.73710677318430e+006 6.29039283776873e-003 6.12696264149753e-001 1.56600116779077e+000 9.34567502023286e-004 2.12866989705402e-006 14997 22
1.09322184296434e+004 1.73707005383536e+006 6.29339851598121e-003 8.35696295181179e-001 -1.57031561677908e+000 1.09967227870445e-003 2.18400796537705e-006 17624 23
1.09238512587627e+004 1.73708563521734e+006 6.28852547067328e-003 8.67247561276166e-001 1.57002798684652e+000 1.24029775172319e-003 2.23501332033825e-006 19891 24
1.09238013601163e+004 1.73708566148408e+006 6.28849665122644e-003 4.94985090810518e-001 1.56571353785821e+000 1.24292912033965e-003 2.41016827424290e-006 19936 25
1.09254829205637e+004 1.73711297552529e+006 6.28936575659563e-003 8.14691610461745e-001 1.56724756416517e+000 1.25036791253226e-003 2.46869346297231e-006 20054 26
1.09236075597281e+004 1.73709976798920e+006 6.28833402435753e-003 8.77263274461675e-001 1.56878159047212e+000 1.26403903595065e-003 2.51842637922403e-006 20267 27
1.09232865784817e+004 1.73707049761284e+006 6.28825520688704e-003 6.91424016733376e-001 1.57021974013489e+000 1.27428404831247e-003 2.60239031902883e-006 20432 28
1.09259882147993e+004 1.73710029304401e+006 6.28970254596208e-003 9.88338595425352e-001 1.56916509704886e+000 1.30771117890782e-003 2.64064965737640e-006 20958 29
1.09243507691547e+004 1.73708377495326e+006 6.28881975046269e-003 5.52690463068372e-001 1.56715168752098e+000 1.39740263304576e-003 2.77807520444385e-006 22393 30
1.09247261739940e+004 1.73708783635873e+006 6.28902115030629e-003 6.59076448353321e-001 1.56830220725120e+000 1.41270588227186e-003 2.87137283187683e-006 22635 31
1.09233000967432e+004 1.73706719257730e+006 6.28827495286244e-003 5.75517795240292e-001 1.56906922040468e+000 1.42666772245578e-003 2.99709179252587e-006 22876 32
1.09238294474495e+004 1.73707821739885e+006 6.28853976793392e-003 7.80733741905222e-001 1.57021974013489e+000 1.43107069101251e-003 3.06136413581849e-006 22955 33
1.09257944972455e+004 1.73710451945235e+006 6.28957573031098e-003 9.60998883638053e-001 1.56868571382794e+000 1.49714535533867e-003 3.10205897946262e-006 24022 34
1.09269973761351e+004 1.73710699457074e+006 6.29025920246922e-003 7.59534405516105e-001 1.56743931745354e+000 1.56381161517868e-003 3.17034374998740e-006 25125 35
1.09234135158800e+004 1.73706926469872e+006 6.28833274268590e-003 6.13917260986856e-001 1.56945272698141e+000 1.61940531482975e-003 3.27940956401884e-006 26049 36
1.09233380902567e+004 1.73707547995824e+006 6.28826682428932e-003 4.27494048249507e-001 1.56446714148381e+000 1.64745254592967e-003 3.52122044311417e-006 26511 37
1.09260901325262e+004 1.73711554669002e+006 6.28970598576162e-003 4.35545549131851e-001 1.56111145893735e+000 1.65748326214993e-003 3.75329976692887e-006 26656 38
1.09246901980518e+004 1.73708934959469e+006 6.28899496222258e-003 7.01829033258251e-001 1.56858983718375e+000 1.71684259294779e-003 3.83454926952917e-006 27598 39
1.09235281157543e+004 1.73710550587988e+006 6.28826752197520e-003 9.87559988746620e-001 1.56868571382794e+000 1.73524925794897e-003 3.87287496617969e-006 27891 40
1.09321660206560e+004 1.73706714384080e+006 6.29337888885292e-003 8.05507590773972e-001 -1.57021974013489e+000 1.74748546479258e-003 3.93287858175900e-006 28082 41
1.09241420445683e+004 1.73710159473923e+006 6.28863508722818e-003 9.95505315990955e-001 1.56906922040468e+000 1.77120342890628e-003 3.97053457982992e-006 28482 42
1.09235034501175e+004 1.73709028850800e+006 6.28830840857842e-003 7.11455443104394e-001 1.56858983718375e+000 1.78917149905882e-003 4.04938512189663e-006 28757 43
1.09319293302743e+004 1.73707354744008e+006 6.29321943664057e-003 8.60576317687938e-001 -1.57050737006745e+000 1.80829929412502e-003 4.10126441110457e-006 29079 44
1.09237594526648e+004 1.73708047157129e+006 6.28849131474052e-003 8.31113133140460e-001 1.57031561677908e+000 1.82736604937434e-003 4.15727605579879e-006 29376 45
1.09251469656253e+004 1.73709307615348e+006 6.28924440988989e-003 5.62688480647546e-001 1.56648055101169e+000 1.98379402801904e-003 4.28938645238201e-006 31903 46
1.09260822105758e+004 1.73711354499352e+006 6.28970867304329e-003 5.65679038118131e-001 1.56465889477218e+000 1.98999072066800e-003 4.41996394539554e-006 32007 47
1.09252455390875e+004 1.73711480261221e+006 6.28922249433046e-003 9.06691067796484e-001 1.56753519409772e+000 1.99090795306451e-003 4.46621459564673e-006 32022 48
1.09255372699240e+004 1.73710397591492e+006 6.28942962586354e-003 7.35468380900747e-001 1.56753519409772e+000 2.03828729824382e-003 4.53951182711789e-006 32771 49
1.09233522689921e+004 1.73707699448444e+006 6.28826950389471e-003 8.25521321538656e-001 1.57060324671163e+000 2.08011023277292e-003 4.59636156126231e-006 33430 50
1.09234875488033e+004 1.73709116071401e+006 6.28829609762910e-003 5.19935895742617e-001 1.56580941450240e+000 2.12597815465918e-003 4.75355547631291e-006 34161 51
1.09245057434210e+004 1.73708660028620e+006 6.28889873362682e-003 5.84701814928065e-001 1.56743931745354e+000 2.13368388475886e-003 4.87497051292416e-006 34287 52
1.09259318916490e+004 1.73711336275066e+006 6.28962280256463e-003 6.80895130964157e-001 1.56619292107913e+000 2.13593724832837e-003 4.96181646686522e-006 34321 53
1.09241825554650e+004 1.73707901770010e+006 6.28874013962355e-003 4.23689492887520e-001 1.56398775826289e+000 2.19631362908836e-003 5.20842931638021e-006 35292 54
1.09252874062042e+004 1.73709489676052e+006 6.28931866322132e-003 7.27469966837408e-001 1.56830220725120e+000 2.20165221760853e-003 5.28351137869956e-006 35389 55
1.09321243014908e+004 1.73707118530595e+006 6.29334023107461e-003 8.03189466344111e-001 -1.57060324671163e+000 2.20858209423435e-003 5.34389665769989e-006 35488 56
1.09279190117134e+004 1.73711473875690e+006 6.29076169515814e-003 8.44084012583884e-001 1.56724756416517e+000 2.28425104318993e-003 5.39803182405963e-006 36694 57
1.09234348607401e+004 1.73706985601389e+006 6.28834288950158e-003 6.85319032547862e-001 1.57021974013489e+000 2.46115813481907e-003 5.48365009980788e-006 39498 58
1.09252664531045e+004 1.73710580372021e+006 6.28926711321967e-003 6.13174045520793e-001 1.56609704443495e+000 2.47627522387132e-003 5.59300584866996e-006 39744 59
1.09253212792241e+004 1.73710852231922e+006 6.28928883115260e-003 4.55223063376173e-001 1.56245373195593e+000 2.54970582756072e-003 5.80358831882451e-006 40934 60
1.09244863849630e+004 1.73711390259375e+006 6.28878874969754e-003 7.54101854371315e-001 1.56676818094424e+000 2.59797410589019e-003 5.87295982946130e-006 41722 61
1.09241367468917e+004 1.73710332714283e+006 6.28862576617417e-003 6.32621516882762e-001 1.56657642765587e+000 2.60223436380352e-003 5.97505615626813e-006 41795 62
1.09259463585707e+004 1.73710201066155e+006 6.28967223249123e-003 6.23154367493633e-001 1.56657642765587e+000 2.60432491118361e-003 6.08059599167873e-006 41839 63
1.09243231177089e+004 1.73708054987795e+006 6.28881550830503e-003 7.43272143294404e-001 1.56974035691397e+000 2.65194343530753e-003 6.15221118493662e-006 42575 64
1.09239066131170e+004 1.73708514473711e+006 6.28855911121277e-003 6.29843306688195e-001 1.56820633060701e+000 2.70193419929304e-003 6.25530145970224e-006 43362 65
