8.06431010546413e+003 1.73712756333207e+006 4.64229130009901e-003 6.76471229380451e-001 1.56485064806055e+000 0.00000000000000e+000 8.80997124143216e-008 0 1
8.06340428811470e+003 1.73709684490565e+006 4.64185194866196e-003 6.79921872615742e-001 1.56868571382794e+000 4.40336698748631e-005 1.75220120283852e-007 695 2
8.07116446773380e+003 1.73708343650773e+006 4.64635504332592e-003 8.91260499072519e-001 -1.57021974013489e+000 1.83884512355732e-004 2.23250981379459e-007 2855 3
8.06285164810668e+003 1.73709609826410e+006 4.64153581050928e-003 7.39449892326082e-001 1.56916509704886e+000 2.38630241818021e-004 2.95683046328914e-007 3749 4
8.06267901312679e+003 1.73709449068221e+006 4.64144072660918e-003 8.15434825927808e-001 1.56974035691397e+000 2.92142660358388e-004 3.54091282320442e-007 4631 5
8.06278558878019e+003 1.73709392210943e+006 4.64150359731236e-003 9.00479909972962e-001 1.57012386349071e+000 3.08288482520090e-004 4.01046919117322e-007 4894 6
8.06419645021530e+003 1.73710881706961e+006 4.64227597092769e-003 9.41516021063414e-001 1.56839808389538e+000 3.39636648063274e-004 4.43617391925923e-007 5398 7
8.06306551150198e+003 1.73709969642587e+006 4.64164930890626e-003 8.32475694828241e-001 1.56916509704886e+000 3.49961289199406e-004 4.99427476284343e-007 5566 8
8.06259398652402e+003 1.73711217864353e+006 4.64134452026273e-003 8.35997120488871e-001 1.56763107074190e+000 3.68237738966095e-004 5.54721475175878e-007 5865 9
8.06294520972525e+003 1.73709572501561e+006 4.64159066760372e-003 5.03709024733585e-001 1.56676818094424e+000 4.12815734198605e-004 7.23272640959374e-007 6613 10
8.06551720623450e+003 1.73713024128636e+006 4.64297901081810e-003 9.31482612271570e-001 1.56571353785821e+000 4.16390072655740e-004 7.66858000121698e-007 6669 11
8.07114858687643e+003 1.73708396908408e+006 4.64634447675685e-003 8.82200348629091e-001 -1.57031561677908e+000 4.45636299596786e-004 8.15980758895671e-007 7125 12
8.06234042176135e+003 1.73708631384326e+006 4.64126765961715e-003 6.71888067339732e-001 1.56993211020234e+000 4.48082612874568e-004 9.05409535665308e-007 7175 13
8.06249115662712e+003 1.73711338310882e+006 4.64128210756075e-003 5.37826153747122e-001 1.56513827799310e+000 5.01821880314169e-004 1.05132842796999e-006 8040 14
8.06240845951091e+003 1.73711662767230e+006 4.64122583381872e-003 6.62243961887254e-001 1.56609704443495e+000 5.07448318042909e-004 1.14364640585479e-006 8143 15
8.06475231614278e+003 1.73712860135042e+006 4.64254308481633e-003 7.96376657905204e-001 1.56542590792566e+000 5.07634820911389e-004 1.20517311443077e-006 8148 16
8.06533120064555e+003 1.73711479068275e+006 4.64291323175584e-003 7.78946485665405e-001 1.56705581087680e+000 5.90281411893884e-004 1.26976989700514e-006 9435 17
8.06286388496179e+003 1.73709429454903e+006 4.64154767427477e-003 6.01017163968771e-001 1.56830220725120e+000 5.92986056932462e-004 1.38405199879880e-006 9483 18
8.06265040239910e+003 1.73709163650474e+006 4.64143188262783e-003 8.72839372877970e-001 1.57031561677908e+000 6.31533880199212e-004 1.43434124447568e-006 10117 19
8.06254378359810e+003 1.73712099520899e+006 4.64129206451850e-003 7.99862692353164e-001 1.56638467436750e+000 7.01714876731484e-004 1.49527984815412e-006 11243 20
8.06408113913545e+003 1.73710263190539e+006 4.64222612023576e-003 4.93144747751696e-001 1.56571353785821e+000 7.06065753922223e-004 1.67187605786191e-006 11318 21
8.06247696996119e+003 1.73709426739602e+006 4.64132501472056e-003 5.60246486973341e-001 1.56782282403027e+000 7.14887177073947e-004 1.80525727070985e-006 11460 22
8.07104192367881e+003 1.73708456203810e+006 4.64628148850264e-003 9.69722817561120e-001 -1.57012386349071e+000 7.23354458687638e-004 1.84515111093618e-006 11580 23
8.06289947400241e+003 1.73709880736691e+006 4.64155610333783e-003 4.53878197294727e-001 1.56533003128147e+000 7.32721292080964e-004 2.05711295987634e-006 11724 24
8.06301116419635e+003 1.73711525164749e+006 4.64157645997972e-003 8.12231921181205e-001 1.56715168752098e+000 7.51147530139612e-004 2.11602874808462e-006 12030 25
8.06462025160584e+003 1.73711616215982e+006 4.64250030526961e-003 9.24669803832663e-001 1.56743931745354e+000 7.60043287758212e-004 2.16032403930363e-006 12190 26
8.06242097693800e+003 1.73709257795770e+006 4.64129729558923e-003 8.52029339828219e-001 1.57012386349071e+000 7.96743687140551e-004 2.21335513326816e-006 12753 27
8.06269297606399e+003 1.73709996124394e+006 4.64143414766311e-003 6.44229834638406e-001 1.56801457731864e+000 8.19989307437127e-004 2.31144839615409e-006 13102 28
8.06278326370557e+003 1.73709807372995e+006 4.64149116594211e-003 6.50511774887268e-001 1.56830220725120e+000 8.68856850637014e-004 2.40746978582837e-006 13882 29
8.06232423915606e+003 1.73708609128933e+006 4.64125893849547e-003 7.57747149276288e-001 1.57050737006745e+000 8.88753149062931e-004 2.47610977269517e-006 14181 30
8.06449154306774e+003 1.73710747603960e+006 4.64244942699698e-003 7.34813643466359e-001 1.56772694738609e+000 9.05600949961892e-004 2.54955080684824e-006 14458 31
8.06303080370807e+003 1.73711665929719e+006 4.64158400436003e-003 4.75006751258504e-001 1.56360425168615e+000 9.34951094226290e-004 2.74132048581050e-006 14921 32
8.06329044377271e+003 1.73709526752491e+006 4.64179062788795e-003 6.79391004425697e-001 1.56887746711631e+000 9.63711457830420e-004 2.82859076232425e-006 15393 33
8.06467355588123e+003 1.73712055402232e+006 4.64251925282994e-003 6.29666350624847e-001 1.56533003128147e+000 9.91281721230605e-004 2.93174359022512e-006 15820 34
8.06436467466575e+003 1.73712397233046e+006 4.64233230941252e-003 6.44902267679129e-001 1.56504240134892e+000 1.05786519860248e-003 3.02961073457126e-006 16903 35
8.06246536925208e+003 1.73708862804667e+006 4.64133340417050e-003 7.81990129954994e-001 1.57031561677908e+000 1.09100026416754e-003 3.09365612048098e-006 17420 36
8.06365780562727e+003 1.73712149160079e+006 4.64193202791046e-003 6.91689450828398e-001 1.56571353785821e+000 1.13285610404394e-003 3.17754812078248e-006 18080 37
8.06315538178747e+003 1.73711897803841e+006 4.64164952256534e-003 7.49660257181275e-001 1.56638467436750e+000 1.27993277210837e-003 3.24782696255728e-006 20468 38
8.06302720998736e+003 1.73710079411257e+006 4.64162432722812e-003 5.17830118588773e-001 1.56638467436750e+000 1.28697254258359e-003 3.40643105653624e-006 20576 39
8.06290416661557e+003 1.73709289480501e+006 4.64157460298501e-003 5.16573730539000e-001 1.56734344080935e+000 1.34503995338656e-003 3.56588564019131e-006 21546 40
8.06323864090442e+003 1.73710349537148e+006 4.64173882144985e-003 8.82412695905108e-001 1.56887746711631e+000 1.41360259594499e-003 3.61498231159695e-006 22641 41
8.06269503802684e+003 1.73711711244140e+006 4.64138950870856e-003 6.57802364697214e-001 1.56600116779077e+000 1.47893051792858e-003 3.70867716901794e-006 23681 42
8.06240689509284e+003 1.73709967169414e+006 4.64127023599702e-003 6.40106758362392e-001 1.56801457731864e+000 1.53966066328497e-003 3.80816585766157e-006 24631 43
8.06244832254770e+003 1.73711026280105e+006 4.64126578669921e-003 7.62666527837369e-001 1.56753519409772e+000 1.62021000903937e-003 3.87583521861184e-006 25908 44
8.06348145014310e+003 1.73709852794852e+006 4.64189187042869e-003 8.20531160552236e-001 1.56926097369304e+000 1.64686938962334e-003 3.93344828755107e-006 26343 45
8.06229571018414e+003 1.73708489043750e+006 4.64124572384301e-003 6.73887670855567e-001 1.57012386349071e+000 1.70488892525486e-003 4.02229432696242e-006 27239 46
8.06389437717922e+003 1.73712477375128e+006 4.64205944026280e-003 6.14288868719887e-001 1.56465889477218e+000 1.80078034664965e-003 4.13121308844651e-006 28823 47
8.06288363789235e+003 1.73709842623275e+006 4.64154800550153e-003 5.06345670077473e-001 1.56648055101169e+000 1.81743507636731e-003 4.29783918815188e-006 29106 48
8.06396220312493e+003 1.73710291064906e+006 4.64215690878069e-003 9.92426280488696e-001 1.56926097369304e+000 1.86849872645662e-003 4.33575270040244e-006 29947 49
8.06305075390976e+003 1.73709803987424e+006 4.64164523990567e-003 9.80428659393687e-001 1.56983623355815e+000 1.90420770796872e-003 4.37469443558202e-006 30509 50
8.06290839260513e+003 1.73709732375054e+006 4.64156520161924e-003 4.98842732991509e-001 1.56648055101169e+000 1.90420770796872e-003 4.54688391779838e-006 30509 51
8.06248315411112e+003 1.73710632696409e+006 4.64129635351910e-003 9.69652035135780e-001 1.56878159047212e+000 1.90609829277068e-003 4.58678409310015e-006 30533 52
8.06243272214598e+003 1.73711936855717e+006 4.64123247770841e-003 4.91375187118214e-001 1.56360425168615e+000 1.91788078081522e-003 4.76478014662611e-006 30712 53
8.06413424768995e+003 1.73710366185964e+006 4.64225394022096e-003 6.53183811443826e-001 1.56763107074190e+000 1.93410633487103e-003 4.85993930913168e-006 30980 54
8.06400743308769e+003 1.73711654978746e+006 4.64214649777929e-003 8.79174399945836e-001 1.56724756416517e+000 1.97610084975516e-003 4.90943448658672e-006 31676 55
8.06502949138366e+003 1.73712618438901e+006 4.64270910036290e-003 6.12607786118079e-001 1.56446714148381e+000 2.00608439842106e-003 5.01901175469347e-006 32162 56
8.06394348572206e+003 1.73711198221680e+006 4.64212189201953e-003 7.66842690932387e-001 1.56734344080935e+000 2.03094507270800e-003 5.08587297272977e-006 32579 57
8.06600459461198e+003 1.73712604411323e+006 4.64327079446760e-003 7.70311029774012e-001 1.56561766121403e+000 2.04190545115775e-003 5.15207318999989e-006 32758 58
8.06236649843453e+003 1.73711984063951e+006 4.64119309453185e-003 8.33873647728692e-001 1.56667230430006e+000 2.05602117256688e-003 5.20767724352089e-006 32990 59
8.06246934705176e+003 1.73708712649586e+006 4.64133970599133e-003 4.53435807136356e-001 1.56676818094424e+000 2.06897688919775e-003 5.42009576569271e-006 33203 60
8.06240465301050e+003 1.73710612183906e+006 4.64125171181513e-003 5.62706176253881e-001 1.56638467436750e+000 2.08366457105718e-003 5.55219696723768e-006 33437 61
8.06231360288632e+003 1.73709026918301e+006 4.64124165301004e-003 4.93127052145361e-001 1.56724756416517e+000 2.16972682736098e-003 5.72880828804467e-006 34821 62
8.06603196483229e+003 1.73713063555122e+006 4.64327427759466e-003 5.39896539688296e-001 1.56302899182104e+000 2.18638755376402e-003 5.87349691546013e-006 35100 63
8.06232836646906e+003 1.73709385253310e+006 4.64124057782915e-003 6.95069311638349e-001 1.56916509704886e+000 2.23298696047707e-003 5.95649503741884e-006 35821 64
8.06314590066667e+003 1.73710369075164e+006 4.64168491267587e-003 8.61868096950380e-001 1.56878159047212e+000 2.31357561477126e-003 6.00820331146430e-006 37135 65
8.06307726645049e+003 1.73710184755493e+006 4.64165032787472e-003 4.74298927005111e-001 1.56542590792566e+000 2.36587426048960e-003 6.20060537202153e-006 37974 66
8.06456652273633e+003 1.73710731420903e+006 4.64249302207680e-003 4.29015870394302e-001 1.56360425168615e+000 2.37545348485324e-003 6.44053179227866e-006 38118 67
8.06239899375502e+003 1.73712231912140e+006 4.64120517869682e-003 5.22749497149853e-001 1.56379600497452e+000 2.38351678354565e-003 6.59586849453425e-006 38245 68
8.06305695018346e+003 1.73711511629015e+006 4.64160317856770e-003 4.26043008530052e-001 1.56254960860012e+000 2.46875415665311e-003 6.83949153123853e-006 39616 69
8.06308330751704e+003 1.73713049124953e+006 4.64157726993860e-003 7.00661123240153e-001 1.56465889477218e+000 2.48113154021464e-003 6.92103794543503e-006 39803 70
8.06254152411717e+003 1.73708854325360e+006 4.64137747030181e-003 7.79831265982146e-001 1.57031561677908e+000 2.49546393734619e-003 6.98547404273389e-006 40040 71
8.06242920259019e+003 1.73713126617527e+006 4.64119866431751e-003 4.57753535082053e-001 1.56139908886990e+000 2.53168581269224e-003 7.19350202807928e-006 40617 72
8.06342407291061e+003 1.73711848307779e+006 4.64180551810476e-003 7.74593366507039e-001 1.56657642765587e+000 2.55699032506906e-003 7.25890003697827e-006 41028 73
8.06313223957938e+003 1.73710251692834e+006 4.64168018506006e-003 7.81370783733276e-001 1.56858983718375e+000 2.57155330620494e-003 7.32305701018425e-006 41276 74
8.06530167249514e+003 1.73711784836660e+006 4.64288806140214e-003 6.14713563271923e-001 1.56552178456984e+000 2.63763065658597e-003 7.43181082572731e-006 42321 75
8.06269351399235e+003 1.73709507516061e+006 4.64144751251886e-003 6.30073349570548e-001 1.56849396053957e+000 2.64996786796464e-003 7.53481838582055e-006 42517 76
8.06463673022395e+003 1.73711916969705e+006 4.64250175362795e-003 5.54636979765202e-001 1.56465889477218e+000 2.66660431274088e-003 7.67118344518799e-006 42768 77
8.06502235312795e+003 1.73712516007414e+006 4.64270772880126e-003 4.43030790611481e-001 1.56178259544664e+000 2.71645351785421e-003 7.89472509303875e-006 43561 78
8.06253224031002e+003 1.73710097144046e+006 4.64133891947123e-003 5.80808781534404e-001 1.56724756416517e+000 2.77750389719905e-003 8.01793765185060e-006 44503 79
8.06524031863535e+003 1.73711869170508e+006 4.64285048883589e-003 5.88488674683717e-001 1.56513827799310e+000 2.77817921476474e-003 8.13763923715989e-006 44517 80
8.06232463402958e+003 1.73708859673109e+006 4.64125247171422e-003 7.12411005846475e-001 1.56993211020234e+000 2.78710653106373e-003 8.21625745014978e-006 44650 81
8.06445729311150e+003 1.73712298306561e+006 4.64238826911189e-003 5.61343614566100e-001 1.56427538819544e+000 2.79802531806455e-003 8.34906358270135e-006 44829 82
8.06276642429362e+003 1.73712003682723e+006 4.64142278891312e-003 4.85889549154419e-001 1.56341249839778e+000 2.80139700912739e-003 8.53151037305922e-006 44879 83
8.06474413779962e+003 1.73711739104901e+006 4.64256833664607e-003 4.46499129453106e-001 1.56283723853267e+000 2.81233070120787e-003 8.75125161889393e-006 45064 84
8.06298555446397e+003 1.73709558867964e+006 4.64161425679275e-003 7.45236355597569e-001 1.56926097369304e+000 2.84593105510519e-003 8.82245216246453e-006 45592 85
8.06220800330760e+003 1.73708226397928e+006 4.64120225144916e-003 5.87391547090958e-001 1.56964448026978e+000 2.86548946186539e-003 8.94264801519708e-006 45944 86
8.06437275086266e+003 1.73711499769741e+006 4.64236094232015e-003 8.05029809402932e-001 1.56715168752098e+000 2.88629379933884e-003 9.00272961571180e-006 46282 87
8.06358136479698e+003 1.73712855955476e+006 4.64186913810692e-003 6.33364732348825e-001 1.56437126483963e+000 2.98497634165334e-003 9.10456136426766e-006 47888 88
8.06307587409994e+003 1.73712880204244e+006 4.64157750435741e-003 6.16323863448392e-001 1.56417951155126e+000 2.99365948826167e-003 9.21269017428277e-006 48028 89
8.06255370458206e+003 1.73711719891977e+006 4.64130791848869e-003 7.81211523276262e-001 1.56676818094424e+000 3.02428960694027e-003 9.27687556089045e-006 48527 90
8.06249420908456e+003 1.73708724977627e+006 4.64135368877728e-003 5.32694427910023e-001 1.56830220725120e+000 3.04676230492273e-003 9.42590683174187e-006 48896 91
8.06616770023828e+003 1.73712768369932e+006 4.64336030382168e-003 5.05549367792406e-001 1.56283723853267e+000 3.10353413840443e-003 9.59310714281939e-006 49828 92
8.06221516395887e+003 1.73708643298167e+006 4.64119523486775e-003 5.99459950611306e-001 1.56926097369304e+000 3.12046353523549e-003 9.70804359854084e-006 50107 93
8.06286607531682e+003 1.73709445916244e+006 4.64154849533421e-003 7.06288326054626e-001 1.56916509704886e+000 3.14785927457362e-003 9.78816889603079e-006 50527 94
8.06256188417301e+003 1.73709423778975e+006 4.64137397567566e-003 6.88203416380438e-001 1.56906922040468e+000 3.16551554837968e-003 9.87299959266647e-006 50800 95
8.06297039281893e+003 1.73709917695566e+006 4.64159594092873e-003 8.66168129289742e-001 1.56935685033723e+000 3.17184904200574e-003 9.92414485434634e-006 50913 96
8.06434442942655e+003 1.73712426859192e+006 4.64231986348240e-003 6.73144455389505e-001 1.56523415463729e+000 3.32078686146633e-003 1.00132054870235e-005 53349 97
8.06240641148506e+003 1.73708803659639e+006 4.64130104460250e-003 4.88773932986995e-001 1.56743931745354e+000 3.37422509225230e-003 1.01932958889986e-005 54188 98
8.06281462129530e+003 1.73711840824044e+006 4.64145488506407e-003 7.54296506040998e-001 1.56648055101169e+000 3.38815332614974e-003 1.02626279385314e-005 54410 99
8.06335821893708e+003 1.73710195122472e+006 4.64181178370701e-003 7.01846728864586e-001 1.56820633060701e+000 3.40434289411492e-003 1.03438728596932e-005 54690 100
