3.09283790411867e+005 1.70937681236413e+006 1.78997142449240e-001 6.46314634712869e-001 1.55334545075838e+000 1.00419929074040e-002 1.11094114511832e-009 42903 1
3.09288356261899e+005 1.70935952831912e+006 6.10417849963573e+000 8.01470436933479e-001 -1.55075678136540e+000 1.06421374928400e-002 1.96735218403199e-009 45421 2
3.09282564014969e+005 1.70936849715187e+006 1.78997299986428e-001 6.56264930062510e-001 1.55660525666066e+000 1.28537245064670e-002 2.74811860833520e-009 54815 3
3.09285717606483e+005 1.70937636982024e+006 1.78998279493438e-001 3.72681512597722e-001 1.32304975142674e+000 1.38971342788763e-002 1.88088877681703e-007 59565 4
3.09290645213983e+005 1.70937083915952e+006 6.10417836233050e+000 8.07848152835775e-001 -1.54970213827937e+000 1.91226623476806e-002 1.88999638613365e-007 81696 5
3.09285437117205e+005 1.70937548235604e+006 1.78998211565238e-001 2.89585961007629e-001 9.46542169713431e-001 2.32556014549781e-002 8.98541574012737e-007 99061 6
3.09279410645816e+005 1.70935340704559e+006 1.78997060335574e-001 6.64415703912749e-001 1.55919392605365e+000 2.83932728982262e-002 8.99098218837011e-007 121321 7
3.09291711391084e+005 1.70939285260253e+006 1.78999985369084e-001 2.96122458218697e-001 6.37435868861965e-001 3.20775797379588e-002 1.40074307742100e-006 137123 8
3.09288454908127e+005 1.70935646951543e+006 6.10417813024035e+000 9.59669547572197e-001 -1.52975979628895e+000 4.23845315106437e-002 1.40247192328323e-006 180562 9
3.09280448609154e+005 1.70935628791515e+006 1.78997353040946e-001 3.91788196753151e-001 1.35890761635182e+000 4.78413829293182e-002 1.53825419326009e-006 204027 10
3.09284383192423e+005 1.70938008848249e+006 1.78997142460849e-001 6.07307359858156e-001 1.53905983077486e+000 5.05598370750859e-002 1.54144885523819e-006 215402 11
3.09292374254148e+005 1.70938835713377e+006 6.10417917839035e+000 7.43224160166028e-001 -1.56216610202338e+000 5.83653186761273e-002 1.54172405076882e-006 248292 12
3.09291985278054e+005 1.70937886942664e+006 6.10417842629476e+000 9.93489966340394e-001 -1.52659586703085e+000 5.97306316366427e-002 1.54351783974520e-006 254118 13
3.09292322482494e+005 1.70937629365319e+006 6.10417797127717e+000 7.51560178876499e-001 -1.56034444578387e+000 6.16763435812071e-002 1.54387899191364e-006 262705 14
3.09281539100996e+005 1.70936373126032e+006 1.78997207876932e-001 2.99430402151423e-001 6.09535765404218e-001 6.34008641663425e-002 2.00336110367724e-006 270230 15
3.09279716094007e+005 1.70935293013183e+006 1.78997282244164e-001 4.06634249123228e-001 1.38249327082125e+000 6.49690877499774e-002 2.11023742145314e-006 277383 16
3.09291521698917e+005 1.70938566780464e+006 6.10417938568933e+000 9.81290269116498e-001 -1.52774638676107e+000 6.96668157654401e-002 2.11200813483810e-006 297366 17
3.09285753882187e+005 1.70937856903413e+006 1.78998074638362e-001 6.80981887127844e-001 1.56398775826289e+000 7.33400959949185e-002 2.11223920442261e-006 313033 18
3.09289030616721e+005 1.70938927381960e+006 1.78998833619876e-001 4.93778724086978e-001 1.47558949232459e+000 7.60054462886013e-002 2.13865757352850e-006 323891 19
3.09283620262935e+005 1.70937211809599e+006 1.78997527193965e-001 2.96334166630391e-001 1.02477751136814e+000 7.86260410675800e-002 2.78792300886457e-006 335223 20
3.09290982412922e+005 1.70936838495270e+006 6.10417791977386e+000 8.38360627671246e-001 -1.54481242942595e+000 7.95167815860341e-002 2.78907962089211e-006 339061 21
3.09284243330211e+005 1.70937364003033e+006 1.78997724152496e-001 3.27375912495098e-001 1.19754722418897e+000 8.35198446266011e-002 3.18162311185606e-006 356301 22
3.09287434108942e+005 1.70939444218743e+006 1.78997399546969e-001 5.99712320588616e-001 1.53589590151677e+000 8.54397170528027e-002 3.18542143847549e-006 364594 23
3.09288136204829e+005 1.70935349565616e+006 6.10417800596658e+000 7.16469509638135e-001 -1.56820633060701e+000 9.00595726833683e-002 3.18546759114060e-006 384387 24
3.09290092070072e+005 1.70939103553521e+006 1.78999254327133e-001 3.31001419045366e-001 1.21077820108646e+000 9.07259435221625e-002 3.55504003010281e-006 387298 25
3.09280108747454e+005 1.70935549193851e+006 1.78997242101767e-001 6.18871931846969e-001 1.54366190969573e+000 9.34274800483678e-002 3.55745048850548e-006 398990 26
3.09292917674300e+005 1.70938592836883e+006 6.10417862163079e+000 7.60054978895741e-001 -1.55861866618854e+000 9.71821557838038e-002 3.55789673396459e-006 414768 27
3.09287086159354e+005 1.70939274334554e+006 1.78997376564901e-001 3.11127291897545e-001 1.12496860454115e+000 9.89825766458376e-002 4.07199280557532e-006 422424 28
3.09278093593977e+005 1.70934654608089e+006 1.78997017468759e-001 4.18384065972273e-001 1.39907993026521e+000 1.00439455880257e-001 4.16050091555293e-006 428441 29
3.09289348017877e+005 1.70938991492013e+006 1.78998947706730e-001 3.19013430233165e-001 1.16322338557085e+000 1.06840814533061e-001 4.61180654320215e-006 456051 30
3.09285243649286e+005 1.70938099486779e+006 1.78997536980219e-001 6.25514283263884e-001 1.54605882580035e+000 1.09716393285895e-001 4.61384932131308e-006 468431 31
3.09286525852334e+005 1.70938465410129e+006 1.78997888256050e-001 5.48584739164393e-001 1.51135148060549e+000 1.15878879486507e-001 4.62422788182533e-006 494941 32
3.09282192397302e+005 1.70936681871755e+006 1.78997261505079e-001 3.51378353670962e-001 3.86910197607349e-001 1.17212846886198e-001 4.76932049221687e-006 500656 33
3.09288633032758e+005 1.70935761343123e+006 6.10417814658516e+000 9.18730433460772e-001 -1.53417012192145e+000 1.18668149794013e-001 4.77092034988649e-006 506812 34
3.09283269316295e+005 1.70936692130252e+006 1.78997861030312e-001 6.62378010450189e-001 1.55852278954436e+000 1.22454427079637e-001 4.77153166326376e-006 522500 35
3.09281283535387e+005 1.70936319049372e+006 1.78997118531962e-001 4.05628634167679e-001 1.38095924451430e+000 1.40486066837922e-001 4.88017692093519e-006 599558 36
3.09293261722196e+005 1.70939238448423e+006 1.79000911545959e-001 5.92593625245388e-001 1.27276245155187e-001 1.44332020833977e-001 4.88431747342837e-006 616389 37
3.09282028728489e+005 1.70936468757417e+006 1.78997387219664e-001 4.83907819391722e-001 1.46782348414563e+000 1.57009310751663e-001 4.91530642218622e-006 669759 38
3.09287854401411e+005 1.70935145597882e+006 6.10417795654019e+000 9.41938968092782e-001 -1.53158145252846e+000 1.70098992303312e-001 4.91698720680927e-006 725770 39
3.09282403204958e+005 1.70936867655686e+006 1.78997190505127e-001 3.31901179795068e-001 4.46161963713492e-001 1.72866704323541e-001 5.13336058350671e-006 737719 40
3.09289614255168e+005 1.70936715169066e+006 6.10417856838522e+000 8.78426444584431e-001 -1.53915570741905e+000 1.79493027670734e-001 5.13477234013196e-006 766678 41
3.09293118637362e+005 1.70939028384730e+006 6.10417895420369e+000 8.85650994133506e-001 -1.53829281762139e+000 1.79888168773925e-001 5.13621719074197e-006 768343 42
3.09286438498875e+005 1.70938514753781e+006 1.78997788200231e-001 4.14335142598616e-001 1.39342320825831e+000 1.83747894582053e-001 5.23075496725622e-006 784664 43
3.09290807710497e+005 1.70939041491048e+006 6.10418027668222e+000 8.36296470657225e-001 -1.54519593600269e+000 1.92265622694200e-001 5.23189161465158e-006 821234 44
3.09286655331705e+005 1.70938217518055e+006 1.78998215672046e-001 4.41142720229432e-001 1.42678828043458e+000 1.93516084117818e-001 5.29349489300279e-006 826671 45
3.09281874492706e+005 1.70936172284198e+006 1.78997603715545e-001 2.86066308663208e-001 8.10780841547899e-001 1.98177741423374e-001 5.99121499001559e-006 846774 46
3.09287200058665e+005 1.70934669381124e+006 6.10417783910026e+000 7.78976418190938e-001 -1.55478360042116e+000 2.05214346596985e-001 5.99186020208085e-006 876513 47
3.09282303773304e+005 1.70936590270483e+006 1.78997418481024e-001 5.76636103713915e-001 1.52573297723319e+000 2.06547206325132e-001 5.99797406842283e-006 882203 48
3.09285796495022e+005 1.70938504765815e+006 1.78997434766748e-001 6.30568821593090e-001 1.54788048203986e+000 2.11279451923004e-001 5.99975835819342e-006 902134 49
3.09278043703149e+005 1.70934611086951e+006 1.78997033813528e-001 6.09662615938258e-001 1.54011447386090e+000 2.12130510777681e-001 6.00276614569775e-006 905862 50
3.09287856375795e+005 1.70935148993344e+006 6.10417795890199e+000 9.90420194370824e-001 -1.52678762031922e+000 2.17995706267870e-001 6.00456028404989e-006 930920 51
3.09289727593327e+005 1.70936747744471e+006 6.10417853757124e+000 8.84327816560415e-001 -1.53838869426557e+000 2.18818690694229e-001 6.00600335536985e-006 934485 52
3.09289744881249e+005 1.70937414926829e+006 6.10417921160663e+000 9.93331185031623e-001 -1.52659586703085e+000 2.19202571811341e-001 6.00779777521785e-006 936171 53
3.09293149704013e+005 1.70939400532548e+006 6.10417931803326e+000 9.66655925158116e-001 -1.52918453642384e+000 2.20419606368252e-001 6.00953572141604e-006 941251 54
3.09292026840004e+005 1.70937951067438e+006 6.10417846847597e+000 8.32326937937953e-001 -1.54577119586779e+000 2.26967498585846e-001 6.01064492189252e-006 969821 55
3.09290671231602e+005 1.70937224241772e+006 6.10417849141963e+000 7.76885797625454e-001 -1.55526298364208e+000 2.30505712055868e-001 6.01126422165851e-006 984908 56
3.09283658448900e+005 1.70937514918324e+006 1.78997238160496e-001 3.05675800296411e-001 1.09380869518113e+000 2.34030334065965e-001 6.57289847617705e-006 999937 57
3.09280545672886e+005 1.70935970520537e+006 1.78997057774310e-001 5.87671404673491e-001 1.53081443937498e+000 2.51995244621037e-001 6.57778605874500e-006 1076879 58
3.09289119389732e+005 1.70938652419436e+006 1.78999165723004e-001 3.35288514382180e-001 1.22554320429090e+000 2.52345838608166e-001 6.92182166543597e-006 1078272 59
3.09288657261178e+005 1.70935514236372e+006 6.10417787958518e+000 7.68179289194518e-001 -1.55689288659322e+000 2.61964597947116e-001 6.92235665380025e-006 1119645 60
3.09283250306310e+005 1.70937357205930e+006 1.78997168605564e-001 6.23370735595477e-001 1.54529181264687e+000 2.75444708628996e-001 6.92451376935040e-006 1178470 61
3.09288156514970e+005 1.70938417903187e+006 1.78998860654643e-001 4.71893367028059e-001 1.45746880657369e+000 2.80687824968299e-001 6.96217712364276e-006 1200510 62
3.09291888343270e+005 1.70938460978461e+006 6.10417906955910e+000 8.88509057691382e-001 -1.53790931104465e+000 2.80843921190825e-001 6.96363775574125e-006 1201117 63
3.09280945438065e+005 1.70935939829544e+006 1.78997315685522e-001 3.59820226587281e-001 1.29457438810388e+000 2.86230602305852e-001 7.19249541646087e-006 1224248 64
3.09280736488865e+005 1.70936097247681e+006 1.78997035978853e-001 2.87257168478989e-001 9.00041997283853e-001 2.98415630132873e-001 7.91492498620334e-006 1275637 65
3.09290130621355e+005 1.70936502042435e+006 6.10417805743556e+000 9.09891607272526e-001 -1.53522476500748e+000 3.01639265913833e-001 7.91648789211073e-006 1289021 66
3.09291715505725e+005 1.70938333989164e+006 6.10417903730831e+000 7.69131977047143e-001 -1.55679700994903e+000 3.02371732367729e-001 7.91702711637205e-006 1292320 67
3.09278825910185e+005 1.70935057903003e+006 1.78997018953208e-001 4.73798742733310e-001 2.01005384533219e-001 3.04130724559180e-001 7.93582762681090e-006 1299908 68
3.09280430009637e+005 1.70935600774688e+006 1.78997371220368e-001 4.82478787612784e-001 1.46667296441542e+000 3.04999537919437e-001 7.96753022045459e-006 1303652 69
3.09283048925176e+005 1.70937285516394e+006 1.78997128006632e-001 3.12132906853094e-001 5.29862274086734e-001 3.06685186859771e-001 8.30383776372812e-006 1311060 70
3.09284665912999e+005 1.70937756516605e+006 1.78997561232560e-001 6.47770130043268e-001 1.55382483397931e+000 3.21302361684201e-001 8.30489674253962e-006 1373125 71
3.09283453845530e+005 1.70937328799721e+006 1.78997313017756e-001 5.91032275709141e-001 1.53225258903775e+000 3.22721820598015e-001 8.30946111530369e-006 1379234 72
3.09288523284009e+005 1.70938508534166e+006 1.78998975524733e-001 4.99468387651268e-001 1.47990394131291e+000 3.29116501425117e-001 8.33351883990448e-006 1406915 73
3.09286622618752e+005 1.70939072285059e+006 1.78997321071930e-001 4.58291101576687e-001 1.44471721289712e+000 3.30351334549134e-001 8.38037727709331e-006 1412104 74
3.09288880864749e+005 1.70938967781328e+006 1.78998707385076e-001 3.21289295658881e-001 1.17309867992187e+000 3.44963659821480e-001 8.81492151256438e-006 1474999 75
3.09287667600965e+005 1.70935098637841e+006 6.10417801422489e+000 8.17851375288341e-001 -1.54797635868404e+000 3.44970676551715e-001 8.81592195685346e-006 1475022 76
3.09286750960489e+005 1.70938103719559e+006 1.78998386477398e-001 3.25126510620844e-001 1.18882244956816e+000 3.62015545291884e-001 9.22351366721511e-006 1547210 77
3.09278066094461e+005 1.70934621223461e+006 1.78997036108297e-001 5.45594357849208e-001 1.50981745429853e+000 3.67902307929320e-001 9.23442897638651e-006 1572618 78
3.09288556411264e+005 1.70938399583291e+006 1.78999105957072e-001 3.57994241536416e-001 1.29006818582720e+000 3.78176174775520e-001 9.47038586415938e-006 1616384 79
3.09289105992539e+005 1.70936502132735e+006 6.10417863794671e+000 8.31400713636789e-001 -1.54586707251198e+000 3.87003109499730e-001 9.47149124689763e-006 1653399 80
3.09291716397343e+005 1.70937207215110e+006 6.10417788191852e+000 9.76791465367990e-001 -1.52812989333781e+000 3.89159041050076e-001 9.47325575276531e-006 1662719 81
3.09282940345975e+005 1.70936509736788e+006 1.78997861620679e-001 2.89030226426931e-001 9.37433888515885e-001 3.89494782943025e-001 1.01867457272824e-005 1664087 82
3.09281792457093e+005 1.70936654001779e+006 1.78997063516720e-001 2.97604417100558e-001 1.03589920209357e+000 3.94910281028908e-001 1.08238595358412e-005 1687238 83
3.09285370169843e+005 1.70937305576862e+006 1.78998422350699e-001 4.60593430553865e-001 1.44701825235755e+000 4.10396174301796e-001 1.08689920803341e-005 1754228 84
3.09290131252728e+005 1.70937015860940e+006 6.10417858371862e+000 9.31009521339053e-001 -1.53282784890286e+000 4.20586024150981e-001 1.08706336567616e-005 1797840 85
3.09280982623726e+005 1.70935856878751e+006 1.78997421769362e-001 3.86892439732716e-001 1.35037459501938e+000 4.21582641855878e-001 1.10176290997417e-005 1802101 86
3.09284064423401e+005 1.70937498340886e+006 1.78997485121386e-001 2.93820129241519e-001 1.00032896710105e+000 4.23869329319024e-001 1.16906497476690e-005 1811781 87
3.09283372677455e+005 1.70937508318266e+006 1.78997083045612e-001 2.95884286255540e-001 6.39545155034028e-001 4.35151232656284e-001 1.21954581338656e-005 1859284 88
3.09285957087332e+005 1.70938232869201e+006 1.78997804409209e-001 6.93896100241209e-001 1.56753519409772e+000 4.35807770450572e-001 1.21955289414344e-005 1862071 89
3.09291170462471e+005 1.70938379782558e+006 6.10417939298966e+000 7.59075827491654e-001 -1.55881041947691e+000 4.37394726858561e-001 1.21959656092266e-005 1868819 90
3.09285941464546e+005 1.70938696144363e+006 1.78997320738617e-001 2.86754361001215e-001 8.84318227637562e-001 4.40665167459528e-001 1.29186211688420e-005 1882748 91
3.09292003060268e+005 1.70938950425776e+006 6.10417950622953e+000 7.99273962162148e-001 -1.55123616458632e+000 4.45244502605488e-001 1.29194512272686e-005 1901953 92
3.09280639445411e+005 1.70935838343218e+006 1.78997246366807e-001 5.36834922315348e-001 1.50473599215674e+000 4.53396752364492e-001 1.29322092947388e-005 1937018 93
3.09285856715662e+005 1.70937691056505e+006 1.78998302871182e-001 5.04417071774627e-001 1.48354725379192e+000 4.60020587476394e-001 1.29543686401388e-005 1965281 94
3.09285303344542e+005 1.70937792908169e+006 1.78997885015735e-001 4.39422589384414e-001 1.42487074755089e+000 4.61179677320526e-001 1.30176766227366e-005 1970446 95
3.09285944247058e+005 1.70938658224168e+006 1.78997361179948e-001 4.83299157708100e-001 1.46724822428053e+000 4.61593727228984e-001 1.30490059493354e-005 1972383 96
3.09289981830954e+005 1.70939032027455e+006 1.78999265190217e-001 3.23697478841906e-001 1.18306985091708e+000 4.62528850696318e-001 1.34664707705705e-005 1976265 97
3.09290691564477e+005 1.70938708056135e+006 6.10418000072611e+000 9.93781065406474e-001 -1.52659586703085e+000 4.67477995758265e-001 1.34682634037865e-005 1997425 98
3.09289407075351e+005 1.70939279302452e+006 1.78998686176311e-001 2.86225089971979e-001 7.99755027466658e-001 4.70372499825711e-001 1.41585907087285e-005 2009717 99
3.09281729384973e+005 1.70936077294652e+006 1.78997618874705e-001 5.66527027055502e-001 1.52084326837977e+000 4.71007859021281e-001 1.41660233265065e-005 2012398 100
3.09292704512993e+005 1.70938037371420e+006 6.10417817305686e+000 9.76076949478521e-001 -1.52822576998199e+000 4.72298419026597e-001 1.41677846327431e-005 2017951 101
3.09288401725992e+005 1.70938569398265e+006 1.78998844285485e-001 3.24623703143069e-001 1.18680904004028e+000 4.79003909580214e-001 1.45788309374777e-005 2046389 102
3.09284828168386e+005 1.70937368347302e+006 1.78998050990328e-001 3.87950981791188e-001 1.35219625125889e+000 4.80053969506948e-001 1.47233733813276e-005 2050755 103
3.09278109988196e+005 1.70934657468206e+006 1.78997023824209e-001 4.68770667955565e-001 1.45478426053652e+000 4.82009826857044e-001 1.47629114703784e-005 2059384 104
3.09289671100167e+005 1.70936104901046e+006 6.10417791068573e+000 8.81946096928852e-001 -1.53867632419813e+000 4.82632070190909e-001 1.47643434534452e-005 2062256 105
3.09289350666243e+005 1.70936440314499e+006 6.10417843598612e+000 8.83507446465099e-001 -1.53848457090976e+000 4.85904230883978e-001 1.47657829312259e-005 2075823 106
3.09292451736203e+005 1.70937766412806e+006 6.10417803852665e+000 8.95204336211220e-001 -1.53704642124699e+000 4.90397859671488e-001 1.47672777096576e-005 2095349 107
3.09283686632624e+005 1.70937428123998e+006 1.78997343083382e-001 6.82966653487480e-001 1.56456301812799e+000 4.90447635774680e-001 1.47674779534774e-005 2095536 108
3.09290490217651e+005 1.70937082948381e+006 6.10417844913882e+000 7.49204922796398e-001 -1.56082382900479e+000 4.95435821455188e-001 1.47678161315823e-005 2116924 109
3.09289245112745e+005 1.70936238787173e+006 6.10417828922192e+000 8.39498560384104e-001 -1.54462067613758e+000 4.95783636935013e-001 1.47689823903335e-005 2118274 110
3.09286230610878e+005 1.70938462768386e+006 1.78997723720728e-001 5.64012989666630e-001 1.51950099536119e+000 4.95867918216547e-001 1.47767958711635e-005 2118613 111
3.09295301463428e+005 1.70939228339640e+006 6.10417792266510e+000 9.38710414814441e-001 -1.53206083574938e+000 4.98263461901267e-001 1.47784579219820e-005 2129076 112
3.09281280162929e+005 1.70936017041073e+006 1.78997426160182e-001 3.14911579756584e-001 1.14433568666646e+000 5.00153368476474e-001 1.52613657462625e-005 2136960 113
3.09279164266052e+005 1.70935109157873e+006 1.78997158089459e-001 6.56688346885899e-001 1.55679700994903e+000 5.02972695320609e-001 1.52621291967064e-005 2148888 114
3.09287070332128e+005 1.70938503639252e+006 1.78998157500848e-001 4.06131441645454e-001 1.38163038102359e+000 5.03522584770051e-001 1.53699614985810e-005 2151142 115
3.09290386295084e+005 1.70936660481964e+006 6.10417807499861e+000 9.52471461574584e-001 -1.53052680944243e+000 5.04301567501333e-001 1.53716693952985e-005 2154444 116
3.09285430131693e+005 1.70938420421193e+006 1.78997313682577e-001 5.85924810277011e-001 1.52995154957732e+000 5.04665575723046e-001 1.53767518365645e-005 2155949 117
3.09281901134028e+005 1.70936280047983e+006 1.78997508356115e-001 3.58946929389041e-001 1.29246510193182e+000 5.15910464148311e-001 1.56089435726318e-005 2203850 118
3.09294063928095e+005 1.70938553323760e+006 6.10417793182479e+000 7.13373274117103e-001 -1.56906922040468e+000 5.20675939230564e-001 1.56089684122236e-005 2224493 119
3.09286088189199e+005 1.70938158277312e+006 1.78997955124594e-001 5.95980959832500e-001 1.53436187520981e+000 5.22341408915567e-001 1.56130808754173e-005 2231521 120
3.09283374481786e+005 1.70937116248694e+006 1.78997485910528e-001 6.43112544985989e-001 1.55229080767235e+000 5.23164880232540e-001 1.56143103520428e-005 2235160 121
3.09286769848288e+005 1.70938739356248e+006 1.78997745696694e-001 3.74057617273736e-001 1.32583017410810e+000 5.25787631525673e-001 1.57955648026189e-005 2246410 122
3.09288175911572e+005 1.70935575683818e+006 6.10417821523682e+000 7.33247401264925e-001 -1.56427538819544e+000 5.29432429566240e-001 1.57957484756773e-005 2261828 123
3.09279131505202e+005 1.70935148297121e+006 1.78997099415968e-001 2.87283632030451e-001 7.59390960264901e-001 5.30381755391129e-001 1.64522672684231e-005 2265798 124
3.09292717762578e+005 1.70939273933467e+006 1.79000567045705e-001 2.95302088123381e-001 6.45106000396741e-001 5.45173652383547e-001 1.69652479896130e-005 2328382 125
3.09282504519959e+005 1.70936427987247e+006 1.78997698527129e-001 3.36717546161118e-001 1.23033703650014e+000 5.45438887174486e-001 1.73010795146221e-005 2329555 126
3.09285609154643e+005 1.70937842201171e+006 1.78998007724242e-001 6.76959427305648e-001 1.56283723853267e+000 5.47867519135169e-001 1.73013776621298e-005 2339999 127
3.09279198106941e+005 1.70935106807235e+006 1.78997179668661e-001 6.00056346757620e-001 1.53618353144932e+000 5.55795036467128e-001 1.73051235076964e-005 2374504 128
3.09289580253230e+005 1.70938856070837e+006 1.78999218055584e-001 6.75424541320863e-001 1.56235785531175e+000 5.61895283847944e-001 1.73054515492419e-005 2400305 129
3.09280150087379e+005 1.70935624248793e+006 1.78997188593032e-001 4.22485916448854e-001 1.40444902233955e+000 5.67762905909713e-001 1.73883614841667e-005 2424922 130
3.09279611146672e+005 1.70935314141863e+006 1.78997201138821e-001 2.86198626420517e-001 8.00234410687582e-001 5.69295939527408e-001 1.80791250936411e-005 2431165 131
3.09287568482485e+005 1.70939071404186e+006 1.78997857768241e-001 2.93581957278363e-001 6.62459672994171e-001 5.74093496000894e-001 1.86172141658531e-005 2451454 132
3.09285809874205e+005 1.70937721050638e+006 1.78998245595291e-001 3.25073583517920e-001 1.18863069627979e+000 5.85503564654704e-001 1.90251484034932e-005 2501109 133
3.09289622251535e+005 1.70936353365715e+006 6.10417819302312e+000 7.28748597516416e-001 -1.56533003128147e+000 6.05194384013569e-001 1.90252900418348e-005 2585756 134
3.09288534636705e+005 1.70935860149505e+006 6.10417830359620e+000 8.28807285593531e-001 -1.54625057908872e+000 6.09920640463384e-001 1.90263768483940e-005 2605764 135
3.09295412447784e+005 1.70939176271990e+006 1.79002193569239e-001 9.72848396200180e-001 4.71233706167791e-002 6.12598673366130e-001 1.90265222423096e-005 2616961 136
3.09289479162996e+005 1.70939074314520e+006 1.78998937108158e-001 3.64133785475556e-001 3.55654411603137e-001 6.18575888003394e-001 1.91398551899527e-005 2642340 137
3.09279592598466e+005 1.70935459695314e+006 1.78997041448524e-001 5.21750697982115e-001 1.49543595767083e+000 6.31853038831959e-001 1.91564003555484e-005 2698467 138
3.09281124664334e+005 1.70936253773881e+006 1.78997095439437e-001 2.92788050734508e-001 6.71088570970794e-001 6.31902817837130e-001 1.97066818924091e-005 2698666 139
3.09287661989377e+005 1.70938348439427e+006 1.78998651720339e-001 6.66638642235541e-001 1.55976918591876e+000 6.32738291801577e-001 1.97071926781597e-005 2702117 140
3.09290029944031e+005 1.70939052947792e+006 1.78999271002479e-001 3.98139449103986e-001 1.36926229392376e+000 6.35286697382266e-001 1.98298403677299e-005 2713037 141
3.09290788870947e+005 1.70936772186250e+006 6.10417796144496e+000 7.14696451690194e-001 -1.56868571382794e+000 6.39730956092432e-001 1.98298741418035e-005 2731920 142
3.09280779657074e+005 1.70936069537689e+006 1.78997088833225e-001 2.90591575963178e-001 6.98605167851802e-001 6.43866499358168e-001 2.04171295835149e-005 2749476 143
3.09292357082166e+005 1.70939064259151e+006 1.79000577637581e-001 6.64971438493447e-001 1.00910168004395e-001 6.45227960730686e-001 2.04190306397120e-005 2755201 144
3.09287225887272e+005 1.70934689650734e+006 6.10417784524479e+000 8.61648552957641e-001 -1.54136087023530e+000 6.58479826088792e-001 2.04203492511144e-005 2812232 145
3.09284204799325e+005 1.70937116640245e+006 1.78997955855823e-001 5.59249550403504e-001 1.51710407925657e+000 6.69028770078885e-001 2.04288797854558e-005 2856681 146
3.09280299114061e+005 1.70935519237079e+006 1.78997380642820e-001 5.02458768966453e-001 1.48220498077334e+000 6.70502831741821e-001 2.04517404108922e-005 2863019 147
3.09288211485319e+005 1.70938981573710e+006 1.78998314072511e-001 2.90776820823411e-001 6.96208251747185e-001 6.71903005523926e-001 2.10358417057750e-005 2868905 148
3.09280598646245e+005 1.70935912117432e+006 1.78997147641486e-001 3.27958110627258e-001 4.60447583697012e-001 6.71934378435353e-001 2.12713356164175e-005 2869018 149
3.09288343292472e+005 1.70938991014082e+006 1.78998379060285e-001 3.03399934870695e-001 5.81060402081362e-001 6.82033024280386e-001 2.16867539700539e-005 2911271 150
3.09286117853828e+005 1.70938838761080e+006 1.78997274485650e-001 6.85533617979276e-001 1.56523415463729e+000 6.82196208233965e-001 2.16869204240891e-005 2911948 151
3.09290741427875e+005 1.70936731604125e+006 6.10417794672493e+000 7.47802354568922e-001 -1.56111145893735e+000 6.84454793334176e-001 2.16872449654341e-005 2921802 152
3.09286318248686e+005 1.70937794627315e+006 1.78998458159992e-001 4.10577318291038e-001 1.38814999282815e+000 6.87043416852628e-001 2.17876330607698e-005 2932689 153
3.09290754738876e+005 1.70937263283939e+006 6.10417848413200e+000 8.23038231374856e-001 -1.54720934553056e+000 6.87692350681254e-001 2.17886711374444e-005 2935526 154
3.09295582034266e+005 1.70939351157088e+006 6.10417788961429e+000 8.24070309881867e-001 -1.54711346888638e+000 6.88420460474904e-001 2.17897128322257e-005 2938577 155
3.09289869314186e+005 1.70937299534973e+006 6.10417902284928e+000 8.72789708123065e-001 -1.53992272057253e+000 6.94583699807735e-001 2.17910919077150e-005 2964944 156
3.09291529209231e+005 1.70938635359830e+006 6.10417945172461e+000 8.63950881934819e-001 -1.54116911694693e+000 6.98970597280951e-001 2.17924159136759e-005 2984591 157
3.09283569653875e+005 1.70936945918552e+006 1.78997771045555e-001 3.58205949948110e-001 1.29064344569231e+000 7.03412783830974e-001 2.20274905042825e-005 3003628 158
3.09284546536780e+005 1.70937989316018e+006 1.78997255008432e-001 3.90094529459595e-001 3.04264530320139e-001 7.07763428998627e-001 2.20980705060095e-005 3022251 159
3.09285971412705e+005 1.70938526063245e+006 1.78997512022670e-001 6.36814219738078e-001 1.55008564485611e+000 7.11751785273454e-001 2.20995647976635e-005 3039087 160
3.09284851701934e+005 1.70937645078688e+006 1.78997780691052e-001 3.94169916384714e-001 1.36283855876339e+000 7.15111068482795e-001 2.22302792023070e-005 3053385 161
3.09292751628069e+005 1.70939337702015e+006 1.79000520870582e-001 2.86727897449753e-001 8.83167707907346e-001 7.16028993917222e-001 2.29528429376479e-005 3057234 162
3.09289721711821e+005 1.70936065339538e+006 6.10417784146682e+000 9.46755334458832e-001 -1.53110206930754e+000 7.20605060008514e-001 2.29545360518602e-005 3076918 163
3.09289677376598e+005 1.70937164671090e+006 6.10417899334670e+000 8.98141790423482e-001 -1.53666291467025e+000 7.23717700999497e-001 2.29560459648955e-005 3090246 164
3.09284446256325e+005 1.70937928695822e+006 1.78997260334292e-001 3.19675019019710e-001 1.16619556154057e+000 7.28662346162412e-001 2.34023630312759e-005 3111141 165
3.09289770121615e+005 1.70939275991721e+006 1.78998895220222e-001 6.24323423448102e-001 1.54557944257942e+000 7.35092444826424e-001 2.34044757821089e-005 3138513 166
3.09294806552193e+005 1.70939058340182e+006 6.10417802877206e+000 8.90943704425869e-001 -1.53762168111209e+000 7.35303547913246e-001 2.34059471222905e-005 3139393 167
3.09286980591388e+005 1.70938187085881e+006 1.78998431110146e-001 5.71740346693480e-001 1.52333606112857e+000 7.35931583753550e-001 2.34126870929218e-005 3142199 168
3.09279035334577e+005 1.70935059014954e+006 1.78997136446766e-001 4.33865243577434e-001 1.41854288903470e+000 7.38351602192784e-001 2.34818040142553e-005 3152220 169
3.09283720066221e+005 1.70937247038341e+006 1.78997547622127e-001 2.86066308663208e-001 8.11260224768822e-001 7.41885087777203e-001 2.41797963183427e-005 3167067 170
3.09278233537847e+005 1.70934730380729e+006 1.78997019080810e-001 2.99351011497038e-001 6.10111025269326e-001 7.43496381418770e-001 2.46401792798308e-005 3173637 171
3.09282827401429e+005 1.70936703597685e+006 1.78997598946623e-001 2.93555493726901e-001 6.62651426282540e-001 7.48333222417628e-001 2.51785753850104e-005 3193870 172
3.09284569880687e+005 1.70937448243073e+006 1.78997822791804e-001 3.45265273283284e-001 1.25641548371838e+000 7.50830527059907e-001 2.54698822609659e-005 3204511 173
3.09287606989502e+005 1.70934903932168e+006 6.10417784899262e+000 9.72028026104864e-001 -1.52851339991455e+000 7.54854944948635e-001 2.54716414950737e-005 3221572 174
3.09288106108835e+005 1.70935600522093e+006 6.10417828023628e+000 7.51242616258957e-001 -1.56034444578387e+000 7.55352234015327e-001 2.54720029831903e-005 3223725 175
3.09290626219956e+005 1.70936764415967e+006 6.10417804561705e+000 8.27775207086521e-001 -1.54644233237709e+000 7.57320161834487e-001 2.54730797174513e-005 3232386 176
3.09282230970627e+005 1.70936257858004e+006 1.78997717941543e-001 5.61049071902907e-001 1.51806284569842e+000 7.58643387218290e-001 2.54813223241295e-005 3238039 177
3.09280680708913e+005 1.70936086863387e+006 1.78997015024420e-001 2.89427179698858e-001 9.44145253608814e-001 7.73840829596475e-001 2.61920116187982e-005 3302677 178
3.09287942995167e+005 1.70935187675015e+006 6.10417794948199e+000 7.08689225508362e-001 -1.57012386349071e+000 7.77146014661546e-001 2.61920174429187e-005 3316934 179
3.09287813505807e+005 1.70938283546124e+006 1.78998804059646e-001 5.88280066357113e-001 1.53100619266335e+000 7.89212977751064e-001 2.61968582944163e-005 3368595 180
3.09284603546817e+005 1.70937485267205e+006 1.78997803915362e-001 3.52436895729435e-001 1.27607019577624e+000 7.92215559218942e-001 2.64554818168208e-005 3381391 181
3.09279012974028e+005 1.70935166618342e+006 1.78997013493175e-001 3.78133004198855e-001 1.33407556550798e+000 7.95400859993317e-001 2.66249539342906e-005 3395317 182
3.09287597083227e+005 1.70938685411748e+006 1.78998269581644e-001 4.48578978190202e-001 1.43484191854610e+000 7.97673105015469e-001 2.66796725755096e-005 3404993 183
3.09295214931109e+005 1.70939149491248e+006 6.10417789086698e+000 7.78738246227781e-001 -1.55497535370952e+000 8.04887935826101e-001 2.66803063308547e-005 3436044 184
3.09286335549673e+005 1.70937731227763e+006 1.78998532940556e-001 5.12488454970480e-001 1.48920397579882e+000 8.10703749148348e-001 2.66996791517041e-005 3460833 185
3.09282442097691e+005 1.70936609581969e+006 1.78997477044354e-001 6.20486208486139e-001 1.54423716956084e+000 8.11093190821186e-001 2.67019982880713e-005 3462562 186
3.09287348496628e+005 1.70934824390063e+006 6.10417791389357e+000 7.24011621804752e-001 -1.56638467436750e+000 8.28225924206298e-001 2.67021013427454e-005 3536181 187
3.09282066869581e+005 1.70936522936292e+006 1.78997353295674e-001 5.16113961520749e-001 1.49169676854762e+000 8.28273112201357e-001 2.67203154196043e-005 3536371 188
3.09284875831846e+005 1.70937584841487e+006 1.78997856098606e-001 3.07343004038506e-001 1.10387574282052e+000 8.35138481711596e-001 2.72670471825335e-005 3565640 189
3.09288463012510e+005 1.70935928904663e+006 6.10417841464037e+000 9.74356818633503e-001 -1.52832164662618e+000 8.39433293712717e-001 2.72688092774982e-005 3584164 190
3.09287187895194e+005 1.70939083393069e+006 1.78997629893339e-001 6.48193546866657e-001 1.55392071062349e+000 8.49920731886559e-001 2.72698575359066e-005 3629071 191
3.09286088367007e+005 1.70937642158741e+006 1.78998484210176e-001 3.66356723798349e-001 1.30953114459670e+000 8.52037850465176e-001 2.74754393180784e-005 3637903 192
3.09287064827194e+005 1.70934611196057e+006 6.10417785606732e+000 7.72942728457644e-001 -1.55593412015137e+000 8.58291596303961e-001 2.74760243180879e-005 3664837 193
3.09286293460278e+005 1.70938677173219e+006 1.78997539574305e-001 2.96122458218697e-001 1.02276410184027e+000 8.58897572767565e-001 2.81273553885434e-005 3667361 194
3.09282909202572e+005 1.70937308853536e+006 1.78997024939749e-001 3.31927643346530e-001 1.21413388363292e+000 8.61674067578109e-001 2.84911715587712e-005 3679235 195
3.09279914889746e+005 1.70935512527784e+006 1.78997169867370e-001 5.59514185918122e-001 1.51729583254494e+000 8.62758643719524e-001 2.84996472147019e-005 3683925 196
3.09280314388671e+005 1.70935706817871e+006 1.78997197036846e-001 2.91597190918727e-001 6.85278314310129e-001 8.64948875004352e-001 2.90693637971829e-005 3693126 197
3.09284300038525e+005 1.70938013298272e+006 1.78997090796307e-001 6.17575217825340e-001 1.54308664983062e+000 8.66307619538659e-001 2.90718646284958e-005 3698895 198
3.09290102868105e+005 1.70936292645002e+006 6.10417785853311e+000 7.71249061164088e-001 -1.55631762672811e+000 8.83038026112976e-001 2.90724292054001e-005 3769635 199
3.09283219277303e+005 1.70936749382410e+006 1.78997774005190e-001 4.78985598819825e-001 1.46370078844569e+000 8.88769335177142e-001 2.91059951296238e-005 3793794 200
