4.69362342026814e+005 1.67251241979723e+006 6.00958432176064e+000 7.21576975070265e-001 -1.56494652470473e+000 1.55971833527492e-002 1.60796423242652e-010 66068 1
4.69361835918864e+005 1.67253013821803e+006 2.73592641804550e-001 5.15743471800283e-001 1.44711412900174e+000 2.49450235033589e-002 3.53127864884759e-008 105648 2
4.69359064203655e+005 1.67252411401441e+006 2.73592042580579e-001 3.46006252724214e-001 8.76168712881863e-001 4.04156964322539e-002 5.12142111649125e-007 171625 3
4.69349404271230e+005 1.67249265860540e+006 2.73591581088374e-001 4.70199699734503e-001 1.38977989577929e+000 4.51715105502453e-002 5.85733178081421e-007 191916 4
4.69368114161648e+005 1.67252635715134e+006 6.00958329038722e+000 8.38334164119784e-001 -1.53100619266335e+000 7.41057031686083e-002 5.87953873972108e-007 314565 5
4.69357328291536e+005 1.67251720637212e+006 2.73592154857593e-001 3.83266933182447e-001 1.18460387722404e+000 7.91537423612151e-002 8.74762630071479e-007 335985 6
4.69365348187078e+005 1.67252577464642e+006 6.00958473282030e+000 9.43209218562949e-001 -1.51068034409619e+000 9.41056526656839e-002 8.77966580649255e-007 399286 7
4.69362214151941e+005 1.67253834161850e+006 2.73591575499986e-001 4.14705632319081e-001 1.28268568422498e+000 9.90388855663636e-002 1.05403564228877e-006 420317 8
4.69365624990301e+005 1.67252432656272e+006 6.00958435416701e+000 9.80840388741647e-001 -1.50492774544511e+000 1.16626263379448e-001 1.05740868811518e-006 495441 9
4.69361364144863e+005 1.67253025077556e+006 2.73592362817809e-001 3.50716764884417e-001 9.79140228736229e-001 1.20692676963487e-001 1.51836627396382e-006 512959 10
4.69357730032456e+005 1.67248909450602e+006 6.00958324990191e+000 7.57990821881720e-001 -1.55257843760491e+000 1.28996207417252e-001 1.51920227277214e-006 548462 11
4.69354261273163e+005 1.67250563988294e+006 2.73592254001455e-001 6.39248866472565e-001 1.54040210379345e+000 1.35427922903927e-001 1.52187345290554e-006 576069 12
4.69351578738766e+005 1.67250004246884e+006 2.73591637813199e-001 6.38322642171401e-001 1.53992272057253e+000 1.59444249518203e-001 1.52461818933479e-006 678963 13
4.69354055401728e+005 1.67250904693265e+006 2.73591609962783e-001 3.52357505075050e-001 9.98507310861537e-001 1.59758465235908e-001 1.97638540707339e-006 680377 14
4.69367972865775e+005 1.67252613052951e+006 6.00958333345119e+000 8.00067868706002e-001 -1.54049798043764e+000 1.62220484317614e-001 1.97800794798942e-006 690735 15
4.69365499697319e+005 1.67252467177422e+006 6.00958447730486e+000 7.27240175083093e-001 -1.56293311517685e+000 1.63778594760474e-001 1.97825788302466e-006 697413 16
4.69361602520588e+005 1.67250763764973e+006 6.00958398780989e+000 7.74874567714357e-001 -1.54749697546312e+000 1.72023666778838e-001 1.97942107600202e-006 732252 17
4.69362531452784e+005 1.67251069250856e+006 6.00958394810507e+000 8.06869001431688e-001 -1.53867632419813e+000 1.78797792617187e-001 1.98116265712269e-006 761163 18
4.69369114661661e+005 1.67253651090782e+006 6.00958431518073e+000 7.46955520922144e-001 -1.55622175008393e+000 1.89939792974675e-001 1.98177462482073e-006 808754 19
4.69360825822762e+005 1.67250016206941e+006 6.00958325552601e+000 9.12485035315784e-001 -1.51585768288217e+000 2.06776066249446e-001 1.98478267420324e-006 880399 20
4.69362183592103e+005 1.67251042350456e+006 6.00958409906657e+000 7.06545677839955e-001 -1.57060324671163e+000 2.12641620622614e-001 1.98478351796603e-006 905092 21
4.69360348130994e+005 1.67252649500499e+006 2.73592383860559e-001 4.36352817414844e-001 1.33129514282662e+000 2.19018138821984e-001 2.11030613445060e-006 932372 22
4.69363247710399e+005 1.67253928221794e+006 2.73592002046583e-001 5.29266346597270e-001 1.46092036576434e+000 2.22026242905142e-001 2.13828011861627e-006 945336 23
4.69359532793046e+005 1.67252341446597e+006 2.73592411103235e-001 5.73037060715108e-001 1.49850401028474e+000 2.24681292357729e-001 2.15093079340121e-006 956807 24
4.69366660924001e+005 1.67253594505704e+006 2.73594412859252e-001 3.50293348061028e-001 9.73579383373516e-001 2.27943160077681e-001 2.61417149946121e-006 970396 25
4.69361248440757e+005 1.67250603637712e+006 6.00958393499449e+000 9.25134612914531e-001 -1.51365252006592e+000 2.30554604253261e-001 2.61726858528463e-006 981771 26
4.69361902267324e+005 1.67253392342401e+006 2.73592089834068e-001 7.01782238576829e-001 1.56906922040468e+000 2.40881770552371e-001 2.61729433641352e-006 1025244 27
4.69356680739025e+005 1.67251761956410e+006 2.73591731682567e-001 3.49525905068636e-001 7.44530080416272e-001 2.46730280301669e-001 3.03592603146839e-006 1050136 28
4.69362906169065e+005 1.67253009785961e+006 2.73593241265588e-001 6.48220010418119e-001 1.54500418271432e+000 2.48633120454511e-001 3.03793978491947e-006 1058046 29
4.69361478206003e+005 1.67253213010569e+006 2.73592133728357e-001 6.22047558022386e-001 1.53081443937498e+000 2.49307044561963e-001 3.04225277282314e-006 1060733 30
4.69366945110348e+005 1.67253566197199e+006 6.00958538560105e+000 9.14522728778344e-001 -1.51557005294961e+000 2.59547590806737e-001 3.04526981903713e-006 1104790 31
4.69350228717279e+005 1.67249560651207e+006 2.73591579524751e-001 6.95616231086226e-001 1.56667230430006e+000 2.63115244776487e-001 3.04537118243443e-006 1119881 32
4.69370663970202e+005 1.67253671006373e+006 2.73596512538522e-001 3.49340660208403e-001 9.60060776543474e-001 2.67701662931421e-001 3.51351703237890e-006 1139486 33
4.69351178586604e+005 1.67249801517815e+006 2.73591731352052e-001 3.66541968658581e-001 1.10617678228095e+000 2.72131557106735e-001 3.88328549581574e-006 1158566 34
4.69367021926245e+005 1.67252303696343e+006 6.00958337933147e+000 9.57711244764023e-001 -1.50837930463576e+000 2.87333735611371e-001 3.88656401262561e-006 1223626 35
4.69354530925167e+005 1.67250860673296e+006 2.73591941992762e-001 4.96239834372927e-001 1.42487074755089e+000 2.99145104130193e-001 3.93501226735266e-006 1274040 36
4.69364436172521e+005 1.67253774257559e+006 2.73592900218155e-001 5.92778870105621e-001 1.94965155949583e-001 3.05242067030995e-001 3.94574851298283e-006 1299722 37
4.69357812817390e+005 1.67251802292747e+006 2.73592296400519e-001 3.96260536950197e-001 1.23052878978851e+000 3.08182900785157e-001 4.18032704100828e-006 1312354 38
4.69351891672300e+005 1.67250102524199e+006 2.73591658397858e-001 3.74348716339816e-001 1.14644497283853e+000 3.13601594409791e-001 4.50907203096446e-006 1335403 39
4.69367015869836e+005 1.67253679534647e+006 6.00958552266673e+000 8.14966848179003e-001 -1.53666291467025e+000 3.17538852242493e-001 4.51094186409612e-006 1352180 40
4.69360487239337e+005 1.67252234478020e+006 2.73593106483340e-001 4.09095359409177e-001 1.26811243430891e+000 3.18467636085797e-001 4.70307263889228e-006 1356221 41
4.69352996054685e+005 1.67250439016579e+006 2.73591747127688e-001 4.49769838005983e-001 1.35660657689138e+000 3.21917604790494e-001 4.80473072045169e-006 1370530 42
4.69365934470151e+005 1.67253795942881e+006 2.73593696913277e-001 5.67188615842048e-001 1.49399780800806e+000 3.41500959757886e-001 4.81889320643797e-006 1454454 43
4.69359255089444e+005 1.67252396728353e+006 2.73592171201368e-001 6.13579221554606e-001 1.52582885387738e+000 3.52727687666789e-001 4.82420912363207e-006 1502141 44
4.69365065080369e+005 1.67253613315055e+006 2.73593499114375e-001 3.45873934966905e-001 8.46734583117161e-001 3.57974218869244e-001 5.29517607315853e-006 1524554 45
4.69356806405653e+005 1.67251604645706e+006 2.73592046013603e-001 4.26720084682744e-001 1.31106517090365e+000 3.62296893233309e-001 5.44109484472978e-006 1543036 46
4.69365054709803e+005 1.67251556821615e+006 6.00958330796116e+000 7.16654754498368e-001 -1.56676818094424e+000 3.69100798731641e-001 5.44118637539207e-006 1572308 47
4.69366057457504e+005 1.67253215535501e+006 6.00958533216286e+000 8.53735951070559e-001 -1.52755463347270e+000 3.77174093845344e-001 5.44360812080261e-006 1606877 48
4.69364688375180e+005 1.67253488005125e+006 2.73593485232179e-001 4.11053662217351e-001 1.27328977309488e+000 3.79043716779029e-001 5.62998932282167e-006 1615106 49
4.69360885561139e+005 1.67250359778952e+006 6.00958375681808e+000 7.66803184518503e-001 -1.54989389156774e+000 3.98216324936915e-001 5.63099653376368e-006 1698622 50
4.69350092454753e+005 1.67249475584952e+006 2.73591636312986e-001 5.78779651382322e-001 1.50281845927305e+000 4.01020122171542e-001 5.64228294411575e-006 1710842 51
4.69350212972570e+005 1.67249523965905e+006 2.73591627858840e-001 6.77568088989270e-001 1.55900217276528e+000 4.13553631199067e-001 5.64282977742503e-006 1764961 52
4.69365015622132e+005 1.67253542268090e+006 2.73593582207676e-001 6.80611397407378e-001 1.56024856913968e+000 4.14300565729959e-001 5.64328535911123e-006 1768208 53
4.69367470455754e+005 1.67253657151412e+006 2.73594764099889e-001 8.10520971533419e-001 1.03690590685751e-001 4.25113923144646e-001 5.64459343228031e-006 1813956 54
4.69362834454774e+005 1.67253067803762e+006 2.73593111277974e-001 3.46376742444680e-001 8.95056411786248e-001 4.28761481420947e-001 6.12276279809776e-006 1829385 55
4.69360254853114e+005 1.67250035689184e+006 6.00958360229296e+000 9.20080074585324e-001 -1.51451540986358e+000 4.30164413914128e-001 6.12582622779228e-006 1835192 56
4.69353931863859e+005 1.67250689131071e+006 2.73591876776835e-001 6.93340365660510e-001 1.56571353785821e+000 4.38700713581007e-001 6.12596741434981e-006 1871662 57
4.69360617283208e+005 1.67249993203211e+006 6.00958333532965e+000 9.73245349472107e-001 -1.50598238853114e+000 4.39977794356900e-001 6.12931643502599e-006 1877150 58
4.69362045862625e+005 1.67252781604246e+006 2.73593119353647e-001 3.75486649052674e-001 1.15162231162450e+000 4.40346588101584e-001 6.45247602355269e-006 1878828 59
4.69364417893286e+005 1.67251916915595e+006 6.00958422101285e+000 9.64538841041171e-001 -1.50732466154973e+000 4.44694794593626e-001 6.45578610701412e-006 1898351 60
4.69359953844325e+005 1.67249740810280e+006 6.00958331046460e+000 9.72557297134100e-001 -1.50607826517533e+000 4.46285337381492e-001 6.45913288798874e-006 1905264 61
4.69366281157209e+005 1.67253531197518e+006 6.00958569915596e+000 9.10764904470766e-001 -1.51624118945891e+000 4.61680997139499e-001 6.46212162597525e-006 1971136 62
4.69361795443050e+005 1.67252848414688e+006 2.73592876642825e-001 3.50849082641726e-001 7.26697024597919e-001 4.68219799597909e-001 6.86727587233591e-006 1998738 63
4.69356995155931e+005 1.67251647786729e+006 2.73592083527619e-001 4.37384895921855e-001 3.74158603930784e-001 4.77006565523805e-001 6.95113288581186e-006 2036264 64
4.69361982956486e+005 1.67252621907741e+006 2.73593332878438e-001 4.98568626901567e-001 1.42765117023225e+000 4.81927298991922e-001 6.99779754925637e-006 2056807 65
4.69370258480996e+005 1.67253748915593e+006 2.73596166618645e-001 4.22803479066396e-001 4.05318513290811e-001 4.84643812753191e-001 7.10357976130677e-006 2068480 66
4.69357923113825e+005 1.67251610769080e+006 2.73592655427703e-001 5.04655243737784e-001 1.43484191854610e+000 4.90792071488564e-001 7.14580697090995e-006 2094917 67
4.69355890005225e+005 1.67251459098465e+006 2.73591764479361e-001 6.44594503867851e-001 1.54318252647481e+000 5.09544979056946e-001 7.14807089574996e-006 2175212 68
4.69367413793118e+005 1.67253489549163e+006 6.00958500661810e+000 9.88408964459726e-001 -1.50387310235908e+000 5.12225611073173e-001 7.15146742565663e-006 2186206 69
4.69358569549430e+005 1.67249249797340e+006 6.00958331398122e+000 7.72810410700335e-001 -1.54807223532823e+000 5.12229444771110e-001 7.15259333601750e-006 2186218 70
4.69367920603900e+005 1.67253814352724e+006 6.00958523091702e+000 9.16719203549675e-001 -1.51518654637288e+000 5.13548715520275e-001 7.15562605655151e-006 2191705 71
4.69355909266807e+005 1.67251515930505e+006 2.73591686758929e-001 5.21935942842347e-001 1.45363374080630e+000 5.16771462770870e-001 7.18729107536809e-006 2205354 72
4.69358162527813e+005 1.67249080611574e+006 6.00958327641822e+000 7.14458279727037e-001 -1.56753519409772e+000 5.20483653451658e-001 7.18735747693750e-006 2221179 73
4.69369086527224e+005 1.67253687194048e+006 2.73595613071106e-001 4.11900495864129e-001 1.27549493591113e+000 5.21276807481685e-001 7.37130270387208e-006 2224539 74
4.69367274967936e+005 1.67252380582928e+006 6.00958335867368e+000 7.88423906062805e-001 -1.54366190969573e+000 5.33243522136272e-001 7.37271768238777e-006 2275949 75
4.69361479238304e+005 1.67253532225274e+006 2.73591637801146e-001 5.77985744838468e-001 1.50214732276376e+000 5.37105882754647e-001 7.38420624480720e-006 2292596 76
4.69360151710944e+005 1.67249932437584e+006 6.00958349885932e+000 7.26816758259704e-001 -1.56302899182104e+000 5.39699747035266e-001 7.38445179070955e-006 2303103 77
4.69354242106635e+005 1.67250957264887e+006 2.73591631675080e-001 4.65674432434533e-001 1.38287677739799e+000 5.41447639496019e-001 7.46354709315676e-006 2310410 78
4.69362952112907e+005 1.67253529679126e+006 2.73592458096648e-001 4.36987942649928e-001 1.33254153920103e+000 5.50751766769313e-001 7.58784215208695e-006 2350328 79
4.69362306666671e+005 1.67250882910236e+006 6.00958378285536e+000 8.68343831477480e-001 -1.52439070421461e+000 5.58607538964546e-001 7.59043962549346e-006 2383263 80
4.69363520078286e+005 1.67251020727287e+006 6.00958332468161e+000 8.92399199756268e-001 -1.51959687200537e+000 5.63198592498203e-001 7.59327897861524e-006 2402264 81
4.69349402652369e+005 1.67249262111246e+006 2.73591586022809e-001 3.54950933118307e-001 1.02429812814722e+000 5.65404841681180e-001 8.02993454411842e-006 2411517 82
4.69352508535912e+005 1.67250203315049e+006 2.73591843528423e-001 5.69438017716302e-001 1.49581946424757e+000 5.74907562414676e-001 8.04348018050532e-006 2451931 83
4.69352239709286e+005 1.67250115404514e+006 2.73591831265912e-001 4.59667206252701e-001 1.37338498962371e+000 5.76270541400821e-001 8.13045028121660e-006 2457693 84
4.69359196868537e+005 1.67252262943628e+006 2.73592347019718e-001 5.57899909278951e-001 1.48661530640584e+000 5.79732183618303e-001 8.14728565275023e-006 2472601 85
4.69363823184672e+005 1.67253324272974e+006 2.73593260370040e-001 5.88650556077578e-001 1.50972157765435e+000 5.84338985043419e-001 8.15654309313341e-006 2492008 86
4.69363273608720e+005 1.67251361598912e+006 6.00958399148676e+000 7.37349251741506e-001 -1.55938567934202e+000 5.86181292034085e-001 8.15697448793881e-006 2499944 87
4.69350672286919e+005 1.67249722370319e+006 2.73591573837740e-001 3.56565209757478e-001 1.03829611819819e+000 5.91889668378559e-001 8.58411407570461e-006 2524367 88
4.69360156400957e+005 1.67252284115527e+006 2.73592845910247e-001 6.99082956327724e-001 1.56801457731864e+000 5.92991189778314e-001 8.58416850225961e-006 2529330 89
4.69355832728377e+005 1.67251297601739e+006 2.73591983924823e-001 6.95007569402605e-001 1.56638467436750e+000 6.02437961762984e-001 8.58428125598519e-006 2570095 90
4.69356244233446e+005 1.67251097743316e+006 2.73592522862843e-001 4.80070604429759e-001 1.40387376247444e+000 6.06343640266369e-001 8.64717364183555e-006 2587066 91
4.69357393903897e+005 1.67252022417552e+006 2.73591721836728e-001 6.36973001046849e-001 1.53915570741905e+000 6.07758388092077e-001 8.65003680081844e-006 2593222 92
4.69359078709391e+005 1.67249512004551e+006 6.00958343962218e+000 9.34635027889322e-001 -1.51202261711478e+000 6.13972251309243e-001 8.65319634304294e-006 2620019 93
4.69359557080308e+005 1.67249635025000e+006 6.00958336583182e+000 9.87138713989559e-001 -1.50396897900327e+000 6.15329350335503e-001 8.65659517410215e-006 2625605 94
4.69360108928911e+005 1.67252831197590e+006 2.73591968674175e-001 4.88724185757772e-001 1.41537895977660e+000 6.19303014680743e-001 8.71134073108586e-006 2642347 95
4.69356279066150e+005 1.67251101145839e+006 2.73592536876725e-001 6.20644989794910e-001 1.53004742622150e+000 6.30592318234035e-001 8.71580257137333e-006 2691015 96
4.69369030279724e+005 1.67253728227307e+006 6.00958448192662e+000 7.38910601277753e-001 -1.55890629612110e+000 6.36646035118013e-001 8.71626017003518e-006 2716317 97
4.69368431980334e+005 1.67253343810007e+006 6.00958421561034e+000 9.92510814936307e-001 -1.50329784249397e+000 6.41706930295665e-001 8.71966940333573e-006 2738102 98
4.69357987244745e+005 1.67252213688938e+006 2.73591753195235e-001 3.56459355551631e-001 6.70225681173132e-001 6.42202453030260e-001 9.07602020069699e-006 2740154 99
4.69362297173208e+005 1.67253602439877e+006 2.73591981928436e-001 5.88518238320269e-001 1.50962570101016e+000 6.48099811199097e-001 9.08530413032122e-006 2765259 100
4.69357042627804e+005 1.67251591411838e+006 2.73592197524256e-001 7.01200040444669e-001 1.56887746711631e+000 6.50279822924099e-001 9.08533450979678e-006 2774511 101
4.69363214855156e+005 1.67251481426526e+006 6.00958421043284e+000 9.94283872884248e-001 -1.50301021256142e+000 6.50401368361452e-001 9.08875211517347e-006 2775060 102
4.69359152399205e+005 1.67252709075206e+006 2.73591628465684e-001 4.64589426824599e-001 1.38115099780267e+000 6.66196263883010e-001 9.16924329865615e-006 2842412 103
4.69358454670009e+005 1.67249177082127e+006 6.00958326454998e+000 8.52465700600392e-001 -1.52774638676107e+000 6.71545626279302e-001 9.17165661104492e-006 2865178 104
4.69355742916229e+005 1.67251268716013e+006 2.73591979074886e-001 4.93222989506280e-001 1.42113155842769e+000 6.88622690391259e-001 9.22254269290731e-006 2938472 105
4.69369281291213e+005 1.67253665419779e+006 2.73595754885579e-001 3.49605295723021e-001 9.63991718955046e-001 6.89280303047839e-001 9.68936087778852e-006 2941294 106
4.69366228263526e+005 1.67252653657801e+006 6.00958436355051e+000 9.74939016765663e-001 -1.50579063524277e+000 7.09884512583283e-001 9.69271195642314e-006 3029930 107
4.69361296406904e+005 1.67250231976846e+006 6.00958333031734e+000 8.28330941667219e-001 -1.53330723212378e+000 7.14698777187120e-001 9.69479399424436e-006 3050602 108
4.69350035933747e+005 1.67249439930117e+006 2.73591660443640e-001 5.20586301717795e-001 1.45229146778771e+000 7.21354015325773e-001 9.72716927892025e-006 3078327 109
4.69353490894974e+005 1.67250589601130e+006 2.73591787176342e-001 3.46958940576840e-001 9.14135863979003e-001 7.28438460099488e-001 1.02047946983873e-005 3108942 110
4.69366926264507e+005 1.67253358172126e+006 2.73594927514130e-001 7.20994776938105e-001 1.31111310922575e-001 7.39174181420542e-001 1.02076703094794e-005 3154796 111
4.69364895598464e+005 1.67253446754770e+006 2.73593664245052e-001 4.37437823024778e-001 3.74062727286599e-001 7.68984918942400e-001 1.02914621119177e-005 3281934 112
4.69351543910012e+005 1.67249889229055e+006 2.73591797408781e-001 3.89750503290591e-001 1.20876479155858e+000 7.81178512164845e-001 1.05509091528866e-005 3333211 113
4.69366642455736e+005 1.67252668792164e+006 6.00958415752534e+000 7.40260242402305e-001 -1.55842691290017e+000 7.82827303264335e-001 1.05513936308595e-005 3340247 114
4.69362719843686e+005 1.67251161241576e+006 6.00958398677301e+000 7.21047704041029e-001 -1.56513827799310e+000 7.83503366523105e-001 1.05515465782287e-005 3343166 115
4.69363624783152e+005 1.67253383698464e+006 2.73593057977221e-001 6.33665057114122e-001 1.53733405117954e+000 7.93722580227822e-001 1.05547017873064e-005 3387066 116
4.69358415994688e+005 1.67251806459814e+006 2.73592624231237e-001 6.05322593498520e-001 1.52074739173559e+000 7.95028577775162e-001 1.05611452397872e-005 3392593 117
4.69363335440299e+005 1.67251107296083e+006 6.00958356166886e+000 8.74430448313697e-001 -1.52314430784020e+000 8.02128217704132e-001 1.05638081621824e-005 3423597 118
4.69361924230976e+005 1.67252884271277e+006 2.73592892252422e-001 6.19401202876205e-001 1.52928041306803e+000 8.25927524837418e-001 1.05684188958843e-005 3526043 119
4.69351436782772e+005 1.67249888831071e+006 2.73591738651631e-001 5.19580686762246e-001 1.45123682470168e+000 8.30974897626237e-001 1.06013513931067e-005 3546919 120
4.69365781695131e+005 1.67252152697985e+006 6.00958383186411e+000 9.69037644789679e-001 -1.50665352504044e+000 8.32674374519851e-001 1.06046799990106e-005 3554180 121
4.69359861294536e+005 1.67252350027005e+006 2.73592579829328e-001 4.46170795007177e-001 1.35008696508683e+000 8.47303525966200e-001 1.07122861582081e-005 3616035 122
4.69360160821572e+005 1.67253030435837e+006 2.73591687544156e-001 5.69146918650222e-001 1.49553183431501e+000 8.56703987079010e-001 1.07259247886352e-005 3655947 123
4.69367375132074e+005 1.67253517926221e+006 6.00958507218326e+000 8.63580392214354e-001 -1.52544534730064e+000 8.62703384186867e-001 1.07284636241621e-005 3681613 124
4.69366996448516e+005 1.67252529525654e+006 6.00958374470955e+000 8.48893121153047e-001 -1.52860927655873e+000 8.62987191100069e-001 1.07308254024393e-005 3682894 125
4.69361403777902e+005 1.67250476992659e+006 6.00958365191112e+000 7.70640399480466e-001 -1.54874337183752e+000 8.65250568373229e-001 1.07319072409811e-005 3692454 126
4.69355581253656e+005 1.67251296243396e+006 2.73591846656783e-001 4.18569310832506e-001 1.29227334864345e+000 8.67092804898314e-001 1.08976302620154e-005 3700370 127
4.69351417445065e+005 1.67249850736862e+006 2.73591787185633e-001 3.47646992914847e-001 7.77032262794885e-001 8.78602048136597e-001 1.13378344374930e-005 3749597 128
4.69358921789267e+005 1.67252053877699e+006 2.73592519736216e-001 3.81943755609357e-001 1.17933066179388e+000 8.89256198077716e-001 1.16305510902731e-005 3795646 129
4.69363901054942e+005 1.67251514282877e+006 6.00958388121065e+000 8.26452029513430e-001 -1.53378661534471e+000 8.91342699194983e-001 1.16326028417105e-005 3804626 130
4.69367534201702e+005 1.67253571011947e+006 6.00958506658874e+000 7.07180803075039e-001 -1.57041149342326e+000 8.99132310750303e-001 1.16326053004828e-005 3838012 131
4.69361296902027e+005 1.67250329908043e+006 6.00958348236806e+000 9.21218007298183e-001 -1.51432365657521e+000 8.99569779544441e-001 1.16356761483743e-005 3839910 132
4.69354159111710e+005 1.67250713344111e+006 2.73591965069230e-001 3.51113718156344e-001 7.23341342051454e-001 9.02778346472366e-001 1.20381969314284e-005 3853404 133
4.69349980698171e+005 1.67249441733052e+006 2.73591627024463e-001 5.92170208421999e-001 1.51221437040315e+000 9.08031149693972e-001 1.20467774464552e-005 3875759 134
4.69369175787333e+005 1.67252989861704e+006 6.00958325282634e+000 7.23799913393057e-001 -1.56417951155126e+000 9.18777236039341e-001 1.20469707579565e-005 3921914 135
4.69362313567820e+005 1.67253345643822e+006 2.73592390430042e-001 3.68897224738683e-001 5.88442903683584e-001 9.20424007171139e-001 1.23224754082738e-005 3929007 136
4.69366499000395e+005 1.67252237921978e+006 6.00958356685644e+000 8.68026268859938e-001 -1.52448658085879e+000 9.28381933058262e-001 1.23250668174090e-005 3962952 137
4.69363343892175e+005 1.67253073439597e+006 2.73593384866444e-001 4.17404914568186e-001 1.28939704931791e+000 9.33071661183722e-001 1.24938652526075e-005 3982879 138
4.69360649209018e+005 1.67252979801270e+006 2.73592036987996e-001 3.50822619090264e-001 9.80482501754814e-001 9.35899662031720e-001 1.29542462873078e-005 3994990 139
4.69355771669053e+005 1.67250951834485e+006 2.73592487888879e-001 6.88523999294461e-001 1.56370012833033e+000 9.57646551337128e-001 1.29544867556922e-005 4087564 140
4.69365579095984e+005 1.67251848862057e+006 6.00958347156434e+000 9.92960695311158e-001 -1.50320196584979e+000 9.63605420869769e-001 1.29578998525277e-005 4112749 141
4.69368570676772e+005 1.67253367748997e+006 6.00958417597308e+000 7.09906548875606e-001 -1.56935685033723e+000 9.67266489780485e-001 1.29579187739433e-005 4128729 142
4.69369141581443e+005 1.67252981637959e+006 6.00958325899358e+000 7.22212100305349e-001 -1.56475477141636e+000 9.76759847949762e-001 1.29580874858503e-005 4169116 143
4.69363914119703e+005 1.67253266564653e+006 2.73593400529168e-001 3.81149849065502e-001 1.17607085589160e+000 9.78804621119534e-001 1.32544265053561e-005 4177700 144
4.69354199637286e+005 1.67250706323779e+006 2.73591998450203e-001 5.07407453089812e-001 1.43800584780419e+000 9.81255289501875e-001 1.32947724483249e-005 4188141 145
4.69359659053150e+005 1.67252148991533e+006 2.73592780425931e-001 3.94778578068336e-001 1.22573495757927e+000 1.00072437394524e+000 1.35348175784998e-005 4271501 146
4.69365946417793e+005 1.67252091230164e+006 6.00958364495888e+000 8.71254822138279e-001 -1.52381544434950e+000 1.01391166278576e+000 1.35374447041682e-005 4327634 147
4.69351609659677e+005 1.67249896146149e+006 2.73591823092173e-001 7.02311509606065e-001 1.56935685033723e+000 1.02956995512459e+000 1.35374640786768e-005 4394781 148
4.69349548271093e+005 1.67249315897476e+006 2.73591583073664e-001 3.61725602292531e-001 1.07655089922788e+000 1.03440701695353e+000 1.39343863344954e-005 4415122 149
4.69366856119045e+005 1.67253658963677e+006 2.73594420788016e-001 3.55797766765085e-001 1.03158475310526e+000 1.03654445971285e+000 1.43661328424730e-005 4424260 150
4.69361500030819e+005 1.67253107917295e+006 2.73592309284804e-001 4.49267030528209e-001 1.35564781044954e+000 1.03669540266597e+000 1.44686400740229e-005 4424851 151
4.69357672518365e+005 1.67251772649581e+006 2.73592264746314e-001 6.22656219706008e-001 1.53119794595172e+000 1.03897542910388e+000 1.44728810082126e-005 4434706 152
4.69362810212337e+005 1.67253076942297e+006 2.73593083627711e-001 3.46032716275676e-001 8.77798615833003e-001 1.04104917074427e+000 1.49498914052656e-005 4443213 153
4.69352045749044e+005 1.67250195660222e+006 2.73591598931726e-001 6.27816612241061e-001 1.53417012192145e+000 1.05330535386370e+000 1.49535885206695e-005 4495421 154
4.69361182607598e+005 1.67253460870278e+006 2.73591584378375e-001 3.46112106930062e-001 8.82688324686422e-001 1.06420605001020e+000 1.54310871588620e-005 4540911 155
4.69361811302451e+005 1.67250506026026e+006 6.00958347119790e+000 9.92748986899463e-001 -1.50320196584979e+000 1.06741810135186e+000 1.54345018571923e-005 4554719 156
4.69352112452849e+005 1.67250206246675e+006 2.73591619436580e-001 4.80123531532683e-001 1.40396963911863e+000 1.07081836987087e+000 1.54973290057160e-005 4569250 157
4.69360318888373e+005 1.67252150743391e+006 2.73593143415156e-001 3.90703191143217e-001 1.21202459746086e+000 1.07429440320504e+000 1.57530284516360e-005 4584359 158
4.69350170099708e+005 1.67249519015431e+006 2.73591611796166e-001 6.61901666523876e-001 1.55181142445143e+000 1.07829717582868e+000 1.57542288391082e-005 4601385 159
4.69365210141969e+005 1.67253721950438e+006 2.73593410544500e-001 5.64251161629787e-001 1.49169676854762e+000 1.08001616043332e+000 1.57691983663577e-005 4608501 160
4.69350485775326e+005 1.67249610490628e+006 2.73591644480817e-001 6.41021924420506e-001 1.54136087023530e+000 1.08847421993252e+000 1.57717260507189e-005 4644406 161
4.69355070902761e+005 1.67251006195650e+006 2.73592014932438e-001 3.84669501409923e-001 1.19006884594256e+000 1.08988255887545e+000 1.60523870662211e-005 4650634 162
4.69360331190253e+005 1.67252829719753e+006 2.73592094160819e-001 6.59652264649623e-001 1.55066090472121e+000 1.09077647552262e+000 1.60537112059263e-005 4654531 163
4.69349819804249e+005 1.67249388334119e+006 2.73591620904779e-001 4.26217277204970e-001 1.31001052781762e+000 1.09120638680939e+000 1.62007407342371e-005 4656423 164
4.69353691391083e+005 1.67250564963431e+006 2.73591936624099e-001 4.19601389339516e-001 1.29476614139225e+000 1.09545791005030e+000 1.63638018288169e-005 4674003 165
4.69363517281569e+005 1.67253161349497e+006 2.73593344233089e-001 3.46509060201989e-001 8.07521035645619e-001 1.09999695889734e+000 1.68202219438763e-005 4693832 166
4.69366936900456e+005 1.67252948961160e+006 6.00958443010555e+000 8.14146478083687e-001 -1.53685466795862e+000 1.10056236812739e+000 1.68220798482112e-005 4696330 167
4.69361634769742e+005 1.67250511392022e+006 6.00958357738844e+000 9.12008691389472e-001 -1.51595355952635e+000 1.11217850631854e+000 1.68250834129216e-005 4746360 168
4.69358765863969e+005 1.67252179396105e+006 2.73592238084200e-001 4.16690398678717e-001 1.28767126972259e+000 1.11986812035366e+000 1.69957551027897e-005 4779252 169
4.69364773223927e+005 1.67251445677469e+006 6.00958329109938e+000 7.43330014371875e-001 -1.55737226981414e+000 1.12037417193008e+000 1.69962998880657e-005 4781412 170
4.69358095078022e+005 1.67251656221550e+006 2.73592680042605e-001 3.46667841510760e-001 9.05506966002380e-001 1.12058609323331e+000 1.74744140732514e-005 4782254 171
4.69360050985789e+005 1.67252054743052e+006 2.73593144248483e-001 6.20353890728830e-001 1.52985567293313e+000 1.13985110331551e+000 1.74789125886950e-005 4865015 172
4.69352736709103e+005 1.67250334812941e+006 2.73591765462452e-001 4.64245400655595e-001 1.38067161458174e+000 1.15206565571483e+000 1.75598104294343e-005 4915873 173
4.69362666187392e+005 1.67251037968764e+006 6.00958382477117e+000 9.36566867146034e-001 -1.51173498718223e+000 1.15861907949713e+000 1.75629788963839e-005 4943876 174
4.69353907017019e+005 1.67250517694751e+006 2.73592129658032e-001 5.97092428993896e-001 1.51547417630543e+000 1.16800661571099e+000 1.75707067179590e-005 4984342 175
4.69358441963817e+005 1.67251999586526e+006 2.73592338236504e-001 3.75063232229285e-001 1.14970477874081e+000 1.18059633729470e+000 1.78959385552400e-005 5038061 176
4.69355925121427e+005 1.67251076928781e+006 2.73592378368607e-001 3.48943706936476e-001 9.54116424604022e-001 1.18639085376496e+000 1.83659843383762e-005 5062627 177
4.69356737332397e+005 1.67251681338848e+006 2.73591888441523e-001 4.60699284759712e-001 1.37501489257485e+000 1.18938248069254e+000 1.84515700260087e-005 5075081 178
4.69361454439438e+005 1.67250702224069e+006 6.00958397416236e+000 9.56864411117245e-001 -1.50847518127995e+000 1.19075956422253e+000 1.84548473378238e-005 5080669 179
4.69363198466802e+005 1.67251021495602e+006 6.00958350413086e+000 8.29204238865459e-001 -1.53311547883541e+000 1.19997383927879e+000 1.84569407953185e-005 5120054 180
4.69363374488383e+005 1.67253816183416e+006 2.73592246574248e-001 6.49199161822206e-001 1.54548356593524e+000 1.21098064390084e+000 1.84588908628693e-005 5167172 181
4.69365573595618e+005 1.67252022704405e+006 6.00958374500971e+000 8.69852253910803e-001 -1.52410307428205e+000 1.21159555224053e+000 1.84615028398576e-005 5169794 182
4.69360554169146e+005 1.67250225981799e+006 6.00958373238209e+000 8.44817734227928e-001 -1.52947216635640e+000 1.21453306477812e+000 1.84638157940561e-005 5182463 183
4.69368697068037e+005 1.67253720295751e+006 2.73595345729286e-001 3.47144185437072e-001 9.18546189611499e-001 1.21974993712901e+000 1.89409799177473e-005 5205025 184
4.69360396842604e+005 1.67249959040801e+006 6.00958340437297e+000 8.47781651991651e-001 -1.52880102984710e+000 1.23590788715473e+000 1.89433321381013e-005 5272676 185
4.69350437142884e+005 1.67249591208793e+006 2.73591647517011e-001 4.37226114613084e-001 1.33311679906613e+000 1.23736739484539e+000 1.90670971749634e-005 5278738 186
4.69360009138034e+005 1.67249901581681e+006 6.00958352988705e+000 8.48205068815040e-001 -1.52870515320292e+000 1.23757118249716e+000 1.90694549868315e-005 5279606 187
4.69354912976177e+005 1.67250800551799e+006 2.73592247259637e-001 4.42995168831759e-001 1.34423848979156e+000 1.24264316973179e+000 1.91825358287752e-005 5301408 188
4.69354781934096e+005 1.67250961582687e+006 2.73591924161189e-001 4.54877303438113e-001 1.36542722815638e+000 1.24798653049123e+000 1.92763469807141e-005 5324543 189
4.69353552449517e+005 1.67250705495217e+006 2.73591641031426e-001 5.55650507404697e-001 1.48479365016633e+000 1.27498767297957e+000 1.92938806418025e-005 5440477 190
4.69359654157020e+005 1.67249594630944e+006 6.00958324919589e+000 7.68655633120830e-001 -1.54931863170263e+000 1.28184033422482e+000 1.92949252729882e-005 5470193 191
4.69365573259744e+005 1.67252287408806e+006 6.00958415691976e+000 7.50395782612179e-001 -1.55507123035371e+000 1.28264795076292e+000 1.92956064665797e-005 5473712 192
4.69349758616315e+005 1.67249373188604e+006 2.73591610548278e-001 5.96616085067584e-001 1.51518654637288e+000 1.28975653326677e+000 1.93034087802921e-005 5503680 193
4.69356197540851e+005 1.67251135862585e+006 2.73592437692510e-001 4.16796252884564e-001 1.28795889965514e+000 1.29967057020238e+000 1.94737794200051e-005 5545839 194
4.69365621115311e+005 1.67253761754725e+006 2.73593576413596e-001 6.18660223435274e-001 1.78666126438185e-001 1.30824423833940e+000 1.94818325753388e-005 5582637 195
4.69369396534096e+005 1.67253175625319e+006 6.00958341941583e+000 7.85063035027154e-001 -1.54462067613758e+000 1.30851362915244e+000 1.94831841774282e-005 5583810 196
4.69350007941713e+005 1.67249444677287e+006 2.73591637544967e-001 6.05084421535364e-001 1.52065151509140e+000 1.31010557310110e+000 1.94896519499068e-005 5590738 197
4.69357869591570e+005 1.67248971740109e+006 6.00958326943768e+000 7.70852107892161e-001 -1.54864749519333e+000 1.32178786590347e+000 1.94907403750635e-005 5640107 198
4.69359812649118e+005 1.67249835571573e+006 6.00958353611808e+000 7.59896197586970e-001 -1.55200317773980e+000 1.32976139531968e+000 1.94916125717152e-005 5673868 199
4.69369063511893e+005 1.67253068386969e+006 6.00958343719320e+000 7.73419072383957e-001 -1.54797635868404e+000 1.36017267313438e+000 1.94927438353672e-005 5803622 200
