5.69654533857125e+004 1.73618059775988e+006 6.25038097860679e+000 7.20280261048636e-001 -1.57041149342326e+000 1.71298836098536e-005 2.36146764289174e-012 60 1
5.69594102429355e+004 1.73619116300412e+006 3.27953449973446e-002 2.32742252467655e-001 1.43388315210425e+000 1.24859564586358e-004 2.34103503815824e-007 502 2
5.69657257655427e+004 1.73620839802458e+006 6.25038134669669e+000 8.87609296941680e-001 -1.56552178456984e+000 1.84828078495648e-003 2.34190344234809e-007 8247 3
5.69638494528776e+004 1.73620873536677e+006 6.25038243259806e+000 8.06207412645143e-001 -1.56772694738609e+000 2.52320025138898e-003 2.34236678965209e-007 11210 4
5.69657528698503e+004 1.73617139890090e+006 6.25038063263905e+000 8.68661394095022e-001 -1.56533003128147e+000 3.90021110547621e-003 2.34332924523942e-007 17256 5
5.69587061300657e+004 1.73621478267969e+006 3.27944940565447e-002 4.58793909054462e-001 1.54749697546312e+000 4.44119198428511e-003 2.38017623818641e-007 19572 6
5.69591408639946e+004 1.73618721714609e+006 3.27952644897192e-002 1.85160786939315e-001 1.33944465758232e+000 4.51300620644763e-003 1.02972972479575e-006 19889 7
5.69590317756178e+004 1.73618871388334e+006 3.27951734732320e-002 6.88365217985690e-001 1.56954860362560e+000 4.65290681325543e-003 1.02974594216204e-006 20442 8
5.69634720870729e+004 1.73621563441621e+006 3.27972200546270e-002 2.94111228307599e-001 1.49140913861507e+000 5.54635036600799e-003 1.09285173092153e-006 24274 9
5.69604914580005e+004 1.73619802696056e+006 3.27958375149737e-002 2.25808801984660e-001 1.42391198110904e+000 5.86409562185955e-003 1.36928190786387e-006 25634 10
5.69585437553067e+004 1.73618438443918e+006 3.27949744088133e-002 2.42719011368758e-001 1.44663474578082e+000 5.97191220011245e-003 1.55484652591796e-006 26120 11
5.69581363749820e+004 1.73618033353107e+006 3.27948164827374e-002 4.10021583710340e-001 1.53829281762139e+000 6.18531878152358e-003 1.56271020743709e-006 27001 12
5.69647492680652e+004 1.73619192238523e+006 6.25038159750770e+000 7.88159270548187e-001 -1.56801457731864e+000 6.29623222566752e-003 1.56275201195727e-006 27406 13
5.69592047028335e+004 1.73621156865888e+006 3.27948415737428e-002 5.93863875715555e-001 1.56322074510941e+000 6.74124567202013e-003 1.56312043219301e-006 29157 14
5.69574016000537e+004 1.73618159250811e+006 3.27943699607262e-002 2.87892293714073e-001 9.90885117648854e-002 8.11155248201194e-003 1.57462627104304e-006 35132 15
5.69663022398657e+004 1.73619074317182e+006 6.25038068173831e+000 7.68232216297441e-001 -1.56868571382794e+000 1.03468273315867e-002 1.57465508265044e-006 44868 16
5.69589447950025e+004 1.73619524154835e+006 3.27950002153304e-002 6.58302623525070e-001 1.56782282403027e+000 1.03973020825750e-002 1.57472397418917e-006 45118 17
5.69648096579162e+004 1.73619186656245e+006 6.25038156170838e+000 9.13146624102330e-001 -1.56465889477218e+000 1.12265638939527e-002 1.57482715913145e-006 48591 18
5.69593881025399e+004 1.73620421516667e+006 3.27950858919300e-002 4.31986331423645e-001 1.54270314325388e+000 1.17103737350971e-002 1.58043410083487e-006 50677 19
5.69670979936196e+004 1.73620957094249e+006 6.25038057932973e+000 8.92663835270886e-001 -1.56542590792566e+000 1.20487504163907e-002 1.58052229198194e-006 51989 20
5.69572091742676e+004 1.73617336454787e+006 3.27944145521478e-002 2.45180121654707e-001 1.44970279839473e+000 1.21251537342901e-002 1.75558386964239e-006 52332 21
5.69605662074584e+004 1.73619750983878e+006 3.27958902833780e-002 3.18801721821471e-001 1.50598238853114e+000 1.33384639205101e-002 1.79460155680274e-006 57494 22
5.69585835166811e+004 1.73618745695451e+006 3.27949392903684e-002 3.97451396765979e-001 1.53503301171911e+000 1.48831078476373e-002 1.80434815303461e-006 64169 23
5.69647991959310e+004 1.73620388579001e+006 6.25038179461880e+000 8.42727113662445e-001 -1.56657642765587e+000 1.55616833758184e-002 1.80441702846098e-006 66905 24
5.69594554821929e+004 1.73620774897775e+006 3.27950579567079e-002 1.59438214918433e-001 1.23963707098605e+000 1.56308368466539e-002 3.49288021016986e-006 67200 25
5.69583056168498e+004 1.73618648181511e+006 3.27947978053691e-002 2.70770375918280e-001 1.47463072588275e+000 1.60758469537571e-002 3.59342523606079e-006 69147 26
5.69587431029199e+004 1.73618307516247e+006 3.27951138181925e-002 3.08824962920367e-001 1.50090092638936e+000 1.61557159885283e-002 3.64028795292139e-006 69490 27
5.69587367381906e+004 1.73618319967699e+006 3.27951078059082e-002 2.52431134755244e-001 1.45746880657369e+000 1.62387114098098e-002 3.78945094725643e-006 69862 28
5.69649708721997e+004 1.73618879651144e+006 6.25038141099804e+000 9.69064108341141e-001 -1.56350837504196e+000 1.77662584235133e-002 3.78956909946587e-006 76350 29
5.69575844073188e+004 1.73617698425089e+006 3.27945621227550e-002 3.42063183556404e-001 1.51700820261238e+000 1.86844535428275e-002 3.81479501447146e-006 80201 30
5.69569209110658e+004 1.73616726790036e+006 3.27943637732688e-002 3.43518678886804e-001 1.51777521576586e+000 1.87831740685455e-002 3.83924910244984e-006 80617 31
5.69587274457053e+004 1.73618886508766e+006 3.27949955214314e-002 5.27943169024179e-001 1.55746814645833e+000 1.94014389052048e-002 3.84039283496804e-006 83155 32
5.69603990802086e+004 1.73621048633781e+006 3.27955491851561e-002 2.47641231940655e-001 1.45181208456679e+000 1.94264043182064e-002 4.00735679923179e-006 83248 33
5.69587244271599e+004 1.73618996267376e+006 3.27949730671903e-002 4.31695232357565e-001 1.54289489654225e+000 2.02130975822260e-002 4.01291337282026e-006 86522 34
5.69584344429431e+004 1.73618657202305e+006 3.27948702234848e-002 1.72961089715419e-001 1.29936822031312e+000 2.04867068332342e-002 5.13571484631666e-006 87671 35
5.69647057162228e+004 1.73619090546380e+006 6.25038160336854e+000 9.40324691453612e-001 -1.56408363490707e+000 2.11145176934464e-002 5.13582599065051e-006 90327 36
5.69583089867760e+004 1.73618045167191e+006 3.27949135663016e-002 2.17949127200501e-001 1.41183152394177e+000 2.13495375087752e-002 5.46971822378401e-006 91356 37
5.69657283533365e+004 1.73617238530844e+006 6.25038066536650e+000 8.33200235136192e-001 -1.56628879772332e+000 2.18990983496606e-002 5.46979644778112e-006 93773 38
5.69596141112032e+004 1.73619506354524e+006 3.27953886682376e-002 6.92546459116656e-001 1.56964448026978e+000 2.53068221656723e-002 5.46981058189484e-006 108426 39
5.69570862007340e+004 1.73617063231388e+006 3.27943953699655e-002 1.79285878514792e-001 1.32170747840815e+000 2.54958545607246e-002 6.40317994308925e-006 109268 40
5.69658825604423e+004 1.73619068678592e+006 6.25038092213817e+000 8.78558762341740e-001 -1.56542590792566e+000 2.58127128513324e-002 6.40327127923231e-006 110551 41
5.69663517477847e+004 1.73618881412973e+006 6.25038061683720e+000 7.56905816271785e-001 -1.56906922040468e+000 2.60742240451882e-002 6.40329308389830e-006 111637 42
5.69611626657891e+004 1.73620461418666e+006 3.27960993547282e-002 3.24464921834299e-001 1.50866693456832e+000 2.63691453435568e-002 6.43851435762110e-006 112849 43
5.69581839481431e+004 1.73618130567376e+006 3.27948255046219e-002 6.49199161822206e-001 1.56753519409772e+000 2.67191575343835e-002 6.43859633536746e-006 114433 44
5.69637333773788e+004 1.73621143773651e+006 6.25038255039379e+000 7.86915483629481e-001 -1.56839808389538e+000 2.67228448362069e-002 6.43862965795307e-006 114453 45
5.69568844975066e+004 1.73616701918519e+006 3.27943475168821e-002 1.61131882211989e-001 1.24903298211615e+000 2.80460540908113e-002 8.03712504179343e-006 120347 46
5.69582573888262e+004 1.73618622750122e+006 3.27947748573820e-002 5.00500466158279e-001 1.55420834055605e+000 2.81183289044638e-002 8.03892811484406e-006 120665 47
5.69640518058866e+004 1.73621323532448e+006 6.25038240111945e+000 9.50671940075181e-001 -1.56427538819544e+000 2.85348854015057e-002 8.03903185075930e-006 122488 48
5.69653994052447e+004 1.73617993716347e+006 6.25038099719417e+000 7.40577805019847e-001 -1.56954860362560e+000 2.89392311818342e-002 8.03904565862082e-006 124077 49
5.69569001187325e+004 1.73616787323293e+006 3.27943403842597e-002 5.62187004615765e-001 1.56130321222571e+000 2.96603543585324e-002 8.03963507760898e-006 127148 50
5.69585132377498e+004 1.73620240687487e+006 3.27946166703513e-002 6.65633027279992e-001 1.56811045396283e+000 3.00639463728074e-002 8.03969249142262e-006 129021 51
5.69668504204742e+004 1.73620457597120e+006 6.25038062747625e+000 9.28416093295796e-001 -1.56456301812799e+000 3.07027570127514e-002 8.03979439845806e-006 131693 52
5.69656914088595e+004 1.73617500441258e+006 6.25038073606675e+000 7.45632343349053e-001 -1.56926097369304e+000 3.12891051617393e-002 8.03981317113888e-006 134037 53
5.69598011969704e+004 1.73621095322223e+006 3.27951963817269e-002 2.35097508547756e-001 1.43666357478561e+000 3.32507142365543e-002 8.26218433341255e-006 142406 54
5.69657978232564e+004 1.73617372666021e+006 6.25038065071859e+000 8.01946780859791e-001 -1.56724756416517e+000 3.39281632910630e-002 8.26224305024591e-006 145449 55
5.69575900034425e+004 1.73617568324143e+006 3.27945898996434e-002 5.74492556045508e-001 1.56226197866756e+000 3.41274831922457e-002 8.26271966593079e-006 146347 56
5.69605935219476e+004 1.73620406249914e+006 3.27957823115368e-002 7.05884089053410e-001 1.57012386349071e+000 3.49900056394727e-002 8.26272554109097e-006 150027 57
5.69636109042061e+004 1.73621276488572e+006 6.25038264591052e+000 8.14755139767309e-001 -1.56753519409772e+000 3.51171743502320e-002 8.26277527674422e-006 150556 58
5.69638967927489e+004 1.73619997031185e+006 6.25038223990405e+000 8.20074313611133e-001 -1.56715168752098e+000 3.60481590211314e-002 8.26283353636088e-006 154372 59
5.69611857799893e+004 1.73620751311606e+006 3.27960579333718e-002 2.74845762843399e-001 1.47760290185247e+000 3.73736126973230e-002 8.35573051993315e-006 160152 60
5.69658287289935e+004 1.73617029887607e+006 6.25038056822612e+000 8.25234706146187e-001 -1.56648055101169e+000 3.78774239447734e-002 8.35580520570020e-006 162420 61
5.69583866738159e+004 1.73619026282985e+006 3.27947730736867e-002 2.38934723509719e-001 1.44193679021577e+000 3.90045364391494e-002 8.55842711804689e-006 167289 62
5.69655592632245e+004 1.73621285130936e+006 6.25038152655959e+000 8.99385577342187e-001 -1.56533003128147e+000 3.90974526407449e-002 8.55851627820333e-006 167712 63
5.69604399613208e+004 1.73621579495033e+006 3.27954725029269e-002 1.70579370083856e-001 1.28968467925047e+000 3.96635129971461e-002 9.76585167899136e-006 170254 64
5.69654608119678e+004 1.73618641172979e+006 6.25038108408943e+000 9.56176358779238e-001 -1.56370012833033e+000 4.10989844190134e-002 9.76596843960365e-006 176282 65
5.69635352680448e+004 1.73621236709046e+006 6.25038268191854e+000 8.70540306248811e-001 -1.56600116779077e+000 4.15626328189783e-002 9.76604662268373e-006 178310 66
5.69568720320051e+004 1.73616648250690e+006 3.27943504747195e-002 2.62751919825351e-001 1.46791936078982e+000 4.25695322692888e-002 9.88464843391799e-006 182634 67
5.69668104240121e+004 1.73620662572140e+006 6.25038068918306e+000 9.65226893379178e-001 -1.56389188161870e+000 4.32156091523515e-002 9.88475804763791e-006 185554 68
5.69576500144068e+004 1.73617652255370e+006 3.27946085851142e-002 7.01676384370982e-001 1.57041149342326e+000 4.35026908077752e-002 9.88476054904419e-006 186634 69
5.69592663428337e+004 1.73618665896862e+006 3.27953472206775e-002 4.43153950140530e-001 1.54519593600269e+000 4.53507011745174e-002 9.88935674109415e-006 194480 70
5.69576481908315e+004 1.73617854373526e+006 3.27945693852528e-002 6.46790978639181e-001 1.56743931745354e+000 4.55702610769321e-002 9.88944319258469e-006 195470 71
5.69604774001857e+004 1.73619818054817e+006 3.27958265276776e-002 5.98283288809678e-001 1.56379600497452e+000 4.75374653278724e-002 9.88976391770580e-006 203747 72
5.69608641145563e+004 1.73620382949825e+006 3.27959423950684e-002 6.66109371206305e-001 1.56811045396283e+000 4.82348176253676e-002 9.88982124123191e-006 206564 73
5.69569694157836e+004 1.73616789778776e+006 3.27943797916630e-002 5.75127681280592e-001 1.56245373195593e+000 4.98763596008232e-002 9.89028026295140e-006 213532 74
5.69569213938923e+004 1.73616759886121e+006 3.27943578040507e-002 1.33398080280008e-001 1.01681974990081e+000 5.10635249441322e-002 1.36719188836560e-005 218482 75
5.69657201930815e+004 1.73618369719122e+006 6.25038088360819e+000 9.38789805468826e-001 -1.56398775826289e+000 5.12581581015607e-002 1.36720329061705e-005 219228 76
5.69599377640820e+004 1.73620801825756e+006 3.27953303541669e-002 5.08016114773434e-001 1.55478360042116e+000 5.14517509223082e-002 1.36736853453665e-005 220013 77
5.69661015971906e+004 1.73618038061597e+006 6.25038060155415e+000 8.28039842601139e-001 -1.56657642765587e+000 5.15906275879734e-002 1.36737569371056e-005 220557 78
5.69603085889101e+004 1.73619733686085e+006 3.27957453271232e-002 6.71031591778202e-001 1.56849396053957e+000 5.27904353091676e-002 1.36738013431443e-005 225499 79
5.69602244192010e+004 1.73619721279429e+006 3.27956992417632e-002 6.81881647877545e-001 1.56906922040468e+000 5.49413782204318e-002 1.36738287766739e-005 234462 80
5.69664274517548e+004 1.73618704895379e+006 6.25038053995739e+000 7.63812803203319e-001 -1.56878159047212e+000 5.52233654124318e-002 1.36738559245249e-005 235692 81
5.69660612330693e+004 1.73617587990827e+006 6.25038053981275e+000 7.27266638634555e-001 -1.57002798684652e+000 5.52701941708043e-002 1.36738626918989e-005 235914 82
5.69575854671796e+004 1.73618927112613e+006 3.27943308143726e-002 4.61255019340410e-001 1.54835986526078e+000 5.67781809408758e-002 1.36772989413757e-005 242224 83
5.69624926558787e+004 1.73621372392154e+006 3.27966926057007e-002 6.38190324414092e-001 1.56628879772332e+000 5.73703233756138e-002 1.36774395779160e-005 244778 84
5.69569854353360e+004 1.73616996925396e+006 3.27943499089762e-002 6.74551244122623e-001 1.56916509704886e+000 5.74034486133195e-002 1.36774652875451e-005 244872 85
5.69642608002797e+004 1.73620439583755e+006 6.25038211401285e+000 8.57467311826675e-001 -1.56619292107913e+000 5.75608923352404e-002 1.36775411602184e-005 245532 86
5.69659739317638e+004 1.73617946575556e+006 6.25038065773658e+000 8.24176164087714e-001 -1.56667230430006e+000 5.80218745470371e-002 1.36776109594116e-005 247554 87
5.69622105214028e+004 1.73621439672569e+006 3.27965175806302e-002 4.74222159556699e-001 1.54998976821192e+000 5.98369024945640e-002 1.36804896258283e-005 255396 88
5.69657344653992e+004 1.73617172182309e+006 6.25038064932444e+000 7.80537767727184e-001 -1.56791870067446e+000 5.99124109869659e-002 1.36805346396846e-005 255721 89
5.69597454680385e+004 1.73619767246292e+006 3.27954149996132e-002 2.37743863693937e-001 1.44030688726463e+000 6.09644816162463e-002 1.38891197502248e-005 260327 90
5.69573161601350e+004 1.73617174421888e+006 3.27945066919365e-002 4.53845224931102e-001 1.54740109881893e+000 6.12397890636991e-002 1.38929173215996e-005 261448 91
5.69591781766497e+004 1.73619240143034e+006 3.27951881009772e-002 5.48637666267317e-001 1.55957743263039e+000 6.15456215187205e-002 1.38937226020874e-005 262767 92
5.69615979530886e+004 1.73620435680866e+006 3.27963546554461e-002 6.14134956135304e-001 1.56485064806055e+000 6.18069479341525e-002 1.38939577063911e-005 263966 93
5.69652717570382e+004 1.73617838386640e+006 6.25038104131456e+000 8.73610078218381e-001 -1.56533003128147e+000 6.20213972076827e-002 1.38940527565933e-005 264994 94
5.69574632110168e+004 1.73617610948867e+006 3.27945089028518e-002 6.55788586136198e-001 1.56801457731864e+000 6.36499178378758e-002 1.38941154026212e-005 272085 95
5.69603427361456e+004 1.73620874129896e+006 3.27955497064049e-002 3.60984622851601e-001 1.52362369106113e+000 6.46376873751642e-002 1.39124812757457e-005 276248 96
5.69568470573897e+004 1.73616637915976e+006 3.27943380559829e-002 2.33906648731974e-001 1.43589656163213e+000 6.50559896580658e-002 1.41391880551730e-005 278241 97
5.69655936827573e+004 1.73617718038377e+006 6.25038083337254e+000 7.25546507789537e-001 -1.57012386349071e+000 6.53646249779307e-002 1.41391935857394e-005 279545 98
5.69658751105992e+004 1.73616763298997e+006 6.25038049121249e+000 7.95621992060418e-001 -1.56734344080935e+000 6.55859621949271e-002 1.41392508486391e-005 280582 99
5.69569327243123e+004 1.73616815602963e+006 3.27943538063714e-002 6.39143012266717e-001 1.56715168752098e+000 6.67296811245605e-002 1.41393516645280e-005 285648 100
5.69585081534734e+004 1.73618284647864e+006 3.27949829549543e-002 6.56185539408125e-001 1.56791870067446e+000 6.72580923482261e-002 1.41394176053272e-005 288007 101
5.69590761558015e+004 1.73619791013902e+006 3.27950254232137e-002 4.69273475433339e-001 1.54951038499100e+000 6.72728814980057e-002 1.41424686009041e-005 288059 102
5.69579990593313e+004 1.73617966079907e+006 3.27947501752485e-002 4.60249404384861e-001 1.54835986526078e+000 6.80530298172354e-002 1.41459213895966e-005 291282 103
5.69655134228914e+004 1.73617634083228e+006 6.25038086370167e+000 9.83751379402447e-001 -1.56302899182104e+000 6.86557224211998e-002 1.41460475490395e-005 293758 104
5.69582734454500e+004 1.73617996878803e+006 3.27949022320320e-002 4.77159613768960e-001 1.55104441129795e+000 6.97883871119445e-002 1.41486687774493e-005 298578 105
5.69654349705445e+004 1.73620970542972e+006 6.25038153868540e+000 8.22641278102929e-001 -1.56724756416517e+000 7.02147342976906e-002 1.41487242936501e-005 300342 106
5.69596876975325e+004 1.73621172563099e+006 3.27951165006003e-002 6.83098971244789e-001 1.56887746711631e+000 7.08148729802481e-002 1.41487564723530e-005 302980 107
5.69606137506333e+004 1.73620715670810e+006 3.27957355444680e-002 3.29016652685730e-001 1.51077622074038e+000 7.12445233099169e-002 1.41811829180758e-005 304757 108
5.69605844554548e+004 1.73621130912137e+006 3.27956403098029e-002 6.82966653487480e-001 1.56887746711631e+000 7.25462647211162e-002 1.41812151104958e-005 310399 109
5.69570625652668e+004 1.73617032868781e+006 3.27943875020962e-002 2.47852940352350e-001 1.45277085100864e+000 7.27092098187509e-002 1.43459265437513e-005 311031 110
5.69658074284496e+004 1.73619803227544e+006 6.25038110403201e+000 7.58652410668265e-001 -1.56916509704886e+000 7.32502343167702e-002 1.43459463971308e-005 313451 111
5.69640126620888e+004 1.73621384825329e+006 3.27975647891900e-002 1.42898495254799e-001 1.12736552064577e+000 7.33125796032578e-002 1.71813167734401e-005 313698 112
5.69589483006074e+004 1.73621376524629e+006 3.27946525925992e-002 1.97175239302978e-001 2.16153894314402e-001 7.36573098815399e-002 1.73330932273419e-005 315151 113
5.69574839958277e+004 1.73617359490033e+006 3.27945683255050e-002 3.69955766797155e-001 1.52726700354015e+000 7.44814155650097e-002 1.73484922176871e-005 318718 114
5.69660324010600e+004 1.73617479806062e+006 6.25038053597813e+000 7.31368489111136e-001 -1.56983623355815e+000 7.66377153417055e-002 1.73485016656008e-005 327766 115
5.69648215502274e+004 1.73618608979151e+006 6.25038144581485e+000 8.41827352912743e-001 -1.56628879772332e+000 7.71695888319892e-002 1.73485781368132e-005 330192 116
5.69572338349696e+004 1.73617068012145e+006 3.27944794105618e-002 6.02014649565794e-001 1.56456301812799e+000 7.77042944938516e-002 1.73488424400542e-005 332438 117
5.69579279169374e+004 1.73617649367677e+006 3.27947690239208e-002 5.33844541000163e-001 1.55833103625599e+000 7.78503294377537e-002 1.73498488838453e-005 333000 118
5.69579461712350e+004 1.73618516553367e+006 3.27946158415217e-002 1.58220891551189e-001 1.23369271904660e+000 7.98608857144509e-002 1.91002511382608e-005 341551 119
5.69640726774169e+004 1.73620441862886e+006 6.25038222267951e+000 9.62898100850538e-001 -1.56389188161870e+000 7.98982593904078e-002 1.91003613360548e-005 341770 120
5.69661168049613e+004 1.73620590226291e+006 6.25038107459887e+000 8.10838534150960e-001 -1.56753519409772e+000 8.02837968795403e-002 1.91004116017658e-005 343424 121
5.69570115480582e+004 1.73616959139372e+006 3.27943720654793e-002 5.79996974749565e-001 1.56283723853267e+000 8.30603155858972e-002 1.91008305230154e-005 354977 122
5.69654866579923e+004 1.73618304868662e+006 6.25038100573173e+000 9.06054392310564e-001 -1.56465889477218e+000 8.31290267423365e-002 1.91009354932265e-005 355268 123
5.69651039999120e+004 1.73619310977954e+006 6.25038141582649e+000 8.39339779075333e-001 -1.56648055101169e+000 8.39651130853610e-002 1.91010074456022e-005 358862 124
5.69575181563603e+004 1.73618248903189e+006 3.27944201001223e-002 4.46356039867409e-001 1.54586707251198e+000 8.44100835312622e-002 1.91053505115902e-005 360807 125
5.69669417443573e+004 1.73620793139574e+006 6.25038063827636e+000 9.61098579351135e-001 -1.56398775826289e+000 8.56445132901444e-002 1.91054587924160e-005 366153 126
5.69576940132895e+004 1.73618709442302e+006 3.27944343526181e-002 1.65630685960497e-001 1.26964646061586e+000 8.67177253992925e-002 2.05017226695208e-005 370857 127
5.69658078402858e+004 1.73616589259458e+006 6.25038049706146e+000 8.68634930543560e-001 -1.56523415463729e+000 8.73212628289450e-002 2.05018215511369e-005 373469 128
5.69655633121784e+004 1.73618668968095e+006 6.25038103036247e+000 7.18348421791924e-001 -1.57060324671163e+000 8.73212637112228e-002 2.05018223647006e-005 373470 129
5.69608710972626e+004 1.73620726742234e+006 3.27958815187352e-002 2.25279530955423e-001 1.42295321466720e+000 8.77236238259140e-002 2.07822452979902e-005 375116 130
5.69571454105430e+004 1.73617448398738e+006 3.27943567352510e-002 1.99424641177232e-001 1.37606953566088e+000 8.82921096668244e-002 2.13183594852999e-005 377443 131
5.69590603241409e+004 1.73618611708704e+006 3.27952389150437e-002 3.82155464021051e-001 1.53081443937498e+000 8.85734907397678e-002 2.13309563358071e-005 378676 132
5.69568886441338e+004 1.73616734553183e+006 3.27943437427734e-002 4.95101901660069e-001 1.55382483397931e+000 8.87043549481514e-002 2.13328692046017e-005 379304 133
5.69620896314610e+004 1.73620890167130e+006 3.27965517524902e-002 3.90650264040293e-001 1.53282784890286e+000 8.96997112940095e-002 2.13439616246682e-005 383485 134
5.69661250452085e+004 1.73621094675429e+006 6.25038116508550e+000 9.91399345774911e-001 -1.56350837504196e+000 8.98011696045176e-002 2.13440739998442e-005 383997 135
5.69568952122675e+004 1.73616785638752e+006 3.27943378792300e-002 1.75051710280902e-001 2.79815986053041e-001 9.01584407938955e-002 2.16887546605807e-005 385553 136
5.69614112906489e+004 1.73620840290559e+006 3.27961708849746e-002 3.13667792837879e-001 1.50310608920560e+000 9.19217339017026e-002 2.17319153924772e-005 392965 137
5.69583707876879e+004 1.73618166754219e+006 3.27949261736755e-002 2.00827209404708e-001 1.37904171163060e+000 9.35995929483146e-002 2.22490138327783e-005 399936 138
5.69576797786793e+004 1.73618608409306e+006 3.27944452328700e-002 6.53856746879485e-001 1.56772694738609e+000 9.54561964808885e-002 2.22490872888723e-005 407941 139
5.69658192259041e+004 1.73616842395893e+006 6.25038053829858e+000 8.20841756603526e-001 -1.56657642765587e+000 9.55074069775187e-002 2.22491602690400e-005 408162 140
5.69658522719283e+004 1.73617124253758e+006 6.25038057249514e+000 9.14178702609340e-001 -1.56427538819544e+000 9.64921616015369e-002 2.22492733340461e-005 412485 141
5.69645001038572e+004 1.73621293852114e+006 6.25038213758993e+000 7.57937894778796e-001 -1.56945272698141e+000 9.71450109728090e-002 2.22492880543756e-005 415286 142
5.69653123664730e+004 1.73620303290436e+006 6.25038148326595e+000 7.63601094791624e-001 -1.56906922040468e+000 9.74193995254481e-002 2.22493094406482e-005 416337 143
5.69664883904710e+004 1.73618644316611e+006 6.25038049345983e+000 9.77400127051612e-001 -1.56331662175359e+000 9.77297871030193e-002 2.22494301464566e-005 417715 144
5.69610320421796e+004 1.73620642841878e+006 3.27959899551533e-002 4.59640742701240e-001 1.54778460539567e+000 9.79373360251727e-002 2.22530304955981e-005 418667 145
5.69580566478230e+004 1.73618944989686e+006 3.27945985360877e-002 5.73963285016272e-001 1.56197434873501e+000 9.94202860299123e-002 2.22535332244056e-005 424976 146
5.69656069214454e+004 1.73618558800787e+006 6.25038098447441e+000 7.55397393838462e-001 -1.56906922040468e+000 9.97138148435436e-002 2.22535551249762e-005 426144 147
5.69651628291501e+004 1.73620875901071e+006 6.25038167739563e+000 8.53074362284014e-001 -1.56638467436750e+000 9.97251369690007e-002 2.22536269600791e-005 426173 148
5.69641689694590e+004 1.73619768969216e+006 6.25038204025534e+000 9.51439383067573e-001 -1.56398775826289e+000 1.00094272370897e-001 2.22537376740796e-005 427810 149
5.69583566575903e+004 1.73619003885751e+006 3.27947600312791e-002 6.90746937617253e-001 1.56964448026978e+000 1.00560206219600e-001 2.22537518893282e-005 429773 150
5.69658266381937e+004 1.73618550943549e+006 6.25038085657580e+000 9.65862018614261e-001 -1.56350837504196e+000 1.01978886738804e-001 2.22538709050054e-005 435785 151
5.69651997997346e+004 1.73619626227693e+006 6.25038142021915e+000 7.93372590186164e-001 -1.56791870067446e+000 1.02344953872966e-001 2.22539143323251e-005 437313 152
5.69575995142965e+004 1.73618405421565e+006 3.27944373667074e-002 6.18607296332351e-001 1.56552178456984e+000 1.02501342357302e-001 2.22541065073207e-005 438028 153
5.69591294487592e+004 1.73619955232646e+006 3.27950250883955e-002 3.17372690042533e-001 1.50521537537767e+000 1.03259097004205e-001 2.22942144894641e-005 441233 154
5.69658329478008e+004 1.73620278777612e+006 6.25038117912199e+000 9.26881207311010e-001 -1.56456301812799e+000 1.03756455526918e-001 2.22943167681291e-005 443289 155
5.69658551748435e+004 1.73620936438923e+006 6.25038129048376e+000 8.12823300510596e-001 -1.56753519409772e+000 1.06206183744640e-001 2.22943667642083e-005 453215 156
5.69617934505402e+004 1.73621051672925e+006 3.27963508593294e-002 2.01118308470788e-001 1.37913758827479e+000 1.06282029490232e-001 2.28094727005860e-005 453519 157
5.69658613463076e+004 1.73617000869784e+006 6.25038054398132e+000 7.63495240585777e-001 -1.56849396053957e+000 1.07038432350094e-001 2.28095061279881e-005 456720 158
5.69649017994505e+004 1.73618919189091e+006 6.25038145820319e+000 7.23746986290134e-001 -1.57041149342326e+000 1.07311622619848e-001 2.28095084646422e-005 457868 159
5.69577901563268e+004 1.73617823879930e+006 3.27946568220951e-002 3.35553149896798e-001 1.51422777993103e+000 1.08288973145692e-001 2.28379068373077e-005 462259 160
5.69588726458345e+004 1.73618803219923e+006 3.27950947843043e-002 5.83913580365914e-001 1.56283723853267e+000 1.08693069423064e-001 2.28383196016051e-005 463929 161
5.69577183231453e+004 1.73618335254111e+006 3.27945189684834e-002 1.65074951379799e-001 1.26724954451125e+000 1.09195995521441e-001 2.42577980031669e-005 466156 162
5.69595236490671e+004 1.73619253078331e+006 3.27953844282073e-002 3.68050391091905e-001 1.52630823709830e+000 1.09502591664067e-001 2.42738977659345e-005 467414 163
5.69587533825691e+004 1.73619969254023e+006 3.27948060716009e-002 5.90000197202131e-001 1.56312486846522e+000 1.12021178657204e-001 2.42742788660425e-005 478094 164
5.69577607571085e+004 1.73619455574972e+006 3.27943319202471e-002 6.37369954318776e-001 1.56657642765587e+000 1.12047891313192e-001 2.42744061911749e-005 478265 165
5.69640618511939e+004 1.73620697433778e+006 6.25038227715231e+000 7.87444754658718e-001 -1.56830220725120e+000 1.14998703405800e-001 2.42744415518759e-005 490985 166
5.69665353604513e+004 1.73620991092073e+006 6.25038090945756e+000 9.23652654032669e-001 -1.56475477141636e+000 1.15211475283523e-001 2.42745397468153e-005 491954 167
5.69583153960601e+004 1.73620209186153e+006 3.27945087879480e-002 4.58608664194229e-001 1.54768872875149e+000 1.15592938874639e-001 2.42781811532825e-005 493524 168
5.69591758029483e+004 1.73619302108154e+006 3.27951750389737e-002 5.10530152162306e-001 1.55535886028626e+000 1.16592146119303e-001 2.42797260159686e-005 497692 169
5.69660124201099e+004 1.73618554438748e+006 6.25038075034490e+000 8.24546653808180e-001 -1.56676818094424e+000 1.18266209697253e-001 2.42797932478185e-005 504857 170
5.69583985352435e+004 1.73620344962992e+006 3.27945309940852e-002 2.29910652461241e-001 1.42976045640431e+000 1.19000493233437e-001 2.45306432878245e-005 507958 171
5.69655585672516e+004 1.73620314139933e+006 6.25038134366241e+000 8.91896392278494e-001 -1.56533003128147e+000 1.19710061853600e-001 2.45307341033599e-005 511064 172
5.69600441093172e+004 1.73620339659071e+006 3.27954787764852e-002 4.15049658488085e-001 1.53905983077486e+000 1.20789848541118e-001 2.45381149057267e-005 515654 173
5.69603296315219e+004 1.73620065834272e+006 3.27956947382727e-002 5.87830185982262e-001 1.56293311517685e+000 1.21285232489633e-001 2.45385140816071e-005 517904 174
5.69576364410289e+004 1.73618216790799e+006 3.27944942173591e-002 3.38384749903212e-001 1.51537829966124e+000 1.21387563087819e-001 2.45655400602415e-005 518310 175
5.69578595803600e+004 1.73617706294066e+006 3.27947189607073e-002 4.98542163350105e-001 1.55411246391186e+000 1.21515301127547e-001 2.45673749912407e-005 518858 176
5.69617051069096e+004 1.73621171660530e+006 3.27962773821230e-002 2.62698992722427e-001 1.46705647099216e+000 1.23581252091781e-001 2.46874890107637e-005 527337 177
5.69583667563913e+004 1.73620324519678e+006 3.27945165688135e-002 6.57402862775368e-001 1.56763107074190e+000 1.26004249500266e-001 2.46875651465310e-005 537444 178
5.69655579735195e+004 1.73617399918335e+006 6.25038079386321e+000 7.35655584447950e-001 -1.56964448026978e+000 1.27104056105292e-001 2.46875775223004e-005 541969 179
5.69590675229422e+004 1.73618634001679e+006 3.27952388489611e-002 6.89450223595624e-001 1.56964448026978e+000 1.27657686980155e-001 2.46875917964346e-005 544366 180
5.69573951126068e+004 1.73617636481599e+006 3.27944649024085e-002 4.25926178138890e-001 1.54193613010041e+000 1.27993243095328e-001 2.46936196972446e-005 545757 181
5.69582838572745e+004 1.73619070950698e+006 3.27947054865397e-002 2.45788783338328e-001 1.45008630497147e+000 1.28545353910618e-001 2.48669334647580e-005 548202 182
5.69573290010998e+004 1.73618009517660e+006 3.27943564528769e-002 5.63483718637394e-001 1.56120733558153e+000 1.29091683203975e-001 2.48675290942439e-005 550690 183
5.69661094562825e+004 1.73617614675914e+006 6.25038051710476e+000 8.38995752906329e-001 -1.56619292107913e+000 1.29291878565867e-001 2.48676086904869e-005 551567 184
5.69621855862235e+004 1.73621475133592e+006 3.27964965405996e-002 3.44656611599662e-001 1.51739170918912e+000 1.29707583415329e-001 2.48921517374017e-005 553327 185
5.69655659696256e+004 1.73619230532963e+006 6.25038113484447e+000 8.49422392182284e-001 -1.56619292107913e+000 1.30577626224727e-001 2.48922291999704e-005 556969 186
5.69573174301255e+004 1.73617474846041e+006 3.27944507163672e-002 6.12176653327130e-001 1.56523415463729e+000 1.30928507700408e-001 2.48924427151299e-005 558425 187
5.69609545129051e+004 1.73620841463848e+006 3.27959078571416e-002 3.74295789236893e-001 1.52803401669362e+000 1.30985144753694e-001 2.49070509686263e-005 558711 188
5.69583120811979e+004 1.73618665492489e+006 3.27947982571451e-002 5.45700212055056e-001 1.55938567934202e+000 1.31491492723699e-001 2.49078874513549e-005 561100 189
5.69571468458516e+004 1.73617561675657e+006 3.27943361797024e-002 5.25852548458696e-001 1.55746814645833e+000 1.31637750195382e-001 2.49090412113898e-005 561671 190
5.69659406174885e+004 1.73618245170680e+006 6.25038073327326e+000 9.52577315780431e-001 -1.56370012833033e+000 1.34182789677436e-001 2.49091589447257e-005 572813 191
5.69658368617859e+004 1.73616892353024e+006 6.25038053758264e+000 7.99300425713610e-001 -1.56724756416517e+000 1.35206834775005e-001 2.49092180900933e-005 577299 192
5.69658930014199e+004 1.73616912485319e+006 6.25038050908270e+000 7.87682926621874e-001 -1.56763107074190e+000 1.35213085998097e-001 2.49092692400274e-005 577318 193
5.69577402309143e+004 1.73619147722516e+006 3.27943782179401e-002 6.74445389916776e-001 1.56878159047212e+000 1.35605746844160e-001 2.49093049363741e-005 579021 194
5.69659139164528e+004 1.73617456196073e+006 6.25038059969222e+000 7.96415898604272e-001 -1.56743931745354e+000 1.36510765736897e-001 2.49093596310883e-005 582953 195
5.69621619500953e+004 1.73620969291586e+006 3.27965784251820e-002 3.84246084586534e-001 1.53100619266335e+000 1.37023517553545e-001 2.49217152942552e-005 585075 196
5.69571050189597e+004 1.73617324983679e+006 3.27943567905471e-002 5.14764320396196e-001 1.55622175008393e+000 1.37047930744124e-001 2.49231034505558e-005 585211 197
5.69595527901187e+004 1.73620667098936e+006 3.27951342901638e-002 6.79526391797444e-001 1.56878159047212e+000 1.38465333667002e-001 2.49231385623310e-005 591319 198
5.69657940175491e+004 1.73617422431456e+006 6.25038066230305e+000 7.84639618203765e-001 -1.56782282403027e+000 1.38659867273717e-001 2.49231853819270e-005 592135 199
5.69605990720137e+004 1.73620860079510e+006 3.27956998409348e-002 3.69796985488384e-001 1.52659586703085e+000 1.38885879160288e-001 2.49389619164492e-005 593096 200
