4.549999999999999822e+00 1.177945055773640155e-07
4.711858016502953106e+00 1.175211697241173509e-07
4.879473839051239992e+00 1.170278871361639951e-07
5.053052291175829325e+00 1.164481957898631508e-07
5.232805482634163674e+00 1.169717319081598876e-07
5.418953068604481338e+00 1.166461125993647424e-07
5.611722518100505930e+00 1.171796148318758986e-07
5.811349391934506947e+00 1.171220203489737771e-07
6.018077630568388514e+00 1.160616480217640261e-07
6.232159852204562256e+00 1.172362254354312500e-07
6.453857661480863150e+00 1.181497884987930934e-07
6.683441969146726613e+00 1.156681006793441995e-07
6.921193323111270779e+00 1.135143393163061027e-07
7.167402251267814606e+00 1.168784024727816554e-07
7.422369616513750046e+00 1.186052079223603867e-07
7.686406984399618558e+00 1.156319039580838155e-07
7.959837003856621962e+00 1.154467741175558403e-07
8.242993801467838111e+00 1.173398067013034581e-07
8.536223389764922231e+00 1.181482852014161714e-07
8.839884090049196175e+00 1.171939084553085658e-07
9.154346970253897098e+00 1.146077190206118348e-07
9.479996298382490139e+00 1.157052644568584111e-07
9.817230012077335033e+00 1.183693421127246824e-07
1.016646020489229940e+01 1.167315886341294461e-07
1.052811362986374633e+01 1.161565849508501084e-07
1.090263222099505036e+01 1.142148184498963045e-07
1.129047363329207343e+01 1.145920617993061819e-07
1.169211180200933420e+01 1.172026994723832874e-07
1.210803752179043613e+01 1.176311158085307039e-07
1.253875904641028427e+01 1.163847142050638983e-07
1.298480270985213991e+01 1.155598323794787640e-07
1.344671356947825558e+01 1.188075771924524121e-07
1.392505607208025786e+01 1.138337560445660566e-07
1.442041474362295972e+01 1.164572705464583778e-07
1.493339490352466647e+01 1.162327963720801270e-07
1.546462340434659843e+01 1.161380493122230642e-07
1.601474939779553708e+01 1.130423774054282754e-07
1.658444512797555248e+01 1.137974120836681763e-07
1.717440675285823204e+01 1.174639678183998835e-07
1.778535519497527417e+01 1.170427045956593331e-07
1.841803702237289286e+01 1.132425239820168262e-07
1.907322536090459764e+01 1.146230825151363348e-07
1.975172083897709285e+01 1.142495307445469598e-07
2.045435256590387496e+01 1.141770232179895353e-07
2.118197914506195545e+01 1.120177179991695375e-07
2.193548972308979472e+01 1.113947731341528496e-07
2.271580507640852886e+01 1.101833773847586604e-07
2.352387873639428051e+01 1.119879239644503173e-07
2.436069815457642207e+01 1.114722023436406169e-07
2.522728590928563364e+01 1.075532458003278539e-07
2.612470095522627034e+01 1.076043516282748083e-07
2.705403991750005233e+01 1.087914043594527059e-07
2.801643843166230141e+01 1.073663838429289499e-07
2.901307253144823406e+01 1.069519435934453205e-07
3.004516008586506004e+01 1.036000552641024267e-07
3.111396228740611036e+01 1.042151612432164835e-07
3.222078519320549361e+01 1.037738547709068668e-07
3.336698132101648184e+01 1.046057769744342317e-07
3.455395130196392017e+01 9.769639507252193555e-08
3.578314559209039913e+01 9.892743979766886038e-08
3.705606624478756572e+01 9.551494424061176631e-08
3.837426874627841755e+01 9.696006842072217598e-08
3.973936391639356458e+01 9.297024473126849416e-08
4.115301987696421548e+01 9.149691269010879158e-08
4.261696409023717536e+01 9.117521324365138233e-08
4.413298546980276171e+01 8.675833681520041971e-08
4.570293656661503690e+01 8.256822551424463182e-08
4.732873583277606144e+01 8.499282707474076442e-08
4.901236996584975714e+01 8.003798964272999490e-08
5.075589633657094168e+01 7.596213810967590373e-08
5.256144550291529782e+01 7.333532354557758238e-08
5.443122381360320361e+01 7.400274080799585975e-08
5.636751610421816139e+01 7.166987599066431327e-08
5.837268848923510234e+01 6.691702223676000574e-08
6.044919125336966914e+01 6.346164107430483782e-08
6.259956184578244631e+01 6.064159006475109251e-08
6.482642798079612589e+01 6.123418574196049572e-08
6.713251084891551557e+01 5.649455780617402842e-08
6.952062844207340220e+01 5.413726904097330641e-08
7.199369899716633370e+01 5.127360262801625873e-08
7.455474456208763456e+01 4.824315840894284297e-08
7.720689468861596083e+01 4.718311522286353356e-08
7.995339025667128396e+01 4.464762797914180478e-08
8.279758743461225379e+01 4.079137989867938774e-08
8.574296178041358019e+01 3.851564732014745354e-08
8.879311248873585782e+01 3.652064476800009368e-08
9.195176678907657219e+01 3.409793617713505516e-08
9.522278450037815389e+01 3.278388842719787897e-08
9.861016274765709966e+01 3.055084568609683315e-08
1.021180408464196319e+02 2.882411035339567749e-08
1.057507053608303806e+02 2.646334356795499376e-08
1.095125953418176437e+02 2.494265946971437277e-08
1.134083077515136893e+02 2.375334869725670975e-08
1.174426030806601489e+02 2.286719526465349041e-08
1.216204111658423699e+02 2.116713903324798691e-08
1.259468372136615528e+02 1.907358386747055395e-08
1.304271680392051564e+02 1.757908381022785504e-08
1.350668785264411156e+02 1.612986508168634153e-08
1.398716383184267897e+02 1.647092194897956335e-08
1.448473187455122400e+02 1.382425515305490507e-08
1.500000000000000284e+02 1.275424947287785089e-08
1.667842162194271509e+02 1.073444848197179978e-08
1.854464985328572482e+02 8.458313605023930496e-09
2.061969927229315545e+02 6.718073069427058281e-09
2.292693587873134504e+02 5.137131647087587775e-09
2.549234020564846332e+02 4.198046209702735551e-09
2.834479987198708955e+02 3.146745916347048548e-09
3.151643487030589768e+02 2.191117497895372322e-09
3.504295925249723496e+02 1.890549668309789004e-09
3.896408328624714841e+02 1.442299157298538811e-09
4.332396061070139694e+02 1.119929856796751014e-09
4.817168542651438088e+02 7.903816244385398013e-10
5.356184531886666491e+02 6.819732211230278034e-10
5.955513593848904748e+02 4.703845930539597738e-10
6.621904446228221559e+02 3.504561478696371337e-10
7.362860952960754730e+02 3.296746478347925463e-10
8.186726621147882952e+02 2.493110746819687225e-10
9.102778552739112001e+02 2.203499240620549879e-10
1.012133190891735921e+03 1.589889149491925366e-10
1.125385606350306261e+03 1.114766447553148125e-10
1.251310375331735941e+03 8.489046223608965002e-11
1.391325467979604809e+03 8.633216660180635983e-11
1.547007517887371705e+03 6.993777032414965607e-11
1.720109575709377395e+03 5.761787337940610180e-11
1.912580849308132201e+03 4.642124876441917819e-11
2.126588652720951359e+03 3.955616720251267851e-11
2.364542811101272946e+03 3.229283004699281342e-11
2.629122796445377844e+03 2.978079552940787658e-11
2.923307899665137938e+03 2.407903143897877544e-11
3.250410778758064680e+03 2.321743062872009043e-11
3.614114760842272517e+03 1.874684811663269527e-11
4.018515318094267059e+03 1.732723141186165474e-11
4.468166184627427356e+03 1.952744337227936517e-11
4.968130633608222524e+03 2.479522050688513287e-11
5.524038492013815812e+03 1.983710249684418700e-11
6.142149535043128708e+03 1.778417380484926022e-11
6.829423974031245052e+03 2.027503768143337044e-11
7.593600831593108524e+03 1.432671575573306901e-11
8.443285086536308881e+03 1.663362638180503275e-11
9.388044569834230060e+03 2.017357987310058903e-11
1.043851770275232775e+04 1.469469220752934440e-11
1.160653329030774512e+04 2.383087707129898377e-11
1.290524371899110338e+04 2.140953094788885342e-11
1.434927305861740933e+04 2.224247234389016246e-11
1.595488173600030677e+04 2.758777144462456974e-11
1.774014963474975593e+04 1.805980128440487168e-11
1.972517968298062624e+04 3.035206126303823703e-11
2.193232422142194264e+04 2.825504646342068194e-11
2.438643670093476612e+04 2.762683248300957406e-11
2.711515154366717979e+04 2.959225065464716856e-11
3.014919531921006637e+04 3.378381580024794509e-11
3.352273273973914183e+04 4.305210466943018274e-11
3.727375137020472903e+04 2.196051938102332349e-11
4.144448938558261580e+04 4.203859855712766488e-11
4.608191119192507904e+04 5.970728394357074906e-11
5.123823626692313701e+04 7.237387878638218485e-11
5.697152717496399418e+04 4.203460316005704166e-11
6.334634337800107460e+04 8.401851215138099746e-11
7.043446820444404148e+04 7.020572025996388687e-11
7.831571716206888959e+04 5.906619308658670954e-11
8.707883669691997056e+04 4.994807651229172029e-11
9.682250351863501419e+04 4.516856729382544016e-11
1.076564357450550888e+05 2.772187198192562261e-11
1.197026283781075181e+05 3.492206209324528708e-11
1.330967270229867718e+05 2.838994009275857269e-11
1.479895553193326050e+05 2.182524303429112542e-11
1.645488132839762548e+05 1.881203811567670233e-11
1.829609656893655483e+05 1.785181004996541803e-11
2.034333417416684097e+05 1.096545753690757288e-11
2.261964697018868756e+05 1.083251130080831883e-11
2.515066727388700820e+05 1.111415951024691116e-11
2.796489552447226597e+05 5.773155547041615869e-12
3.109402121138180955e+05 7.671597564367207108e-12
3.457327971233704011e+05 5.922282964811889616e-12
3.844184905971435946e+05 4.928244948280357787e-12
4.274329110299986205e+05 4.041955944518485278e-12
4.752604203501762822e+05 3.358604697967511953e-12
5.284395780547963222e+05 3.144382878897911347e-12
5.875692056346264435e+05 2.269696218341504398e-12
6.533151295762824593e+05 2.054680299557937855e-12
7.264176788711581612e+05 1.340489464749571161e-12
8.077000214564106427e+05 1.517518485814104044e-12
8.980774334601459559e+05 9.714336708218706722e-13
9.985676056267009117e+05 8.644948154991605429e-13
1.110302102977061877e+06 0.000000000000000000e+00
1.234539106745406054e+06 0.000000000000000000e+00
1.372677582071758574e+06 0.000000000000000000e+00
1.526273030985443620e+06 0.000000000000000000e+00
1.697055008065043949e+06 0.000000000000000000e+00
1.886946596009212546e+06 0.000000000000000000e+00
2.098086060422078706e+06 0.000000000000000000e+00
2.332850927656013053e+06 0.000000000000000000e+00
2.593884756839144044e+06 0.000000000000000000e+00
2.884126907552905846e+06 0.000000000000000000e+00
3.206845638357136399e+06 0.000000000000000000e+00
3.565674908867222257e+06 0.000000000000000000e+00
3.964655299791312311e+06 0.000000000000000000e+00
4.408279511705945246e+06 0.000000000000000000e+00
4.901542954906899482e+06 0.000000000000000000e+00
5.450000000000000931e+06 0.000000000000000000e+00
