7.59001719781071e+003 1.73709565091807e+006 4.36934425169413e-003 5.02391240623573e-001 1.56705581087680e+000 2.71085344258192e-001 1.69525536355010e-007 153 1
7.59089466738936e+003 1.73712592612046e+006 4.36977321986295e-003 2.58955861772182e-001 1.55114028794214e+000 3.13757389858068e-001 8.97892350724664e-007 343 2
7.58924347330169e+003 1.73709949500176e+006 4.36888917951613e-003 4.73197298573349e-001 1.56600116779077e+000 3.16404892972098e-001 1.09128178229831e-006 528 3
7.58958069609204e+003 1.73712172551135e+006 4.36902739375474e-003 4.20697011981464e-001 1.56178259544664e+000 3.18385861267936e-001 1.34176596760979e-006 695 4
7.59099025568378e+003 1.73711779918354e+006 4.36984868906166e-003 9.50977361677421e-001 1.56724756416517e+000 3.20233204667384e-001 1.38341007588620e-006 1088 5
7.59007828595998e+003 1.73710998482213e+006 4.36934336402371e-003 9.61105249619609e-001 1.56830220725120e+000 3.61198643193130e-001 1.42409497608497e-006 1273 6
7.59164664153523e+003 1.73713160846174e+006 4.37019180044459e-003 2.00537471985162e-001 1.53953921399579e+000 5.74796810995106e-001 2.70196983743170e-006 1304 7
7.58980310403312e+003 1.73712742066536e+006 4.36914109970747e-003 7.13063512095716e-001 1.56504240134892e+000 6.42120868673364e-001 2.78042859645198e-006 1687 8
7.59162850869418e+003 1.73711607910078e+006 4.37022043003803e-003 1.30587932673604e-001 1.50464011551256e+000 1.37499743188622e+000 6.05830762377285e-006 1909 9
7.58946919921000e+003 1.73709544635237e+006 4.36902930392650e-003 8.40362549634252e-002 1.41470782326731e+000 1.37690209119681e+000 1.46166934268353e-005 1980 10
7.59065377318593e+003 1.73710698652049e+006 4.36968218983329e-003 4.67278002848223e-002 8.14807660603656e-001 1.37715259790499e+000 3.75440435129033e-005 2050 11
7.58979505656243e+003 1.73709798500100e+006 4.36921050259562e-003 8.76421463693360e-001 1.56964448026978e+000 1.87533648513195e+000 3.75938816494311e-005 2154 12
7.58959698367098e+003 1.73710263884712e+006 4.36908477457005e-003 3.62553173373601e-001 1.56216610202338e+000 1.87545289093344e+000 3.79413352025693e-005 2222 13
7.58936552553226e+003 1.73709813648853e+006 4.36896285699954e-003 2.64294356922431e-001 1.55545473693045e+000 2.06908198587492e+000 3.86377792405163e-005 3229 14
7.58982659797027e+003 1.73709825519995e+006 4.36922798017039e-003 5.91894925028332e-001 1.56791870067446e+000 2.07481310223792e+000 3.87559719641031e-005 3436 15
7.58934581785578e+003 1.73709653543716e+006 4.36895553877913e-003 2.67436442639436e-001 1.55602999679556e+000 2.07607327474237e+000 3.94345472746341e-005 3504 16
7.58909148037216e+003 1.73708344405474e+006 4.36884205103058e-003 2.09506143837582e-001 1.54816811197241e+000 2.08467673882140e+000 4.05954253750630e-005 3713 17
7.59055929258141e+003 1.73711720266776e+006 4.36960210338383e-003 4.56998779003163e-001 1.56331662175359e+000 2.19803409401547e+000 4.08042133386547e-005 4314 18
7.58930887217238e+003 1.73709821507775e+006 4.36893004617341e-003 9.54332987200434e-001 1.56983623355815e+000 2.20759024926881e+000 4.08455362237462e-005 4616 19
7.59329517354783e+003 1.73712830271638e+006 4.37114909707949e-003 6.72246903461235e-001 1.56465889477218e+000 2.25023205385853e+000 4.09348583663193e-005 4917 20
7.59199951532175e+003 1.73713065905874e+006 4.37039732100540e-003 3.32261026606755e-001 1.55689288659322e+000 2.25059879476187e+000 4.13558117759988e-005 4922 21
7.59243771196377e+003 1.73712467297543e+006 4.37066463025981e-003 4.27621802833503e-001 1.56159084215827e+000 2.25457050205481e+000 4.15974583513426e-005 5281 22
7.58965755566881e+003 1.73711887641951e+006 4.36907880400234e-003 3.99709099619339e-001 1.56149496551408e+000 2.35212015029192e+000 4.18777918710907e-005 5586 23
7.59038000447865e+003 1.73712723109519e+006 4.36947367044264e-003 8.82065015709339e-001 1.56580941450240e+000 2.35238369398336e+000 4.19269306069465e-005 5727 24
7.58967210465472e+003 1.73710621567785e+006 4.36911902248847e-003 4.79084896081911e-001 1.56523415463729e+000 2.41368185113698e+000 4.21151292648602e-005 6408 25
7.59106967623877e+003 1.73712076036558e+006 4.36988695887410e-003 8.29900291669755e-001 1.56648055101169e+000 2.57798129075155e+000 4.21713206363179e-005 7046 26
7.59131718117257e+003 1.73711672445020e+006 4.37003958907622e-003 1.88152163236583e-001 1.53781343440046e+000 2.72369889947256e+000 4.36415129519357e-005 7243 27
7.59258706112013e+003 1.73713331149599e+006 4.37072886868480e-003 7.05832471847957e-002 1.33992404080325e+000 2.72457554572050e+000 5.60211640718023e-005 7378 28
7.59066692135112e+003 1.73711506657391e+006 4.36966943368238e-003 3.52669330923995e-001 1.56005681585131e+000 4.38534299803510e+000 5.63903938524685e-005 8306 29
7.59126467570879e+003 1.73712422467257e+006 4.36999049626451e-003 5.98270613522059e-001 1.56456301812799e+000 4.39662064092831e+000 5.65058314768238e-005 8888 30
7.59057308962816e+003 1.73710232625339e+006 4.36964746626557e-003 8.75445281723029e-001 1.56906922040468e+000 4.39970737259223e+000 5.65557919143078e-005 9061 31
7.58927426968222e+003 1.73709140501341e+006 4.36892725442994e-003 4.39335986477479e-001 1.56628879772332e+000 4.58709798970074e+000 5.67834973354884e-005 9745 32
7.59140672279447e+003 1.73710901671430e+006 4.37011052451718e-003 3.29485009128625e-001 1.55957743263039e+000 4.59700457182363e+000 5.72123073418983e-005 10124 33
7.59022938670590e+003 1.73711909773114e+006 4.36940742465121e-003 5.98452455111504e-002 3.27083171636097e-001 4.59781477946633e+000 6.30865534440901e-005 10306 34
7.58928038895264e+003 1.73709933823736e+006 4.36891082469386e-003 2.75215392715514e-001 1.55650938001648e+000 4.59909490331934e+000 6.37236516544173e-005 10451 35
7.59676788693844e+003 1.73713078109208e+006 4.37314193137492e-003 6.65564965571787e-002 2.57476727958006e-001 4.69338650339732e+000 6.74086771009185e-005 12149 36
7.59639001728220e+003 1.73712997212951e+006 4.37292644676923e-003 8.45243459485909e-002 1.55080471968749e-001 4.77639497267952e+000 6.87299289731693e-005 13029 37
7.59000518649587e+003 1.73710775535612e+006 4.36930689139278e-003 7.14374064088357e-002 1.34931995193335e+000 4.82876996785682e+000 8.08123650565631e-005 13246 38
7.59740528112830e+003 1.73713238474802e+006 4.37350481049633e-003 6.66175079303244e-002 2.56997344737083e-001 4.84083455247168e+000 8.44832741773997e-005 13903 39
7.58954669769294e+003 1.73713172172104e+006 4.36898268159655e-003 1.64052670844027e-001 1.52611648380993e+000 4.85542083392653e+000 8.64699810313887e-005 14321 40
7.58959279023543e+003 1.73709231447206e+006 4.36910832780323e-003 1.48952355990463e-001 1.52266492461928e+000 5.08159498400914e+000 8.89265175278786e-005 15619 41
7.59066081752779e+003 1.73711442888708e+006 4.36966752404331e-003 5.31585182673796e-001 1.56504240134892e+000 5.74651918313794e+000 8.90762317981527e-005 15889 42
7.59042509563190e+003 1.73711094577766e+006 4.36954059055104e-003 1.67957398725352e-001 1.53071856273080e+000 5.75192455933451e+000 9.09631092978833e-005 16430 43
7.58924446853926e+003 1.73708703956987e+006 4.36892107827912e-003 2.36046091155967e-001 1.55296194418165e+000 5.75214375996781e+000 9.18561446164732e-005 16449 44
7.58951027074078e+003 1.73711299442542e+006 4.36900881226991e-003 7.69895606180947e-001 1.56724756416517e+000 5.75235953799484e+000 9.19224239159122e-005 16574 45
7.59022259431065e+003 1.73709824329871e+006 4.36945597002674e-003 1.61398676112188e-001 1.52918453642384e+000 5.76940634958450e+000 9.39819849036425e-005 17213 46
7.59083120551964e+003 1.73711889548308e+006 4.36975437327844e-003 6.14743684271401e-001 1.56542590792566e+000 5.76971284202969e+000 9.40907269409380e-005 17412 47
7.59174211907915e+003 1.73711335840216e+006 4.37029267524633e-003 1.13779299371960e-001 1.48450602023377e+000 5.77323667085046e+000 9.85224502785225e-005 17477 48
7.59034163144389e+003 1.73710779091285e+006 4.36950047936138e-003 4.53124556808410e-001 1.56446714148381e+000 6.20722666008978e+000 9.87351873995795e-005 18284 49
7.58950848222663e+003 1.73709648299827e+006 4.36904931040767e-003 8.46464879478816e-001 1.56974035691397e+000 6.27144341257059e+000 9.87889884526595e-005 18646 50
7.58924426390634e+003 1.73709467982024e+006 4.36890174493158e-003 3.43334590832701e-001 1.56226197866756e+000 6.30745971520666e+000 9.91806728257119e-005 19104 51
7.58975585922024e+003 1.73711770961354e+006 4.36913832758943e-003 6.40520989425465e-001 1.56580941450240e+000 6.30806097798065e+000 9.92800191696754e-005 19329 52
7.59149184627351e+003 1.73711887759318e+006 4.37013471933308e-003 7.71573418942454e-001 1.56648055101169e+000 6.30818172058430e+000 9.93459816052798e-005 19408 53
7.59039770347243e+003 1.73710572329927e+006 4.36953795853184e-003 5.31829228166379e-001 1.56619292107913e+000 6.38202145659293e+000 9.94955456665401e-005 20075 54
7.59110356833261e+003 1.73711316739243e+006 4.36992556974865e-003 2.78998097850548e-001 1.55507123035371e+000 6.41506998109693e+000 1.00113781627657e-004 20862 55
7.59340051072380e+003 1.73713287333941e+006 4.37119823352976e-003 4.72617690528465e-001 1.56159084215827e+000 6.50924295748325e+000 1.00307687227306e-004 21018 56
7.58922992260879e+003 1.73709976139569e+006 4.36888070892319e-003 9.59152885678946e-001 1.56964448026978e+000 6.50940470712935e+000 1.00348554641867e-004 21121 57
7.59167501935760e+003 1.73712500663889e+006 4.37022474461668e-003 5.72217564658848e-002 1.20310806955168e+000 6.55781671044286e+000 1.19178652722884e-004 21564 58
7.58908222575990e+003 1.73708439228147e+006 4.36883433866162e-003 1.19544874134230e-001 1.49639472411267e+000 6.81951401162964e+000 1.23157519828082e-004 21773 59
7.59303456610143e+003 1.73712822406162e+006 4.37099927586520e-003 6.70813136192311e-001 1.56465889477218e+000 6.84068331057851e+000 1.23247262518667e-004 21871 60
7.59016050255419e+003 1.73712137761579e+006 4.36936203665717e-003 9.40116144727492e-002 1.44347081652272e+000 6.87258000886342e+000 1.29961573816776e-004 21895 61
7.59166091322847e+003 1.73713251560003e+006 4.37019773384504e-003 6.44517234366509e-001 1.56389188161870e+000 6.87405674061025e+000 1.30059568918032e-004 22008 62
7.58994703780903e+003 1.73711116306987e+006 4.36926484645290e-003 8.79685572156656e-001 1.56791870067446e+000 6.87412436715670e+000 1.30109000950141e-004 22083 63
7.58955449103442e+003 1.73709060598875e+006 4.36909057742444e-003 3.40528067667999e-001 1.56264548524430e+000 6.94035964025149e+000 1.30507823638925e-004 22749 64
7.59106465147838e+003 1.73713121755833e+006 4.36985776083054e-003 7.91646160707393e-001 1.56494652470473e+000 6.94348857211729e+000 1.30570161919865e-004 22876 65
7.58924426197162e+003 1.73708730705022e+006 4.36892028663820e-003 7.63885985926094e-001 1.57060324671163e+000 6.98665828451767e+000 1.30637594207384e-004 23168 66
7.58924749689663e+003 1.73711960779326e+006 4.36884091230383e-003 7.01593373944322e-001 1.56600116779077e+000 7.04395671603731e+000 1.30718903025473e-004 23510 67
7.59200514326866e+003 1.73711674737931e+006 4.37043556059512e-003 7.35332663293901e-001 1.56657642765587e+000 7.04398447289706e+000 1.30792229759300e-004 23525 68
7.58986162549853e+003 1.73709627080658e+006 4.36925313537738e-003 9.29653886762994e-001 1.57002798684652e+000 7.05465919928052e+000 1.30836004514864e-004 23936 69
7.58949487582088e+003 1.73708997656456e+006 4.36905784216027e-003 3.30766247964685e-001 1.56216610202338e+000 7.49263303697837e+000 1.31261179700341e-004 24177 70
7.58916644319667e+003 1.73708702312400e+006 4.36887620315055e-003 6.75968597223123e-001 1.57012386349071e+000 7.53241820863709e+000 1.31349425135780e-004 24324 71
7.59278071073505e+003 1.73712561880220e+006 4.37085969869711e-003 8.47319038702856e-001 1.56590529114658e+000 8.09200495925436e+000 1.31403106331035e-004 24956 72
7.58924392881272e+003 1.73709566702809e+006 4.36889906917426e-003 1.36811092734466e-001 1.51307726020081e+000 8.20351723268336e+000 1.34363435352032e-004 25470 73
7.58974784638177e+003 1.73713264042489e+006 4.36909616233747e-003 5.94213357207869e-001 1.56341249839778e+000 8.24010736374099e+000 1.34480613209605e-004 26222 74
7.58934252142843e+003 1.73709451279647e+006 4.36895872821431e-003 4.33021309356898e-001 1.56571353785821e+000 8.32202049272981e+000 1.34715687261376e-004 26638 75
7.58927201452763e+003 1.73709194586289e+006 4.36892459595610e-003 4.71458474438697e-001 1.56695993423261e+000 8.35973459788537e+000 1.34910650134390e-004 27327 76
7.59138710085354e+003 1.73712172792586e+006 4.37006725163815e-003 1.76437979592606e-001 1.53292372554704e+000 8.55815857711095e+000 1.36603882616476e-004 27446 77
7.58911416854610e+003 1.73708519420127e+006 4.36885071020544e-003 6.82679848269152e-001 1.57041149342326e+000 8.56578482809301e+000 1.36690230774785e-004 27614 78
7.58964677686044e+003 1.73712648840455e+006 4.36905345435614e-003 1.53985794274984e-001 1.52132265160070e+000 8.57069438490798e+000 1.38973418031044e-004 28017 79
7.59108437240589e+003 1.73712722447823e+006 4.36987915795123e-003 4.36498957626204e-001 1.56149496551408e+000 8.57393506891500e+000 1.39204384451464e-004 28130 80
7.59116499961569e+003 1.73712518044690e+006 4.36993071308806e-003 7.45826619474964e-001 1.56552178456984e+000 8.57462997482711e+000 1.39275460179623e-004 28278 81
7.59231808095536e+003 1.73711950061602e+006 4.37060877781978e-003 1.50813202871407e-001 1.52026800851466e+000 8.87702418010199e+000 1.41665523781737e-004 29740 82
7.59073858065777e+003 1.73710686136771e+006 4.36973132482052e-003 7.25326798098004e-001 1.56782282403027e+000 8.89445144653896e+000 1.41741094679794e-004 30119 83
7.58987298955082e+003 1.73710004166848e+006 4.36925019265385e-003 7.03301692392402e-001 1.56858983718375e+000 8.90149514235065e+000 1.41821970366235e-004 30244 84
7.59261471944591e+003 1.73712225095381e+006 4.37077261909599e-003 6.74411614677916e-002 1.31796828928495e+000 8.90666494587137e+000 1.55432175337264e-004 30815 85
7.58918479884845e+003 1.73710220625152e+006 4.36884858413142e-003 2.23691288093960e-001 1.54874337183752e+000 8.91680613936288e+000 1.56437247223981e-004 31016 86
7.58915555357369e+003 1.73709076587360e+006 4.36886052128908e-003 8.50278090300423e-001 1.57050737006745e+000 8.95903269804978e+000 1.56490518917306e-004 31250 87
7.58991814357478e+003 1.73712002997470e+006 4.36922591129354e-003 5.57850578813025e-001 1.56465889477218e+000 8.96806997671414e+000 1.56625161725583e-004 31645 88
7.59047091318970e+003 1.73712267476809e+006 4.36953746298586e-003 5.08858446177018e-001 1.56360425168615e+000 9.16158304284187e+000 1.56789980275862e-004 31891 89
7.59112466973221e+003 1.73710727647019e+006 4.36995253616648e-003 4.17951500189907e-001 1.56360425168615e+000 9.42561169408589e+000 1.57044102418068e-004 32425 90
7.59228601083644e+003 1.73713318780574e+006 4.37055588026610e-003 3.05873607721234e-001 1.55478360042116e+000 9.59504168106014e+000 1.57549092212963e-004 32776 91
7.59007481203156e+003 1.73709818035537e+006 4.36937105575150e-003 1.73051848383019e-001 1.53464950514237e+000 9.65020637412125e+000 1.59316184276662e-004 33262 92
7.59034936145841e+003 1.73710307634354e+006 4.36951678807557e-003 7.99028536858025e-001 1.56868571382794e+000 9.69887629851625e+000 1.59377263385052e-004 34890 93
7.59009013030921e+003 1.73710871186220e+006 4.36935338415153e-003 1.53436691916673e-001 1.52333606112857e+000 9.89215423954664e+000 1.61678689798394e-004 35826 94
7.59087641912576e+003 1.73712124585591e+006 4.36977448835195e-003 3.10479966393735e-001 1.55670113330485e+000 9.98455289917681e+000 1.62167357538334e-004 36412 95
7.59034351535999e+003 1.73711117316564e+006 4.36949305629764e-003 6.40734529231475e-001 1.56667230430006e+000 1.00164692784661e+001 1.62266631446201e-004 37450 96
7.59167980629758e+003 1.73712311348311e+006 4.37023226294359e-003 9.25535619075659e-001 1.56648055101169e+000 1.00173483379278e+001 1.62310835464309e-004 37581 97
7.58911651977938e+003 1.73708441901504e+006 4.36885401333691e-003 5.05533326340577e-001 1.56858983718375e+000 1.00200442466295e+001 1.62478052337113e-004 38013 98
7.58946972215989e+003 1.73711326024990e+006 4.36898480164112e-003 9.07384735564809e-001 1.56772694738609e+000 1.02132010432197e+001 1.62524225265221e-004 39322 99
7.58913372373229e+003 1.73709341138923e+006 4.36884130115605e-003 7.17273296842770e-001 1.56954860362560e+000 1.02132139414136e+001 1.62601675742432e-004 39327 100
7.58949554204247e+003 1.73711901261447e+006 4.36898519753580e-003 5.70510438740760e-001 1.56494652470473e+000 1.02135586376647e+001 1.62729833043907e-004 39422 101
7.59037058358095e+003 1.73711113531316e+006 4.36950873353191e-003 2.25338595168894e-001 1.54788048203986e+000 1.02414027286281e+001 1.63718792235533e-004 40084 102
7.58975218207267e+003 1.73709575929575e+006 4.36919141946786e-003 5.03214894161040e-001 1.56705581087680e+000 1.07193724952038e+001 1.63887707923025e-004 41363 103
7.58957234310613e+003 1.73709640375202e+006 4.36908627202172e-003 7.19134143723715e-001 1.56916509704886e+000 1.07195403973879e+001 1.63964718134623e-004 41389 104
7.59080051325951e+003 1.73710933652865e+006 4.36976075058403e-003 7.32160071890324e-001 1.56753519409772e+000 1.08079202281723e+001 1.64038745977537e-004 42059 105
7.59248205247091e+003 1.73712835776883e+006 4.37068088402073e-003 9.32673949733707e-001 1.56580941450240e+000 1.08167185896257e+001 1.64082208970672e-004 42210 106
7.59223330731805e+003 1.73711986041977e+006 4.37055907223448e-003 4.98088746286808e-002 1.03100949324015e+000 1.15520013733573e+001 1.87570486808658e-004 44143 107
7.59799683235981e+003 1.73708575629041e+006 6.27880603725754e+000 8.09308953233077e-001 -1.57060324671163e+000 1.25511433125822e+001 1.87629872132281e-004 45206 108
7.58915158828642e+003 1.73708733678703e+006 4.36886686282326e-003 6.96315890167218e-001 1.57021974013489e+000 1.27264901654230e+001 1.87712543809584e-004 46464 109
7.58946314293627e+003 1.73712136985988e+006 4.36896061829354e-003 4.67278002848223e-002 7.78662165746025e-001 1.33240554091665e+001 2.09843733157425e-004 48230 110
7.59214326665958e+003 1.73711798971539e+006 4.37051194646687e-003 6.98207242734735e-001 1.56619292107913e+000 1.33243645098048e+001 2.09925912095268e-004 48264 111
7.59121092909347e+003 1.73712029834024e+006 4.36996943395095e-003 4.90921102472179e-001 1.56360425168615e+000 1.34008943639817e+001 2.10104270557934e-004 48876 112
7.58965620740546e+003 1.73709230009737e+006 4.36914487091797e-003 5.90217112266825e-001 1.56868571382794e+000 1.34038299704122e+001 2.10223203941367e-004 49308 113
7.59167645661013e+003 1.73712084694693e+006 4.37023603673973e-003 4.07579566755136e-001 1.56149496551408e+000 1.34052666601074e+001 2.10491765977132e-004 49448 114
7.58933883355742e+003 1.73712230937038e+006 4.36888669624580e-003 4.89670369322692e-001 1.56331662175359e+000 1.34054843265958e+001 2.10671127850293e-004 49515 115
7.59047015775929e+003 1.73712960678916e+006 4.36951959169053e-003 3.11120585811765e-001 1.55564649021882e+000 1.34066082012926e+001 2.11157577178695e-004 49727 116
7.58985171973835e+003 1.73711861159169e+006 4.36919124157609e-003 7.11385699334209e-001 1.56619292107913e+000 1.35286521013172e+001 2.11236444085092e-004 50741 117
7.58949555813956e+003 1.73709550571528e+006 4.36904432847255e-003 5.23408466142278e-002 4.59105310678427e-001 1.36082892449413e+001 2.22116424891812e-004 51718 118
7.59137134864745e+003 1.73712129657695e+006 4.37005926894543e-003 8.23341569056591e-001 1.56638467436750e+000 1.37825584687195e+001 2.22173605711173e-004 52682 119
7.58908811175499e+003 1.73708514240752e+006 4.36883584045791e-003 1.32082711315673e-001 1.51020096087527e+000 1.37881750554109e+001 2.25371556228733e-004 52978 120
7.58918039600131e+003 1.73709122614503e+006 4.36887366459268e-003 7.71573418942454e-001 1.57012386349071e+000 1.37945066453956e+001 2.25437519263733e-004 53148 121
7.59007621732625e+003 1.73710431269470e+006 4.36935644013118e-003 3.99678593932766e-001 1.56341249839778e+000 1.38008914436022e+001 2.25717904343622e-004 53655 122
7.59105283720860e+003 1.73710810291415e+006 4.36990910615388e-003 8.20229989026160e-001 1.56811045396283e+000 1.38269823760241e+001 2.25775563822325e-004 54258 123
7.59124902043415e+003 1.73712286117515e+006 4.36998491428700e-003 7.61140474134537e-001 1.56590529114658e+000 1.38277177725522e+001 2.25843531573942e-004 54348 124
7.58939366135390e+003 1.73712842688419e+006 4.36890287257735e-003 1.65516943799524e-001 1.52726700354015e+000 1.46644188831981e+001 2.27791875869811e-004 55487 125
7.58915454311311e+003 1.73709102426260e+006 4.36885928975176e-003 4.61330586496508e-001 1.56686405758843e+000 1.46918134906171e+001 2.27996379201504e-004 55914 126
7.59261062617369e+003 1.73712233093344e+006 4.37077006155454e-003 3.31559395815579e-001 1.55794752967925e+000 1.46928542982786e+001 2.28419300831386e-004 56150 127
7.58974091015109e+003 1.73709513192633e+006 4.36918650860026e-003 6.18282343913853e-001 1.56858983718375e+000 1.46932474740814e+001 2.28526679639484e-004 56299 128
7.59223786868577e+003 1.73712456425601e+006 4.37054986342351e-003 5.12366600132897e-001 1.56341249839778e+000 1.47098912748425e+001 2.28689025444160e-004 57271 129
7.59179580323213e+003 1.73712974576994e+006 4.37028235157656e-003 5.94396391327306e-001 1.56379600497452e+000 1.55744389163830e+001 2.28806124257006e-004 58190 130
7.59290679321448e+003 1.73712861076933e+006 4.37092475016653e-003 6.52113150323150e-001 1.56446714148381e+000 1.55791423248204e+001 2.28901626041769e-004 58472 131
7.59106819984508e+003 1.73711116346928e+006 4.36991025067802e-003 3.16093012723141e-001 1.55842691290017e+000 1.59129501275185e+001 2.29371417048533e-004 59249 132
7.58920842702056e+003 1.73711017529313e+006 4.36884214391124e-003 7.34783560935590e-001 1.56743931745354e+000 1.59151544726086e+001 2.29444864629763e-004 59659 133
7.58982796280736e+003 1.73710496917486e+006 4.36921187883905e-003 9.28006579688060e-001 1.56887746711631e+000 1.59300299789839e+001 2.29488810449808e-004 59891 134
7.58971788510711e+003 1.73710118829917e+006 4.36915802108868e-003 5.74689717801241e-001 1.56734344080935e+000 1.59417564529132e+001 2.29614927721293e-004 60405 135
7.59225831632215e+003 1.73712096929952e+006 4.37057067888940e-003 4.17371892145023e-001 1.56178259544664e+000 1.59417627150873e+001 2.29869823131589e-004 60409 136
7.58916345181055e+003 1.73709717872353e+006 4.36884893966630e-003 2.37174801559162e-001 1.55181142445143e+000 1.60358968540336e+001 2.30753516555586e-004 60851 137
7.58916698682131e+003 1.73708538018907e+006 4.36888064812621e-003 1.80403718847077e-001 1.53925158406323e+000 1.60396018266001e+001 2.32366294267044e-004 61391 138
7.59096352065851e+003 1.73711628871899e+006 4.36983709853235e-003 8.52321971300804e-001 1.56715168752098e+000 1.75311979591252e+001 2.32419284973011e-004 62184 139
7.59116672068928e+003 1.73712008992885e+006 4.36994450946795e-003 8.58453614301948e-001 1.56667230430006e+000 1.85448142421394e+001 2.32471446460505e-004 62468 140
7.59209999984895e+003 1.73711610585187e+006 4.37049177933994e-003 7.75478146823780e-001 1.56686405758843e+000 1.86017765142940e+001 2.32536680503637e-004 63322 141
7.58944575640619e+003 1.73711015086399e+006 4.36897882584891e-003 3.57062149790487e-001 1.56091970564898e+000 1.88225062583920e+001 2.32895993658864e-004 64507 142
7.59361649061818e+003 1.73713096384040e+006 4.37132736740886e-003 7.61962935142012e-002 1.37424787942137e+000 1.88233069942612e+001 2.43435808481508e-004 64691 143
7.59029366466940e+003 1.73710463705069e+006 4.36948079992977e-003 6.93051781703923e-001 1.56791870067446e+000 1.88314516481681e+001 2.43519338848745e-004 65159 144
7.58984744286738e+003 1.73709764094269e+006 4.36924152477173e-003 9.25535619075658e-001 1.56983623355815e+000 1.88404645349618e+001 2.43563543258154e-004 65631 145
7.58944363533780e+003 1.73709869848573e+006 4.36900640835388e-003 6.96680765876101e-002 1.33839001449629e+000 1.91270357778057e+001 2.56299173817263e-004 66575 146
7.59043682401074e+003 1.73711277613889e+006 4.36954273803338e-003 4.79176413141629e-001 1.56437126483963e+000 1.91301204313779e+001 2.56487292435099e-004 66724 147
7.59076100057314e+003 1.73711478351973e+006 4.36972430297717e-003 9.10435304222095e-001 1.56753519409772e+000 1.91301207150209e+001 2.56533125656919e-004 66727 148
7.59156089667353e+003 1.73711410316560e+006 4.37018647972532e-003 6.93173804450214e-001 1.56667230430006e+000 1.92980001349822e+001 2.56616623313874e-004 66897 149
7.58964211391326e+003 1.73709668584030e+006 4.36912572694873e-003 3.34365918980282e-001 1.56149496551408e+000 1.93630890689059e+001 2.57031790956068e-004 67314 150
7.58941798599760e+003 1.73708879625931e+006 4.36901654801373e-003 6.82008723164549e-001 1.56993211020234e+000 1.93965339750989e+001 2.57118326133285e-004 68142 151
7.58953647167585e+003 1.73709195677470e+006 4.36907680691244e-003 7.34142941517560e-001 1.56983623355815e+000 1.94003219704775e+001 2.57191915169255e-004 68243 152
7.58926429290111e+003 1.73708831942346e+006 4.36892927157311e-003 7.34142941517560e-001 1.57031561677908e+000 1.94168504017875e+001 2.57265504230640e-004 69108 153
7.58914677776780e+003 1.73709231709036e+006 4.36885156805058e-003 5.04709672803110e-001 1.56753519409772e+000 1.94169107422358e+001 2.57433321559159e-004 69166 154
7.58987867327004e+003 1.73709920563783e+006 4.36925556735628e-003 7.70932799524424e-001 1.56906922040468e+000 1.96087140374992e+001 2.57499405159443e-004 69355 155
7.59394509407425e+003 1.73713224003864e+006 4.37151331673387e-003 7.09493154236700e-002 2.24015779137547e-001 1.96741315780549e+001 2.60292494173771e-004 71158 156
7.58987916356480e+003 1.73711311725055e+006 4.36922085900496e-003 3.74450391137015e-001 1.56130321222571e+000 1.96775664980700e+001 2.60616120385980e-004 71278 157
7.59068524363406e+003 1.73711197995871e+006 4.36968774525347e-003 8.83376760231971e-001 1.56782282403027e+000 1.98035820801344e+001 2.60665099129662e-004 72344 158
7.58985088759258e+003 1.73710072630912e+006 4.36923574739799e-003 4.80090391208823e-002 9.52294768364513e-001 1.99262342533629e+001 2.84855522444572e-004 72592 159
7.59003209860798e+003 1.73709660712106e+006 4.36935042439972e-003 7.59676201179040e-001 1.56935685033723e+000 2.01713139042202e+001 2.84923779491941e-004 73293 160
7.58925335453266e+003 1.73709934855955e+006 4.36889523606322e-003 5.78655457055713e-001 1.56763107074190e+000 2.01724098677098e+001 2.85048003175201e-004 73477 161
7.58913186806610e+003 1.73708398885891e+006 4.36886393068075e-003 3.74358874077296e-001 1.56513827799310e+000 2.01781083798885e+001 2.85371812873103e-004 73632 162
7.58975350269222e+003 1.73709756081329e+006 4.36918764853372e-003 3.64719077120273e-001 1.56293311517685e+000 2.02293838393342e+001 2.85714745346260e-004 74357 163
7.59009447008323e+003 1.73710098991564e+006 4.36937530525761e-003 9.47316679288678e-001 1.56945272698141e+000 2.07092778624260e+001 2.85756744534632e-004 76324 164
7.59023357385232e+003 1.73712281111861e+006 4.36940049478436e-003 7.23923536515653e-001 1.56571353785821e+000 2.07093515864369e+001 2.85832637435190e-004 76330 165
7.58934674848672e+003 1.73713122738719e+006 4.36886882394548e-003 7.33593839159248e-001 1.56465889477218e+000 2.07112087751739e+001 2.85906346351992e-004 76597 166
7.59059416468007e+003 1.73712963879316e+006 4.36959089593290e-003 4.17066835279294e-001 1.56063207571642e+000 2.07117704015693e+001 2.86161649291792e-004 76795 167
7.58998851586623e+003 1.73712009079727e+006 4.36926626843652e-003 5.58491198231055e-001 1.56465889477218e+000 2.07141111874585e+001 2.86295952560313e-004 76942 168
7.58940616929178e+003 1.73709469444935e+006 4.36899491105732e-003 8.90911664815467e-001 1.57012386349071e+000 2.07989014931089e+001 2.86344024802253e-004 77003 169
7.59030788480606e+003 1.73709994377261e+006 4.36950079117595e-003 7.51805734043243e-001 1.56887746711631e+000 2.09653430000387e+001 2.86413863719985e-004 77523 170
7.58931947305019e+003 1.73708840675230e+006 4.36896081721404e-003 7.36247833891087e-001 1.57031561677908e+000 2.09719433658077e+001 2.86486990723536e-004 78092 171
7.58912420865652e+003 1.73708948410514e+006 4.36884570079609e-003 4.78260050014451e-002 9.44145253608814e-001 2.10025650363322e+001 3.10739268009815e-004 78380 172
7.59012753846884e+003 1.73709673514784e+006 4.36940504349497e-003 6.31216755020744e-001 1.56849396053957e+000 2.10796224875422e+001 3.10841865515671e-004 79392 173
7.59116997777539e+003 1.73712280717984e+006 4.36993954893153e-003 7.59706706865613e-001 1.56590529114658e+000 2.11453959695458e+001 3.10910115787709e-004 80003 174
7.59161520878938e+003 1.73711081141709e+006 4.37022602610876e-003 1.95229482521485e-001 1.54078561037019e+000 2.13007811223811e+001 3.12265727167975e-004 80315 175
7.59123740970356e+003 1.73711456178717e+006 4.36999910864710e-003 7.94178132692940e-001 1.56715168752098e+000 2.13007939011020e+001 3.12327629694574e-004 80337 176
7.59033147711483e+003 1.73710064891489e+006 4.36951259865401e-003 7.00800226093428e-001 1.56849396053957e+000 2.13084540834145e+001 3.12409141822384e-004 80740 177
7.58923037265013e+003 1.73708726294097e+006 4.36891240197443e-003 2.51512474248405e-001 1.55526298364208e+000 2.13127345741368e+001 3.13185831141617e-004 80853 178
7.59177938165747e+003 1.73711475336144e+006 4.37031061623950e-003 9.44022065138809e-001 1.56763107074190e+000 2.13848667634997e+001 3.13228153299110e-004 81054 179
7.59056043291504e+003 1.73711178500344e+006 4.36961638746626e-003 5.09071985983028e-001 1.56504240134892e+000 2.13848815390523e+001 3.13392821320881e-004 81075 180
7.59155137094625e+003 1.73711122072446e+006 4.37018824766022e-003 8.27215791251344e-001 1.56772694738609e+000 2.13882404257127e+001 3.13449414911996e-004 81332 181
7.59163198055021e+003 1.73711678542842e+006 4.37022065168204e-003 7.19286672156579e-001 1.56648055101169e+000 2.13898864214012e+001 3.13526388586814e-004 81557 182
7.59117273135117e+003 1.73712217986164e+006 4.36994271211197e-003 7.82677488854974e-001 1.56609704443495e+000 2.14519135240902e+001 3.13590309599186e-004 83489 183
7.59061750679200e+003 1.73712589871200e+006 4.36961374061149e-003 7.85026426721084e-001 1.56561766121403e+000 2.14595235757708e+001 3.13653810437949e-004 83709 184
7.58998141762441e+003 1.73710869455922e+006 4.36929084632194e-003 2.33087039558400e-001 1.54960626163518e+000 2.15131524566074e+001 3.14571917455508e-004 84298 185
7.59135727505709e+003 1.73711732471597e+006 4.37006115927562e-003 1.74760166831099e-001 1.53282784890286e+000 2.23904777373221e+001 3.16301113316107e-004 86136 186
7.59116399946664e+003 1.73710748946709e+006 4.36997464084861e-003 5.98331624895205e-001 1.56676818094424e+000 2.23982689461468e+001 3.16416526351474e-004 86723 187
7.58925032323519e+003 1.73708930905149e+006 4.36891874076214e-003 2.97026958615106e-001 1.55986506256294e+000 2.26805838260685e+001 3.16955234861466e-004 87470 188
7.58908889997108e+003 1.73708562935924e+006 4.36883506952067e-003 4.15511045264079e-001 1.56638467436750e+000 2.26831282853590e+001 3.17212656356316e-004 87512 189
7.59233980802384e+003 1.73713205686132e+006 4.37058969401813e-003 6.74382301521335e-001 1.56417951155126e+000 2.27132946809766e+001 3.17301357174555e-004 87960 190
7.59255739782408e+003 1.73713012351913e+006 4.37071981402382e-003 9.97466835484461e-002 1.10401955778680e-001 2.27312838910589e+001 3.17956066068092e-004 88411 191
7.58919529344272e+003 1.73710905264728e+006 4.36883740688735e-003 9.50306236572817e-001 1.56839808389538e+000 2.32261282198322e+001 3.17997775048244e-004 89863 192
7.59057565089513e+003 1.73710371964584e+006 4.36964543567973e-003 5.33476535241313e-001 1.56648055101169e+000 2.32272678841180e+001 3.18146325145921e-004 89983 193
7.58961776452578e+003 1.73711842923374e+006 4.36905702274792e-003 8.50766181285588e-001 1.56686405758843e+000 2.46600303925519e+001 3.18199529216047e-004 91000 194
7.59149156802341e+003 1.73711121816972e+006 4.37015382809312e-003 9.89445032445792e-001 1.56820633060701e+000 2.46601985387798e+001 3.18237694417440e-004 91038 195
7.58912252770023e+003 1.73708417559279e+006 4.36885808410621e-003 4.03430793381228e-001 1.56619292107913e+000 2.54205643358566e+001 3.18512378943849e-004 91371 196
7.58965994419533e+003 1.73709462119597e+006 4.36914118409035e-003 9.18762164126492e-002 1.44107390041810e+000 2.62836349116359e+001 3.25572618570476e-004 92112 197
7.59023852481094e+003 1.73711258349504e+006 4.36942907029484e-003 4.77895174305569e-001 1.56437126483963e+000 2.65093319490787e+001 3.25761848536331e-004 93014 198
7.59012562583549e+003 1.73711671752146e+006 4.36935368104548e-003 7.93354479155473e-001 1.56686405758843e+000 2.66469730298684e+001 3.25823892470030e-004 95007 199
7.58926595647627e+003 1.73709795484063e+006 4.36890599575441e-003 4.68072343229110e-001 1.56609704443495e+000 2.66476279031244e+001 3.26021970971191e-004 95093 200
7.58961779844548e+003 1.73711403065701e+006 4.36906810509869e-003 8.77916242335430e-001 1.56753519409772e+000 2.66481040712072e+001 3.26071622382820e-004 95230 201
7.58917078386872e+003 1.73710159491001e+006 4.36884205377778e-003 7.98174377633985e-001 1.56887746711631e+000 2.66591674472442e+001 3.26132845406385e-004 95443 202
7.59111267760865e+003 1.73710786885514e+006 4.36994414258542e-003 3.31742429935016e-001 1.55986506256294e+000 2.66601880786262e+001 3.26555263487427e-004 95578 203
7.58967370073214e+003 1.73709407413208e+006 4.36915047917884e-003 1.18477175104180e-001 1.49371017807550e+000 2.67381747364365e+001 3.30612616045261e-004 96680 204
7.58945181377109e+003 1.73710175656073e+006 4.36900342505020e-003 6.93631389748807e-001 1.56830220725120e+000 2.67388014731569e+001 3.30695993017263e-004 96705 205
7.59059505305886e+003 1.73710700904711e+006 4.36964833041158e-003 2.30188999333978e-001 1.54931863170263e+000 2.67504969173029e+001 3.31639715878304e-004 96923 206
7.59004253189051e+003 1.73710906050875e+006 4.36932510679595e-003 2.21006787675549e-001 1.54730522217475e+000 2.73346314429987e+001 3.32671808106796e-004 99001 207
7.59045777603537e+003 1.73710458817010e+006 4.36957539516248e-003 2.78235455686227e-001 1.55612587343974e+000 2.73346614931101e+001 3.33293788250682e-004 99007 208
7.59249238781848e+003 1.73712558716336e+006 4.37069380446153e-003 7.20781450798649e-001 1.56533003128147e+000 2.73347216246372e+001 3.33370410744443e-004 99031 209
7.58960591184682e+003 1.73709259649234e+006 4.36911517211279e-003 7.90120876378751e-001 1.57002798684652e+000 2.76326684259355e+001 3.33433015134030e-004 99667 210
7.59291272743085e+003 1.73712637357312e+006 4.37093379533156e-003 4.92751443666550e-001 1.56283723853267e+000 2.76399110930176e+001 3.33609918276181e-004 100023 211
7.58931871097078e+003 1.73711795556316e+006 4.36888606234863e-003 2.80492876492618e-001 1.55459184713279e+000 2.76399355456032e+001 3.34220924498014e-004 100061 212
7.59341803086788e+003 1.73713297673422e+006 4.37120805883163e-003 1.67225262247604e-001 1.52745875682852e+000 2.76455043118724e+001 3.36125764857283e-004 100161 213
7.59083424488950e+003 1.73712461955177e+006 4.36974172413183e-003 6.34755414663195e-001 1.56485064806055e+000 2.76469152896149e+001 3.36227106725633e-004 100265 214
7.59066889670703e+003 1.73710861701749e+006 4.36968679436363e-003 4.38085253327992e-001 1.56398775826289e+000 2.76470246666889e+001 3.36456241831455e-004 100345 215
7.58919437619359e+003 1.73709135046146e+006 4.36888139982754e-003 9.03754558862639e-001 1.57060324671163e+000 2.83937237753977e+001 3.36502823987306e-004 100897 216
7.59804011585635e+003 1.73708655894499e+006 6.27880601436177e+000 8.36672554088929e-001 -1.57060324671163e+000 2.84332577050587e+001 3.36558020105541e-004 101595 217
7.58938638008885e+003 1.73708884099406e+006 4.36899824109180e-003 2.58193219607860e-001 1.55593412015137e+000 2.84455974495468e+001 3.37291189108100e-004 101762 218
7.58944132826713e+003 1.73709062090656e+006 4.36902539614822e-003 8.19589369608130e-001 1.57041149342326e+000 2.84456907378680e+001 3.37348947988380e-004 101788 219
7.59289722856967e+003 1.73712739352951e+006 4.37092230701457e-003 6.12790127800746e-002 1.25737425016022e+000 2.84468371141255e+001 3.53859250954351e-004 101895 220
7.59099198249845e+003 1.73711892868726e+006 4.36984684179848e-003 1.23358084955837e-001 1.49649060075686e+000 2.84481786100228e+001 3.57572566746397e-004 102053 221
7.59238521797029e+003 1.73713270164557e+006 4.37061421202269e-003 3.18350433529532e-001 1.55574236686300e+000 2.84742641960582e+001 3.58035043067824e-004 102517 222
7.59052704518892e+003 1.73712629933616e+006 4.36956065844558e-003 3.02792533377376e-001 1.55545473693045e+000 2.85934619380539e+001 3.58551412146926e-004 103991 223
7.59065683246163e+003 1.73712721044492e+006 4.36963307899116e-003 1.35011257226668e-001 1.50732466154973e+000 2.86127365487549e+001 3.61598193833959e-004 104500 224
7.59779774860499e+003 1.73708934678291e+006 6.27880616090370e+000 9.21447857074896e-001 -1.57069912335582e+000 2.86239654953691e+001 3.61642830835223e-004 104799 225
7.59005462472974e+003 1.73709665495892e+006 4.36936327151099e-003 6.29996527557829e-001 1.56849396053957e+000 2.86986283870571e+001 3.61745866031055e-004 105135 226
7.59093472030957e+003 1.73711474804822e+006 4.36982439505122e-003 6.39727841574570e-001 1.56619292107913e+000 2.87005468494868e+001 3.61845483737458e-004 105301 227
7.58952066951198e+003 1.73712435118981e+006 4.36898623553292e-003 9.51221407170003e-001 1.56638467436750e+000 2.88364875341442e+001 3.61887104201127e-004 105342 228
7.59047312209252e+003 1.73710552882991e+006 4.36958186312444e-003 6.55651809965601e-001 1.56753519409772e+000 2.92780879110202e+001 3.61981477079958e-004 105955 229
7.58965332507029e+003 1.73711033424321e+006 4.36909785313702e-003 6.07056251255042e-001 1.56648055101169e+000 2.95005005845870e+001 3.62093272237267e-004 106203 230
7.59051743335497e+003 1.73710036579194e+006 4.36962035856640e-003 9.52716185812073e-001 1.56954860362560e+000 2.95008986149460e+001 3.62134749545166e-004 106291 231
7.58919080593123e+003 1.73708963408391e+006 4.36888366128845e-003 3.83358051616288e-001 1.56475477141636e+000 2.95024267983967e+001 3.62442070852799e-004 106550 232
7.58912216891288e+003 1.73709166455462e+006 4.36883904275318e-003 5.73927075636920e-001 1.56858983718375e+000 3.10548069884618e+001 3.62568557554359e-004 107287 233
7.59033941309624e+003 1.73710256034330e+006 4.36951235913199e-003 3.31254338949850e-001 1.56053619907224e+000 3.11848687661481e+001 3.62992349178089e-004 107653 234
7.58959444774657e+003 1.73709345855959e+006 4.36910640441838e-003 5.53945850931699e-001 1.56811045396283e+000 3.12013233187321e+001 3.63129090897832e-004 108046 235
7.59794546818995e+003 1.73708795746301e+006 6.27880607236855e+000 9.56773442126263e-001 -1.57041149342326e+000 3.12951558207998e+001 3.63170182267396e-004 108999 236
7.58939210671202e+003 1.73709829045843e+006 4.36897777152241e-003 9.58329232141479e-001 1.56983623355815e+000 3.14863915149900e+001 3.63211127003437e-004 110462 237
7.58918604330575e+003 1.73709568604971e+006 4.36886569881645e-003 7.36308845264233e-001 1.56935685033723e+000 3.15314619015115e+001 3.63284240609702e-004 111711 238
7.58946266693260e+003 1.73709664451269e+006 4.36902253004682e-003 9.88285816356023e-001 1.57012386349071e+000 3.15315032498385e+001 3.63322504485550e-004 111716 239
7.58927634780497e+003 1.73708840320100e+006 4.36893600045360e-003 7.19195155096860e-001 1.57021974013489e+000 3.17015024293034e+001 3.63399500414930e-004 111973 240
7.59180258652981e+003 1.73712989152893e+006 4.37028588969327e-003 4.91866778755937e-001 1.56235785531175e+000 3.17234711638884e+001 3.63577103600800e-004 112507 241
7.59073775680546e+003 1.73713156789399e+006 4.36966870242269e-003 6.41009080410630e-001 1.56398775826289e+000 3.17297740146620e+001 3.63676282533061e-004 112758 242
7.59052646081950e+003 1.73712590352031e+006 4.36956131767304e-003 2.37479858424891e-001 1.54807223532823e+000 3.17614487030668e+001 3.64557411815706e-004 113402 243
7.59011118250728e+003 1.73711065688435e+006 4.36936061075805e-003 9.21600385507760e-001 1.56811045396283e+000 3.17918862697775e+001 3.64602032405137e-004 113716 244
7.59698942370297e+003 1.73713229253651e+006 4.37326565416326e-003 1.13840310745106e-001 8.45152618488113e-002 3.18711350690904e+001 3.64977089458981e-004 114215 245
7.58964550088010e+003 1.73711711705775e+006 4.36907628956838e-003 3.58221365880255e-001 1.56005681585131e+000 3.18723355169880e+001 3.65333846358368e-004 114362 246
7.59009238391762e+003 1.73709754062666e+006 4.36938278032461e-003 3.71247294046865e-001 1.56322074510941e+000 3.19042773879879e+001 3.65663652682675e-004 115193 247
7.58923441032725e+003 1.73708729346078e+006 4.36891464956634e-003 2.29578885602521e-001 1.55181142445143e+000 3.23349766036482e+001 3.66612949770463e-004 115941 248
7.59107050071302e+003 1.73710947479623e+006 4.36991582319941e-003 2.92237565823168e-001 1.55679700994903e+000 3.23618205649198e+001 3.67171251334443e-004 116178 249
7.58927400743360e+003 1.73709304133367e+006 4.36892298803968e-003 4.66667889116766e-002 8.10205581682791e-001 3.23655187952713e+001 3.90064585388172e-004 116403 250
7.59106341667669e+003 1.73713071134522e+006 4.36985832340942e-003 4.63710030049191e-001 1.56168671880245e+000 3.24086574746051e+001 3.90266780381117e-004 116983 251
7.59018922297101e+003 1.73713190708056e+006 4.36935208543269e-003 5.12885196804635e-001 1.56245373195593e+000 3.29214269828074e+001 3.90428764045549e-004 117333 252
7.58981488039324e+003 1.73710938447544e+006 4.36919324253274e-003 8.14464414263890e-001 1.56791870067446e+000 3.29358149374697e+001 3.90487325283114e-004 117941 253
7.58994780189845e+003 1.73711680646263e+006 4.36925109200134e-003 5.40157280600768e-001 1.56485064806055e+000 3.29360471765979e+001 3.90631862105579e-004 117995 254
7.58952716364520e+003 1.73709245448264e+006 4.36907019681550e-003 4.16731272726993e-001 1.56552178456984e+000 3.31328297687704e+001 3.90887627185968e-004 119465 255
7.58919512886687e+003 1.73710690197617e+006 4.36884272103362e-003 3.60173729820918e-001 1.56149496551408e+000 3.31390909503592e+001 3.91240148543944e-004 119738 256
7.58929433957056e+003 1.73709294467597e+006 4.36893493560624e-003 4.68590939900848e-001 1.56676818094424e+000 3.31474469832181e+001 3.91437745667789e-004 119814 257
7.59194054086375e+003 1.73711635609089e+006 4.37039935628922e-003 4.29604672460738e-001 1.56274136188849e+000 3.31501981304114e+001 3.91676947671723e-004 120161 258
7.58974393500711e+003 1.73711310978764e+006 4.36914303254175e-003 9.34656819360942e-001 1.56782282403027e+000 3.31532990154434e+001 3.91720208415382e-004 120344 259
7.58996798916596e+003 1.73710771570631e+006 4.36928557816076e-003 9.20166618238836e-001 1.56849396053957e+000 3.31551424746549e+001 3.91764982147941e-004 120399 260
7.59035833604483e+003 1.73710329222588e+006 4.36952141136170e-003 7.83684176511878e-001 1.56858983718375e+000 3.31595625053072e+001 3.91828723205646e-004 120599 261
7.58918879669586e+003 1.73709598883795e+006 4.36886652232490e-003 7.09951932065285e-001 1.56916509704886e+000 3.33472858235909e+001 3.91907941673170e-004 121410 262
7.59270841638762e+003 1.73712589789026e+006 4.37081738005710e-003 2.33483613483847e-001 1.54740109881893e+000 3.33528417570434e+001 3.92822576507693e-004 121996 263
7.58960920613656e+003 1.73712459393398e+006 4.36903659139249e-003 5.04799997332836e-002 1.05382813455611e+000 3.44242833871008e+001 4.15935167047338e-004 122480 264
7.59109263116131e+003 1.73711299315896e+006 4.36991971199219e-003 6.03700625732027e-001 1.56609704443495e+000 3.44264809022549e+001 4.16048333661381e-004 122728 265
7.59243805050152e+003 1.73712620424491e+006 4.37066097246637e-003 7.02508544541508e-001 1.56513827799310e+000 3.46433303572482e+001 4.16129409266512e-004 122898 266
7.58992415019791e+003 1.73711851400329e+006 4.36923318198097e-003 2.10421314434768e-001 1.54375778633992e+000 3.46693407132469e+001 4.17279082759590e-004 123554 267
7.58993794475681e+003 1.73710988327086e+006 4.36926283093906e-003 9.19434481761087e-001 1.56820633060701e+000 3.46859141878560e+001 4.17323934934394e-004 124450 268
7.59033937928931e+003 1.73710975619921e+006 4.36949423950121e-003 2.71036113655033e-001 1.55468772377697e+000 3.48312219177252e+001 4.17982827473698e-004 125148 269
7.59100240891944e+003 1.73712168521041e+006 4.36984590967684e-003 6.84784740642679e-001 1.56561766121403e+000 3.54241445726363e+001 4.18068591647375e-004 126255 270
7.58920462900411e+003 1.73709567305562e+006 4.36887643058708e-003 1.58073556275747e-001 1.52774638676107e+000 3.57530678170576e+001 4.20224537449113e-004 127158 271
7.58950763556485e+003 1.73710270533208e+006 4.36903317320241e-003 7.47962017535064e-001 1.56849396053957e+000 3.57665048559345e+001 4.20295168317486e-004 127597 272
7.58913406642402e+003 1.73708420397196e+006 4.36886465518694e-003 4.55504000361093e-001 1.56763107074190e+000 3.57888741339502e+001 4.20505471424497e-004 128218 273
7.59102548449566e+003 1.73710830695075e+006 4.36989284706367e-003 3.82564903765394e-001 1.56226197866756e+000 3.57888776208740e+001 4.20814190597314e-004 128227 274
7.58951322606832e+003 1.73709706781588e+006 4.36905057037566e-003 1.70916450322919e-001 1.53388249198889e+000 3.57944224821186e+001 4.22630167136558e-004 128307 275
7.58959206163809e+003 1.73709685354363e+006 4.36909649194826e-003 5.66849756352017e-001 1.56782282403027e+000 3.58473839271260e+001 4.22760153936732e-004 128808 276
7.59062111650859e+003 1.73711376576211e+006 4.36964633794536e-003 5.67946768538648e-002 1.19812248405408e+000 3.60188057937626e+001 4.41866169933402e-004 129693 277
7.59128850703453e+003 1.73711003119798e+006 4.37003992055455e-003 2.86655025180335e-001 1.55622175008393e+000 3.60891182897790e+001 4.42448666722600e-004 129907 278
7.59087013113517e+003 1.73710670757238e+006 4.36980743989199e-003 2.92451105629178e-001 1.55718051652577e+000 3.60946098056998e+001 4.43006074786888e-004 130386 279
7.59043420714234e+003 1.73710574329085e+006 4.36955892191890e-003 7.70627742658696e-001 1.56820633060701e+000 3.60977718451541e+001 4.43072215828603e-004 130614 280
7.59019962437032e+003 1.73710834836454e+006 4.36941732961603e-003 6.19990662361933e-001 1.56686405758843e+000 3.62581474982758e+001 4.43178944231277e-004 131043 281
7.58929311250813e+003 1.73710733379243e+006 4.36889804015860e-003 4.24754268295654e-001 1.56379600497452e+000 3.63327460753995e+001 4.43424198739585e-004 131693 282
7.59066993548185e+003 1.73712626805151e+006 4.36964299227804e-003 5.98757511977233e-002 1.24049996078372e+000 3.63331914104041e+001 4.60700271194860e-004 131775 283
7.59050320205464e+003 1.73711432888889e+006 4.36957704323393e-003 1.43400321034203e-001 1.51585768288217e+000 3.63515877917743e+001 4.63369984875181e-004 132168 284
7.59796708971563e+003 1.73708664115969e+006 6.27880605660741e+000 9.63393176112573e-001 -1.57021974013489e+000 3.63736077251671e+001 4.63410457631065e-004 132294 285
7.58996471367233e+003 1.73710063270281e+006 4.36930150806114e-003 9.66962341441597e-001 1.56954860362560e+000 3.63804825045096e+001 4.63450602433304e-004 132401 286
7.59797839039124e+003 1.73708578994198e+006 6.27880604795868e+000 7.87466881646912e-001 -1.57069912335582e+000 3.63808838529395e+001 4.63513671969499e-004 132518 287
7.58990562224904e+003 1.73709506268734e+006 4.36928150136797e-003 3.72589544256070e-001 1.56360425168615e+000 3.63809864751028e+001 4.63840870995913e-004 132591 288
7.59009354049309e+003 1.73711606161089e+006 4.36933686071799e-003 8.18674199010944e-001 1.56705581087680e+000 3.69887375071456e+001 4.63898771617812e-004 132957 289
7.58927522065240e+003 1.73711529218426e+006 4.36886772525983e-003 3.19845212171602e-001 1.55813928296762e+000 3.70047294316401e+001 4.64356521485523e-004 133175 290
7.58951536750812e+003 1.73709711930948e+006 4.36905167360909e-003 6.48818536173282e-001 1.56858983718375e+000 3.70289967870275e+001 4.64453095100847e-004 133639 291
7.59258328241954e+003 1.73712050448878e+006 4.37075891646484e-003 2.69998920311556e-001 1.55315369747002e+000 3.70290393640998e+001 4.65117551733214e-004 133649 292
7.58979560288460e+003 1.73710873683262e+006 4.36918377421353e-003 5.86525924191510e-001 1.56648055101169e+000 3.70300563227811e+001 4.65238137148220e-004 133773 293
7.58980920908166e+003 1.73713004942777e+006 4.36913800244038e-003 6.91892565614154e-001 1.56456301812799e+000 3.70659968806430e+001 4.65321974431416e-004 134547 294
7.59011146914609e+003 1.73710996574704e+006 4.36936251416261e-003 3.83236028869997e-001 1.56207022537919e+000 3.70861667516568e+001 4.65629504957186e-004 134810 295
7.59156659400992e+003 1.73713208271529e+006 4.37014452796028e-003 1.28879614225524e-001 1.50080504974517e+000 3.71269179074268e+001 4.69002850022013e-004 135457 296
7.59133983257914e+003 1.73712441643333e+006 4.37003327814722e-003 1.97456397641304e-001 1.53963509063997e+000 3.72260382270858e+001 4.70325007374428e-004 136334 297
7.59049302872320e+003 1.73710873811958e+006 4.36958524988720e-003 5.13861378774967e-001 1.56552178456984e+000 3.72945163552554e+001 4.70486318195583e-004 136877 298
7.59802887641506e+003 1.73708375420163e+006 6.27880601376967e+000 8.15349079174503e-001 -1.57031561677908e+000 3.73779633833058e+001 4.70544739971844e-004 137442 299
7.58984285544889e+003 1.73710020305271e+006 4.36923243970805e-003 2.70914090908741e-001 1.55593412015137e+000 3.73860251254268e+001 4.71204298318302e-004 137774 300
7.59023710143962e+003 1.73709755750189e+006 4.36946604624427e-003 9.99359380581970e-001 1.57002798684652e+000 3.74890605851520e+001 4.71241635612420e-004 139012 301
7.59032487426213e+003 1.73710979858315e+006 4.36948578295788e-003 9.91580430505892e-001 1.56839808389538e+000 3.75097873431100e+001 4.71279620247803e-004 139515 302
7.58961494923617e+003 1.73712040495278e+006 4.36905043301750e-003 9.35571989958128e-001 1.56686405758843e+000 3.75138222234458e+001 4.71322787804943e-004 139768 303
7.58931726944445e+003 1.73708846574022e+006 4.36895940031654e-003 3.44158244370169e-001 1.56312486846522e+000 3.79186646492106e+001 4.71712415594108e-004 140823 304
7.59149950024711e+003 1.73712263802450e+006 4.37012966525420e-003 2.53403826815922e-001 1.55085265800958e+000 3.81083379481312e+001 4.72476348726785e-004 141262 305
7.59041701656003e+003 1.73710376271022e+006 4.36955400793469e-003 9.05706922803302e-001 1.56897334376049e+000 3.81163491321383e+001 4.72522710182153e-004 141432 306
7.59057197434215e+003 1.73710817447444e+006 4.36963211339110e-003 5.41133462571100e-001 1.56600116779077e+000 3.81181442351484e+001 4.72666674890606e-004 141517 307
7.59060509120318e+003 1.73710875915205e+006 4.36964970666789e-003 9.01344609623384e-001 1.56830220725120e+000 3.81259843440399e+001 4.72713531346749e-004 141666 308
7.59262459772082e+003 1.73713322747889e+006 4.37075068802156e-003 7.86368676930289e-001 1.56465889477218e+000 3.81262793996768e+001 4.72776793629871e-004 141725 309
7.58930765677511e+003 1.73710911829586e+006 4.36890192464402e-003 9.13271140543378e-002 1.43752646458327e+000 3.81606495886438e+001 4.79927403560342e-004 142613 310
7.58952611648873e+003 1.73710179814358e+006 4.36904609360658e-003 3.23444883187199e-001 1.56015269249550e+000 3.81622698555591e+001 4.80374031067176e-004 142651 311
7.58916371851449e+003 1.73709077562640e+006 4.36886519702449e-003 5.89332447356212e-001 1.56887746711631e+000 3.83703489744268e+001 4.80493357626472e-004 143189 312
7.58934656496186e+003 1.73713294447144e+006 4.36886439990771e-003 5.80119730011210e-001 1.56322074510941e+000 3.83710680080347e+001 4.80616889615106e-004 143320 313
7.58946479472201e+003 1.73710094899795e+006 4.36901292875970e-003 5.03947030638788e-001 1.56638467436750e+000 3.88223174990631e+001 4.80785265429336e-004 143772 314
7.58997962352031e+003 1.73709552233992e+006 4.36932294499133e-003 2.89858122270485e-001 1.55842691290017e+000 3.88475256055200e+001 4.81353711705399e-004 144203 315
7.58979650977508e+003 1.73710727653848e+006 4.36918796916769e-003 6.48330445188116e-001 1.56724756416517e+000 3.93210987983260e+001 4.81450444969815e-004 144778 316
7.59255850552367e+003 1.73713246426262e+006 4.37071456230847e-003 1.75675337428285e-001 1.53119794595172e+000 3.98678243925232e+001 4.83159776720347e-004 146032 317
7.59140750518881e+003 1.73713047214031e+006 4.37005700003449e-003 2.71463193267053e-001 1.55200317773980e+000 3.98993190832774e+001 4.83816360122181e-004 146573 318
7.58956486181557e+003 1.73709460023002e+006 4.36908650142501e-003 3.73413197793537e-001 1.56370012833033e+000 3.99379060985181e+001 4.84141973695360e-004 147044 319
7.58922548617273e+003 1.73708687927157e+006 4.36891055394511e-003 1.34187603689201e-001 1.51192674047060e+000 3.99946792715447e+001 4.87230920530524e-004 147539 320
7.59101694685523e+003 1.73712410477019e+006 4.36984819200619e-003 6.15535639592303e-002 1.26111343928343e+000 4.08346006067036e+001 5.03599343214780e-004 148821 321
7.59135302251069e+003 1.73711878037366e+006 4.37005504933227e-003 7.68888918524043e-001 1.56648055101169e+000 4.08799734535282e+001 5.03665813375066e-004 149138 322
7.58924360537861e+003 1.73708698830906e+006 4.36892071031100e-003 7.37132498801700e-001 1.57050737006745e+000 4.16624629729331e+001 5.03738747444616e-004 151010 323
7.59043473671914e+003 1.73711882709463e+006 4.36952631611425e-003 4.17524420577887e-001 1.56207022537919e+000 4.16628565084657e+001 5.03993438691286e-004 151137 324
7.59039375980574e+003 1.73710781032237e+006 4.36953043867503e-003 8.91704812666361e-001 1.56839808389538e+000 4.16652701717328e+001 5.04041416786525e-004 151332 325
7.58995016814472e+003 1.73710622984840e+006 4.36927905661018e-003 2.79425177462568e-001 1.55602999679556e+000 4.16653414458640e+001 5.04657584824969e-004 151414 326
7.59041765952686e+003 1.73710100136107e+006 4.36956132395444e-003 1.68231949904508e-001 1.53215671239357e+000 4.18966555969858e+001 5.06537800874708e-004 152768 327
7.59077033731955e+003 1.73711093083257e+006 4.36973936910453e-003 7.94422178185523e-001 1.56763107074190e+000 4.19180305976915e+001 5.06599661673960e-004 153079 328
7.59072851010693e+003 1.73710364681659e+006 4.36973361379582e-003 3.76768823316552e-001 1.56264548524430e+000 4.26476660155224e+001 5.06918926708981e-004 154311 329
7.58944956088729e+003 1.73712323507048e+006 4.36894810869303e-003 6.86645587523623e-001 1.56542590792566e+000 4.26733124993934e+001 5.07004180291466e-004 154505 330
7.58930550983671e+003 1.73708851023628e+006 4.36895251881209e-003 7.05620124571939e-001 1.57012386349071e+000 4.26770486537501e+001 5.07084472700334e-004 154677 331
7.59259355189800e+003 1.73712066817088e+006 4.37076441629946e-003 1.35133279972959e-001 1.50828342799158e+000 4.26785749571742e+001 5.10125388952690e-004 154806 332
7.58993438174612e+003 1.73712521634618e+006 4.36922221422045e-003 1.27445846956599e-001 1.50022978988006e+000 4.26931888036091e+001 5.13582648371341e-004 155618 333
7.59135336325741e+003 1.73711872901981e+006 4.37005537467359e-003 3.67098520672956e-001 1.56024856913968e+000 4.27754976631164e+001 5.13920701328709e-004 156338 334
7.59011383852335e+003 1.73710950656071e+006 4.36936503309306e-003 6.88567445777713e-001 1.56724756416517e+000 4.27808828789250e+001 5.14005432983886e-004 157039 335
7.59085892345062e+003 1.73711057667495e+006 4.36979125526396e-003 6.81093552567363e-001 1.56705581087680e+000 4.27818632210684e+001 5.14092223598556e-004 157141 336
7.59099905772490e+003 1.73711651086075e+006 4.36985699683891e-003 4.74294310759980e-002 6.61980289773248e-001 4.27832388652195e+001 5.32836747217197e-004 157400 337
7.58954122587147e+003 1.73709908588474e+006 4.36906161311704e-003 5.45982674206192e-002 1.16149760597552e+000 4.27837387537591e+001 5.53362353710923e-004 157555 338
7.58931943237557e+003 1.73709357081897e+006 4.36894780582992e-003 2.88058286762686e-001 1.55852278954436e+000 4.27994427434871e+001 5.53938643813918e-004 158572 339
7.59126255264095e+003 1.73711419040921e+006 4.37001451659097e-003 3.87811881855925e-001 1.56168671880245e+000 4.28018618404251e+001 5.54238246863894e-004 158751 340
7.58913299346954e+003 1.73708780045165e+006 4.36885499230920e-003 7.05986192810814e-001 1.57021974013489e+000 4.28382077855203e+001 5.54318447712905e-004 159636 341
7.59018642764950e+003 1.73711022066961e+006 4.36940502340385e-003 6.61264856295007e-001 1.56695993423261e+000 4.28726283975377e+001 5.54411067019575e-004 159803 342
7.59021781087951e+003 1.73712475665506e+006 4.36938652722589e-003 3.61302440224114e-001 1.55919392605365e+000 4.28744126857150e+001 5.54761161685495e-004 160163 343
7.59111056205301e+003 1.73710821252515e+006 4.36994206020801e-003 3.23200837694616e-001 1.55928980269784e+000 4.30233786129605e+001 5.55208527189034e-004 160455 344
7.58963116270231e+003 1.73709219405394e+006 4.36913072030931e-003 2.48614434023983e-001 1.55420834055605e+000 4.31175725924217e+001 5.56005260536181e-004 161496 345
7.58984827117411e+003 1.73710428979046e+006 4.36922527833143e-003 3.24085502605229e-001 1.55986506256294e+000 4.31178265201267e+001 5.56449946700744e-004 161661 346
7.59212121338435e+003 1.73712820010036e+006 4.37047356306189e-003 2.48980502262858e-001 1.54951038499100e+000 4.32532530943347e+001 5.57244034556712e-004 162151 347
7.58917230495794e+003 1.73708592339985e+006 4.36888234340346e-003 2.29639896975667e-001 1.55200317773980e+000 4.32744443383186e+001 5.58192780303521e-004 162858 348
7.58926338398162e+003 1.73708826248537e+006 4.36892889154241e-003 5.19047345492352e-001 1.56830220725120e+000 4.34621178160388e+001 5.58350568313970e-004 163370 349
7.59202934680738e+003 1.73711787230311e+006 4.37044666331438e-003 5.93876602125576e-002 1.23532262199774e+000 4.38605223893814e+001 5.75909094842434e-004 165114 350
7.58940333179452e+003 1.73709616674346e+006 4.36898957467648e-003 4.13894243875717e-001 1.56494652470473e+000 4.44135760468464e+001 5.76168731860780e-004 165582 351
7.59151856413509e+003 1.73713087921529e+006 4.37011990715820e-003 6.79629279611866e-001 1.56437126483963e+000 4.47339661371830e+001 5.76255933199559e-004 165852 352
7.59147877679919e+003 1.73713209632532e+006 4.37009394170330e-003 9.37707388018228e-001 1.56533003128147e+000 4.47752917452908e+001 5.76298884474821e-004 166738 353
7.59195157880559e+003 1.73712268087113e+006 4.37038979810851e-003 7.97594769589100e-001 1.56609704443495e+000 4.52846258744520e+001 5.76360204855884e-004 168046 354
7.59085171863193e+003 1.73710530220356e+006 4.36980037581895e-003 3.97909264111541e-001 1.56322074510941e+000 4.52859811676945e+001 5.76643339701310e-004 168104 355
7.58947131768398e+003 1.73710187051536e+006 4.36901436607737e-003 8.06807486934103e-001 1.56887746711631e+000 4.52908911159987e+001 5.76703130736363e-004 168407 356
7.58927574634214e+003 1.73709330453608e+006 4.36892332709972e-003 2.11794070330546e-001 1.54740109881893e+000 4.52923075062683e+001 5.77836578416443e-004 168503 357
7.59160471030605e+003 1.73712320558471e+006 4.37018880197472e-003 6.35396034081225e-001 1.56504240134892e+000 4.52938813270011e+001 5.77937695749263e-004 168671 358
7.58961904774429e+003 1.73709822072698e+006 4.36910858816183e-003 4.79145907455056e-001 1.56628879772332e+000 4.52940910356136e+001 5.78125842689437e-004 168690 359
7.58996953173995e+003 1.73710275733277e+006 4.36929893765759e-003 5.45038190452425e-001 1.56676818094424e+000 4.53784378658995e+001 5.78267548584024e-004 169553 360
7.59167096345113e+003 1.73712161813119e+006 4.37023093446689e-003 3.93607962304768e-001 1.56091970564898e+000 4.57881006323973e+001 5.78557529212309e-004 169726 361
7.58929345853294e+003 1.73708896865124e+006 4.36894442835635e-003 5.45373753004727e-001 1.56858983718375e+000 4.57965979852889e+001 5.78699044163107e-004 169944 362
7.59011311682841e+003 1.73709938899567e+006 4.36939006625547e-003 6.50282809128779e-001 1.56830220725120e+000 4.59066064117146e+001 5.78795139948968e-004 170175 363
7.59041800728677e+003 1.73712382385359e+006 4.36950411717580e-003 1.41264922974103e-001 1.51298138355663e+000 4.59150656499144e+001 5.81553995225823e-004 170335 364
7.59175481171073e+003 1.73712042194054e+006 4.37028221140766e-003 8.71418531095412e-001 1.56667230430006e+000 4.59240767692236e+001 5.81604464616417e-004 170669 365
7.59176314410784e+003 1.73711377072329e+006 4.37030374112260e-003 5.94884482312472e-001 1.56590529114658e+000 4.59845689290653e+001 5.81721353629256e-004 171539 366
7.58954923078056e+003 1.73709893262006e+006 4.36906660671321e-003 5.23196118866260e-001 1.56695993423261e+000 4.59973567870357e+001 5.81876401415007e-004 172358 367
7.59328504892532e+003 1.73712997061612e+006 4.37113907193748e-003 9.05767934176448e-001 1.56552178456984e+000 4.60038164075746e+001 5.81922755432600e-004 172867 368
7.59013568137586e+003 1.73709860173488e+006 4.36940503600003e-003 6.66785193034702e-002 1.31509198995941e+000 4.60235397000424e+001 5.95867354315657e-004 174024 369
7.58973003815957e+003 1.73709983340467e+006 4.36916842491981e-003 2.77716859014488e-001 1.55670113330485e+000 4.60262293153800e+001 5.96491897701006e-004 174368 370
7.59001460034702e+003 1.73709770152041e+006 4.36933759859247e-003 7.32343106009761e-001 1.56906922040468e+000 4.60467445069588e+001 5.96565885129278e-004 174577 371
7.58924362286068e+003 1.73709881969622e+006 4.36889096401660e-003 5.49948413460663e-002 4.01771077455977e-001 4.60719463891146e+001 6.05176884898960e-004 175120 372
7.58913891787634e+003 1.73708845151769e+006 4.36885676534313e-003 6.49855729516759e-001 1.56974035691397e+000 4.62437220959715e+001 6.05273119922593e-004 175542 373
7.59075801233525e+003 1.73711101049889e+006 4.36973207373566e-003 1.36841598421039e-001 1.51106385067293e+000 4.62622885646451e+001 6.08231647038906e-004 176139 374
7.58916812699001e+003 1.73709520301683e+006 4.36885659989382e-003 9.49024997736758e-001 1.57021974013489e+000 4.62626600709630e+001 6.08273480113762e-004 176207 375
7.59008814923052e+003 1.73710329072447e+006 4.36936587939246e-003 6.31308272080462e-001 1.56763107074190e+000 4.62679522482376e+001 6.08376044660005e-004 176581 376
7.58952218005377e+003 1.73710125625384e+006 4.36904519046482e-003 7.13765142886892e-001 1.56849396053957e+000 4.62873767738087e+001 6.08454334932763e-004 177421 377
7.58954676027191e+003 1.73709446246740e+006 4.36907642752899e-003 1.38915985107993e-001 1.51499479308451e+000 4.62885134971949e+001 6.11317189570334e-004 177662 378
7.58959033109910e+003 1.73712383755517e+006 4.36902762825918e-003 8.11200305800594e-001 1.56600116779077e+000 4.62915892507349e+001 6.11376270030450e-004 177785 379
7.58999242846801e+003 1.73710652003354e+006 4.36930265426084e-003 3.31955969741026e-001 1.56005681585131e+000 4.62930463741313e+001 6.11798091408174e-004 177967 380
7.59039628202485e+003 1.73711235251075e+006 4.36952046533808e-003 3.36928396652402e-001 1.55957743263039e+000 4.62930557608570e+001 6.12206336159020e-004 177994 381
7.58982556403950e+003 1.73709513661508e+006 4.36923522889473e-003 9.10496315595240e-001 1.57012386349071e+000 4.62940330784813e+001 6.12252162857716e-004 178105 382
7.58947564362672e+003 1.73709739899430e+006 4.36902810264236e-003 2.93762850151810e-001 1.55852278954436e+000 4.63298876674381e+001 6.12804119369932e-004 178496 383
7.58977255555960e+003 1.73713185473994e+006 4.36911236225660e-003 8.11596879726041e-001 1.56494652470473e+000 4.67343322879796e+001 6.12863136006181e-004 181041 384
7.59351151735680e+003 1.73713130746390e+006 4.37126607478995e-003 8.69923752453342e-001 1.56523415463729e+000 4.68154744526978e+001 6.12913796026608e-004 181997 385
7.58938185814576e+003 1.73709869570155e+006 4.36897085260278e-003 7.11018438565343e-002 1.34836118549150e+000 4.68159004745723e+001 6.25119396014845e-004 182123 386
7.59291557602149e+003 1.73712994000048e+006 4.37092646146274e-003 6.16513014092627e-001 1.56398775826289e+000 4.68176443722629e+001 6.25227451714867e-004 182300 387
7.59194265625601e+003 1.73713012271251e+006 4.37036593938191e-003 8.52443994047096e-001 1.56533003128147e+000 4.68849551343276e+001 6.25280425294929e-004 182664 388
7.59805026433396e+003 1.73708497338256e+006 6.27880600452723e+000 8.07539623411851e-001 -1.57050737006745e+000 4.69088355841202e+001 6.25340097244372e-004 183171 389
7.59003678952569e+003 1.73711724337519e+006 4.36930121928686e-003 5.30700517763183e-001 1.56465889477218e+000 4.69141386590821e+001 6.25490360775364e-004 183337 390
7.59090835213658e+003 1.73713139130294e+006 4.36976734994535e-003 2.54135963293670e-001 1.54979801492355e+000 4.69144843111768e+001 6.26249444117153e-004 183389 391
7.59084099787286e+003 1.73712751416363e+006 4.36973833020091e-003 5.12671656998625e-001 1.56302899182104e+000 4.69148751236196e+001 6.26411577003986e-004 183551 392
7.59146380358204e+003 1.73712412532387e+006 4.37010537476681e-003 4.18439591175073e-001 1.56139908886990e+000 4.69209213618685e+001 6.26665042837715e-004 183756 393
7.59068397118815e+003 1.73710954140438e+006 4.36969314684934e-003 4.12002891308200e-001 1.56312486846522e+000 4.69237526858088e+001 6.26927306024842e-004 184010 394
7.58992014199197e+003 1.73709734793593e+006 4.36928411187130e-003 1.26866238911715e-001 1.50329784249397e+000 4.69822482915143e+001 6.30420150648292e-004 184591 395
7.58928375940322e+003 1.73708881624741e+006 4.36893922821395e-003 5.17583072536855e-001 1.56820633060701e+000 4.69822533096593e+001 6.30578922348781e-004 184613 396
7.59547357111783e+003 1.73713261262134e+006 4.37239224738541e-003 7.15594291551271e-002 2.19988960081790e-001 4.69904306228003e+001 6.33271423187869e-004 184700 397
7.59257151220874e+003 1.73712319370822e+006 4.37074537466989e-003 9.66809813008733e-001 1.56657642765587e+000 4.70044258211717e+001 6.33311581598672e-004 185186 398
7.58956319829951e+003 1.73710383171610e+006 4.36906232547679e-003 5.71639149143956e-001 1.56695993423261e+000 4.70185040187092e+001 6.33439184096976e-004 185417 399
7.58908737789900e+003 1.73708403107498e+006 4.36883821301191e-003 6.61325867668152e-001 1.57041149342326e+000 4.71790052335901e+001 6.33531785280937e-004 185631 400
7.59163135743420e+003 1.73712975168682e+006 4.37018767326303e-003 2.30341527766843e-001 1.54634645573290e+000 4.71855728509070e+001 6.34474069541846e-004 185997 401
7.58974157072988e+003 1.73710189606563e+006 4.36916987581438e-003 7.99789986492354e-002 1.39687476744896e+000 4.74015766978765e+001 6.43988477509795e-004 186593 402
