2.78449697159719e+005 1.71466432583902e+006 6.12219222325213e+000 7.10592551483315e-001 -1.56983623355815e+000 5.14785527884285e+000 7.90615023074631e-008 21283 1
2.78441374409922e+005 1.71465530309774e+006 1.60983880147662e-001 3.73321680733819e-001 1.35229212790307e+000 1.18178326707637e+001 3.97112357232977e-007 52302 2
2.78445460674258e+005 1.71467011495553e+006 1.60984835311297e-001 6.68891277938221e-001 1.56149496551408e+000 1.19072445727395e+001 4.87421087276723e-007 53463 3
2.78446814263560e+005 1.71467943048572e+006 1.60984744873802e-001 5.49522526378635e-001 1.51787109241005e+000 1.76432598509878e+001 6.26401649243805e-007 72645 4
2.78448195651990e+005 1.71468614522880e+006 1.60984910213117e-001 6.49672695397322e-001 1.55602999679556e+000 3.10473802705307e+001 7.22685886211512e-007 123189 5
2.78444425317341e+005 1.71467007727157e+006 1.60984250479662e-001 2.99375896481216e-001 1.13561091204566e+000 3.36048611535281e+001 1.20281859549046e-006 129538 6
2.78446858979333e+005 1.71468093639389e+006 1.60984631328197e-001 6.78134500969796e-001 1.56389188161870e+000 3.38026225239452e+001 1.29044308365742e-006 132224 7
2.78446512553780e+005 1.71468607858824e+006 1.60983960003713e-001 3.60722832179229e-001 1.32832296685690e+000 3.53021948862019e+001 1.63152193893902e-006 147357 8
2.78449378000089e+005 1.71468262412962e+006 1.60985906940186e-001 4.37932724895128e-001 1.43877286095767e+000 4.52269578378349e+001 1.85884235914324e-006 189141 9
2.78440800584594e+005 1.71465466304573e+006 1.60983613146276e-001 5.01537081399533e-001 1.49073800210578e+000 4.94986524195758e+001 2.02845988709470e-006 215054 10
2.78453741898322e+005 1.71468462881117e+006 1.60988201586780e-001 2.75062864282650e-001 9.28229730674154e-001 5.00130184757557e+001 2.53917000414537e-006 219467 11
2.78438714527285e+005 1.71464263203719e+006 1.60983537938130e-001 2.95715214092473e-001 5.35231366161077e-001 5.03384891357125e+001 2.81663801036897e-006 222845 12
2.78449980818740e+005 1.71466874340271e+006 6.12219246970143e+000 8.16508295264271e-001 -1.55056502807703e+000 5.08046754933556e+001 2.87486555622011e-006 224601 13
2.78442268657032e+005 1.71466049242327e+006 1.60983909443513e-001 2.76008540566408e-001 9.45008143406476e-001 5.19341261665814e+001 3.38802825564893e-006 233981 14
2.78446604933278e+005 1.71468106891474e+006 1.60984474747472e-001 4.54619335450480e-001 1.45468838389233e+000 5.49693286359012e+001 3.59781175884756e-006 253100 15
2.78439971503422e+005 1.71464998393928e+006 1.60983573798695e-001 6.54157031323531e-001 1.55746814645833e+000 5.50751965795772e+001 3.69265179017282e-006 254582 16
2.78447720147252e+005 1.71464371715897e+006 6.12219144495491e+000 9.97742579193609e-001 -1.53062268608661e+000 7.42639916922237e+001 3.73009209945027e-006 335227 17
2.78439062897176e+005 1.71464428354077e+006 1.60983583500996e-001 6.37134858215878e-001 1.55238668431654e+000 7.78506036325616e+001 3.83058794066344e-006 351931 18
2.78450304992438e+005 1.71468102611625e+006 6.12219341887582e+000 9.32643444047134e-001 -1.53656703802606e+000 8.38106011003683e+001 3.87402914067943e-006 376065 19
2.78448474747727e+005 1.71464773548471e+006 6.12219138696823e+000 8.55006471719215e-001 -1.54519593600269e+000 8.54606292342719e+001 3.92663761177725e-006 388947 20
2.78445725875885e+005 1.71468107920769e+006 1.60983974304287e-001 3.63651378090223e-001 1.33417144215217e+000 8.61734612070619e+001 4.26218172460814e-006 389901 21
2.78447400220783e+005 1.71468445806636e+006 1.60984613916668e-001 4.06877935963960e-001 1.40310674932096e+000 8.94546468429259e+001 4.52799374574301e-006 402817 22
2.78449773361688e+005 1.71466680927799e+006 6.12219240911167e+000 9.91641441879037e-001 -1.53119794595172e+000 9.13216750467901e+001 4.56594357635124e-006 407897 23
2.78447324854742e+005 1.71467876420285e+006 1.60985096479195e-001 3.05873607721234e-001 1.16657906811731e+000 1.05319832290212e+002 5.03029604192604e-006 450715 24
2.78441198909649e+005 1.71465728324864e+006 1.60983597709546e-001 6.21027855705410e-001 1.54711346888638e+000 1.13398668373397e+002 5.13660369068792e-006 483538 25
2.78446662235835e+005 1.71468426265228e+006 1.60984212614772e-001 3.20394314529914e-001 1.22295453489792e+000 1.17182839046727e+002 5.56535263923975e-006 502750 26
2.78452419639711e+005 1.71468106506662e+006 6.12219222089715e+000 9.92282061297068e-001 -1.53119794595172e+000 1.21543657998529e+002 5.60324858964455e-006 527900 27
2.78447263988112e+005 1.71468488948914e+006 1.60984496699132e-001 6.09984797166036e-001 1.54318252647481e+000 1.24116567794365e+002 5.71382519914720e-006 540420 28
2.78444039094247e+005 1.71466838907732e+006 1.60984186794774e-001 4.23991626131333e-001 1.42391198110904e+000 1.25821488710703e+002 5.95740584740735e-006 545394 29
2.78448033900157e+005 1.71468495079804e+006 1.60984928516405e-001 5.81492485906988e-001 1.53225258903775e+000 1.31255265964375e+002 6.08020941413113e-006 570593 30
2.78446585853186e+005 1.71467741613179e+006 1.60984800957045e-001 2.89827616583912e-001 1.07952307519761e+000 1.33766235937648e+002 6.58158163253570e-006 582677 31
2.78444647499102e+005 1.71467142266306e+006 1.60984252584513e-001 2.96447350570222e-001 1.11998301904355e+000 1.39641831859939e+002 7.06858665326939e-006 604798 32
2.78440123032085e+005 1.71465111199091e+006 1.60983555811935e-001 6.89116548136024e-001 1.56676818094424e+000 1.39721737927505e+002 7.15316969077354e-006 606355 33
2.78444852825747e+005 1.71467361180569e+006 1.60984167256944e-001 3.75884158405939e-001 1.35670245353557e+000 1.43405020129964e+002 7.46677374186251e-006 620792 34
2.78450236107820e+005 1.71466973327387e+006 6.12219241598150e+000 8.10102101083971e-001 -1.55152379451888e+000 1.46790029213978e+002 7.52602022360145e-006 639165 35
2.78452681092899e+005 1.71468773153482e+006 1.60987312523851e-001 5.36435586838880e-001 1.51115972731712e+000 1.47162451825651e+002 7.67251403173382e-006 640299 36
2.78447653299100e+005 1.71467889067595e+006 1.60985271436309e-001 4.91592227576782e-001 1.48393076036866e+000 1.49085898479703e+002 7.84967135128193e-006 651997 37
2.78448328782025e+005 1.71468268060351e+006 1.60985305548753e-001 3.57916309014527e-001 1.32257036820582e+000 1.53820443043440e+002 8.19616234163369e-006 670307 38
2.78441756238629e+005 1.71465733215022e+006 1.60983909884264e-001 5.48576850094877e-001 1.51748758583331e+000 1.55492481998706e+002 8.33566769065796e-006 677644 39
2.78441099888083e+005 1.71465273732083e+006 1.60983960910757e-001 5.57087936648703e-001 1.52161028153325e+000 1.56625160092637e+002 8.47055555731902e-006 684446 40
2.78443811867184e+005 1.71467422841588e+006 1.60983518870299e-001 2.76039046252981e-001 7.05795916165654e-001 1.57599388232357e+002 8.88113684237548e-006 687849 41
2.78450651046630e+005 1.71468313240803e+006 6.12219341659759e+000 8.81058328052434e-001 -1.54212788338878e+000 1.63057386825906e+002 8.93037955260724e-006 707035 42
2.78439538265665e+005 1.71464713571892e+006 1.60983590437131e-001 6.43724086515615e-001 1.55440009384442e+000 1.63562468488517e+002 9.02862961697848e-006 708891 43
2.78449053340604e+005 1.71465548408365e+006 6.12219177320780e+000 9.46584542810929e-001 -1.53512888836329e+000 1.67843845592281e+002 9.07067358431484e-006 723513 44
2.78446701599586e+005 1.71468815567291e+006 1.60983875766021e-001 3.91137001692367e-001 1.38115099780267e+000 1.87617536900589e+002 9.35944224940210e-006 813486 45
2.78448435926250e+005 1.71465030640268e+006 6.12219164626206e+000 9.59854516470121e-001 -1.53388249198889e+000 1.90816971687924e+002 9.40021620330656e-006 817482 46
2.78453939122690e+005 1.71468735458253e+006 6.12219193786571e+000 9.66687790262441e-001 -1.53340310876797e+000 1.98345458450955e+002 9.44035804406366e-006 848338 47
2.78439979688044e+005 1.71464884642277e+006 1.60983683412014e-001 3.99007468828164e-001 1.39265619510483e+000 2.01570740001035e+002 9.71733571022450e-006 867538 48
2.78450406102657e+005 1.71466848555187e+006 6.12219220425422e+000 9.34138222689204e-001 -1.53637528473769e+000 2.05424434373256e+002 9.76062384288221e-006 877270 49
2.78444975486488e+005 1.71467282935891e+006 1.60984309153262e-001 2.82048666507834e-001 1.01768263969848e+000 2.06261829336588e+002 1.02743038778633e-005 884041 50
2.78438890203847e+005 1.71464302653443e+006 1.60983601360643e-001 4.64533683586658e-001 1.46341315851314e+000 2.23708712677498e+002 1.04745591913184e-005 951041 51
2.78449425135659e+005 1.71465374947673e+006 6.12219140188305e+000 8.03451861411089e-001 -1.55248256096072e+000 2.24151759939413e+002 1.05348909750759e-005 953920 52
2.78445492386046e+005 1.71467758930925e+006 1.60984163652070e-001 2.99833481779809e-001 1.13791195150609e+000 2.41211056553978e+002 1.10139237666390e-005 1033516 53
2.78441035859294e+005 1.71465324645481e+006 1.60983877548502e-001 2.89827616583912e-001 5.71568614307077e-001 2.44499634432400e+002 1.13215206587799e-005 1047891 54
2.78441287040368e+005 1.71465767508552e+006 1.60983611631448e-001 6.69074312057658e-001 1.56159084215827e+000 2.59845992860453e+002 1.14117751264972e-005 1112505 55
2.78453304553558e+005 1.71468637600847e+006 6.12219220813885e+000 7.24625167306829e-001 -1.56686405758843e+000 2.74481967970652e+002 1.14875068475812e-005 1181356 56
2.78445812123370e+005 1.71468345373049e+006 1.60983804209728e-001 6.08093444598519e-001 1.54251138996551e+000 2.74668855386153e+002 1.15988394184298e-005 1182559 57
2.78451620344523e+005 1.71468549433597e+006 1.60986916227386e-001 2.97026958615106e-001 5.28040617847224e-001 2.79533642040227e+002 1.18702795028174e-005 1210906 58
2.78442076409561e+005 1.71466002780853e+006 1.60983843075725e-001 6.41985262380962e-001 1.55382483397931e+000 2.82996984954791e+002 1.19691150151317e-005 1232319 59
2.78439795156285e+005 1.71464765599994e+006 1.60983688400880e-001 3.56116473506728e-001 1.31892705572680e+000 2.90719094301828e+002 1.23191444594918e-005 1258401 60
2.78445980838067e+005 1.71467975081641e+006 1.60984241751061e-001 3.27258094008806e-001 1.24519791634877e+000 3.01326791719582e+002 1.27315575737746e-005 1311809 61
2.78445667989317e+005 1.71468038085526e+006 1.60984005850645e-001 2.74147693685464e-001 9.09246155125584e-001 3.02224937055779e+002 1.32386230795840e-005 1319730 62
2.78444728383141e+005 1.71467054590892e+006 1.60984379444763e-001 3.06910801064711e-001 1.17118114703818e+000 3.09964868827998e+002 1.37004326477017e-005 1349552 63
2.78450333186324e+005 1.71466051730844e+006 6.12219151041572e+000 9.90207674610113e-001 -1.53129382259590e+000 3.11500269517655e+002 1.37385036162571e-005 1353947 64
2.78444491854143e+005 1.71466634680660e+006 1.60984632508032e-001 3.43395602205847e-001 1.28968467925047e+000 3.17676730438888e+002 1.41146800757540e-005 1384732 65
2.78443037155193e+005 1.71466077631011e+006 1.60984319925641e-001 6.78592086268389e-001 1.56408363490707e+000 3.17696291842439e+002 1.42021747402930e-005 1385743 66
2.78452082159448e+005 1.71468527981678e+006 1.60987198430990e-001 3.04927931437476e-001 4.88827070375683e-001 3.19604734383325e+002 1.44409648192402e-005 1392214 67
2.78440565997537e+005 1.71465359929119e+006 1.60983578004360e-001 3.05995630467526e-001 1.16725020462661e+000 3.26550239822378e+002 1.49050430972444e-005 1426020 68
2.78443975004946e+005 1.71467290993553e+006 1.60983733227071e-001 3.72284487390342e-001 1.35037459501938e+000 3.26596674402043e+002 1.52249097836606e-005 1426883 69
2.78441766464219e+005 1.71466090347177e+006 1.60983586158029e-001 5.35337382122257e-001 1.51068034409619e+000 3.30748466397550e+002 1.53720613232417e-005 1442947 70
2.78438228786426e+005 1.71463974229963e+006 1.60983528573768e-001 5.95281056237919e-001 1.53790931104465e+000 3.47576083472598e+002 1.54887173709768e-005 1519398 71
2.78445429712424e+005 1.71467348702208e+006 1.60984506568030e-001 4.68041837542537e-001 1.46619358119449e+000 3.48311792966444e+002 1.56857436225169e-005 1523803 72
2.78444145839402e+005 1.71467604972146e+006 1.60983540583374e-001 2.85770360269722e-001 1.04989719214454e+000 3.50830849763512e+002 1.61944864802434e-005 1537837 73
2.78444414139490e+005 1.71467763141096e+006 1.60983547090281e-001 2.99345390794643e-001 1.13541915875729e+000 3.53194272944230e+002 1.66746840191910e-005 1547400 74
2.78443766374795e+005 1.71467320511553e+006 1.60983587442838e-001 5.38876041764708e-001 1.51250200033570e+000 3.55035264089355e+002 1.68197337189658e-005 1555707 75
2.78445886407577e+005 1.71467071656948e+006 1.60985021707958e-001 4.57822432540630e-001 1.45756468321787e+000 3.57269075174444e+002 1.70263702208094e-005 1563781 76
2.78447486669719e+005 1.71467690689137e+006 1.60985359804404e-001 4.18622625294510e-001 1.41767999923704e+000 3.59285480392637e+002 1.72766408071657e-005 1575195 77
2.78447910837428e+005 1.71464700787804e+006 6.12219164025543e+000 9.83862491802959e-001 -1.53177320581683e+000 3.71219800502792e+002 1.73152547588486e-005 1631864 78
2.78442914779414e+005 1.71466384827130e+006 1.60983966929851e-001 4.92751443666550e-001 1.48479365016633e+000 3.75195260539351e+002 1.74915096581942e-005 1652411 79
2.78450889914482e+005 1.71466280245199e+006 6.12219140493425e+000 8.24287245340349e-001 -1.54941450834681e+000 3.86891715637940e+002 1.75485337707805e-005 1701716 80
2.78442296956306e+005 1.71466213174353e+006 1.60983774258836e-001 6.79354728432710e-001 1.56427538819544e+000 3.96246464534036e+002 1.76358126046855e-005 1742415 81
2.78451198040546e+005 1.71466811155891e+006 6.12219171975042e+000 9.23583255134996e-001 -1.53742992782373e+000 4.03637144480687e+002 1.76801981525689e-005 1765433 82
2.78438844398487e+005 1.71464323227461e+006 1.60983556348350e-001 4.58249512152650e-001 1.45804406643880e+000 4.06412322753130e+002 1.78864224306063e-005 1777230 83
2.78446604640319e+005 1.71467599020309e+006 1.60984943206490e-001 4.00471741783661e-001 1.39457372798853e+000 4.10817170681667e+002 1.81612713247126e-005 1803105 84
2.78450519873953e+005 1.71466994477043e+006 6.12219227425627e+000 7.98906514111733e-001 -1.55324957411420e+000 4.12330052523850e+002 1.82223616892709e-005 1810981 85
2.78439868973239e+005 1.71464692726805e+006 1.60983797588357e-001 3.34121873487699e-001 1.26542788827174e+000 4.12621464246605e+002 1.86189758224590e-005 1814781 86
2.78443824109963e+005 1.71466749423155e+006 1.60984147206490e-001 3.13683063483885e-001 1.19879362056337e+000 4.13328361797064e+002 1.90640992058313e-005 1819681 87
2.78446675276209e+005 1.71467747915787e+006 1.60984845953047e-001 6.76975284880028e-001 1.56360425168615e+000 4.15993587796216e+002 1.91520539504868e-005 1833455 88
2.78448469258537e+005 1.71464948776711e+006 6.12219155178135e+000 7.36064799771650e-001 -1.56437126483963e+000 4.22322161065499e+002 1.92252194634484e-005 1849529 89
2.78442952077516e+005 1.71466540182423e+006 1.60983844772688e-001 3.45714034385384e-001 1.29534140125736e+000 4.22693850092445e+002 1.95964677550176e-005 1851350 90
2.78440956952101e+005 1.71465179924119e+006 1.60983966250947e-001 3.37111430771839e-001 1.27357740302744e+000 4.29862483062826e+002 1.99863713020426e-005 1885887 91
2.78450987249586e+005 1.71466294415420e+006 6.12219136270214e+000 9.70043415785455e-001 -1.53301960219123e+000 4.34565977490760e+002 2.00262077085253e-005 1911656 92
2.78441420803490e+005 1.71465324414245e+006 1.60984096496433e-001 6.27922140870875e-001 1.54941450834681e+000 4.37924467818139e+002 2.01299697859381e-005 1928642 93
2.78450547955358e+005 1.71467195407271e+006 6.12219244370737e+000 8.58697659794531e-001 -1.54481242942595e+000 4.42209779204520e+002 2.01820815114547e-005 1960951 94
2.78449428939284e+005 1.71468322976637e+006 1.60985880000666e-001 4.47847073031306e-001 1.44845640202033e+000 4.43409615268838e+002 2.03987456683094e-005 1964627 95
2.78446056739722e+005 1.71468221528748e+006 1.60984057477661e-001 4.19080210593103e-001 2.32932307046724e-001 4.43602955451496e+002 2.04570595930036e-005 1966307 96
2.78452192437361e+005 1.71467024530736e+006 6.12219135160811e+000 7.56290069969453e-001 -1.56053619907224e+000 4.57590581251769e+002 2.05259872250546e-005 2008513 97
2.78445416633080e+005 1.71467063147274e+006 1.60984762625703e-001 4.84819965157608e-001 1.47913692815943e+000 4.58725435568283e+002 2.07085560802429e-005 2013689 98
2.78452132198474e+005 1.71467706286828e+006 6.12219201492571e+000 8.44085435926133e-001 -1.54672996230964e+000 4.63011248168354e+002 2.07626757101017e-005 2028361 99
2.78446581908464e+005 1.71468596305943e+006 1.60984010072001e-001 6.80819001388208e-001 1.56456301812799e+000 4.64812888111920e+002 2.08495422628751e-005 2033697 100
2.78450286287941e+005 1.71466891736898e+006 6.12219231218093e+000 9.81391531190558e-001 -1.53206083574938e+000 4.67285031024210e+002 2.08883708621475e-005 2044228 101
2.78445202378403e+005 1.71467265505611e+006 1.60984454160609e-001 6.94973639958013e-001 1.56811045396283e+000 4.77878039651725e+002 2.09713939337498e-005 2090634 102
2.78451710706363e+005 1.71467723693882e+006 6.12219227048628e+000 9.37402331152499e-001 -1.53608765480514e+000 4.77948222618024e+002 2.10143507199387e-005 2091790 103
2.78439276745444e+005 1.71464457287086e+006 1.60983678317797e-001 3.64658065747128e-001 1.33628072832423e+000 4.83286360622518e+002 2.13480292091274e-005 2130972 104
2.78449542356725e+005 1.71468472909304e+006 1.60985806098854e-001 3.82503892392249e-001 1.36772826761681e+000 4.86293081586070e+002 2.16505220885175e-005 2145508 105
2.78439012717738e+005 1.71464439222488e+006 1.60983544958992e-001 6.40856551977766e-001 1.55353720404675e+000 4.88378740292800e+002 2.17497404806003e-005 2153892 106
2.78441809987763e+005 1.71465722273127e+006 1.60983950522185e-001 5.35672944674559e-001 1.51087209738456e+000 4.89857637117260e+002 2.18966909928070e-005 2165368 107
2.78449181606852e+005 1.71465352998741e+006 6.12219152000816e+000 9.25901687314533e-001 -1.53714229789117e+000 4.91305730971134e+002 2.19408319739569e-005 2171762 108
2.78451669576487e+005 1.71467217432108e+006 6.12219182670636e+000 9.18122737238455e-001 -1.53800518768883e+000 4.99390386636638e+002 2.19858012120028e-005 2196950 109
2.78450073972932e+005 1.71468733797849e+006 1.60985867441036e-001 2.85007718105401e-001 1.04366521027253e+000 5.02054222284009e+002 2.24957040664302e-005 2204425 110
2.78449435960096e+005 1.71466023649405e+006 6.12219199432616e+000 7.41067732369598e-001 -1.56341249839778e+000 5.10509398597906e+002 2.25677868364326e-005 2245477 111
2.78438904122442e+005 1.71464385972009e+006 1.60983532388389e-001 3.85035864377796e-001 1.37194683996094e+000 5.12443303761254e+002 2.28661771055007e-005 2251977 112
2.78438388102846e+005 1.71464086724499e+006 1.60983515298781e-001 3.17404757245774e-001 1.21269573397015e+000 5.19980318373649e+002 2.33022094636905e-005 2289468 113
2.78447806024018e+005 1.71468494884577e+006 1.60984799214267e-001 4.15755090756662e-001 1.41422844004639e+000 5.19983177037635e+002 2.35561564699867e-005 2289556 114
2.78448197398270e+005 1.71464783547526e+006 6.12219155379189e+000 9.12692725028486e-001 -1.53848457090976e+000 5.23984010215428e+002 2.36017171132416e-005 2303700 115
2.78447518221636e+005 1.71467813201196e+006 1.60985264687271e-001 4.42142509642182e-001 1.44299143330180e+000 5.27902537630844e+002 2.38244257682561e-005 2318194 116
2.78443619692670e+005 1.71466296060177e+006 1.60984449384110e-001 5.76031968010447e-001 1.53004742622150e+000 5.33761288310532e+002 2.39497940108841e-005 2339590 117
2.78445680226332e+005 1.71467620915522e+006 1.60984397736034e-001 6.54492593875833e-001 1.55746814645833e+000 5.35638895383704e+002 2.40445270999127e-005 2347929 118
2.78439423787131e+005 1.71464590472620e+006 1.60983638975574e-001 3.24970167515842e-001 1.23819892132328e+000 5.36137750577647e+002 2.44623551220621e-005 2350570 119
2.78449324316282e+005 1.71466803180790e+006 6.12219277707615e+000 9.91702453252183e-001 -1.53119794595172e+000 5.48224991461072e+002 2.45002998164233e-005 2398099 120
2.78438210213245e+005 1.71463968970480e+006 1.60983522873087e-001 4.62581319645996e-001 1.46178325556200e+000 5.54661095585730e+002 2.47023834872940e-005 2424129 121
2.78440978006310e+005 1.71465241943405e+006 1.60983920987091e-001 2.72378363864238e-001 8.16054056978057e-001 5.59296317570482e+002 2.51772260031726e-005 2440813 122
2.78450710466720e+005 1.71467242444719e+006 6.12219239476917e+000 7.50707529326621e-001 -1.56159084215827e+000 5.61149038498973e+002 2.52472870456597e-005 2444560 123
2.78452001962646e+005 1.71466896346413e+006 6.12219134155693e+000 8.52627028166533e-001 -1.54557944257942e+000 5.62593210495576e+002 2.53002195677548e-005 2452849 124
2.78450203166762e+005 1.71467388682618e+006 6.12219281796553e+000 7.33654850532394e-001 -1.56494652470473e+000 5.64987805687000e+002 2.53739151269441e-005 2469058 125
2.78448177468652e+005 1.71464653139976e+006 6.12219144478115e+000 8.32706814834458e-001 -1.54816811197241e+000 5.80762884729640e+002 2.54296769335852e-005 2561870 126
2.78443375807926e+005 1.71466487682794e+006 1.60984133987735e-001 5.46319429288485e-001 1.51633706610309e+000 5.81696069545798e+002 2.55704448676698e-005 2568043 127
2.78446616734040e+005 1.71467329538111e+006 1.60985198737442e-001 5.76123485070166e-001 1.53004742622150e+000 5.82934876566881e+002 2.56957693021083e-005 2574893 128
2.78438546254570e+005 1.71464135420159e+006 1.60983560231674e-001 5.42170655914577e-001 1.51432365657521e+000 5.86073610648811e+002 2.58389019118071e-005 2591833 129
2.78447013749994e+005 1.71468194733101e+006 1.60984625989644e-001 4.76552924096364e-001 1.47290494628742e+000 5.87049481476661e+002 2.60283987620786e-005 2594804 130
2.78447415885957e+005 1.71467988431938e+006 1.60985044848376e-001 3.93058859946457e-001 1.38402729712821e+000 5.94635839004250e+002 2.63142268269053e-005 2622310 131
2.78448271590683e+005 1.71468185152853e+006 1.60985349552767e-001 6.20448247660525e-001 1.54682583895383e+000 6.11571585511422e+002 2.64207523501350e-005 2701497 132
2.78447520658357e+005 1.71464107755832e+006 6.12219131473642e+000 8.02536690813903e-001 -1.55257843760491e+000 6.24815542638972e+002 2.64812357016139e-005 2752430 133
2.78447288445108e+005 1.71464011968694e+006 6.12219135829710e+000 9.02595342772871e-001 -1.53953921399579e+000 6.24825494871690e+002 2.65279267592127e-005 2753153 134
2.78451530916425e+005 1.71466649582027e+006 6.12219138151157e+000 8.40943350209129e-001 -1.54711346888638e+000 6.33411914828587e+002 2.65824927518961e-005 2788569 135
2.78440264960335e+005 1.71464914956343e+006 1.60983817539141e-001 4.03217253575218e-001 1.39840879375591e+000 6.39072078728410e+002 2.68534241741403e-005 2802993 136
2.78444047602602e+005 1.71466499217735e+006 1.60984505071363e-001 5.27802477538762e-001 1.50655764839625e+000 6.39950126012165e+002 2.70051979931183e-005 2807351 137
2.78445130486632e+005 1.71467430160900e+006 1.60984261378762e-001 5.35611933301413e-001 1.51077622074038e+000 6.51501587215412e+002 2.71521844876450e-005 2852781 138
2.78438703543795e+005 1.71464212252436e+006 1.60983578711702e-001 6.35274011334933e-001 1.55181142445143e+000 6.52817041002735e+002 2.72533279993776e-005 2861574 139
2.78449514547484e+005 1.71467185068131e+006 6.12219302136722e+000 9.68213074591084e-001 -1.53321135547960e+000 6.53935794172749e+002 2.72933305606350e-005 2863346 140
2.78438972283545e+005 1.71464441556199e+006 1.60983519829787e-001 2.86319462628033e-001 5.96880048371838e-001 6.55691784352743e+002 2.76216110768530e-005 2871224 141
2.78446570471444e+005 1.71467648387040e+006 1.60984878239140e-001 6.19258525884184e-001 1.54644233237709e+000 6.56364098917695e+002 2.77285863735930e-005 2877886 142
2.78438263263433e+005 1.71463992776402e+006 1.60983531051059e-001 3.15147336439382e-001 1.20445034257027e+000 6.58392219147318e+002 2.81701377897491e-005 2882324 143
2.78446149764741e+005 1.71467395422811e+006 1.60984872603726e-001 4.75027639767721e-001 1.47175442655721e+000 6.59936467406352e+002 2.83609541487923e-005 2888441 144
2.78444013037558e+005 1.71466621745401e+006 1.60984372370792e-001 3.48764603042670e-001 1.30253214957121e+000 6.64865226229924e+002 2.87258266654682e-005 2905787 145
2.78447913207005e+005 1.71464447341030e+006 6.12219140503751e+000 7.39328908234945e-001 -1.56370012833033e+000 6.67520893505443e+002 2.87982830812227e-005 2922892 146
2.78438857360369e+005 1.71464335146096e+006 1.60983552715873e-001 5.44824650646415e-001 1.51566592959380e+000 6.69558480631480e+002 2.89398968638057e-005 2935301 147
2.78443691515653e+005 1.71466412878928e+006 1.60984382403058e-001 3.65146156732293e-001 1.33714361812189e+000 6.75362009252467e+002 2.92726633412831e-005 2948670 148
2.78449512068582e+005 1.71467071215067e+006 6.12219291771879e+000 7.57845859984669e-001 -1.56024856913968e+000 6.80351268840412e+002 2.93412798463594e-005 2965565 149
2.78439124069712e+005 1.71464533633523e+006 1.60983521115654e-001 5.79021525294587e-001 1.19893743552965e-001 6.82873205181231e+002 2.93561172494238e-005 2980326 150
2.78444167529263e+005 1.71467597997471e+006 1.60983559343586e-001 3.61943059642144e-001 1.33081575960570e+000 6.87524756983010e+002 2.96948791574929e-005 3003909 151
2.78439948777207e+005 1.71464811738997e+006 1.60983733118144e-001 2.89858122270485e-001 1.07990658177435e+000 6.89394713887836e+002 3.01962381112813e-005 3009798 152
2.78439501605585e+005 1.71464758537487e+006 1.60983528114563e-001 3.87933904602217e-001 1.37645304223762e+000 6.90875952055108e+002 3.04900098516367e-005 3016111 153
2.78451712595232e+005 1.71468125756534e+006 6.12219264041246e+000 8.65866496139152e-001 -1.54394953962828e+000 6.99596330876046e+002 3.05411759273322e-005 3058007 154
2.78441593068117e+005 1.71465756387224e+006 1.60983795785348e-001 6.18770434899018e-001 1.54634645573290e+000 7.01432049474710e+002 3.06483367036795e-005 3065300 155
2.78438253152831e+005 1.71463985036362e+006 1.60983532447965e-001 5.14257952700414e-001 1.49879164021729e+000 7.01888385484795e+002 3.08089589318008e-005 3068667 156
2.78444754610600e+005 1.71466997321212e+006 1.60984447192021e-001 2.98125163331729e-001 5.22096265907773e-001 7.04162939995185e+002 3.10754554387870e-005 3080032 157
2.78444814750233e+005 1.71468016216785e+006 1.60983541205964e-001 2.82719791612436e-001 1.02391462157048e+000 7.08012884901798e+002 3.15884128503044e-005 3100462 158
2.78448038890940e+005 1.71468094737894e+006 1.60985300757721e-001 6.01778767477938e-001 1.54021035050508e+000 7.09130515437675e+002 3.17023240505883e-005 3106924 159
2.78438533257738e+005 1.71464166402546e+006 1.60983524257865e-001 3.38758737846773e-001 1.27798772865993e+000 7.11588836567483e+002 3.20885858641059e-005 3115417 160
2.78444801520247e+005 1.71466595428925e+006 1.60984844685232e-001 5.69625773830147e-001 1.52726700354015e+000 7.17853181407520e+002 3.22170618396293e-005 3143273 161
2.78443735149094e+005 1.71467197620763e+006 1.60983683093923e-001 2.73781625446590e-001 9.00329627216407e-001 7.20113244401658e+002 3.27220693634945e-005 3149511 162
2.78446014934769e+005 1.71467759523813e+006 1.60984460025517e-001 3.61851542582425e-001 1.33062400631733e+000 7.20840775689130e+002 3.30610038801928e-005 3151988 163
2.78443448811779e+005 1.71466551285355e+006 1.60984116782059e-001 6.99305447451358e-001 1.56916509704886e+000 7.21507200843289e+002 3.31428999219578e-005 3154347 164
2.78446664162581e+005 1.71467289385286e+006 1.60985262737412e-001 3.33206702890513e-001 1.26274334223457e+000 7.25501577452168e+002 3.35415754135019e-005 3171317 165
2.78447125293963e+005 1.71467465614814e+006 1.60985362147664e-001 6.97017520958394e-001 1.56858983718375e+000 7.25872323479507e+002 3.36240639328206e-005 3172096 166
2.78441928970119e+005 1.71465793899746e+006 1.60983952038466e-001 5.91498351102885e-001 1.53637528473769e+000 7.27196167147765e+002 3.37423614368705e-005 3174820 167
2.78444335380805e+005 1.71467733851018e+006 1.60983529364843e-001 3.90404865214618e-001 1.38009635471664e+000 7.31256205475332e+002 3.40322639593446e-005 3194588 168
2.78438661267121e+005 1.71464253024428e+006 1.60983517067048e-001 6.14164076226517e-001 1.54481242942595e+000 7.31441010578611e+002 3.41411966839175e-005 3195894 169
2.78449291751967e+005 1.71466928435600e+006 6.12219291115791e+000 7.81213215899477e-001 -1.55612587343974e+000 7.43021009328495e+002 3.42053753783526e-005 3244475 170
2.78438555108915e+005 1.71464148934811e+006 1.60983552792468e-001 2.79425177462568e-001 9.90741302682577e-001 7.48519531697954e+002 3.47208145408607e-005 3267829 171
2.78448848815195e+005 1.71465620074294e+006 6.12219195555392e+000 7.31000855800556e-001 -1.56542590792566e+000 7.49425247774527e+002 3.47951002175363e-005 3273243 172
2.78451982757190e+005 1.71467517533299e+006 6.12219192566927e+000 8.59551819018571e-001 -1.54471655278176e+000 7.50415385313091e+002 3.48470979546282e-005 3278117 173
2.78448867401629e+005 1.71468612563992e+006 1.60985293717488e-001 6.36402721738129e-001 1.55200317773980e+000 7.51371698219832e+002 3.49478476020537e-005 3282407 174
2.78441447648518e+005 1.71465695938348e+006 1.60983768932697e-001 5.32988444256147e-001 1.50943394772179e+000 7.54118009009362e+002 3.50964183816837e-005 3292233 175
2.78451715602603e+005 1.71468114880623e+006 6.12219262866801e+000 7.48358591460511e-001 -1.56207022537919e+000 7.61818886358613e+002 3.51669644333403e-005 3315592 176
2.78450487457673e+005 1.71467954891187e+006 6.12219317888956e+000 9.40452899809785e-001 -1.53580002487259e+000 7.66320482763680e+002 3.52096148404750e-005 3336687 177
2.78442779507881e+005 1.71466474169949e+006 1.60983807626660e-001 6.21393923944284e-001 1.54720934553056e+000 7.71040171202761e+002 3.53157849998147e-005 3354456 178
2.78438852683120e+005 1.71464295671986e+006 1.60983586482387e-001 4.66730093019904e-001 1.46523481475265e+000 7.71469887062320e+002 3.55140114926711e-005 3357165 179
2.78447751936076e+005 1.71464419523144e+006 6.12219147100651e+000 9.54363492887007e-001 -1.53436187520981e+000 7.76854371835004e+002 3.55553040684846e-005 3385106 180
2.78449621107018e+005 1.71465923265149e+006 6.12219179649179e+000 8.89447391859970e-001 -1.54107324030274e+000 7.88880136591281e+002 3.56035292909551e-005 3433267 181
2.78450045217603e+005 1.71465964275934e+006 6.12219159334607e+000 9.42710320616176e-001 -1.53551239494003e+000 7.92498324665703e+002 3.56459549037458e-005 3446392 182
2.78438801247427e+005 1.71464266000041e+006 1.60983584634642e-001 5.11756486401439e-001 1.49725761391034e+000 7.94931619542203e+002 3.58082913115591e-005 3460290 183
2.78450052241794e+005 1.71466008965308e+006 6.12219163059214e+000 8.20229989026160e-001 -1.54998976821192e+000 7.95495258636425e+002 3.58659385178783e-005 3463143 184
2.78452671695976e+005 1.71467948107243e+006 6.12219193151336e+000 9.61013732559890e-001 -1.53388249198889e+000 7.96573090706823e+002 3.59066043468357e-005 3476022 185
2.78448788020645e+005 1.71465988269103e+006 6.12219232985178e+000 8.88623738322503e-001 -1.54116911694693e+000 8.10104424436747e+002 3.59549281000270e-005 3531626 186
2.78438939093152e+005 1.71464381564239e+006 1.60983556326914e-001 5.74964268980397e-001 1.52966391964476e+000 8.17926484822046e+002 3.60808071106424e-005 3564937 187
2.78442974675849e+005 1.71466525766430e+006 1.60983870915548e-001 7.05498101825648e-001 1.57060324671163e+000 8.19393768705110e+002 3.61611300915180e-005 3578894 188
2.78448294295144e+005 1.71464700253401e+006 6.12219142187192e+000 7.53270006998741e-001 -1.56101558229316e+000 8.21436995980672e+002 3.62306674894070e-005 3589853 189
2.78438743911222e+005 1.71464237590587e+006 1.60983578269111e-001 5.60291033738853e-001 1.52314430784020e+000 8.24222716242722e+002 3.63638745817638e-005 3601413 190
2.78449060215046e+005 1.71466452088486e+006 6.12219260317447e+000 9.11441991878999e-001 -1.53867632419813e+000 8.24964935023871e+002 3.64095731667382e-005 3608415 191
2.78442507546621e+005 1.71465855856975e+006 1.60984223628641e-001 6.38538119798229e-001 1.55277019089328e+000 8.28196418133638e+002 3.65095844745477e-005 3617554 192
2.78440506976220e+005 1.71464990904977e+006 1.60983884978162e-001 4.93788637010027e-001 1.48556066331980e+000 8.28640829032908e+002 3.66850374663636e-005 3621746 193
2.78453895016172e+005 1.71468464746769e+006 6.12219171313120e+000 9.17634646253289e-001 -1.53810106433302e+000 8.30571993305646e+002 3.67300594848158e-005 3627992 194
2.78444288497636e+005 1.71467506023565e+006 1.60983712946080e-001 3.36470811353809e-001 1.27175574678793e+000 8.34030743956056e+002 3.71213789605163e-005 3647668 195
2.78449080355102e+005 1.71465614308273e+006 6.12219181866714e+000 7.96771116051633e-001 -1.55353720404675e+000 8.37609401074064e+002 3.71828304094927e-005 3657063 196
2.78448376774901e+005 1.71465071605060e+006 6.12219171767396e+000 7.88321040870952e-001 -1.55487947706534e+000 8.41007440320002e+002 3.72457417324980e-005 3682472 197
2.78450586309496e+005 1.71468796708328e+006 1.60986100507765e-001 6.55987372517903e-001 1.55785165303507e+000 8.47731234355425e+002 3.73400010416606e-005 3711066 198
2.78440844279759e+005 1.71465087425342e+006 1.60983987579661e-001 4.45894709090643e-001 1.44673062242500e+000 8.53984205374531e+002 3.75587110148131e-005 3732352 199
2.78447999327501e+005 1.71464423052572e+006 6.12219133368905e+000 8.47532578508866e-001 -1.54615470244453e+000 8.54168040065389e+002 3.76123468125926e-005 3735182 200
2.78446576903124e+005 1.71468122207034e+006 1.60984444688316e-001 2.82201194940698e-001 6.32066776787622e-001 8.69111635496073e+002 3.79685941658362e-005 3798137 201
2.78452329077834e+005 1.71467842323340e+006 6.12219202858269e+000 8.47013981837127e-001 -1.54634645573290e+000 8.72896383110999e+002 3.80223024894577e-005 3821018 202
2.78447899585147e+005 1.71464744724929e+006 6.12219168719277e+000 9.09062548326316e-001 -1.53886807748650e+000 8.74776679960731e+002 3.80682649223603e-005 3830288 203
2.78450205820934e+005 1.71466945369819e+006 6.12219240739332e+000 7.37376544294283e-001 -1.56417951155126e+000 8.75294016831550e+002 3.81411443051578e-005 3831423 204
2.78442336464718e+005 1.71465861347942e+006 1.60984121349398e-001 6.97170049391258e-001 1.56868571382794e+000 8.85718179357229e+002 3.82235931432987e-005 3880567 205
2.78443253553436e+005 1.71466149249256e+006 1.60984376803271e-001 4.66699587333331e-001 1.46513893810846e+000 8.88855450377382e+002 3.84218461278008e-005 3894410 206
2.78439992115291e+005 1.71464972830406e+006 1.60983609099220e-001 2.73049488968841e-001 8.78086245765557e-001 8.94631491505513e+002 3.89207519062424e-005 3911900 207
2.78442774235337e+005 1.71466273421283e+006 1.60983989867228e-001 6.69501391669678e-001 1.56168671880245e+000 9.00054493952070e+002 3.90108798388699e-005 3935819 208
2.78451114638733e+005 1.71467019632717e+006 6.12219195951267e+000 8.52657533853105e-001 -1.54557944257942e+000 9.03285419122130e+002 3.90638081947457e-005 3957494 209
2.78444788643717e+005 1.71466636960466e+006 1.60984799046035e-001 6.09527211867443e-001 1.54308664983062e+000 9.04347941355870e+002 3.91745672196629e-005 3964547 210
2.78447644740697e+005 1.71464215019386e+006 6.12219134320873e+000 7.61476036686839e-001 -1.55948155598621e+000 9.09419385574722e+002 3.92424655608108e-005 3993834 211
2.78438998848432e+005 1.71464456924047e+006 1.60983520744194e-001 4.86802834784843e-001 1.48067095446638e+000 9.10693039069124e+002 3.94234276861362e-005 3995992 212
2.78446569970418e+005 1.71468876756348e+006 1.60983744512641e-001 5.73561007398046e-001 1.52889690649129e+000 9.16725522987296e+002 3.95499811993723e-005 4024369 213
2.78447896834989e+005 1.71464686242141e+006 6.12219163478978e+000 8.22548421205697e-001 -1.54960626163518e+000 9.18958734235437e+002 3.96072710834006e-005 4039342 214
2.78448082427936e+005 1.71467989544960e+006 1.60985422560523e-001 5.18040657835448e-001 1.50090092638936e+000 9.21520340768631e+002 3.97653480247069e-005 4046089 215
2.78448597423960e+005 1.71465290521538e+006 6.12219179430308e+000 9.49543594408496e-001 -1.53484125843074e+000 9.23708584012133e+002 3.98071038541271e-005 4055248 216
2.78448175607413e+005 1.71468614973428e+006 1.60984898407797e-001 2.74605278984057e-001 9.19217326120792e-001 9.32341162392108e+002 4.03162093365550e-005 4107231 217
2.78450105496870e+005 1.71467135819798e+006 6.12219264013597e+000 7.98937019798306e-001 -1.55324957411420e+000 9.35351166091624e+002 4.03772945695025e-005 4120778 218
2.78449066995330e+005 1.71465186412169e+006 6.12219143141366e+000 7.69712572061510e-001 -1.55804340632344e+000 9.45086290844943e+002 4.04436035729566e-005 4146350 219
2.78450699639486e+005 1.71466981614077e+006 6.12219216024102e+000 7.62025139045150e-001 -1.55948155598621e+000 9.56127899727518e+002 4.05113943225813e-005 4197630 220
2.78438663840863e+005 1.71464228726255e+006 1.60983540950368e-001 3.14842279573654e-001 1.20329982284005e+000 9.56335834965550e+002 4.09536918914275e-005 4199761 221
2.78449038165382e+005 1.71466543537690e+006 6.12219270008800e+000 8.23677131608892e-001 -1.54951038499100e+000 9.56795902323457e+002 4.10108090876827e-005 4200042 222
2.78439298294247e+005 1.71464506374361e+006 1.60983645267740e-001 5.66209136933987e-001 1.52582885387738e+000 9.56834376358444e+002 4.11409885092329e-005 4200300 223
2.78445005110489e+005 1.71467513710764e+006 1.60984113044427e-001 2.77442307835332e-001 6.85182437665944e-001 9.58470407564656e+002 4.15371087676871e-005 4206047 224
2.78448679490681e+005 1.71465220823006e+006 6.12219168335591e+000 8.90911664815467e-001 -1.54088148701437e+000 9.59972281249462e+002 4.15851595122275e-005 4210786 225
2.78453205590887e+005 1.71468319870921e+006 6.12219197118878e+000 9.32734961106853e-001 -1.53656703802606e+000 9.61236093589019e+002 4.16285913357009e-005 4212769 226
2.78444786821867e+005 1.71467926835503e+006 1.60983607810373e-001 6.71880835222361e-001 1.56226197866756e+000 9.62408261335263e+002 4.17180190067881e-005 4216962 227
2.78444584277684e+005 1.71467263121972e+006 1.60984105144350e-001 4.58707097451243e-001 1.45833169637135e+000 9.67574667977688e+002 4.19237976651071e-005 4246733 228
2.78446588079167e+005 1.71468875560845e+006 1.60983755905364e-001 3.24909156142696e-001 1.23781541474654e+000 9.67947301344964e+002 4.23417429127776e-005 4252554 229
2.78444059396697e+005 1.71467131241592e+006 1.60983928586894e-001 4.27530285773784e-001 1.42784292352062e+000 9.69419201598013e+002 4.25810473766293e-005 4261906 230
2.78450745757432e+005 1.71466328644565e+006 6.12219153150790e+000 9.32979006599435e-001 -1.53647116138188e+000 9.73383126357747e+002 4.26244540676692e-005 4282428 231
2.78442933440710e+005 1.71466762242473e+006 1.60983629282258e-001 3.26495451844485e-001 1.24289687688833e+000 9.73383668455386e+002 4.30386663491679e-005 4282472 232
2.78447794682517e+005 1.71464370086699e+006 6.12219140109864e+000 9.97895107626473e-001 -1.53062268608661e+000 9.75221642431481e+002 4.30760940695335e-005 4285145 233
2.78440164619831e+005 1.71465180222431e+006 1.60983515752994e-001 5.50681742468404e-001 1.51854222891934e+000 9.79596385573558e+002 4.32144366953156e-005 4302204 234
2.78445337218568e+005 1.71468037252796e+006 1.60983818670087e-001 2.73110500341987e-001 8.79716148716697e-001 9.83935257983714e+002 4.37137711663279e-005 4313283 235
2.78447727363584e+005 1.71464415741587e+006 6.12219148147976e+000 7.38840817249780e-001 -1.56379600497452e+000 9.85957699545825e+002 4.37863329779665e-005 4317169 236
2.78440110404995e+005 1.71465091581440e+006 1.60983566738774e-001 3.23810951426073e-001 1.23445973220008e+000 9.86833330607964e+002 4.42069119266186e-005 4326209 237
2.78438267413222e+005 1.71463991687384e+006 1.60983534413967e-001 5.80394281190366e-001 1.53196495910520e+000 9.90804914006402e+002 4.43302259044196e-005 4347653 238
2.78438848611205e+005 1.71464277520973e+006 1.60983600917245e-001 5.59467380201386e-001 1.52276080126347e+000 9.92243514307608e+002 4.44638623634289e-005 4356276 239
2.78453997043325e+005 1.71468668333628e+006 6.12219184301597e+000 7.26913093799793e-001 -1.56638467436750e+000 9.94615919421666e+002 4.45390705273389e-005 4366535 240
2.78439282060988e+005 1.71464464977653e+006 1.60983674241857e-001 5.89668009908514e-001 1.53570414822840e+000 9.99028887219300e+002 4.46581745919532e-005 4382196 241
2.78440907100595e+005 1.71465238441765e+006 1.60983883927820e-001 2.92146048763449e-001 1.09476746162297e+000 1.00697168325012e+003 4.51547958570736e-005 4404486 242
2.78443550568646e+005 1.71467203737413e+006 1.60983572568031e-001 2.84946706732255e-001 1.04328170369579e+000 1.02538153661146e+003 4.56648250181574e-005 4470320 243
2.78443160068771e+005 1.71466295778327e+006 1.60984188476322e-001 4.14656886040039e-001 1.41298204367199e+000 1.02565301274343e+003 4.59202035746693e-005 4472597 244
2.78441144243699e+005 1.71465395578782e+006 1.60983873682557e-001 5.36191541346297e-001 1.51115972731712e+000 1.03010523853965e+003 4.60668441102516e-005 4489617 245
2.78449443009563e+005 1.71465560004476e+006 6.12219156248953e+000 7.29597594218204e-001 -1.56571353785821e+000 1.03129622561655e+003 4.61414445898134e-005 4496597 246
2.78440619116958e+005 1.71465137352398e+006 1.60983813567113e-001 6.00711068447888e-001 1.53992272057253e+000 1.03190216188848e+003 4.62558006767499e-005 4498582 247
2.78448790454226e+005 1.71464982850472e+006 6.12219140071207e+000 8.34872718581130e-001 -1.54788048203986e+000 1.04855072091822e+003 4.63112443581624e-005 4559269 248
2.78440092349992e+005 1.71464994145629e+006 1.60983646386818e-001 6.35060471528923e-001 1.55171554780725e+000 1.04862900452854e+003 4.64124625214306e-005 4559910 249
2.78447796037899e+005 1.71468722831981e+006 1.60984583208178e-001 4.81647373754031e-001 1.47674001205481e+000 1.05660980918921e+003 4.65976461587883e-005 4602811 250
2.78445402819923e+005 1.71467571414170e+006 1.60984285785249e-001 6.25542697318192e-001 1.54855161854915e+000 1.05783842509489e+003 4.67022765686907e-005 4611079 251
2.78450086797337e+005 1.71467126524575e+006 6.12219264218426e+000 7.76179777614955e-001 -1.55698876323740e+000 1.06405972203940e+003 4.67673752486854e-005 4633515 252
2.78443915389681e+005 1.71467119461719e+006 1.60983857629075e-001 4.19171727652821e-001 1.41835113574633e+000 1.06833283677839e+003 4.70169509289545e-005 4650059 253
2.78453100793360e+005 1.71468564612797e+006 6.12219225656910e+000 9.53905907588415e-001 -1.53455362849818e+000 1.06942039240573e+003 4.70582873828572e-005 4656979 254
2.78438303745584e+005 1.71464006526427e+006 1.60983541366484e-001 5.08187321072415e-001 1.49505245109409e+000 1.07103673368978e+003 4.72231154941994e-005 4664436 255
2.78454252075840e+005 1.71468682984528e+006 1.60988288377637e-001 3.40100988055979e-001 3.69844154942473e-001 1.07423963301056e+003 4.73676813536699e-005 4687639 256
2.78441605435142e+005 1.71465488471116e+006 1.60984050027552e-001 6.83778052985775e-001 1.56542590792566e+000 1.07431989678965e+003 4.74537234703328e-005 4688345 257
2.78442404391000e+005 1.71466052584567e+006 1.60983983486509e-001 3.18899535887844e-001 4.33314493392743e-001 1.07442125934214e+003 4.76471957026975e-005 4690489 258
2.78449812639957e+005 1.71468767881449e+006 1.60985687498571e-001 2.90193684822786e-001 1.08191999130222e+000 1.08093918180507e+003 4.81478173025900e-005 4722595 259
2.78451358630734e+005 1.71468389536041e+006 1.60986915061091e-001 3.59655133149179e-001 3.24973885464034e-001 1.08114956465178e+003 4.82607339885507e-005 4724177 260
2.78451044871177e+005 1.71468225236134e+006 6.12219311161613e+000 8.48569771852343e-001 -1.54615470244453e+000 1.08453035179620e+003 4.83142256640915e-005 4745707 261
2.78448917810041e+005 1.71465364348464e+006 6.12219168037667e+000 9.93410771700263e-001 -1.53100619266335e+000 1.09136478729773e+003 4.83520266652042e-005 4777776 262
2.78448937525440e+005 1.71465331580836e+006 6.12219163893731e+000 9.55766754469359e-001 -1.53426599856563e+000 1.10144849386460e+003 4.83931858373392e-005 4816331 263
2.78438961150264e+005 1.71464384131031e+006 1.60983566491892e-001 3.45836057131676e-001 1.29572490783410e+000 1.10418233567398e+003 4.87641861966688e-005 4829850 264
2.78447657026078e+005 1.71468138526298e+006 1.60985043371818e-001 4.38115759014565e-001 1.43896461424604e+000 1.10438310002835e+003 4.89913035165620e-005 4834451 265
2.78451545609514e+005 1.71467091287432e+006 6.12219178074676e+000 8.80692259813560e-001 -1.54212788338878e+000 1.10550594224859e+003 4.90405912680816e-005 4837933 266
2.78438605654056e+005 1.71464211915117e+006 1.60983523399283e-001 2.77716859014488e-001 9.69936070894498e-001 1.11056873674739e+003 4.95557967907784e-005 4857975 267
2.78438275829226e+005 1.71464014870519e+006 1.60983517804192e-001 5.88417276759027e-001 1.53522476500748e+000 1.11132229547431e+003 4.96754565039975e-005 4861309 268
2.78439706970456e+005 1.71464868312322e+006 1.60983543515112e-001 6.04310739463485e-001 1.54126499359111e+000 1.11176021062688e+003 4.97883239260725e-005 4862922 269
2.78448509143230e+005 1.71467956866795e+006 1.60985695179655e-001 4.93117511905424e-001 1.48498540345470e+000 1.11797015033086e+003 4.99642940033505e-005 4878420 270
2.78443593855485e+005 1.71467055243157e+006 1.60983734183491e-001 5.85824293400334e-001 1.53407424527726e+000 1.12563819457908e+003 5.00851169916645e-005 4910288 271
2.78447214695017e+005 1.71467720083119e+006 1.60985178141359e-001 2.81743609642105e-001 1.01471046372875e+000 1.13125626660378e+003 5.05990742992110e-005 4934458 272
2.78440369559936e+005 1.71465199244041e+006 1.60983614653135e-001 4.79115401768483e-001 1.76269210333567e-001 1.13617540626356e+003 5.06320722938073e-005 4961175 273
2.78454133507267e+005 1.71468460425336e+006 6.12219157362992e+000 7.35271651920755e-001 -1.56465889477218e+000 1.15711965457992e+003 5.07054116859246e-005 5044849 274
2.78449621318710e+005 1.71465597464785e+006 6.12219149573708e+000 9.40574922556077e-001 -1.53570414822840e+000 1.15902073352428e+003 5.07480497778094e-005 5052300 275
2.78447971719798e+005 1.71464386791651e+006 6.12219131591614e+000 7.75051067211760e-001 -1.55708463988159e+000 1.16933326639045e+003 5.08133572939354e-005 5092204 276
2.78448267830382e+005 1.71468778803573e+006 1.60984799640490e-001 4.72068588170154e-001 1.81734179052095e-001 1.17251038403221e+003 5.08484941457662e-005 5105457 277
2.78439693001571e+005 1.71464754033398e+006 1.60983641026829e-001 3.05660067915224e-001 4.85471387829218e-001 1.17721045865618e+003 5.10845277593957e-005 5121254 278
2.78445704250354e+005 1.71467335160666e+006 1.60984675060376e-001 3.47300330087173e-001 1.29908059038057e+000 1.19536161577713e+003 5.14524416288993e-005 5206149 279
2.78445320593531e+005 1.71468120955373e+006 1.60983731989555e-001 4.89822897755556e-001 1.48268436399426e+000 1.20542568687143e+003 5.16309903136830e-005 5255858 280
2.78448451229487e+005 1.71465346729312e+006 6.12219192924035e+000 9.95759709566373e-001 -1.53081443937498e+000 1.21326127283795e+003 5.16685951299611e-005 5292269 281
2.78444413745709e+005 1.71467469006225e+006 1.60983818270867e-001 6.22644657093771e-001 1.54759285210730e+000 1.21412011967132e+003 5.17742976124089e-005 5295335 282
2.78446279597381e+005 1.71468351731118e+006 1.60984063968331e-001 2.91017338360253e-001 1.08738496002075e+000 1.22133170053697e+003 5.22732462101712e-005 5321713 283
2.78439967743557e+005 1.71464956312822e+006 1.60983610491930e-001 2.80614899238909e-001 1.00358877300333e+000 1.22316816122234e+003 5.27881464026376e-005 5336640 284
2.78449868468936e+005 1.71466259871688e+006 6.12219196654046e+000 7.61354013940547e-001 -1.55957743263039e+000 1.22592718554338e+003 5.28560687601157e-005 5353579 285
2.78448225488360e+005 1.71465207266617e+006 6.12219192882150e+000 9.47469207721542e-001 -1.53503301171911e+000 1.22727052165616e+003 5.28980262666426e-005 5359349 286
2.78449456686536e+005 1.71465931209725e+006 6.12219189724990e+000 9.33802660136902e-001 -1.53637528473769e+000 1.23444193435012e+003 5.29413486290360e-005 5383452 287
2.78448405620777e+005 1.71465231245586e+006 6.12219184859279e+000 8.18064085279487e-001 -1.55027739814447e+000 1.23565860355459e+003 5.29993324919249e-005 5388451 288
2.78438270654219e+005 1.71463995823718e+006 1.60983532438837e-001 4.48792749315065e-001 1.44951104510636e+000 1.23739201105388e+003 5.32150213644901e-005 5397152 289
2.78448097626697e+005 1.71468770922290e+006 1.60984710200849e-001 6.33748727006291e-001 9.99514015625477e-002 1.23849383050753e+003 5.32251693210888e-005 5403284 290
2.78446539712733e+005 1.71468867341794e+006 1.60983736006793e-001 6.07879904792509e-001 1.54241551332133e+000 1.25159562756854e+003 5.33365876484322e-005 5465947 291
2.78445887071066e+005 1.71467433306265e+006 1.60984688380592e-001 4.93087006218852e-001 1.48498540345470e+000 1.25933608407864e+003 5.35125816773290e-005 5496881 292
2.78446078166942e+005 1.71468077019960e+006 1.60984202994118e-001 4.52178880524652e-001 1.45248322107608e+000 1.26382491274440e+003 5.37248090256656e-005 5513272 293
2.78442482801345e+005 1.71465987813262e+006 1.60984087807481e-001 5.65690540262249e-001 1.52554122394482e+000 1.26788837483280e+003 5.38552494502704e-005 5534279 294
2.78447951373822e+005 1.71468041739888e+006 1.60985299931908e-001 5.54677987409448e-001 1.52036388515885e+000 1.26825147663352e+003 5.39914215432703e-005 5537450 295
2.78444895767129e+005 1.71467941304695e+006 1.60983656363765e-001 6.77737927044349e-001 1.56379600497452e+000 1.27187287017087e+003 5.40791588129318e-005 5551643 296
2.78446253985530e+005 1.71467530191142e+006 1.60984807469227e-001 3.95956900170878e-001 1.38824586947233e+000 1.28054236394428e+003 5.43606263854971e-005 5584442 297
2.78445143977049e+005 1.71467182005612e+006 1.60984498023648e-001 4.11270754830452e-001 1.40876347132786e+000 1.28055160742591e+003 5.46204766872366e-005 5585066 298
2.78443905395081e+005 1.71466768861718e+006 1.60984175457756e-001 3.14415199961634e-001 1.20157404324473e+000 1.28175217206262e+003 5.50638016605935e-005 5594395 299
2.78449159441266e+005 1.71465538275521e+006 6.12219170356886e+000 8.07234566546123e-001 -1.55190730109561e+000 1.28619184036510e+003 5.51235125804479e-005 5609376 300
