6.33294299087253e+004 1.73596841478698e+006 3.64645795935298e-002 3.51388092087935e-001 1.51489891644032e+000 9.23608627318330e-001 3.71638220566036e-007 4737 1
6.33375359051131e+004 1.73596516453080e+006 6.24671068895457e+000 9.89597560878656e-001 -1.56216610202338e+000 9.82727392994056e-001 4.09789188884664e-007 6320 2
6.33365582847854e+004 1.73598189596254e+006 6.24671160253761e+000 7.79260851958814e-001 -1.56811045396283e+000 1.24675471133580e+000 4.74328873420316e-007 7868 3
6.33290092877533e+004 1.73596738441853e+006 3.64643592418772e-002 3.55506359775271e-001 1.51662469603565e+000 3.55751331425785e+000 8.36595999776639e-007 20552 4
6.33278368749394e+004 1.73594546820610e+006 3.64641447177535e-002 4.15999136249244e-001 1.53647116138188e+000 3.63581112773091e+000 1.09320474562205e-006 22687 5
6.33303421057789e+004 1.73599333537273e+006 3.64645813627217e-002 2.53739389368223e-001 1.42712384868923e-001 3.67932391341921e+000 1.20156344841288e-006 23227 6
6.33326464852464e+004 1.73599229126319e+006 3.64659289239663e-002 5.98697693134079e-001 1.56293311517685e+000 5.05547850034262e+000 1.31681866246866e-006 29495 7
6.33291939901101e+004 1.73596111223431e+006 3.64645971304827e-002 2.08865524419552e-001 1.37482313928648e+000 9.06079656418004e+000 2.46346698501453e-006 37749 8
6.33300671320338e+004 1.73597604972087e+006 3.64647859434142e-002 6.76456688208289e-001 1.56868571382794e+000 1.40612085914401e+001 2.55157222490693e-006 56044 9
6.33360452663179e+004 1.73596512538139e+006 6.24671154567148e+000 9.28921750285245e-001 -1.56341249839778e+000 1.55551512986241e+001 2.59542173699228e-006 66439 10
6.33312901889885e+004 1.73599327370613e+006 3.64651280640159e-002 1.68445489710518e-001 1.24328038346507e+000 1.57876103413909e+001 4.37205849151520e-006 69906 11
6.33290643341348e+004 1.73596434780075e+006 3.64644546375088e-002 6.83198444940890e-001 1.56926097369304e+000 1.72519138226598e+001 4.45826242247906e-006 74211 12
6.33356449814641e+004 1.73597420510371e+006 6.24671196652028e+000 9.26786352225146e-001 -1.56360425168615e+000 1.75753356220171e+001 4.50233457645890e-006 76707 13
6.33308474273472e+004 1.73597264757431e+006 3.64653062320358e-002 1.65669472232388e-001 1.22966589999084e+000 1.81794735589095e+001 6.33643003031939e-006 80691 14
6.33278610547318e+004 1.73594537213989e+006 3.64641606442481e-002 2.64965482027034e-001 1.45842757301553e+000 1.87536796146177e+001 7.02471230056571e-006 85507 15
6.33364789858470e+004 1.73596880422520e+006 6.24671137337568e+000 8.49851010688403e-001 -1.56552178456984e+000 2.01990755568177e+001 7.07804216795002e-006 94790 16
6.33379619108208e+004 1.73598452217195e+006 6.24671085018566e+000 8.82736140813941e-001 -1.56485064806055e+000 2.10852884623410e+001 7.12709849414513e-006 97045 17
6.33291192109485e+004 1.73598022824289e+006 3.64641529321058e-002 6.89360593628607e-001 1.56935685033723e+000 2.22008749461307e+001 7.21161626730184e-006 103777 18
6.33311453037050e+004 1.73597850939445e+006 3.64653545718116e-002 5.96135215461959e-001 1.56293311517685e+000 2.24108587817322e+001 7.32796422311034e-006 104873 19
6.33279592965948e+004 1.73594775450705e+006 3.64641671636034e-002 2.55722258995459e-001 1.44855227866451e+000 2.24491136324840e+001 8.07130309833919e-006 105517 20
6.33369241898880e+004 1.73595538921938e+006 6.24671083568596e+000 9.76236070159745e-001 -1.56226197866756e+000 2.46168257309129e+001 8.11061229860475e-006 116043 21
6.33379579333672e+004 1.73599220828601e+006 6.24671101379800e+000 9.57566589977157e-001 -1.56322074510941e+000 2.55851910463880e+001 8.15162765273490e-006 123253 22
6.33318563033035e+004 1.73598542666068e+006 3.64656184205489e-002 2.82048666507834e-001 1.47338432950835e+000 2.67825116960222e+001 8.75246093873655e-006 128019 23
6.33286485951517e+004 1.73595637993024e+006 3.64643826887735e-002 1.34065580942909e-001 7.34846539353618e-001 2.70587018197258e+001 1.08312677844388e-005 129499 24
6.33297697103955e+004 1.73596202736959e+006 3.64649091273047e-002 2.57918668428705e-001 1.45075744148076e+000 2.85343220866420e+001 1.15609471959717e-005 136419 25
6.33299567332418e+004 1.73597676410785e+006 3.64647074406674e-002 5.16027282521639e-001 1.55440009384442e+000 2.85589648167503e+001 1.17207529655985e-005 136873 26
6.33368086886793e+004 1.73594633551209e+006 6.24671071209873e+000 9.98322187238493e-001 -1.56187847209082e+000 2.93550998995752e+001 1.17581741762654e-005 143094 27
6.33279326067806e+004 1.73594708239720e+006 3.64641659146397e-002 5.92596555819508e-001 1.56312486846522e+000 3.14889384473047e+001 1.18760562709336e-005 149677 28
6.33278548408337e+004 1.73594637117155e+006 3.64641361030476e-002 2.04625233985925e-001 1.36552310480056e+000 3.15032108890004e+001 1.30733633061977e-005 150259 29
6.33284308811088e+004 1.73595263187872e+006 3.64643361002789e-002 5.21182743552452e-001 1.55545473693045e+000 3.18649667616040e+001 1.32297146156254e-005 152510 30
6.33375925971995e+004 1.73597816760917e+006 6.24671092926648e+000 8.89904977158563e-001 -1.56456301812799e+000 3.20019656938160e+001 1.32779056511751e-005 153718 31
6.33284430623598e+004 1.73595177832368e+006 3.64643610213611e-002 5.93450715043548e-001 1.56312486846522e+000 3.23058691952852e+001 1.33954147967753e-005 154903 32
6.33282430119256e+004 1.73595041941298e+006 3.64642744539937e-002 6.12852331703884e-001 1.56475477141636e+000 3.23065126143154e+001 1.35048960888802e-005 154975 33
6.33367712592135e+004 1.73598503008220e+006 6.24671154579962e+000 9.34382268181787e-001 -1.56360425168615e+000 3.34505789962484e+001 1.35481838743046e-005 161625 34
6.33281719056661e+004 1.73595483698868e+006 3.64641408372122e-002 5.76062473697020e-001 1.56149496551408e+000 3.36120059521407e+001 1.36736362299690e-005 162279 35
6.33289731218730e+004 1.73595630480644e+006 3.64645709609769e-002 6.47049206352056e-001 1.56715168752098e+000 3.72995867005293e+001 1.37707913584741e-005 173118 36
6.33312599565946e+004 1.73598254140996e+006 3.64653359091407e-002 4.13802726815999e-001 1.53532064165166e+000 3.73115258440227e+001 1.40303957208532e-005 173284 37
6.33286079851690e+004 1.73596177865105e+006 3.64642460252954e-002 6.06720688702740e-001 1.56408363490707e+000 3.79258379014417e+001 1.41423254725262e-005 179585 38
6.33285881632099e+004 1.73596273896046e+006 3.64642144684305e-002 1.34736706047512e-001 8.86811020386364e-001 3.96795178062779e+001 1.65191511342774e-005 183591 39
6.33367997669374e+004 1.73596212892533e+006 6.24671104872696e+000 9.06561082027342e-001 -1.56389188161870e+000 4.11731952177939e+001 1.65654155184964e-005 190498 40
6.33292392245043e+004 1.73596549495991e+006 3.64645311738604e-002 6.58061759204857e-001 1.56772694738609e+000 4.18609129452440e+001 1.66590297787038e-005 193103 41
6.33298477989782e+004 1.73597901386673e+006 3.64645975582453e-002 2.45746899486135e-001 1.43608831492050e+000 4.26281284272563e+001 1.74690663144094e-005 196014 42
6.33357982165304e+004 1.73597627602221e+006 6.24671192183305e+000 7.94879763484116e-001 -1.56743931745354e+000 4.43070776450832e+001 1.75308487575288e-005 200191 43
6.33305460862244e+004 1.73597801598863e+006 3.64650202099880e-002 5.49614043438354e-001 1.55842691290017e+000 4.45673851281821e+001 1.76699625733550e-005 201182 44
6.33357899507958e+004 1.73599311606966e+006 6.24671228003411e+000 9.40147842944057e-001 -1.56360425168615e+000 4.46856691802482e+001 1.77126684777573e-005 202402 45
6.33332714480306e+004 1.73599117185347e+006 3.64663119421742e-002 1.74790672517672e-001 1.27185162343211e+000 4.46978789869739e+001 1.93657276889676e-005 202531 46
6.33299542344605e+004 1.73599080961129e+006 3.64644112370534e-002 3.17526779992065e-001 1.49783287377544e+000 4.49242883835297e+001 1.98296623898684e-005 204922 47
6.33367789642369e+004 1.73599472413362e+006 3.64682551681378e-002 2.92146048763449e-001 1.48115033768731e+000 4.52249679941901e+001 2.03861599083336e-005 207519 48
6.33306975990294e+004 1.73599317100309e+006 3.64647893181068e-002 1.39129524914003e-001 5.94387255623035e-001 4.55053838621896e+001 2.19864443834370e-005 209810 49
6.33288657518321e+004 1.73595539478419e+006 3.64645282910010e-002 6.61600418847308e-001 1.56811045396283e+000 4.87081021702605e+001 2.20789607207146e-005 220514 50
6.33298511406979e+004 1.73596350309321e+006 3.64649250018523e-002 1.75644831741712e-001 1.27587844248787e+000 4.98599230046935e+001 2.37164024071666e-005 226484 51
6.33313958337607e+004 1.73597531702762e+006 3.64655656950238e-002 4.65692899676427e-001 1.54663408566546e+000 5.03739711136817e+001 2.39166580453758e-005 228120 52
6.33297489418811e+004 1.73599522158923e+006 3.64642005467608e-002 6.20753304526254e-001 1.56465889477218e+000 5.08698530301913e+001 2.40230970063758e-005 232741 53
6.33332074933079e+004 1.73599449125428e+006 3.64662054851903e-002 6.56261923697058e-001 1.56715168752098e+000 5.42654953248924e+001 2.41172768476366e-005 242840 54
6.33291576557896e+004 1.73596838234084e+006 3.64644236523222e-002 4.54832875256490e-001 1.54471655278176e+000 5.45112482985749e+001 2.43281925524948e-005 243985 55
6.33283459955093e+004 1.73595800456887e+006 3.64641745118386e-002 5.28717648135947e-001 1.55631762672811e+000 5.48220756975383e+001 2.44796856328308e-005 246175 56
6.33314957249958e+004 1.73597533851504e+006 3.64656227094329e-002 4.07549061068563e-001 1.53378661534471e+000 5.48258283620843e+001 2.47481195708405e-005 246299 57
6.33368442875153e+004 1.73594831881966e+006 6.24671073324809e+000 7.16510654678449e-001 -1.57031561677908e+000 5.49244035204956e+001 2.48257515767747e-005 248938 58
6.33344951833921e+004 1.73598673035579e+006 6.24671289085690e+000 7.29078997546466e-001 -1.57031561677908e+000 5.56088490296198e+001 2.49004698026219e-005 251525 59
6.33372765714205e+004 1.73596276975254e+006 6.24671078787975e+000 8.34140582103382e-001 -1.56590529114658e+000 5.57014974751358e+001 2.49560345249212e-005 252288 60
6.33303502128917e+004 1.73598138334173e+006 3.64648368584962e-002 5.55440629573769e-001 1.55900217276528e+000 5.59509929596684e+001 2.50919590017952e-005 253700 61
6.33360452408619e+004 1.73598997745565e+006 6.24671206729823e+000 9.37890422137665e-001 -1.56360425168615e+000 5.59728213269716e+001 2.51348913695126e-005 254340 62
6.33299157916951e+004 1.73598341563200e+006 3.64645442950602e-002 2.61640362190593e-001 1.45440075395978e+000 5.60474724093450e+001 2.58422370413557e-005 256067 63
6.33366040514947e+004 1.73596213026084e+006 6.24671116134688e+000 9.53173771110666e-001 -1.56283723853267e+000 5.73177238696934e+001 2.58836692758224e-005 262163 64
6.33302439894864e+004 1.73597154303111e+006 3.64649822670420e-002 1.53131635050944e-001 1.15028003860591e+000 5.75547499534227e+001 2.79961889058004e-005 263364 65
6.33296289822858e+004 1.73596354521748e+006 3.64647963137588e-002 6.44486728679936e-001 1.56686405758843e+000 5.78616116839416e+001 2.80941957902334e-005 264528 66
6.33285919336572e+004 1.73595559381643e+006 3.64643665901843e-002 2.61213282578573e-001 1.45440075395978e+000 5.79032488090680e+001 2.88040882562072e-005 264716 67
6.33317618590633e+004 1.73597955840573e+006 3.64656872469273e-002 3.55048774476678e-001 1.51624118945891e+000 5.79140556005059e+001 2.91673757494931e-005 264968 68
6.33299802317378e+004 1.73596634465942e+006 3.64649396298978e-002 4.15419528204360e-001 1.53599177816095e+000 5.89972680655544e+001 2.94247685532532e-005 272058 69
6.33310119784964e+004 1.73598199698335e+006 3.64652046788635e-002 5.84817605743430e-001 1.56187847209082e+000 5.90224010006217e+001 2.95461265671610e-005 272675 70
6.33347546408387e+004 1.73598349537998e+006 6.24671267370149e+000 9.33253557778591e-001 -1.56360425168615e+000 6.00881581113080e+001 2.95895296145411e-005 277745 71
6.33309773612493e+004 1.73599458059341e+006 3.64649206753874e-002 2.85648337523431e-001 1.47616475218970e+000 6.16019804927893e+001 3.01739878204364e-005 278978 72
6.33323559915216e+004 1.73599215656336e+006 3.64657646375048e-002 5.64500818485907e-001 1.55976918591876e+000 6.29386074842547e+001 3.03051601471929e-005 282878 73
6.33286046588825e+004 1.73595468809222e+006 3.64643929190420e-002 3.39277334518512e-001 1.50972157765435e+000 6.29563360520259e+001 3.07064882199823e-005 283589 74
6.33319245993430e+004 1.73598679920080e+006 3.64656289039794e-002 6.30606641289286e-001 1.56552178456984e+000 6.30013249610174e+001 3.08093030743498e-005 284678 75
6.33360458626964e+004 1.73596933452681e+006 6.24671163367382e+000 8.91918352472371e-001 -1.56437126483963e+000 6.44267246367883e+001 3.08572550505169e-005 292088 76
6.33290648282126e+004 1.73597351826587e+006 3.64642624650797e-002 5.91894925028332e-001 1.56264548524430e+000 6.64030867097191e+001 3.09754443373332e-005 299574 77
6.33301968577949e+004 1.73599321336953e+006 3.64645003658120e-002 2.66216215176521e-001 1.45890695623646e+000 6.65604665756183e+001 3.16566693352278e-005 300354 78
6.33310920320399e+004 1.73598285265114e+006 3.64652327740107e-002 5.74689717801241e-001 1.56091970564898e+000 6.69681338072516e+001 3.17827812073199e-005 301870 79
6.33366891385642e+004 1.73595583697656e+006 6.24671098030582e+000 9.39568234899172e-001 -1.56302899182104e+000 6.70041246169395e+001 3.18255449076084e-005 303150 80
6.33305726422301e+004 1.73597050837266e+006 3.64651930490170e-002 6.62363061011630e-001 1.56791870067446e+000 6.88434868036312e+001 3.19178270070825e-005 307118 81
6.33367792680550e+004 1.73596023985225e+006 6.24671102086928e+000 9.05340854564428e-001 -1.56389188161870e+000 7.06875429750236e+001 3.19642286845688e-005 316502 82
6.33286258797072e+004 1.73596301009933e+006 3.64642304758372e-002 5.73408478965181e-001 1.56111145893735e+000 7.17219732481167e+001 3.20909615584264e-005 322057 83
6.33287450106570e+004 1.73595497836645e+006 3.64644675695634e-002 1.85315134385307e-001 1.31164043076876e+000 7.28665740052097e+001 3.35611618735993e-005 327804 84
6.33284284915150e+004 1.73595579799237e+006 3.64642682792323e-002 4.18561613921364e-001 1.53695054460280e+000 7.37142076252936e+001 3.38143312801609e-005 330176 85
6.33295412275900e+004 1.73597923396557e+006 3.64644165752993e-002 1.36017944883572e-001 9.27942100741600e-001 7.41346110087400e+001 3.62182489156361e-005 332066 86
6.33368712541791e+004 1.73594785446127e+006 6.24671070798776e+000 8.78983941365480e-001 -1.56437126483963e+000 7.71117079401829e+001 3.62677669800625e-005 345154 87
6.33374673765432e+004 1.73599457763236e+006 6.24671134573207e+000 7.84538335735918e-001 -1.56811045396283e+000 7.74875431651999e+001 3.63313553883893e-005 346361 88
6.33367676693360e+004 1.73594998320079e+006 6.24671081226031e+000 9.31118159718491e-001 -1.56312486846522e+000 7.76024922648401e+001 3.63749775680336e-005 348158 89
6.33322607546582e+004 1.73599180789337e+006 3.64657171677941e-002 6.11449070121533e-001 1.56398775826289e+000 7.76183023368128e+001 3.64850118446517e-005 348586 90
6.33281530538311e+004 1.73595036909422e+006 3.64642237582330e-002 3.39948459623114e-001 1.51010508423109e+000 7.92077971587468e+001 3.68846082623147e-005 352162 91
6.33311861789919e+004 1.73597270970694e+006 3.64654998051940e-002 5.29846358539143e-001 1.55622175008393e+000 8.02781364874738e+001 3.70353920568043e-005 360007 92
6.33372698956726e+004 1.73595886141924e+006 6.24671070968630e+000 9.33070523659154e-001 -1.56322074510941e+000 8.13472587052344e+001 3.70788137144070e-005 366227 93
6.33280996962229e+004 1.73594994450196e+006 3.64642019730504e-002 4.06054282426493e-001 1.53378661534471e+000 8.19998768491016e+001 3.73494264220394e-005 367024 94
6.33290873786965e+004 1.73596565278685e+006 3.64644405073319e-002 5.10444741878807e-001 1.55382483397931e+000 8.22612057769745e+001 3.75131008871629e-005 370218 95
6.33302263467329e+004 1.73597865268544e+006 3.64648229085342e-002 6.35487551140943e-001 1.56600116779077e+000 8.34322129460110e+001 3.76141866975814e-005 374297 96
6.33278577500787e+004 1.73594629022670e+006 3.64641394754717e-002 5.08217826758988e-001 1.55382483397931e+000 8.94769997949657e+001 3.77794431318642e-005 389133 97
6.33370542636619e+004 1.73596551310750e+006 6.24671097335091e+000 9.94936056028906e-001 -1.56207022537919e+000 9.02837463272870e+001 3.78171451663292e-005 393747 98
6.33349726359016e+004 1.73597989682221e+006 6.24671247276670e+000 8.24531290832932e-001 -1.56648055101169e+000 9.07511746021269e+001 3.78741446521676e-005 396133 99
6.33303307368041e+004 1.73599040960109e+006 3.64646362239846e-002 6.69013300684512e-001 1.56801457731864e+000 9.10931319326113e+001 3.79644207044905e-005 399401 100
6.33327277293997e+004 1.73599271764629e+006 3.64659667130015e-002 2.00659494731454e-001 1.35516842722861e+000 9.16945407034884e+001 3.92116426794700e-005 401223 101
6.33303321775911e+004 1.73596768079366e+006 3.64651140566494e-002 1.73265388189029e-001 1.26581139484848e+000 9.24866489286364e+001 4.08937180667603e-005 404364 102
6.33319050532390e+004 1.73597798873837e+006 3.64658025664295e-002 5.85183673982304e-001 1.56197434873501e+000 9.44900866179467e+001 4.10149092292992e-005 413850 103
6.33278439332128e+004 1.73594585245942e+006 3.64641407140807e-002 4.37231094103952e-001 1.54145674687948e+000 1.00017256659467e+002 4.12449365694982e-005 438571 104
6.33283126319658e+004 1.73595095501184e+006 3.64643032650582e-002 7.03942311810432e-001 1.57060324671163e+000 1.01221462912856e+002 4.13256506181343e-005 444555 105
6.33305413715373e+004 1.73597735455975e+006 3.64650313790401e-002 3.37813061563014e-001 1.50866693456832e+000 1.01422319376458e+002 4.17307893741993e-005 448266 106
6.33368407385095e+004 1.73595606863727e+006 6.24671089795497e+000 8.16050709965678e-001 -1.56638467436750e+000 1.04169621431034e+002 4.17891001399733e-005 457317 107
6.33283694283691e+004 1.73595148974903e+006 3.64643247169124e-002 2.51298934442395e-001 1.44337493987854e+000 1.05759941695838e+002 4.25610268004046e-005 464258 108
6.33286495316781e+004 1.73596687270214e+006 3.64641630197769e-002 1.34553671928075e-001 8.78853258919034e-001 1.06321841869801e+002 4.49294295563244e-005 466936 109
6.33369325627130e+004 1.73596227737885e+006 6.24671097544766e+000 8.10437663636273e-001 -1.56667230430006e+000 1.07040535734740e+002 4.49886325743263e-005 468907 110
6.33283433783598e+004 1.73595661335789e+006 3.64642022030451e-002 4.14809414472903e-001 1.53599177816095e+000 1.08930854611423e+002 4.52468589909520e-005 475893 111
6.33307809983479e+004 1.73599443320747e+006 3.64648108062203e-002 3.20333303156768e-001 1.49936690008240e+000 1.08937959957872e+002 4.57019489232539e-005 476438 112
6.33307457804045e+004 1.73599208659090e+006 3.64648397936572e-002 4.71519485811842e-001 1.54740109881893e+000 1.11053901998614e+002 4.58968043978848e-005 484703 113
6.33307412730815e+004 1.73597524477873e+006 3.64651906560246e-002 2.73476568580861e-001 1.46609770455031e+000 1.13373596496272e+002 4.65393763125210e-005 492319 114
6.33369712614308e+004 1.73596172309107e+006 6.24671094155078e+000 9.91610936192465e-001 -1.56207022537919e+000 1.18682289676167e+002 4.65773570403043e-005 514520 115
6.33291799106704e+004 1.73595835582144e+006 3.64646468791896e-002 1.71465552681231e-001 1.25804538666951e+000 1.18690872230151e+002 4.82942615046773e-005 514869 116
6.33300853082965e+004 1.73597559090229e+006 3.64648060289496e-002 6.63644299847690e-001 1.56791870067446e+000 1.19724300364376e+002 4.83861521043247e-005 518082 117
6.33352937742214e+004 1.73597794734621e+006 6.24671224710659e+000 8.20657068638179e-001 -1.56657642765587e+000 1.20467358917765e+002 4.84437452838985e-005 518598 118
6.33293554797876e+004 1.73598021567827e+006 3.64642891160184e-002 5.68344534994087e-001 1.56034444578387e+000 1.20563286559079e+002 4.85729746631377e-005 518983 119
6.33354704208783e+004 1.73597128259424e+006 6.24671200560205e+000 7.84934909661365e-001 -1.56772694738609e+000 1.29762996692265e+002 4.86364923436696e-005 546998 120
6.33292762704424e+004 1.73596568221461e+006 3.64645485558847e-002 3.22621229649732e-001 1.50109267967772e+000 1.31092538830906e+002 4.90845669532691e-005 548879 121
6.33303780989187e+004 1.73597001084409e+006 3.64650915735638e-002 2.23447242601377e-001 1.40301087267678e+000 1.33305110781920e+002 5.00781488616272e-005 561327 122
6.33347080086002e+004 1.73598597430152e+006 6.24671275255568e+000 9.57383555857720e-001 -1.56312486846522e+000 1.33307683894664e+002 5.01191814387824e-005 561393 123
6.33317420931673e+004 1.73599100442624e+006 3.64654356576523e-002 6.50984439919954e-001 1.56686405758843e+000 1.33340727547881e+002 5.02150490705659e-005 562480 124
6.33281872997129e+004 1.73594946928830e+006 3.64642623434662e-002 4.24449211429926e-001 1.53848457090976e+000 1.33925316233801e+002 5.04605693299293e-005 564362 125
6.33300751939907e+004 1.73598999878622e+006 3.64644978382574e-002 4.50714607569155e-001 1.54356603305155e+000 1.36308167384556e+002 5.06757414842997e-005 572890 126
6.33369253730720e+004 1.73594840642297e+006 6.24671068843929e+000 7.73068197584524e-001 -1.56782282403027e+000 1.39449043776862e+002 5.07414239726777e-005 584492 127
6.33369753864032e+004 1.73595356326421e+006 6.24671076790737e+000 9.65315034366663e-001 -1.56245373195593e+000 1.39451145889889e+002 5.07817182737112e-005 584757 128
6.33315917500007e+004 1.73599157511491e+006 3.64653371921354e-002 4.06725407531096e-001 1.53330723212378e+000 1.39792184915929e+002 5.10513447715174e-005 587427 129
6.33295788749163e+004 1.73598154704216e+006 3.64643896896727e-002 6.71453755610341e-001 1.56830220725120e+000 1.39834930419927e+002 5.11409006106693e-005 588745 130
6.33303939177927e+004 1.73597433076945e+006 3.64650100118622e-002 3.23932974172365e-001 1.50166793954283e+000 1.41195413644834e+002 5.15850108940624e-005 601925 131
6.33351250378683e+004 1.73598109077459e+006 6.24671241015227e+000 8.10681709128855e-001 -1.56695993423261e+000 1.41477272311478e+002 5.16441747777727e-005 604794 132
6.33284139095763e+004 1.73595692077538e+006 3.64642363269779e-002 3.13500029364448e-001 1.49601121753594e+000 1.42295299558870e+002 5.21212560932266e-005 607485 133
6.33287915385144e+004 1.73596834004250e+006 3.64642139194265e-002 1.55175516051325e-001 4.23055692464980e-001 1.42332319187528e+002 5.30440066190284e-005 607662 134
6.33292379415875e+004 1.73595836322863e+006 3.64646801080558e-002 2.41903182977955e-001 1.43139035935545e+000 1.43287821809078e+002 5.38820865240222e-005 612009 135
6.33294274008407e+004 1.73596599088797e+006 3.64646290205223e-002 3.72620049942643e-001 1.52314430784020e+000 1.43326729086929e+002 5.42088637223123e-005 613329 136
6.33288120490270e+004 1.73595530883208e+006 3.64644992003877e-002 2.03832086135031e-001 1.36350969527268e+000 1.43477361400398e+002 5.54159356926796e-005 614971 137
6.33285917861939e+004 1.73595625645849e+006 3.64643525986581e-002 1.33699512704035e-001 7.66581708578753e-001 1.45251566916422e+002 5.75796627141931e-005 623548 138
6.33292907273530e+004 1.73595864651424e+006 3.64647045296307e-002 2.84214570254506e-001 1.47558949232459e+000 1.45261949053199e+002 5.81705946657682e-005 623882 139
6.33360489234062e+004 1.73596793337272e+006 6.24671160250438e+000 7.71146339330434e-001 -1.56820633060701e+000 1.46910026734479e+002 5.82366378911519e-005 629722 140
6.33303137720089e+004 1.73596927853037e+006 3.64650699365500e-002 5.07394173221521e-001 1.55334545075838e+000 1.47189195952322e+002 5.84024837059276e-005 634431 141
6.33285379632882e+004 1.73595833344743e+006 3.64642780459977e-002 4.20666506294891e-001 1.53742992782373e+000 1.48544336175524e+002 5.86528785833383e-005 642669 142
6.33334138414180e+004 1.73599270415277e+006 3.64663616983377e-002 4.10020021680965e-001 1.53417012192145e+000 1.48598603678313e+002 5.89177701851301e-005 643304 143
6.33367321318022e+004 1.73595325935324e+006 6.24671090146951e+000 9.12662219341913e-001 -1.56360425168615e+000 1.50611400327410e+002 5.89633567956037e-005 650317 144
6.33299736927428e+004 1.73597328282683e+006 3.64647902578142e-002 5.50681742468404e-001 1.55861866618854e+000 1.50624570653423e+002 5.91018782364522e-005 651051 145
6.33368140260583e+004 1.73594727694949e+006 6.24671072878866e+000 8.11932442278343e-001 -1.56638467436750e+000 1.50892437189451e+002 5.91608416610790e-005 651849 146
6.33302896769589e+004 1.73597884448496e+006 3.64648553157936e-002 5.66209136933987e-001 1.56015269249550e+000 1.53919644290783e+002 5.92911454285915e-005 666335 147
6.33280424484488e+004 1.73594895263511e+006 3.64641898551208e-002 4.41928969836172e-001 1.54241551332133e+000 1.55540173572049e+002 5.95158336607157e-005 670915 148
6.33308402060174e+004 1.73596996415892e+006 3.64653583948689e-002 3.52821859356860e-001 1.51547417630543e+000 1.60408651898973e+002 5.98841692656883e-005 690847 149
6.33280268617048e+004 1.73594814698687e+006 3.64641977961691e-002 4.53185568181556e-001 1.54471655278176e+000 1.60923418758766e+002 6.00967753199037e-005 692261 150
6.33309581476783e+004 1.73599511716537e+006 3.64648983615296e-002 4.75149662514012e-001 1.54797635868404e+000 1.64045255350897e+002 6.02883731868301e-005 698107 151
6.33355744215719e+004 1.73598497450297e+006 6.24671223314517e+000 9.65925148098120e-001 -1.56293311517685e+000 1.64753648620783e+002 6.03286116724018e-005 706011 152
6.33377546105694e+004 1.73599453003067e+006 6.24671117949502e+000 9.03968098668649e-001 -1.56446714148381e+000 1.66082463769873e+002 6.03751686915250e-005 707843 153
6.33285398254823e+004 1.73595397245567e+006 3.64643706401644e-002 6.11144013255804e-001 1.56456301812799e+000 1.66291379147562e+002 6.04853242512136e-005 710066 154
6.33301124016510e+004 1.73599361002084e+006 3.64644434561726e-002 1.45596730467449e-001 1.08115297814875e+000 1.66420360240545e+002 6.27673059638891e-005 711893 155
6.33369898660051e+004 1.73596902620340e+006 6.24671108413495e+000 9.58329232141479e-001 -1.56283723853267e+000 1.66433947885756e+002 6.28082494219431e-005 713028 156
6.33336074210314e+004 1.73599340151708e+006 3.64664584236508e-002 3.74968987808753e-001 1.52352781441694e+000 1.67620102046175e+002 6.31305459061228e-005 716575 157
6.33291381991053e+004 1.73595856117633e+006 3.64646185733961e-002 1.40654809242646e-001 1.01940841929380e+000 1.70765291196136e+002 6.55069886408540e-005 725793 158
6.33283834028870e+004 1.73595462609654e+006 3.64642669345844e-002 1.65974529098116e-001 3.57284314554277e-001 1.70880991888464e+002 6.61849017967452e-005 728207 159
6.33293634303470e+004 1.73598737279151e+006 3.64641434883595e-002 3.38697726473627e-001 7.94337997070223e-002 1.70916598770167e+002 6.62169270227534e-005 728475 160
6.33368606715146e+004 1.73597012372095e+006 6.24671118149408e+000 9.19892067059680e-001 -1.56370012833033e+000 1.73774435620913e+002 6.62617291502641e-005 734768 161
6.33367591780641e+004 1.73594976892980e+006 6.24671081264778e+000 8.80112651768676e-001 -1.56437126483963e+000 1.74049839157296e+002 6.63111076111845e-005 736819 162
6.33372601591271e+004 1.73596330120824e+006 6.24671080847642e+000 7.44179312400029e-001 -1.56926097369304e+000 1.74071709691994e+002 6.63825308398439e-005 737637 163
6.33283661082107e+004 1.73595816990393e+006 3.64641826125562e-002 1.47854151273840e-001 1.10502626255074e+000 1.75941506560048e+002 6.86159993270487e-005 744072 164
6.33350091885077e+004 1.73599145459301e+006 6.24671269431487e+000 7.43355658862562e-001 -1.56974035691397e+000 1.76053543917609e+002 6.86875968204658e-005 744622 165
6.33302495582883e+004 1.73598875995046e+006 3.64646241444008e-002 3.12432330334398e-001 1.49486069780572e+000 1.77033376566192e+002 6.91682305451917e-005 751561 166
6.33284908803209e+004 1.73595704717108e+006 3.64642779545102e-002 6.40185426873163e-001 1.56667230430006e+000 1.78390716894404e+002 6.92676918786028e-005 759784 167
6.33293750446758e+004 1.73596715055574e+006 3.64645745632939e-002 1.50813202871407e-001 4.57091901150548e-001 1.78609461103607e+002 7.03238715476333e-005 763511 168
6.33363153217104e+004 1.73598598855386e+006 6.24671182820651e+000 8.69374650095031e-001 -1.56523415463729e+000 1.78847859882327e+002 7.03746019885331e-005 766130 169
6.33293692687040e+004 1.73596740621134e+006 3.64645658751089e-002 1.44223974571670e-001 5.22383895840327e-001 1.79417073977024e+002 7.16919579661918e-005 769887 170
6.33356104734133e+004 1.73599072485781e+006 6.24671233309548e+000 9.01497138056248e-001 -1.56446714148381e+000 1.79805113051061e+002 7.17387961903479e-005 772040 171
6.33281490281836e+004 1.73595134081303e+006 3.64642010491466e-002 1.81440912190554e-001 1.29831357722709e+000 1.87177623054033e+002 7.32733678095394e-005 791795 172
6.33302881800988e+004 1.73597448056483e+006 3.64649460393743e-002 5.68405546367233e-001 1.56044032242805e+000 1.90768137945014e+002 7.34025668030038e-005 804189 173
6.33299059599725e+004 1.73596513680534e+006 3.64649222518081e-002 1.71557069740949e-001 1.25833301660207e+000 1.90971416274508e+002 7.51176164009358e-005 806714 174
6.33305376947389e+004 1.73597198913598e+006 3.64651418675986e-002 5.41072451197954e-001 1.55756402310251e+000 1.90971416274508e+002 7.52616058742440e-005 806714 175
6.33287707967105e+004 1.73595965018459e+006 3.64643843576005e-002 2.78937086477402e-001 1.47117916669210e+000 1.91615682475941e+002 7.58771489786764e-005 810016 176
6.33339706043417e+004 1.73599340878984e+006 3.64666672007007e-002 2.02977926910991e-001 1.36082514923551e+000 1.91691425648454e+002 7.70947319267275e-005 811920 177
6.33326870407540e+004 1.73599341002398e+006 3.64659287748341e-002 1.67377790680468e-001 1.23800716803491e+000 1.91853292643672e+002 7.88931441547008e-005 814750 178
6.33370590964465e+004 1.73596674353957e+006 6.24671099639658e+000 7.26486014187773e-001 -1.57012386349071e+000 1.91902962943419e+002 7.89684503365574e-005 816237 179
6.33280769593861e+004 1.73595029439462e+006 3.64641815497304e-002 4.28170905191814e-001 1.53934746070742e+000 1.92091612880608e+002 7.92093067177887e-005 818882 180
6.33284752364983e+004 1.73596150113475e+006 3.64641754812275e-002 1.55145010364753e-001 1.16552442503128e+000 1.92163263244716e+002 8.12757370263479e-005 820749 181
6.33279675817384e+004 1.73594868227557e+006 3.64641524591399e-002 2.09567155210728e-001 1.37654891888180e+000 1.92841981287330e+002 8.24143448216849e-005 823616 182
6.33280716983576e+004 1.73594936165574e+006 3.64641980982447e-002 3.43670153385003e-001 1.51183086382641e+000 1.92851249431502e+002 8.28045232498896e-005 824154 183
6.33371825559305e+004 1.73598801786180e+006 6.24671137190047e+000 8.63670086705907e-001 -1.56542590792566e+000 1.93369080278671e+002 8.28559938343691e-005 828186 184
6.33299892263988e+004 1.73596659187580e+006 3.64649396160525e-002 5.60535079231436e-001 1.55976918591876e+000 1.93427733486720e+002 8.29892165053714e-005 830207 185
6.33298217868748e+004 1.73596712772135e+006 3.64648320453290e-002 3.89184637751704e-001 1.52860927655873e+000 1.97312550154330e+002 8.32862473817729e-005 843955 186
6.33297483945517e+004 1.73599442242434e+006 3.64642170033129e-002 5.46380440661631e-001 3.04408345286416e-002 1.97909321191033e+002 8.32905371206521e-005 847871 187
6.33294640343372e+004 1.73596020591788e+006 3.64647715034263e-002 2.70120943057847e-001 1.46322140522477e+000 2.00167962790942e+002 8.39505991645694e-005 858122 188
6.33331896877543e+004 1.73598988756021e+006 3.64662918616022e-002 5.92688072879226e-001 1.56245373195593e+000 2.01263703559711e+002 8.40684405848506e-005 862115 189
6.33287921297655e+004 1.73595464167152e+006 3.64645017426944e-002 1.59019232559505e-001 1.19179462553789e+000 2.02259506902370e+002 8.60471101865680e-005 864258 190
6.33301852626152e+004 1.73598134907458e+006 3.64647426854778e-002 7.11446710707355e-001 1.57050737006745e+000 2.02466389817281e+002 8.61259630465195e-005 866945 191
6.33284828573722e+004 1.73595204813778e+006 3.64643782523917e-002 5.82773724743048e-001 1.56216610202338e+000 2.02468561048494e+002 8.62482597084070e-005 867328 192
6.33287267197412e+004 1.73595843025819e+006 3.64643846030299e-002 4.99462694712578e-001 1.55238668431654e+000 2.02933723164852e+002 8.64199518321956e-005 868353 193
6.33369692603911e+004 1.73595777113660e+006 6.24671085975275e+000 7.64770650836707e-001 -1.56830220725120e+000 2.03875700266209e+002 8.64872124226134e-005 873351 194
6.33313942190515e+004 1.73597788299731e+006 3.64655109136963e-002 2.79059109223694e-001 1.47098741340373e+000 2.05815330708032e+002 8.71021517435002e-005 880631 195
6.33355695509110e+004 1.73597388310301e+006 6.24671200315560e+000 8.33591479745070e-001 -1.56609704443495e+000 2.09129119451839e+002 8.71577970721485e-005 891531 196
6.33279140320332e+004 1.73594724073970e+006 3.64641519057052e-002 5.82987264549058e-001 1.56226197866756e+000 2.09217393375711e+002 8.72799953061481e-005 892444 197
6.33287933752339e+004 1.73595727336532e+006 3.64644472283646e-002 5.71486620711092e-001 1.56101558229316e+000 2.09477269328144e+002 8.74076675740058e-005 894863 198
6.33288100470663e+004 1.73597262371439e+006 3.64641346679741e-002 6.18587400779581e-001 1.56485064806055e+000 2.10915804006550e+002 8.75149282830859e-005 899141 199
6.33285326839486e+004 1.73595963735967e+006 3.64642476441351e-002 5.27375397926742e-001 1.55612587343974e+000 2.11662038679764e+002 8.76672704934284e-005 903008 200
6.33281524354158e+004 1.73595286293967e+006 3.64641710648983e-002 5.27283880867023e-001 1.55622175008393e+000 2.11760135748968e+002 8.78196710936950e-005 904422 201
6.33279065873316e+004 1.73594736126359e+006 3.64641450934515e-002 1.46054315766042e-001 1.08709733008820e+000 2.12775094464916e+002 9.00930930076586e-005 908367 202
6.33286066726263e+004 1.73596365100228e+006 3.64642059759715e-002 5.55501640946915e-001 1.55928980269784e+000 2.14952414750566e+002 9.02289850988636e-005 912495 203
6.33381820209767e+004 1.73598694615273e+006 6.24671077443891e+000 7.27157139292376e-001 -1.57041149342326e+000 2.16090474995707e+002 9.03041384694111e-005 915503 204
6.33367229199014e+004 1.73595737473837e+006 6.24671099314861e+000 9.15407731133470e-001 -1.56360425168615e+000 2.17415488406655e+002 9.03494248273756e-005 917181 205
6.33287373114323e+004 1.73595509927852e+006 3.64644606027480e-002 7.03362703765548e-001 1.57050737006745e+000 2.17679667055516e+002 9.04302852743093e-005 919390 206
6.33364709296850e+004 1.73599306635415e+006 6.24671188724161e+000 7.64313065538114e-001 -1.56887746711631e+000 2.17782305246994e+002 9.04976345719224e-005 920993 207
6.33297636912794e+004 1.73598028022772e+006 3.64645225963716e-002 5.03184388474467e-001 1.55257843760491e+000 2.18127180733015e+002 9.06665459373159e-005 924110 208
6.33368596836639e+004 1.73595949329714e+006 6.24671095893773e+000 9.00978541384509e-001 -1.56398775826289e+000 2.18266999096353e+002 9.07134433457015e-005 924744 209
6.33317081722609e+004 1.73597989793735e+006 3.64656492362767e-002 5.42170655914577e-001 1.55756402310251e+000 2.19137963922939e+002 9.08567919450078e-005 932194 210
6.33292102433743e+004 1.73595946588601e+006 3.64646410323646e-002 5.53091691707659e-001 1.55909804940947e+000 2.21044979301804e+002 9.09939897871562e-005 937785 211
6.33364852854838e+004 1.73596130138219e+006 6.24671121227352e+000 9.52502646006063e-001 -1.56283723853267e+000 2.21370077977899e+002 9.10354862729201e-005 940032 212
6.33366343792958e+004 1.73597016386150e+006 6.24671131251820e+000 7.48846682445676e-001 -1.56916509704886e+000 2.21372140944661e+002 9.11059337937956e-005 940338 213
6.33283489687091e+004 1.73595988093287e+006 3.64641368438119e-002 1.47640611467830e-001 1.10291697637867e+000 2.21426114690536e+002 9.33441347241907e-005 941569 214
6.33289064559178e+004 1.73595778164022e+006 3.64645016149716e-002 1.34614683301221e-001 7.06850559251686e-001 2.22816550284187e+002 9.53397085362905e-005 947487 215
6.33367313344671e+004 1.73595009092947e+006 6.24671083542449e+000 7.13216040528581e-001 -1.57050737006745e+000 2.23966905697921e+002 9.54181316807425e-005 950470 216
6.33294626036946e+004 1.73596670545143e+006 3.64646342757306e-002 4.61788171795101e-001 1.54605882580035e+000 2.24883040792378e+002 9.56221286092774e-005 955251 217
6.33371450708005e+004 1.73596946726096e+006 6.24671100410599e+000 8.10956260308011e-001 -1.56676818094424e+000 2.25190038820859e+002 9.56812483911975e-005 957921 218
6.33302122966094e+004 1.73598954518222e+006 3.64645862294482e-002 3.01633317287607e-001 1.48795757942442e+000 2.28711664189913e+002 9.62002687383417e-005 970550 219
6.33278988862261e+004 1.73594675531382e+006 3.64641533799897e-002 1.44925605362846e-001 1.07482511963256e+000 2.29593085255626e+002 9.84977432115031e-005 974640 220
6.33300004569078e+004 1.73596496336394e+006 3.64649802542815e-002 5.65934585754832e-001 1.56034444578387e+000 2.29813148285292e+002 9.86281863543861e-005 975198 221
6.33297213272586e+004 1.73597917849899e+006 3.64645213467563e-002 3.71857407778322e-001 1.52266492461928e+000 2.30081339183517e+002 9.89564322371749e-005 980034 222
6.33302556378857e+004 1.73596732396877e+006 3.64650775134234e-002 4.97815387637644e-001 1.55200317773980e+000 2.31072796887735e+002 9.91293755208627e-005 982279 223
6.33362393467692e+004 1.73597709091505e+006 6.24671168516368e+000 9.37371825465927e-001 -1.56341249839778e+000 2.33352471046285e+002 9.91723601005540e-005 994764 224
6.33292663534834e+004 1.73595818918739e+006 3.64647001055812e-002 6.56261923697058e-001 1.56772694738609e+000 2.36414208452984e+002 9.92665401236913e-005 1005589 225
6.33288192277064e+004 1.73596384126165e+006 3.64643242624644e-002 6.24352975541851e-001 1.56542590792566e+000 2.36863626128317e+002 9.93716341480612e-005 1006618 226
6.33280283274951e+004 1.73594963650029e+006 3.64641673794240e-002 3.11090080125193e-001 1.49466894451735e+000 2.36974796876097e+002 9.98568349036775e-005 1007990 227
6.33309202636776e+004 1.73599176272734e+006 3.64649469661326e-002 2.15820820958163e-001 1.38862937604907e+000 2.37023374087430e+002 1.00926577150533e-004 1008300 228
6.33303976284106e+004 1.73599420087086e+006 3.64645951397146e-002 1.80800292772525e-001 1.29524552461318e+000 2.37496964143911e+002 1.02471803234967e-004 1010671 229
6.33287035479115e+004 1.73595724443354e+006 3.64643961591981e-002 2.06120012627995e-001 1.36878291070284e+000 2.37564970775589e+002 1.03650884534091e-004 1011257 230
6.33376811506260e+004 1.73597142058111e+006 6.24671073670834e+000 9.42069701198146e-001 -1.56322074510941e+000 2.37564970775589e+002 1.03693398884979e-004 1011257 231
6.33373662784003e+004 1.73598366904850e+006 6.24671117493266e+000 9.12692725028486e-001 -1.56408363490707e+000 2.37573825087896e+002 1.03738982295351e-004 1011822 232
6.33278487952336e+004 1.73594537859076e+006 3.64641534561060e-002 4.43027174552795e-001 1.54270314325388e+000 2.37880430722015e+002 1.03962448826944e-004 1016135 233
6.33359131083626e+004 1.73596502611508e+006 6.24671161961616e+000 9.37432836839072e-001 -1.56322074510941e+000 2.37906138018221e+002 1.04005427190545e-004 1016766 234
6.33368194826773e+004 1.73594647336155e+006 6.24671070878248e+000 9.32917995226289e-001 -1.56302899182104e+000 2.39511165730521e+002 1.04048864404177e-004 1025092 235
6.33292952795501e+004 1.73596539521364e+006 3.64645655147075e-002 1.33607995644316e-001 7.95824085055086e-001 2.40144888775062e+002 1.06280716169758e-004 1026572 236
6.33278687347110e+004 1.73594614215962e+006 3.64641489022544e-002 3.08070017154480e-001 1.49284728827784e+000 2.40209913653094e+002 1.06776373126500e-004 1027752 237
6.33296116482074e+004 1.73597515788551e+006 3.64645426296299e-002 5.50071628736947e-001 1.55852278954436e+000 2.41308343095185e+002 1.06915232640849e-004 1032146 238
6.33278846466637e+004 1.73594611884053e+006 3.64641585456195e-002 3.96017911544024e-001 1.53100619266335e+000 2.41981189185233e+002 1.07201132657220e-004 1035107 239
6.33288719975148e+004 1.73595731360232e+006 3.64644916141719e-002 3.02151913959346e-001 1.48882046922208e+000 2.41992514578730e+002 1.07718232076033e-004 1035696 240
6.33370410607061e+004 1.73597754919730e+006 6.24671123357363e+000 8.03543378470807e-001 -1.56715168752098e+000 2.42545480973757e+002 1.07778558459630e-004 1037511 241
6.33301853003919e+004 1.73597669909546e+006 3.64648402949393e-002 2.80614899238909e-001 1.47232968642231e+000 2.42971740480118e+002 1.08386103242616e-004 1040199 242
6.33279926190387e+004 1.73594773419232e+006 3.64641867599654e-002 1.45535719094303e-001 1.08153648472549e+000 2.43114061973830e+002 1.10670656774808e-004 1042259 243
6.33297105268230e+004 1.73597321758621e+006 3.64646402328773e-002 1.45230662228574e-001 1.07760554231391e+000 2.43618169460676e+002 1.12960959385589e-004 1046756 244
6.33383571283930e+004 1.73599130573902e+006 6.24671076520797e+000 9.56864959185982e-001 -1.56322074510941e+000 2.45377053179787e+002 1.13002040933650e-004 1055437 245
6.33281568741569e+004 1.73594982725056e+006 3.64642373275467e-002 3.99861628052204e-001 1.53206083574938e+000 2.46211473991611e+002 1.13281941251181e-004 1058172 246
6.33294720240239e+004 1.73596203413736e+006 3.64647377311107e-002 6.77585398611485e-001 1.56897334376049e+000 2.46451049406065e+002 1.13369723982096e-004 1059626 247
6.33368695414724e+004 1.73594850983127e+006 6.24671072272905e+000 9.90665259908706e-001 -1.56187847209082e+000 2.48007855437824e+002 1.13407784454189e-004 1064747 248
6.33353623851204e+004 1.73597542712350e+006 6.24671215474060e+000 9.53966918961560e-001 -1.56302899182104e+000 2.49077842051834e+002 1.13449141004059e-004 1070683 249
6.33311530478405e+004 1.73598302364316e+006 3.64652642863956e-002 4.47786061658160e-001 1.54308664983062e+000 2.49847885030721e+002 1.13667418360524e-004 1071729 250
6.33278710774625e+004 1.73594671219584e+006 3.64641382868206e-002 3.75029999181899e-001 1.52429482757042e+000 2.51034713617677e+002 1.13989611099314e-004 1080125 251
6.33284795575480e+004 1.73596167759835e+006 3.64641742636944e-002 5.09285525789038e-001 1.55372895733512e+000 2.51113510243794e+002 1.14154106024425e-004 1080709 252
6.33293193471384e+004 1.73595879446828e+006 3.64647178890653e-002 3.06880295378138e-001 1.49188852183599e+000 2.51156414815519e+002 1.14653962619703e-004 1081532 253
6.33302181208719e+004 1.73596655597477e+006 3.64650720484520e-002 6.75541517611103e-001 1.56878159047212e+000 2.52501603794066e+002 1.14742330678262e-004 1087462 254
6.33288048433305e+004 1.73595607457519e+006 3.64644789845455e-002 2.87417667344656e-001 1.47817816171758e+000 2.52651906838337e+002 1.15319011749314e-004 1088889 255
6.33368786753983e+004 1.73595443357676e+006 6.24671084181134e+000 9.56559902320253e-001 -1.56264548524430e+000 2.54588957923692e+002 1.15360121939858e-004 1099976 256
6.33356152847057e+004 1.73598447311743e+006 6.24671219911433e+000 7.26302980068336e-001 -1.57041149342326e+000 2.55756154357186e+002 1.15435469890547e-004 1111409 257
6.33300301633517e+004 1.73597788735974e+006 3.64647261101228e-002 3.76189215271667e-001 1.52419895092624e+000 2.56237785056861e+002 1.15755481017077e-004 1114825 258
6.33306163698514e+004 1.73598341369049e+006 3.64649473621369e-002 1.72167183472406e-001 1.26072993270669e+000 2.57130564001889e+002 1.17458500929371e-004 1117098 259
6.33376499562894e+004 1.73597123568264e+006 6.24671075077294e+000 9.69494313427144e-001 -1.56264548524430e+000 2.59639172305630e+002 1.17498414141708e-004 1124588 260
6.33353470149074e+004 1.73599152656919e+006 6.24671250148278e+000 9.38988626854288e-001 -1.56360425168615e+000 2.60178248704480e+002 1.17541236120463e-004 1126286 261
6.33298758696008e+004 1.73596507900865e+006 3.64649061543101e-002 5.11085361296837e-001 1.55392071062349e+000 2.61259295877306e+002 1.17704459843174e-004 1128025 262
6.33370623516894e+004 1.73597218650265e+006 6.24671110876738e+000 8.23768648668611e-001 -1.56638467436750e+000 2.61412145944265e+002 1.17761575463446e-004 1129706 263
6.33371894933777e+004 1.73595718613291e+006 6.24671072077705e+000 7.91890206199976e-001 -1.56724756416517e+000 2.61526869846324e+002 1.17823872160594e-004 1131088 264
6.33286731185132e+004 1.73595822967485e+006 3.64643579766275e-002 1.40898854735229e-001 1.02305173177282e+000 2.61951554402289e+002 1.20196557680786e-004 1136094 265
6.33349739502181e+004 1.73598051033432e+006 6.24671248488716e+000 7.22977860231894e-001 -1.57050737006745e+000 2.63218730539303e+002 1.20272670127068e-004 1138940 266
6.33370469192938e+004 1.73595625663590e+006 6.24671078328813e+000 8.56196193495557e-001 -1.56513827799310e+000 2.65805964204938e+002 1.20325134259893e-004 1152164 267
6.33370146433655e+004 1.73597343329259e+006 6.24671116238205e+000 7.93659536021202e-001 -1.56743931745354e+000 2.65857571673665e+002 1.20387125870799e-004 1153161 268
6.33348746892671e+004 1.73599024338047e+006 6.24671274626790e+000 9.25261067896503e-001 -1.56389188161870e+000 2.67446301790758e+002 1.20431358108147e-004 1157117 269
6.33297354194008e+004 1.73596910319455e+006 3.64647409007672e-002 2.13837951330928e-001 1.38508194021424e+000 2.68570772071156e+002 1.21522324429510e-004 1159352 270
6.33351687364140e+004 1.73599093663600e+006 6.24671259166020e+000 9.38561547242268e-001 -1.56360425168615e+000 2.68828164709009e+002 1.21565189288193e-004 1163784 271
6.33368031161084e+004 1.73594556450958e+006 6.24671069912146e+000 7.29567088531631e-001 -1.56964448026978e+000 2.71356114836831e+002 1.21639797544636e-004 1170800 272
6.33301882091604e+004 1.73597523249880e+006 3.64648727474305e-002 1.42820712989319e-001 1.04893842570269e+000 2.72648751739433e+002 1.23978399579378e-004 1177212 273
6.33371694843502e+004 1.73595962923547e+006 6.24671078356747e+000 9.84686145340426e-001 -1.56216610202338e+000 2.72951218650759e+002 1.24016970437465e-004 1179717 274
6.33285571103274e+004 1.73595972420860e+006 3.64642598735896e-002 4.45040549866603e-001 1.54289489654225e+000 2.73930276036427e+002 1.24238220061750e-004 1182051 275
6.33303423744278e+004 1.73596679106944e+006 3.64651385953828e-002 6.41039586097203e-001 1.56657642765587e+000 2.75299803605244e+002 1.24337390026554e-004 1187548 276
6.33370339398227e+004 1.73595446322717e+006 6.24671075311221e+000 8.45488697508484e-001 -1.56542590792566e+000 2.76535952007112e+002 1.24391327084996e-004 1189770 277
6.33292485166677e+004 1.73596015363877e+006 3.64646486166360e-002 6.55255236040154e-001 1.56763107074190e+000 2.76682418682069e+002 1.24485825694660e-004 1191070 278
6.33365364764955e+004 1.73597996161953e+006 6.24671157448396e+000 8.87281488113297e-001 -1.56465889477218e+000 2.77457898607433e+002 1.24534330793003e-004 1193808 279
6.33278358430492e+004 1.73594582644610e+006 3.64641366058312e-002 1.33699512704035e-001 7.65143558915982e-001 2.78589746859063e+002 1.26694824449937e-004 1199397 280
6.33367861076735e+004 1.73594694416183e+006 6.24671073786469e+000 8.26270114967585e-001 -1.56590529114658e+000 2.79173100928356e+002 1.26751560226074e-004 1203811 281
6.33312595943187e+004 1.73597522217383e+006 3.64654893099885e-002 6.57482151159973e-001 1.56753519409772e+000 2.80953565657501e+002 1.26845356083281e-004 1211028 282
6.33300067565801e+004 1.73597437483607e+006 3.64647863610364e-002 4.43393242791669e-001 1.54231963667714e+000 2.81403930364002e+002 1.27068414505839e-004 1212019 283
6.33372067307463e+004 1.73596107213341e+006 6.24671079242587e+000 9.43350940034206e-001 -1.56302899182104e+000 2.81501460645554e+002 1.27110801865326e-004 1214308 284
6.33301195555060e+004 1.73598008015431e+006 3.64647315160330e-002 6.96346395853791e-001 1.56974035691397e+000 2.83369801237352e+002 1.27193465542757e-004 1221645 285
6.33373408988932e+004 1.73597631355095e+006 6.24671103514803e+000 9.03968098668649e-001 -1.56417951155126e+000 2.84766875055535e+002 1.27240022475197e-004 1224947 286
6.33359616091791e+004 1.73599311523031e+006 3.64678187340135e-002 1.48525276378443e-001 1.11058710791345e+000 2.85342170352821e+002 1.29457495305427e-004 1227417 287
6.33363564797858e+004 1.73597152117583e+006 6.24671150087710e+000 8.20504540205315e-001 -1.56648055101169e+000 2.86041023533464e+002 1.29515112017991e-004 1231588 288
6.33289768229961e+004 1.73597474615312e+006 3.64641860684742e-002 1.69696222860005e-001 1.24960824198126e+000 2.87087630481473e+002 1.31266790971515e-004 1241961 289
6.33283632942332e+004 1.73595304923383e+006 3.64642884595094e-002 4.84484402605306e-001 1.55018152150029e+000 2.88280152036400e+002 1.31450369906827e-004 1248938 290
6.33288256463497e+004 1.73596357595371e+006 3.64643335229200e-002 5.93389703670402e-001 1.56293311517685e+000 2.90582755945439e+002 1.31567905459626e-004 1251446 291
6.33315879889067e+004 1.73598561013292e+006 3.64654602151665e-002 1.48098196766423e-001 1.10675204214606e+000 2.91182241779958e+002 1.33795212105302e-004 1255140 292
6.33357003717461e+004 1.73598240270332e+006 6.24671210671105e+000 7.35912271338786e-001 -1.56993211020234e+000 2.91603284276317e+002 1.33868412468117e-004 1255849 293
6.33284573280080e+004 1.73595246501344e+006 3.64643548167991e-002 5.15295146043891e-001 1.55468772377697e+000 2.95169599803379e+002 1.34028718931048e-004 1272459 294
6.33366514471444e+004 1.73598209477367e+006 6.24671155311623e+000 7.97442241156236e-001 -1.56743931745354e+000 2.96501565330522e+002 1.34090065450293e-004 1278545 295
6.33307533105319e+004 1.73598122674521e+006 3.64650720379334e-002 3.55109785849824e-001 1.51624118945891e+000 2.96595425964796e+002 1.34453215641689e-004 1279928 296
6.33301467166175e+004 1.73596729397042e+006 3.64650154825444e-002 3.88269467154518e-001 1.52832164662618e+000 2.96753433532891e+002 1.34751785315907e-004 1280615 297
6.33343642594442e+004 1.73598843117800e+006 6.24671300187090e+000 9.54607538379590e-001 -1.56322074510941e+000 2.99108602118932e+002 1.34793080893158e-004 1287592 298
6.33293416181032e+004 1.73598105488384e+006 3.64642635298074e-002 4.71061900513250e-001 1.54749697546312e+000 3.00183917079318e+002 1.34988353465583e-004 1294870 299
6.33361440282148e+004 1.73597297390841e+006 6.24671165358752e+000 9.70897575009495e-001 -1.56264548524430e+000 3.01779637416213e+002 1.35028139875413e-004 1302947 300
