# 80 rows of flux data
# 12 columns of flux data
# 
# total cross-sectional flux  1.056262e+00 /m^2/yr
#
#                             +x ram      -x wake      +y port -y starboard    +z zenith     -z nadir        Earth          Sun     anti-Sun      rot (x)      rot (y)      rot (z) 
# average speed (km/s)         36.87        38.15        27.82        38.59        35.33        33.59        28.02        28.14        27.61        33.67        36.40        34.35 
# total flux (#/m2/yr)  2.610940e-01 2.187979e-01 3.669168e-01 2.378362e-01 4.939629e-01 4.059560e-04 5.723025e-02 1.743491e-01 1.669907e-01 8.744013e-01 7.669870e-01 8.456317e-01 
# velocity (km/s)
     0.5                0.000000e+00 0.000000e+00 0.000000e+00 0.000000e+00 0.000000e+00 0.000000e+00 0.000000e+00 0.000000e+00 0.000000e+00 0.000000e+00 0.000000e+00 0.000000e+00 
     1.5                0.000000e+00 0.000000e+00 0.000000e+00 0.000000e+00 0.000000e+00 0.000000e+00 0.000000e+00 0.000000e+00 0.000000e+00 0.000000e+00 0.000000e+00 0.000000e+00 
     2.5                2.748812e-05 1.196432e-04 7.764215e-05 7.615551e-05 1.558764e-04 6.861695e-08 1.388422e-05 8.281418e-05 7.433317e-05 2.452482e-04 2.401082e-04 2.364983e-04 
     3.5                3.356225e-04 4.748371e-04 3.448440e-04 4.124850e-04 7.975585e-04 4.068195e-07 6.216066e-05 4.391642e-04 4.018752e-04 1.231569e-03 1.269241e-03 1.231325e-03 
     4.5                9.454326e-04 8.481970e-04 7.787120e-04 9.208535e-04 1.713761e-03 1.014546e-06 1.301917e-04 9.787114e-04 9.310809e-04 2.703721e-03 2.768286e-03 2.741496e-03 
     5.5                1.622581e-03 1.266942e-03 1.396983e-03 1.480992e-03 2.743655e-03 1.843949e-06 2.306632e-04 1.627561e-03 1.573777e-03 4.458359e-03 4.441772e-03 4.516306e-03 
     6.5                2.311356e-03 1.648174e-03 2.235737e-03 2.006411e-03 3.852939e-03 2.708422e-06 3.514003e-04 2.276647e-03 2.233001e-03 6.411187e-03 6.159964e-03 6.422286e-03 
     7.5                2.894525e-03 2.020897e-03 3.218001e-03 2.455252e-03 4.912073e-03 3.631466e-06 5.014542e-04 2.874499e-03 2.836848e-03 8.377730e-03 7.746867e-03 8.298269e-03 
     8.5                3.426123e-03 2.364074e-03 4.211274e-03 2.848102e-03 5.903905e-03 4.447207e-06 6.437881e-04 3.419816e-03 3.400323e-03 1.024706e-02 9.215186e-03 1.007008e-02 
     9.5                3.849275e-03 2.625401e-03 5.238219e-03 3.142018e-03 6.794893e-03 5.214481e-06 8.024370e-04 3.906339e-03 3.881944e-03 1.198601e-02 1.045299e-02 1.165792e-02 
    10.5                4.193903e-03 2.932773e-03 6.263634e-03 3.398800e-03 7.613703e-03 5.924420e-06 9.536508e-04 4.375685e-03 4.330302e-03 1.363598e-02 1.161200e-02 1.318755e-02 
    11.5                4.567149e-03 3.162542e-03 7.535934e-03 3.614608e-03 8.544917e-03 6.594521e-06 1.128535e-03 4.848860e-03 4.784554e-03 1.551455e-02 1.281770e-02 1.485772e-02 
    12.5                4.842866e-03 3.339704e-03 8.517774e-03 3.776151e-03 9.187180e-03 7.290229e-06 1.291111e-03 5.190950e-03 5.112763e-03 1.692314e-02 1.367667e-02 1.612173e-02 
    13.5                5.008333e-03 3.373393e-03 9.506822e-03 3.747368e-03 9.683394e-03 7.590513e-06 1.414360e-03 5.327539e-03 5.246846e-03 1.802483e-02 1.423214e-02 1.708251e-02 
    14.5                4.902835e-03 3.498529e-03 1.004854e-02 3.712098e-03 9.929391e-03 7.621517e-06 1.477165e-03 5.389065e-03 5.297313e-03 1.859034e-02 1.444155e-02 1.753071e-02 
    15.5                5.061037e-03 3.559988e-03 1.106812e-02 3.713905e-03 1.044731e-02 7.978348e-06 1.628852e-03 5.506132e-03 5.413298e-03 1.977683e-02 1.502162e-02 1.854268e-02 
    16.5                5.013128e-03 3.610570e-03 1.135063e-02 3.672282e-03 1.054369e-02 7.979135e-06 1.661281e-03 5.518450e-03 5.425281e-03 2.002995e-02 1.509489e-02 1.873926e-02 
    17.5                5.031036e-03 3.625006e-03 1.175657e-02 3.678357e-03 1.070000e-02 8.337737e-06 1.725205e-03 5.489939e-03 5.391442e-03 2.047869e-02 1.524939e-02 1.910359e-02 
    18.5                4.998672e-03 3.689076e-03 1.220616e-02 3.646344e-03 1.086021e-02 8.509115e-06 1.796903e-03 5.453818e-03 5.351651e-03 2.092649e-02 1.539832e-02 1.946558e-02 
    19.5                4.954179e-03 3.669784e-03 1.232964e-02 3.594612e-03 1.085366e-02 8.419502e-06 1.841150e-03 5.339569e-03 5.235193e-03 2.098957e-02 1.532451e-02 1.944698e-02 
    20.5                4.883214e-03 3.620271e-03 1.224227e-02 3.523590e-03 1.060378e-02 8.864755e-06 1.857473e-03 5.156929e-03 5.053283e-03 2.069843e-02 1.503104e-02 1.920271e-02 
    21.5                4.736018e-03 3.672649e-03 1.232873e-02 3.547013e-03 1.059256e-02 9.187993e-06 1.860890e-03 5.020365e-03 4.911985e-03 2.078525e-02 1.495239e-02 1.921186e-02 
    22.5                4.803081e-03 3.597479e-03 1.256277e-02 3.543699e-03 1.065051e-02 9.372735e-06 1.917566e-03 4.900228e-03 4.787879e-03 2.102774e-02 1.499203e-02 1.938372e-02 
    23.5                4.582037e-03 3.454449e-03 1.190597e-02 3.365095e-03 1.004728e-02 9.249510e-06 1.834454e-03 4.590132e-03 4.485802e-03 1.991482e-02 1.421415e-02 1.839314e-02 
    24.5                4.322841e-03 3.375121e-03 1.138256e-02 3.279048e-03 9.592682e-03 9.254968e-06 1.780821e-03 4.321669e-03 4.217706e-03 1.910948e-02 1.358635e-02 1.761692e-02 
    25.5                4.228515e-03 3.285530e-03 1.116836e-02 3.165233e-03 9.315349e-03 9.293050e-06 1.777073e-03 4.090031e-03 3.989372e-03 1.865169e-02 1.321135e-02 1.718966e-02 
    26.5                4.050175e-03 3.264017e-03 1.066096e-02 3.155283e-03 8.977197e-03 9.235557e-06 1.718375e-03 3.880686e-03 3.776111e-03 1.801173e-02 1.278323e-02 1.658438e-02 
    27.5                3.989535e-03 3.137741e-03 1.012588e-02 3.138807e-03 8.601573e-03 9.092461e-06 1.653137e-03 3.673525e-03 3.567987e-03 1.731646e-02 1.233466e-02 1.594672e-02 
    28.5                3.812396e-03 3.073396e-03 9.589575e-03 3.099810e-03 8.196922e-03 8.959540e-06 1.570823e-03 3.408486e-03 3.301530e-03 1.656898e-02 1.183000e-02 1.526681e-02 
    29.5                3.671480e-03 2.851534e-03 9.028138e-03 2.964535e-03 7.740839e-03 8.412858e-06 1.481483e-03 3.095490e-03 2.991577e-03 1.566368e-02 1.118514e-02 1.441475e-02 
    30.5                3.399257e-03 2.780037e-03 8.627300e-03 2.787431e-03 7.329941e-03 8.037046e-06 1.416689e-03 2.869801e-03 2.772652e-03 1.488128e-02 1.058568e-02 1.368486e-02 
    31.5                3.291391e-03 2.775610e-03 8.246997e-03 2.842501e-03 7.087010e-03 8.224561e-06 1.379669e-03 2.706177e-03 2.605975e-03 1.447739e-02 1.031043e-02 1.330394e-02 
    32.5                3.206817e-03 2.668335e-03 7.598085e-03 2.829954e-03 6.700852e-03 7.983529e-06 1.272647e-03 2.489889e-03 2.388231e-03 1.366886e-02 9.857420e-03 1.258575e-02 
    33.5                3.116101e-03 2.730303e-03 7.167319e-03 2.904993e-03 6.522771e-03 7.810452e-06 1.207257e-03 2.308196e-03 2.200948e-03 1.327434e-02 9.697281e-03 1.223985e-02 
    34.5                3.171776e-03 2.736137e-03 7.149256e-03 2.965237e-03 6.561235e-03 7.790411e-06 1.212303e-03 2.221102e-03 2.111198e-03 1.335486e-02 9.778444e-03 1.230051e-02 
    35.5                3.055622e-03 2.641410e-03 6.349993e-03 2.966938e-03 6.142744e-03 7.317002e-06 1.066855e-03 2.077751e-03 1.967928e-03 1.241163e-02 9.287528e-03 1.147231e-02 
    36.5                2.962477e-03 2.698834e-03 6.049355e-03 3.041959e-03 6.048921e-03 7.324418e-06 1.012441e-03 1.946695e-03 1.833337e-03 1.217653e-02 9.195984e-03 1.125245e-02 
    37.5                3.088375e-03 2.779955e-03 6.046219e-03 3.125613e-03 6.154949e-03 7.391824e-06 1.014346e-03 1.889541e-03 1.774023e-03 1.233570e-02 9.444034e-03 1.145796e-02 
    38.5                2.997958e-03 2.983896e-03 5.689656e-03 3.249628e-03 6.183028e-03 7.089224e-06 9.448028e-04 1.816823e-03 1.695332e-03 1.218775e-02 9.554744e-03 1.133440e-02 
    39.5                3.233901e-03 2.872867e-03 5.444268e-03 3.411302e-03 6.260201e-03 6.980740e-06 8.956047e-04 1.766136e-03 1.638582e-03 1.220182e-02 9.721706e-03 1.135330e-02 
    40.5                3.180761e-03 2.963379e-03 5.257498e-03 3.420961e-03 6.165973e-03 6.896033e-06 8.606781e-04 1.694557e-03 1.568907e-03 1.199333e-02 9.685401e-03 1.123187e-02 
    41.5                3.213946e-03 3.269779e-03 5.034924e-03 3.670870e-03 6.414685e-03 6.773931e-06 8.090892e-04 1.677448e-03 1.542062e-03 1.222499e-02 1.014894e-02 1.148609e-02 
    42.5                3.498209e-03 3.173308e-03 4.648039e-03 3.838570e-03 6.526642e-03 6.527967e-06 7.351880e-04 1.670146e-03 1.529397e-03 1.215204e-02 1.039585e-02 1.146003e-02 
    43.5                3.401031e-03 3.355105e-03 4.303402e-03 3.787402e-03 6.391884e-03 6.239926e-06 6.775122e-04 1.618246e-03 1.480734e-03 1.173118e-02 1.035601e-02 1.122342e-02 
    44.5                3.556892e-03 3.691604e-03 4.254376e-03 4.150027e-03 6.900368e-03 6.346752e-06 6.598922e-04 1.671243e-03 1.520524e-03 1.241966e-02 1.115326e-02 1.184569e-02 
    45.5                3.921412e-03 3.665170e-03 4.125246e-03 4.285560e-03 7.079941e-03 6.355120e-06 6.346834e-04 1.673246e-03 1.520593e-03 1.258651e-02 1.156168e-02 1.211658e-02 
    46.5                3.838997e-03 3.762081e-03 3.874519e-03 4.333513e-03 7.085712e-03 6.090240e-06 5.877700e-04 1.636533e-03 1.483727e-03 1.242724e-02 1.158297e-02 1.198815e-02 
    47.5                3.981553e-03 4.010292e-03 3.707439e-03 4.494931e-03 7.321651e-03 6.047447e-06 5.561456e-04 1.657704e-03 1.500680e-03 1.260090e-02 1.208183e-02 1.230435e-02 
    48.5                4.072704e-03 4.392943e-03 3.484887e-03 4.735271e-03 7.762975e-03 5.911184e-06 5.190868e-04 1.708114e-03 1.543636e-03 1.297167e-02 1.279980e-02 1.272235e-02 
    49.5                4.507567e-03 4.823692e-03 3.411815e-03 5.103067e-03 8.352032e-03 6.130054e-06 5.049633e-04 1.773654e-03 1.597530e-03 1.369452e-02 1.395007e-02 1.365654e-02 
    50.5                4.797854e-03 5.522375e-03 3.292584e-03 5.612916e-03 9.208890e-03 6.371738e-06 4.861615e-04 1.865670e-03 1.672749e-03 1.470159e-02 1.541478e-02 1.478393e-02 
    51.5                5.475327e-03 6.076716e-03 3.134401e-03 6.280940e-03 1.036096e-02 6.612084e-06 4.618074e-04 1.960957e-03 1.746966e-03 1.599727e-02 1.729660e-02 1.619825e-02 
    52.5                6.169450e-03 6.075512e-03 2.882259e-03 6.557032e-03 1.086146e-02 6.664373e-06 4.266856e-04 2.010645e-03 1.790174e-03 1.637295e-02 1.823662e-02 1.682237e-02 
    53.5                6.281325e-03 6.157320e-03 2.605685e-03 6.585598e-03 1.094393e-02 6.551090e-06 3.871275e-04 2.025143e-03 1.807553e-03 1.619983e-02 1.845774e-02 1.683617e-02 
    54.5                6.395025e-03 5.802846e-03 2.346847e-03 6.460108e-03 1.076746e-02 6.222613e-06 3.502727e-04 2.001516e-03 1.791573e-03 1.572762e-02 1.813375e-02 1.638611e-02 
    55.5                6.326649e-03 5.846493e-03 2.178355e-03 6.291946e-03 1.050562e-02 6.142356e-06 3.268092e-04 1.968719e-03 1.767697e-03 1.523432e-02 1.790229e-02 1.613401e-02 
    56.5                6.186953e-03 5.571783e-03 1.965076e-03 6.148501e-03 1.027874e-02 5.805254e-06 2.954808e-04 1.920386e-03 1.727102e-03 1.475925e-02 1.739700e-02 1.556294e-02 
    57.5                5.957197e-03 5.087083e-03 1.730406e-03 5.703706e-03 9.562641e-03 5.406617e-06 2.634329e-04 1.819342e-03 1.643700e-03 1.362842e-02 1.627817e-02 1.450096e-02 
    58.5                5.480213e-03 4.878417e-03 1.492162e-03 5.316787e-03 8.946271e-03 4.972309e-06 2.295056e-04 1.682305e-03 1.521349e-03 1.261545e-02 1.524148e-02 1.349629e-02 
    59.5                5.178229e-03 4.650091e-03 1.291350e-03 5.046357e-03 8.507298e-03 4.606540e-06 2.003679e-04 1.546026e-03 1.395505e-03 1.187804e-02 1.447392e-02 1.274109e-02 
    60.5                4.997214e-03 4.225370e-03 1.129684e-03 4.695888e-03 7.936469e-03 4.293157e-06 1.777698e-04 1.382374e-03 1.244682e-03 1.098816e-02 1.354924e-02 1.187812e-02 
    61.5                4.528625e-03 3.680474e-03 8.974044e-04 4.223274e-03 7.159432e-03 3.725191e-06 1.432850e-04 1.211128e-03 1.089425e-03 9.776085e-03 1.213903e-02 1.055011e-02 
    62.5                4.179349e-03 3.015607e-03 7.278492e-04 3.600091e-03 6.118996e-03 3.257324e-06 1.184818e-04 1.032335e-03 9.305745e-04 8.296376e-03 1.051204e-02 9.133181e-03 
    63.5                3.414481e-03 2.456512e-03 5.360897e-04 2.932217e-03 4.991876e-03 2.615169e-06 8.868008e-05 8.476153e-04 7.663619e-04 6.709075e-03 8.578469e-03 7.422993e-03 
    64.5                2.812269e-03 1.966180e-03 4.119732e-04 2.372659e-03 4.047695e-03 2.141294e-06 6.916760e-05 6.718206e-04 6.071920e-04 5.409217e-03 6.972103e-03 6.018110e-03 
    65.5                2.234232e-03 1.500453e-03 2.922754e-04 1.866565e-03 3.188779e-03 1.638334e-06 5.001707e-05 5.075480e-04 4.576176e-04 4.220074e-03 5.468583e-03 4.695801e-03 
    66.5                1.790322e-03 1.066219e-03 2.026625e-04 1.412150e-03 2.416159e-03 1.234992e-06 3.538855e-05 3.644654e-04 3.274165e-04 3.170510e-03 4.164168e-03 3.568254e-03 
    67.5                1.314333e-03 6.821802e-04 1.271645e-04 9.737557e-04 1.668133e-03 8.652186e-07 2.275462e-05 2.375397e-04 2.125659e-04 2.168557e-03 2.895533e-03 2.476658e-03 
    68.5                8.842521e-04 3.822441e-04 7.048687e-05 6.128194e-04 1.051444e-03 5.483547e-07 1.305766e-05 1.372336e-04 1.217997e-04 1.350654e-03 1.831902e-03 1.561706e-03 
    69.5                5.410775e-04 1.688077e-04 3.401733e-05 3.342919e-04 5.740934e-04 3.067269e-07 6.551022e-06 6.718931e-05 5.897534e-05 7.291823e-04 1.014205e-03 8.650821e-04 
    70.5                2.711686e-04 4.303483e-05 1.287697e-05 1.405545e-04 2.416132e-04 1.414099e-07 2.602465e-06 2.561371e-05 2.224934e-05 3.035711e-04 4.398190e-04 3.767914e-04 
    71.5                9.839274e-05 5.647101e-06 3.638043e-06 3.797994e-05 6.524036e-05 5.123698e-08 8.087223e-07 6.500935e-06 5.628371e-06 8.175734e-05 1.344695e-04 1.187650e-04 
    72.5                1.721130e-05 1.184719e-07 4.477828e-07 5.199401e-06 8.936295e-06 9.938997e-09 1.187749e-07 9.129381e-07 7.994324e-07 1.106733e-05 2.107010e-05 1.905475e-05 
    73.5                1.316420e-06 0.000000e+00 1.267407e-08 2.540867e-07 4.380893e-07 8.843688e-10 6.508025e-09 3.884877e-08 3.349634e-08 5.283217e-07 1.432499e-06 1.361349e-06 
    74.5                0.000000e+00 0.000000e+00 0.000000e+00 0.000000e+00 0.000000e+00 0.000000e+00 0.000000e+00 0.000000e+00 0.000000e+00 0.000000e+00 0.000000e+00 0.000000e+00 
    75.5                0.000000e+00 0.000000e+00 0.000000e+00 0.000000e+00 0.000000e+00 0.000000e+00 0.000000e+00 0.000000e+00 0.000000e+00 0.000000e+00 0.000000e+00 0.000000e+00 
    76.5                0.000000e+00 0.000000e+00 0.000000e+00 0.000000e+00 0.000000e+00 0.000000e+00 0.000000e+00 0.000000e+00 0.000000e+00 0.000000e+00 0.000000e+00 0.000000e+00 
    77.5                0.000000e+00 0.000000e+00 0.000000e+00 0.000000e+00 0.000000e+00 0.000000e+00 0.000000e+00 0.000000e+00 0.000000e+00 0.000000e+00 0.000000e+00 0.000000e+00 
    78.5                0.000000e+00 0.000000e+00 0.000000e+00 0.000000e+00 0.000000e+00 0.000000e+00 0.000000e+00 0.000000e+00 0.000000e+00 0.000000e+00 0.000000e+00 0.000000e+00 
    79.5                0.000000e+00 0.000000e+00 0.000000e+00 0.000000e+00 0.000000e+00 0.000000e+00 0.000000e+00 0.000000e+00 0.000000e+00 0.000000e+00 0.000000e+00 0.000000e+00 


