# 80 rows of flux data
# 12 columns of flux data
# 
# total cross-sectional flux  2.159846e+00 /m^2/yr
#
#                             +x ram      -x wake      +y port -y starboard    +z zenith     -z nadir        Earth          Sun     anti-Sun      rot (x)      rot (y)      rot (z) 
# average speed (km/s)         24.66        23.83        23.89        17.48        24.18        23.54        19.40        24.67        24.67        23.62        24.23        23.92 
# total flux (#/m2/yr)  7.188695e-01 6.131596e-01 5.785432e-01 1.050929e-01 1.183017e+00 5.521801e-04 1.393164e-02 9.501671e-01 9.365422e-01 1.448067e+00 1.984618e+00 1.624456e+00 
# velocity (km/s)
     0.5                0.000000e+00 0.000000e+00 0.000000e+00 0.000000e+00 0.000000e+00 0.000000e+00 0.000000e+00 0.000000e+00 0.000000e+00 0.000000e+00 0.000000e+00 0.000000e+00 
     1.5                0.000000e+00 0.000000e+00 0.000000e+00 0.000000e+00 0.000000e+00 0.000000e+00 0.000000e+00 0.000000e+00 0.000000e+00 0.000000e+00 0.000000e+00 0.000000e+00 
     2.5                0.000000e+00 5.206428e-06 6.045163e-07 5.323016e-07 2.414826e-06 1.489880e-09 6.520942e-08 2.039556e-06 1.486640e-07 2.875993e-06 5.964352e-06 5.397403e-06 
     3.5                3.164872e-06 1.203100e-04 4.059177e-05 1.704174e-05 9.906136e-05 4.668624e-08 2.201770e-06 5.752829e-05 2.208730e-05 1.235354e-04 1.756984e-04 1.453755e-04 
     4.5                1.214873e-04 5.483094e-04 2.654759e-04 1.045731e-04 5.759870e-04 2.764102e-07 1.254625e-05 2.956247e-04 1.712492e-04 7.439636e-04 9.820409e-04 8.261925e-04 
     5.5                5.753181e-04 1.484909e-03 9.490227e-04 3.833341e-04 1.933412e-03 8.968716e-07 4.449833e-05 9.681653e-04 7.236761e-04 2.570849e-03 3.150372e-03 2.674960e-03 
     6.5                1.922114e-03 2.780539e-03 2.180951e-03 8.718939e-04 4.310742e-03 2.087326e-06 9.539616e-05 2.188739e-03 1.855372e-03 5.794576e-03 7.109386e-03 6.111655e-03 
     7.5                3.589773e-03 4.932945e-03 3.968642e-03 1.704006e-03 7.685178e-03 4.036414e-06 1.893979e-04 3.971914e-03 3.662846e-03 1.051735e-02 1.278714e-02 1.117662e-02 
     8.5                6.062853e-03 7.331310e-03 6.366431e-03 2.599941e-03 1.230793e-02 6.239123e-06 2.843733e-04 6.377945e-03 6.241604e-03 1.674753e-02 2.027092e-02 1.758180e-02 
     9.5                9.250697e-03 9.330848e-03 8.923103e-03 3.664154e-03 1.716546e-02 8.753505e-06 3.976969e-04 9.329568e-03 9.328194e-03 2.343884e-02 2.819780e-02 2.452379e-02 
    10.5                1.251174e-02 1.134860e-02 1.132749e-02 4.961695e-03 2.148491e-02 1.171662e-05 5.378262e-04 1.278149e-02 1.274676e-02 2.975629e-02 3.578132e-02 3.157958e-02 
    11.5                1.475749e-02 1.301857e-02 1.339180e-02 6.054120e-03 2.532995e-02 1.381305e-05 6.543034e-04 1.621133e-02 1.608773e-02 3.525290e-02 4.190872e-02 3.713801e-02 
    12.5                1.693901e-02 1.427604e-02 1.479716e-02 6.869759e-03 2.814849e-02 1.593093e-05 7.659056e-04 1.927142e-02 1.910730e-02 3.921808e-02 4.684708e-02 4.164216e-02 
    13.5                1.821413e-02 1.620554e-02 1.613110e-02 7.323570e-03 3.092448e-02 1.749350e-05 8.287273e-04 2.222985e-02 2.202562e-02 4.278932e-02 5.155331e-02 4.568169e-02 
    14.5                1.985811e-02 1.787971e-02 1.758270e-02 7.371834e-03 3.410566e-02 1.866899e-05 8.429423e-04 2.536972e-02 2.511117e-02 4.643141e-02 5.668352e-02 4.961706e-02 
    15.5                2.156140e-02 1.942097e-02 1.881291e-02 7.083796e-03 3.698428e-02 1.936146e-05 8.112115e-04 2.834769e-02 2.804496e-02 4.937178e-02 6.152017e-02 5.308905e-02 
    16.5                2.338919e-02 2.080778e-02 2.006251e-02 6.767973e-03 3.970842e-02 2.013536e-05 7.771680e-04 3.115215e-02 3.081049e-02 5.216820e-02 6.619814e-02 5.653716e-02 
    17.5                2.472416e-02 2.214743e-02 2.104238e-02 6.290780e-03 4.191776e-02 2.094075e-05 7.377337e-04 3.365805e-02 3.328922e-02 5.423437e-02 7.005823e-02 5.919478e-02 
    18.5                2.592849e-02 2.311853e-02 2.188096e-02 5.647947e-03 4.390490e-02 2.121928e-05 6.693448e-04 3.586272e-02 3.547093e-02 5.587374e-02 7.334548e-02 6.123879e-02 
    19.5                2.709509e-02 2.384286e-02 2.251739e-02 5.187829e-03 4.539027e-02 2.169143e-05 6.267389e-04 3.764251e-02 3.722712e-02 5.711312e-02 7.601519e-02 6.303592e-02 
    20.5                2.769950e-02 2.450424e-02 2.285014e-02 4.690340e-03 4.636765e-02 2.183117e-05 5.824324e-04 3.887620e-02 3.843562e-02 5.766838e-02 7.778573e-02 6.405406e-02 
    21.5                2.815018e-02 2.550786e-02 2.336854e-02 4.119434e-03 4.759202e-02 2.207533e-05 5.319041e-04 4.022950e-02 3.974968e-02 5.849712e-02 7.989758e-02 6.528891e-02 
    22.5                2.903811e-02 2.612753e-02 2.395137e-02 3.778926e-03 4.906031e-02 2.234405e-05 5.019162e-04 4.162762e-02 4.111082e-02 5.975504e-02 8.224763e-02 6.682698e-02 
    23.5                2.980208e-02 2.636400e-02 2.418436e-02 3.283480e-03 4.976204e-02 2.246822e-05 4.612437e-04 4.243043e-02 4.188399e-02 6.002382e-02 8.358788e-02 6.754516e-02 
    24.5                2.996204e-02 2.649237e-02 2.415993e-02 2.870563e-03 4.993369e-02 2.236375e-05 4.266066e-04 4.267694e-02 4.210234e-02 5.973109e-02 8.395258e-02 6.753988e-02 
    25.5                3.000747e-02 2.636875e-02 2.402085e-02 2.442998e-03 4.986900e-02 2.208355e-05 3.886227e-04 4.262308e-02 4.202295e-02 5.914024e-02 8.383906e-02 6.713475e-02 
    26.5                2.987164e-02 2.570156e-02 2.357401e-02 2.096795e-03 4.914917e-02 2.159370e-05 3.567451e-04 4.198930e-02 4.138088e-02 5.786797e-02 8.263857e-02 6.593687e-02 
    27.5                2.925291e-02 2.504728e-02 2.286182e-02 1.775714e-03 4.782378e-02 2.102155e-05 3.258535e-04 4.088176e-02 4.027546e-02 5.595143e-02 8.059138e-02 6.417129e-02 
    28.5                2.830785e-02 2.420098e-02 2.208352e-02 1.514164e-03 4.635985e-02 2.016381e-05 2.988132e-04 3.948383e-02 3.888059e-02 5.392730e-02 7.801717e-02 6.193093e-02 
    29.5                2.742383e-02 2.307482e-02 2.115066e-02 1.247517e-03 4.452538e-02 1.929371e-05 2.688379e-04 3.783233e-02 3.723827e-02 5.150882e-02 7.498258e-02 5.939757e-02 
    30.5                2.616710e-02 2.181970e-02 2.002839e-02 1.028312e-03 4.227833e-02 1.827198e-05 2.428903e-04 3.579992e-02 3.522697e-02 4.866304e-02 7.122967e-02 5.631678e-02 
    31.5                2.477014e-02 2.035227e-02 1.877887e-02 8.203715e-04 3.974165e-02 1.710844e-05 2.156653e-04 3.349600e-02 3.294838e-02 4.550873e-02 6.696883e-02 5.284672e-02 
    32.5                2.316830e-02 1.866135e-02 1.737437e-02 6.525585e-04 3.684616e-02 1.579956e-05 1.905938e-04 3.086796e-02 3.035569e-02 4.200580e-02 6.208553e-02 4.891262e-02 
    33.5                2.138163e-02 1.676091e-02 1.579455e-02 5.129858e-04 3.355075e-02 1.438185e-05 1.667253e-04 2.794043e-02 2.747042e-02 3.810744e-02 5.657570e-02 4.453114e-02 
    34.5                1.931105e-02 1.486169e-02 1.411560e-02 3.995828e-04 3.002621e-02 1.287706e-05 1.443457e-04 2.484518e-02 2.442338e-02 3.399301e-02 5.066245e-02 3.984593e-02 
    35.5                1.720202e-02 1.297009e-02 1.242889e-02 3.029151e-04 2.647385e-02 1.135943e-05 1.231608e-04 2.175793e-02 2.138505e-02 2.987495e-02 4.470331e-02 3.513533e-02 
    36.5                1.506948e-02 1.113495e-02 1.078151e-02 2.186904e-04 2.299387e-02 9.835883e-06 1.025878e-04 1.873966e-02 1.841533e-02 2.586222e-02 3.882441e-02 3.048362e-02 
    37.5                1.302734e-02 9.356042e-03 9.189469e-03 1.559444e-04 1.961943e-02 8.394638e-06 8.464796e-05 1.585401e-02 1.557937e-02 2.200390e-02 3.314544e-02 2.601057e-02 
    38.5                1.102560e-02 7.604281e-03 7.644379e-03 1.068444e-04 1.633652e-02 6.970531e-06 6.829959e-05 1.307525e-02 1.284901e-02 1.827434e-02 2.759385e-02 2.163579e-02 
    39.5                9.108909e-03 5.910577e-03 6.143986e-03 7.038619e-05 1.314032e-02 5.616596e-06 5.364057e-05 1.042088e-02 1.024250e-02 1.466590e-02 2.222209e-02 1.742322e-02 
    40.5                7.219532e-03 4.368337e-03 4.719954e-03 4.420661e-05 1.010118e-02 4.349437e-06 4.059492e-05 7.938905e-03 7.805453e-03 1.125173e-02 1.711753e-02 1.342609e-02 
    41.5                5.461951e-03 3.081391e-03 3.454898e-03 2.632817e-05 7.397838e-03 3.222715e-06 2.939749e-05 5.769600e-03 5.674910e-03 8.226437e-03 1.258233e-02 9.880938e-03 
    42.5                3.924060e-03 2.056761e-03 2.411040e-03 1.485109e-05 5.164969e-03 2.260051e-06 2.021383e-05 3.988239e-03 3.924610e-03 5.735053e-03 8.798193e-03 6.911367e-03 
    43.5                2.698721e-03 1.231499e-03 1.576762e-03 7.822783e-06 3.378878e-03 1.490180e-06 1.307961e-05 2.584093e-03 2.545154e-03 3.747342e-03 5.770172e-03 4.536579e-03 
    44.5                1.713474e-03 6.402874e-04 9.269970e-04 3.848831e-06 1.986795e-03 9.020335e-07 7.879116e-06 1.515071e-03 1.495017e-03 2.201543e-03 3.427411e-03 2.706239e-03 
    45.5                9.567855e-04 2.653216e-04 4.692018e-04 1.653693e-06 1.005685e-03 4.784549e-07 4.155869e-06 7.677948e-04 7.592821e-04 1.113667e-03 1.759701e-03 1.397768e-03 
    46.5                4.468254e-04 7.778225e-05 1.896571e-04 6.176631e-07 4.064478e-04 2.162738e-07 1.873428e-06 3.165521e-04 3.143316e-04 4.499662e-04 7.360976e-04 5.930487e-04 
    47.5                1.541380e-04 1.517315e-05 5.578979e-05 1.865369e-07 1.195219e-04 7.563635e-08 6.570187e-07 9.683431e-05 9.681199e-05 1.323283e-04 2.288958e-04 1.883295e-04 
    48.5                3.723678e-05 1.357180e-06 1.124387e-05 3.876055e-08 2.407583e-05 1.854079e-08 1.576339e-07 2.068712e-05 2.083663e-05 2.666036e-05 4.975771e-05 4.205593e-05 
    49.5                5.186327e-06 1.187295e-08 1.214436e-06 5.262071e-09 2.597756e-06 2.663017e-09 2.334085e-08 2.529841e-06 2.578522e-06 2.879346e-06 6.203379e-06 5.483488e-06 
    50.5                1.498801e-07 0.000000e+00 2.334509e-08 1.647100e-10 4.984567e-08 8.290145e-11 7.733543e-10 6.462037e-08 6.658027e-08 5.539659e-08 1.619341e-07 1.527412e-07 
    51.5                0.000000e+00 0.000000e+00 0.000000e+00 0.000000e+00 0.000000e+00 0.000000e+00 0.000000e+00 0.000000e+00 0.000000e+00 0.000000e+00 0.000000e+00 0.000000e+00 
    52.5                0.000000e+00 0.000000e+00 0.000000e+00 0.000000e+00 0.000000e+00 0.000000e+00 0.000000e+00 0.000000e+00 0.000000e+00 0.000000e+00 0.000000e+00 0.000000e+00 
    53.5                0.000000e+00 0.000000e+00 0.000000e+00 0.000000e+00 0.000000e+00 0.000000e+00 0.000000e+00 0.000000e+00 0.000000e+00 0.000000e+00 0.000000e+00 0.000000e+00 
    54.5                0.000000e+00 0.000000e+00 0.000000e+00 0.000000e+00 0.000000e+00 0.000000e+00 0.000000e+00 0.000000e+00 0.000000e+00 0.000000e+00 0.000000e+00 0.000000e+00 
    55.5                0.000000e+00 0.000000e+00 0.000000e+00 0.000000e+00 0.000000e+00 0.000000e+00 0.000000e+00 0.000000e+00 0.000000e+00 0.000000e+00 0.000000e+00 0.000000e+00 
    56.5                0.000000e+00 0.000000e+00 0.000000e+00 0.000000e+00 0.000000e+00 0.000000e+00 0.000000e+00 0.000000e+00 0.000000e+00 0.000000e+00 0.000000e+00 0.000000e+00 
    57.5                0.000000e+00 0.000000e+00 0.000000e+00 0.000000e+00 0.000000e+00 0.000000e+00 0.000000e+00 0.000000e+00 0.000000e+00 0.000000e+00 0.000000e+00 0.000000e+00 
    58.5                0.000000e+00 0.000000e+00 0.000000e+00 0.000000e+00 0.000000e+00 0.000000e+00 0.000000e+00 0.000000e+00 0.000000e+00 0.000000e+00 0.000000e+00 0.000000e+00 
    59.5                0.000000e+00 0.000000e+00 0.000000e+00 0.000000e+00 0.000000e+00 0.000000e+00 0.000000e+00 0.000000e+00 0.000000e+00 0.000000e+00 0.000000e+00 0.000000e+00 
    60.5                0.000000e+00 0.000000e+00 0.000000e+00 0.000000e+00 0.000000e+00 0.000000e+00 0.000000e+00 0.000000e+00 0.000000e+00 0.000000e+00 0.000000e+00 0.000000e+00 
    61.5                0.000000e+00 0.000000e+00 0.000000e+00 0.000000e+00 0.000000e+00 0.000000e+00 0.000000e+00 0.000000e+00 0.000000e+00 0.000000e+00 0.000000e+00 0.000000e+00 
    62.5                0.000000e+00 0.000000e+00 0.000000e+00 0.000000e+00 0.000000e+00 0.000000e+00 0.000000e+00 0.000000e+00 0.000000e+00 0.000000e+00 0.000000e+00 0.000000e+00 
    63.5                0.000000e+00 0.000000e+00 0.000000e+00 0.000000e+00 0.000000e+00 0.000000e+00 0.000000e+00 0.000000e+00 0.000000e+00 0.000000e+00 0.000000e+00 0.000000e+00 
    64.5                0.000000e+00 0.000000e+00 0.000000e+00 0.000000e+00 0.000000e+00 0.000000e+00 0.000000e+00 0.000000e+00 0.000000e+00 0.000000e+00 0.000000e+00 0.000000e+00 
    65.5                0.000000e+00 0.000000e+00 0.000000e+00 0.000000e+00 0.000000e+00 0.000000e+00 0.000000e+00 0.000000e+00 0.000000e+00 0.000000e+00 0.000000e+00 0.000000e+00 
    66.5                0.000000e+00 0.000000e+00 0.000000e+00 0.000000e+00 0.000000e+00 0.000000e+00 0.000000e+00 0.000000e+00 0.000000e+00 0.000000e+00 0.000000e+00 0.000000e+00 
    67.5                0.000000e+00 0.000000e+00 0.000000e+00 0.000000e+00 0.000000e+00 0.000000e+00 0.000000e+00 0.000000e+00 0.000000e+00 0.000000e+00 0.000000e+00 0.000000e+00 
    68.5                0.000000e+00 0.000000e+00 0.000000e+00 0.000000e+00 0.000000e+00 0.000000e+00 0.000000e+00 0.000000e+00 0.000000e+00 0.000000e+00 0.000000e+00 0.000000e+00 
    69.5                0.000000e+00 0.000000e+00 0.000000e+00 0.000000e+00 0.000000e+00 0.000000e+00 0.000000e+00 0.000000e+00 0.000000e+00 0.000000e+00 0.000000e+00 0.000000e+00 
    70.5                0.000000e+00 0.000000e+00 0.000000e+00 0.000000e+00 0.000000e+00 0.000000e+00 0.000000e+00 0.000000e+00 0.000000e+00 0.000000e+00 0.000000e+00 0.000000e+00 
    71.5                0.000000e+00 0.000000e+00 0.000000e+00 0.000000e+00 0.000000e+00 0.000000e+00 0.000000e+00 0.000000e+00 0.000000e+00 0.000000e+00 0.000000e+00 0.000000e+00 
    72.5                0.000000e+00 0.000000e+00 0.000000e+00 0.000000e+00 0.000000e+00 0.000000e+00 0.000000e+00 0.000000e+00 0.000000e+00 0.000000e+00 0.000000e+00 0.000000e+00 
    73.5                0.000000e+00 0.000000e+00 0.000000e+00 0.000000e+00 0.000000e+00 0.000000e+00 0.000000e+00 0.000000e+00 0.000000e+00 0.000000e+00 0.000000e+00 0.000000e+00 
    74.5                0.000000e+00 0.000000e+00 0.000000e+00 0.000000e+00 0.000000e+00 0.000000e+00 0.000000e+00 0.000000e+00 0.000000e+00 0.000000e+00 0.000000e+00 0.000000e+00 
    75.5                0.000000e+00 0.000000e+00 0.000000e+00 0.000000e+00 0.000000e+00 0.000000e+00 0.000000e+00 0.000000e+00 0.000000e+00 0.000000e+00 0.000000e+00 0.000000e+00 
    76.5                0.000000e+00 0.000000e+00 0.000000e+00 0.000000e+00 0.000000e+00 0.000000e+00 0.000000e+00 0.000000e+00 0.000000e+00 0.000000e+00 0.000000e+00 0.000000e+00 
    77.5                0.000000e+00 0.000000e+00 0.000000e+00 0.000000e+00 0.000000e+00 0.000000e+00 0.000000e+00 0.000000e+00 0.000000e+00 0.000000e+00 0.000000e+00 0.000000e+00 
    78.5                0.000000e+00 0.000000e+00 0.000000e+00 0.000000e+00 0.000000e+00 0.000000e+00 0.000000e+00 0.000000e+00 0.000000e+00 0.000000e+00 0.000000e+00 0.000000e+00 
    79.5                0.000000e+00 0.000000e+00 0.000000e+00 0.000000e+00 0.000000e+00 0.000000e+00 0.000000e+00 0.000000e+00 0.000000e+00 0.000000e+00 0.000000e+00 0.000000e+00 


