2.98536398518873e+003 1.73711523314262e+006 1.71857398354623e-003 8.74965666676839e-002 1.50962570101016e+000 1.50216832479285e-002 7.91293193134159e-006 400 1
2.98573874625653e+003 1.73711333828982e+006 1.71879159536854e-003 9.07864619891964e-001 1.56580941450240e+000 4.30106737254001e-001 7.95905082627137e-006 1176 2
2.98522112522070e+003 1.73709995715191e+006 1.71850685633394e-003 4.16882839442122e-002 1.31317445707572e+000 4.74875963684746e-001 4.71265377301626e-005 1371 3
2.98558235680712e+003 1.73711249765752e+006 1.71870239900462e-003 7.31223487044893e-001 1.56580941450240e+000 4.80239089084617e-001 4.72007738052705e-005 1635 4
2.98535664982140e+003 1.73710132019463e+006 1.71858352532570e-003 8.35291604358043e-001 1.56974035691397e+000 3.60541550884541e+000 4.72561708499420e-005 1740 5
2.98534345204674e+003 1.73711581029077e+006 1.71856159234522e-003 5.91235084078494e-001 1.56427538819544e+000 3.62674123432809e+000 4.73746519360345e-005 2394 6
2.98535586003675e+003 1.73710142009322e+006 1.71858297183697e-003 4.40168462172307e-001 1.56811045396283e+000 3.66135462578123e+000 4.76014124845140e-005 2846 7
2.98620339536496e+003 1.73711985817400e+006 1.71905262596661e-003 7.63939329203162e-001 1.56341249839778e+000 7.08871911019301e+001 4.76688325769322e-005 3355 8
2.98548876314974e+003 1.73710331586374e+006 1.71865760452389e-003 5.64287240211188e-002 1.43349964552751e+000 7.08871973493742e+001 6.82810139657235e-005 3372 9
2.98597599242638e+003 1.73711410391214e+006 1.71892741231100e-003 1.62724692526017e-001 1.54989389156774e+000 7.08877585000061e+001 7.03051430362528e-005 3567 10
2.98691430251038e+003 1.73712158378641e+006 1.71946016141951e-003 5.94439527573473e-001 1.56235785531175e+000 7.10530202538620e+001 7.04222218557845e-005 4247 11
2.98623985947848e+003 1.73711724420014e+006 1.71907620385444e-003 9.66216010010071e-001 1.56456301812799e+000 7.14545978780245e+001 7.04624341593770e-005 4657 12
2.98553250008164e+003 1.73710774948468e+006 1.71867839594652e-003 7.49992370372631e-001 1.56743931745354e+000 8.04630592382651e+001 7.05326448407146e-005 6309 13
2.98622354801550e+003 1.73711225821627e+006 1.71907174810013e-003 2.36030152287362e-001 1.55900217276528e+000 8.04817012064796e+001 7.14258927690430e-005 6977 14
2.98628134038277e+003 1.73711461866233e+006 1.71910268125087e-003 2.82570879238258e-001 1.56053619907224e+000 1.05346747907171e+002 7.20271046417574e-005 7749 15
2.98558803790273e+003 1.73710406136380e+006 1.71871401634464e-003 2.77932065797906e-001 1.56389188161870e+000 1.05349967044501e+002 7.26506316944030e-005 7812 16
2.98526016398675e+003 1.73709981448820e+006 1.71852947093473e-003 7.63481551561022e-001 1.57012386349071e+000 1.05354756978592e+002 7.27181425779692e-005 8210 17
2.98521517670758e+003 1.73710097111731e+006 1.71850242884311e-003 8.21314127018036e-001 1.56983623355815e+000 1.05361229908456e+002 7.27756349265090e-005 8610 18
2.98557775516958e+003 1.73710488333431e+006 1.71870728362956e-003 2.20404675435652e-001 1.56034444578387e+000 1.05383397236223e+002 7.38141700905095e-005 9059 19
2.98555797252587e+003 1.73710824279183e+006 1.71869257153657e-003 3.33262123477889e-001 1.56417951155126e+000 1.05388186224997e+002 7.42323778449839e-005 9271 20
2.98527927134704e+003 1.73710906552200e+006 1.71853131834950e-003 6.91488387707144e-001 1.56686405758843e+000 1.05389640200611e+002 7.43163239549483e-005 9570 21
2.98538962286433e+003 1.73711675068224e+006 1.71858724091704e-003 9.01760917996765e-001 1.56465889477218e+000 1.05394857722001e+002 7.43631320982464e-005 9822 22
2.98677966292840e+003 1.73711777465744e+006 1.71938642459337e-003 8.02179021576586e-001 1.56417951155126e+000 1.05400852641190e+002 7.44236835174718e-005 10568 23
2.98536331406057e+003 1.73710670045063e+006 1.71858203884152e-003 1.83538315988647e-001 1.55583824350719e+000 1.05401006984877e+002 7.59770834195642e-005 10620 24
2.98647678360761e+003 1.73711384027598e+006 1.71921596154721e-003 3.81633960997345e-001 1.56322074510941e+000 1.05401028871800e+002 7.62874641848199e-005 10635 25
2.98542018537373e+003 1.73710226256373e+006 1.71861916849373e-003 5.62639240699484e-001 1.56868571382794e+000 1.05402406041438e+002 7.64196009549175e-005 10859 26
2.98687099298282e+003 1.73712196421707e+006 1.71943485315993e-003 4.80971709341716e-001 1.56159084215827e+000 1.05439052182296e+002 7.66061741816180e-005 11336 27
2.98537042882796e+003 1.73710626140518e+006 1.71858656895040e-003 7.91009247108371e-001 1.56801457731864e+000 1.05439866634982e+002 7.66686237701099e-005 11520 28
2.98542636680449e+003 1.73711374162572e+006 1.71861137010709e-003 6.09942930387280e-001 1.56504240134892e+000 1.05439869406508e+002 7.67792574252493e-005 11534 29
2.98595435070794e+003 1.73711488187706e+006 1.71891418410295e-003 7.97082430494095e-001 1.56513827799310e+000 1.05636818775564e+002 7.68406642473740e-005 11640 30
2.98627501555819e+003 1.73711910858730e+006 1.71909459692742e-003 1.85918759727775e-001 1.55200317773980e+000 1.10879836509165e+002 7.83505459688754e-005 12507 31
2.98534631603288e+003 1.73710403231392e+006 1.71857489328520e-003 2.08319345683157e-001 1.55957743263039e+000 1.10893222915313e+002 7.95262506214240e-005 12938 32
2.98539367741259e+003 1.73711602313721e+006 1.71859029476225e-003 1.42826624347667e-001 1.54442892284921e+000 1.10925517747878e+002 8.22227450623208e-005 13507 33
2.98524540484330e+003 1.73710124025187e+006 1.71851956402113e-003 1.40079958494827e-001 1.54855161854915e+000 1.10925536519159e+002 8.50372111858244e-005 13515 34
2.98665726518171e+003 1.73712207952496e+006 1.71931170382241e-003 7.08212530899991e-001 1.56254960860012e+000 1.10925794562062e+002 8.51168557227661e-005 13552 35
2.98521875158478e+003 1.73712126729137e+006 1.71848440817312e-003 9.73845637379070e-001 1.56322074510941e+000 1.10929950228875e+002 8.51563778181243e-005 13797 36
2.98533580461704e+003 1.73710184774076e+006 1.71857100345018e-003 5.96362193670461e-001 1.56897334376049e+000 1.11789825330378e+002 8.52726317753382e-005 13878 37
2.98538623421163e+003 1.73710293214391e+006 1.71859896139360e-003 3.58409375286111e-001 1.56648055101169e+000 1.65625617326346e+002 8.56289943227308e-005 13922 38
2.98523368095446e+003 1.73709975714430e+006 1.71851428216565e-003 3.63170262764367e-001 1.56763107074190e+000 1.65625617394683e+002 8.59751615124438e-005 13924 39
2.98600162796342e+003 1.73711695175253e+006 1.71893935177196e-003 5.49363689077425e-001 1.56370012833033e+000 1.65932238603972e+002 8.61144219861184e-005 15154 40
2.98630853818870e+003 1.73711514732322e+006 1.71911781490796e-003 5.62700277718436e-001 1.56437126483963e+000 1.65932328567753e+002 8.62465247929686e-005 15208 41
2.98575070543494e+003 1.73710925580465e+006 1.71880251930462e-003 8.86745811334574e-001 1.56715168752098e+000 1.66960720331580e+002 8.62950949703423e-005 16371 42
2.98597372319541e+003 1.73711170645328e+006 1.71892847834802e-003 7.91924802392651e-001 1.56619292107913e+000 1.67027444490581e+002 8.63573854125552e-005 16462 43
2.98656806288645e+003 1.73711430496457e+006 1.71926804799329e-003 6.35700552385022e-001 1.56494652470473e+000 1.67169005659745e+002 8.64583961561605e-005 16679 44
2.98606281501371e+003 1.73710986247439e+006 1.71898159025454e-003 5.96270638142033e-001 1.56628879772332e+000 1.67779914950133e+002 8.65746883997822e-005 16800 45
2.98545708101000e+003 1.73710603433632e+006 1.71863667652076e-003 4.07238990447707e-001 1.56619292107913e+000 1.67802243389819e+002 8.68437535916626e-005 17508 46
2.98538975576161e+003 1.73710928978987e+006 1.71859469874722e-003 1.27811517685476e-001 1.54145674687948e+000 1.68028473672036e+002 9.02863789451594e-005 18243 47
2.98528075990128e+003 1.73710178222350e+006 1.71853938068754e-003 4.24481948301645e-001 1.56782282403027e+000 1.68054662755755e+002 9.05319846653457e-005 18277 48
2.98589577359803e+003 1.73712125405522e+006 1.71887415802962e-003 9.67497787408063e-001 1.56322074510941e+000 4.88138915735744e+002 9.05720794860102e-005 19105 49
2.98546949275798e+003 1.73710262028447e+006 1.71864719933863e-003 8.73073519089328e-001 1.56935685033723e+000 4.89268724694952e+002 9.06223390190648e-005 21591 50
2.98663846139495e+003 1.73712189568435e+006 1.71930106113088e-003 6.84011352885525e-001 1.56254960860012e+000 4.89270830815772e+002 9.07083149019951e-005 21604 51
2.98543841696457e+003 1.73710544761023e+006 1.71862651270293e-003 7.99829096346934e-001 1.56830220725120e+000 4.89270948345042e+002 9.07692595405924e-005 21632 52
2.98553985149204e+003 1.73710836848913e+006 1.71868201547960e-003 2.24311044648579e-001 1.55948155598621e+000 4.89288453516577e+002 9.17684112744154e-005 21842 53
2.98526597268496e+003 1.73710157223444e+006 1.71853107587731e-003 8.99441511276589e-001 1.56974035691397e+000 4.89332975408420e+002 9.18154862401007e-005 22752 54
2.98522427333496e+003 1.73710168313716e+006 1.71850696110231e-003 3.51573229163488e-001 1.56676818094424e+000 4.89420133242642e+002 9.21872717124578e-005 24633 55
2.98556307445730e+003 1.73710456445719e+006 1.71869914789966e-003 4.97207556382946e-001 1.56753519409772e+000 4.89420948071097e+002 9.23607101691990e-005 24731 56
2.98535094534203e+003 1.73710442306634e+006 1.71857717165112e-003 9.89593188268685e-001 1.56887746711631e+000 4.89424265173984e+002 9.23988628589558e-005 24811 57
2.98532533481674e+003 1.73711021449383e+006 1.71855669888846e-003 2.84127323221534e-001 1.56207022537919e+000 4.89424266620344e+002 9.29928616485031e-005 24813 58
2.98561752143142e+003 1.73711085725983e+006 1.71872426512223e-003 6.07959227271340e-001 1.56600116779077e+000 4.90774391802164e+002 9.31042915898560e-005 26376 59
2.98542939964623e+003 1.73711551592318e+006 1.71861136061491e-003 1.30649739066744e-001 1.54049798043764e+000 4.90987307353749e+002 9.63844326625029e-005 26866 60
2.98518549431146e+003 1.73709813301321e+006 1.71848814926454e-003 5.54277169103061e-001 1.57002798684652e+000 4.91365362895324e+002 9.65209950773496e-005 27476 61
2.98606987632379e+003 1.73711782200656e+006 1.71897777878418e-003 3.53434858241523e-001 1.56139908886990e+000 4.91365467107593e+002 9.68884726857847e-005 27509 62
2.98566450456951e+003 1.73711882927334e+006 1.71874342404945e-003 7.85637989440596e-001 1.56379600497452e+000 4.91417707869712e+002 9.69518641242766e-005 28724 63
2.98525725021391e+003 1.73711135366646e+006 1.71851637785175e-003 7.31528672139653e-001 1.56619292107913e+000 4.91419040712420e+002 9.70260322179292e-005 28841 64
2.98533727689417e+003 1.73711091544929e+006 1.71856288007857e-003 1.47312845240638e-001 1.54740109881893e+000 4.91419591821039e+002 9.95453472157604e-005 28915 65
2.98607187706880e+003 1.73711413411905e+006 1.71898257992138e-003 2.88583025605029e-001 1.56091970564898e+000 4.91422536746659e+002 1.00119349724667e-004 29043 66
2.98603895056728e+003 1.73711101456916e+006 1.71896671221767e-003 4.18225653859065e-001 1.56465889477218e+000 4.91435085907216e+002 1.00373107316104e-004 29490 67
2.98578489613438e+003 1.73710890299931e+006 1.71882255086389e-003 5.47288430433058e-001 1.56638467436750e+000 4.91438932476837e+002 1.00513534336187e-004 29623 68
2.98531461566973e+003 1.73710207169577e+006 1.71855858404955e-003 8.11883907589953e-001 1.56945272698141e+000 4.91475496852821e+002 1.00572506036412e-004 30124 69
2.98579008392605e+003 1.73711314371875e+006 1.71882134124003e-003 9.35880611590930e-001 1.56590529114658e+000 5.09541338910771e+002 1.00615642099866e-004 30409 70
2.98535734687908e+003 1.73710265670960e+006 1.71858260433668e-003 9.71526230658895e-001 1.56945272698141e+000 5.09577931506444e+002 1.00655373176588e-004 30673 71
2.98526213908837e+003 1.73711316304527e+006 1.71851740220587e-003 6.86971648304697e-002 1.47511010910367e+000 5.09577980937942e+002 1.14091500003658e-004 30723 72
2.98553786237853e+003 1.73711656970935e+006 1.71867275624516e-003 9.33317056794946e-001 1.56475477141636e+000 5.09592219349455e+002 1.14134896885159e-004 30855 73
2.98532147175822e+003 1.73710372451888e+006 1.71856089571376e-003 4.72548600726341e-001 1.56763107074190e+000 5.09702422404041e+002 1.14328872108060e-004 31136 74
2.98558309881090e+003 1.73711559361619e+006 1.71869976301450e-003 4.90859706411939e-001 1.56379600497452e+000 5.09702677404291e+002 1.14507279896608e-004 31202 75
2.98521213246577e+003 1.73709827545473e+006 1.71850334316142e-003 4.72090823084201e-001 1.56945272698141e+000 5.09702778098186e+002 1.14701669965721e-004 31268 76
2.98527885283250e+003 1.73712139375242e+006 1.71851888115211e-003 1.15298928800317e-001 1.53138969924009e+000 5.09703161236708e+002 1.19018627769795e-004 31393 77
2.98721586984229e+003 1.73712063494362e+006 1.71963470193690e-003 1.96325571459090e-001 1.55277019089328e+000 5.09720062124824e+002 1.20358029994401e-004 31640 78
2.98530461147511e+003 1.73711288880114e+006 1.71854212342805e-003 3.57310708944975e-001 1.56312486846522e+000 5.09720062530685e+002 1.20716800426111e-004 31643 79
2.98692686839973e+003 1.73711941259203e+006 1.71946954426732e-003 8.47071749015778e-001 1.56370012833033e+000 5.09831931198036e+002 1.20770515394541e-004 31895 80
2.98671843415149e+003 1.73711889637946e+006 1.71935006711327e-003 3.00912503433332e-002 9.36858628650777e-001 5.09887875949608e+002 1.87625883640629e-004 32121 81
2.98562487623644e+003 1.73710461179785e+006 1.71873467842094e-003 3.47911008026368e-001 1.56571353785821e+000 5.09913946436852e+002 1.88006331469549e-004 32250 82
2.98537732487889e+003 1.73710626597937e+006 1.71859053426304e-003 7.91894283883175e-001 1.56801457731864e+000 5.09914918855474e+002 1.88068627612219e-004 32453 83
