2.01637949501767e+003 1.73711605847973e+006 1.16076216069293e-003 6.15985595263527e-001 1.56207022537919e+000 7.93359357661421e-003 1.08257734800463e-007 186 1
2.01539758107046e+003 1.73710943267153e+006 1.16020133152121e-003 2.64198736533708e-001 1.56197434873501e+000 1.77728412551102e-002 8.05311334401816e-007 846 2
2.01506395443135e+003 1.73709964591843e+006 1.16001580871769e-003 2.82235175634022e-001 1.56734344080935e+000 1.89447995540545e-002 1.40812570597758e-006 964 3
2.01515770428185e+003 1.73711456028651e+006 1.16005981781119e-003 8.04864650410474e-001 1.56312486846522e+000 1.95796626199513e-002 1.46823306368093e-006 1011 4
2.01542007256185e+003 1.73711545432775e+006 1.16021025731471e-003 2.31971190527055e-001 1.55775577639088e+000 2.06853199324287e-002 2.39621356980280e-006 1046 5
2.01536952373351e+003 1.73710835588503e+006 1.16018589897143e-003 7.95037690359203e-001 1.56619292107913e+000 2.09916124688490e-002 2.45796871025305e-006 1086 6
2.01516500989909e+003 1.73710249705619e+006 1.16007207941560e-003 7.69646290475173e-001 1.56906922040468e+000 2.81739668644428e-002 2.52429557207065e-006 1217 7
2.01511648745856e+003 1.73710731597188e+006 1.16004092839847e-003 3.01583910641804e-001 1.56398775826289e+000 2.95214059015664e-002 3.04527749896519e-006 1405 8
2.01510988247520e+003 1.73710605286539e+006 1.16003796961506e-003 3.29996642963958e-001 1.56513827799310e+000 5.43027132758964e-002 3.47264628061056e-006 1785 9
2.01571182739958e+003 1.73710911161449e+006 1.16038244760334e-003 4.35956907864620e-001 1.56475477141636e+000 5.45343425334038e-002 3.70425074608592e-006 1858 10
2.01531651378976e+003 1.73710830818419e+006 1.16015541467154e-003 5.48661763359477e-001 1.56571353785821e+000 9.05430633457203e-002 3.84390518863986e-006 2016 11
2.01632412479407e+003 1.73712202314403e+006 1.16072630040300e-003 9.86968596453749e-001 1.55957743263039e+000 2.61350668266187e+000 3.88227909639372e-006 2663 12
2.01645365842743e+003 1.73711819707373e+006 1.16080342496222e-003 5.52232428968169e-001 1.56082382900479e+000 2.61359187671494e+000 4.01994960117736e-006 2692 13
2.01568320356400e+003 1.73711442025636e+006 1.16036242367979e-003 9.30814539017914e-002 1.53023917950987e+000 2.62000637565768e+000 1.09330755110670e-005 2758 14
2.01515646257923e+003 1.73712128744648e+006 1.16005461057438e-003 4.50758384960479e-001 1.55881041947691e+000 2.62804436427502e+000 1.11482660170642e-005 3279 15
2.01507574585702e+003 1.73709944854462e+006 1.16002272850938e-003 6.62526322214423e-001 1.57041149342326e+000 2.62851615161631e+000 1.12404984701910e-005 3326 16
2.01510930046771e+003 1.73710209828352e+006 1.16004027544056e-003 6.08081301309244e-001 1.56897334376049e+000 2.62890660983769e+000 1.13518802992015e-005 3361 17
2.01540569185403e+003 1.73710475708824e+006 1.16020912344377e-003 1.22074037903989e-001 1.54903100177007e+000 2.62935831196042e+000 1.51612799260497e-005 3492 18
2.01630936005289e+003 1.73711552609061e+006 1.16072214211463e-003 1.94555497909482e-001 1.55545473693045e+000 2.63246311940669e+000 1.65276988442139e-005 3526 19
2.01507983966653e+003 1.73710086888076e+006 1.16002413670814e-003 3.14310129093295e-001 1.56743931745354e+000 2.72318518702626e+000 1.70034061463518e-005 3648 20
2.01641607240425e+003 1.73712094191916e+006 1.16077995382980e-003 9.03683584093753e-001 1.56005681585131e+000 2.73744080606462e+000 1.70499936654631e-005 3803 21
2.01506666496831e+003 1.73710418545402e+006 1.16001433765163e-003 3.75774407177953e-001 1.56667230430006e+000 2.74132541422595e+000 1.73711283133221e-005 3995 22
2.01530007003886e+003 1.73710331623459e+006 1.16014928245332e-003 7.17856379894406e-001 1.56858983718375e+000 2.23013816465169e+002 1.74484403288299e-005 4391 23
2.01585908910855e+003 1.73711893420186e+006 1.16046065961304e-003 3.33903012176885e-001 1.55881041947691e+000 2.23013935149876e+002 1.78648633750287e-005 4446 24
2.01518308809255e+003 1.73710315176884e+006 1.16008204926450e-003 3.40891750846889e-002 1.30876413144322e+000 2.23047605102365e+002 7.87752121187632e-005 4736 25
2.01521202478561e+003 1.73710500157172e+006 1.16009747189750e-003 1.49937437055574e-001 1.55545473693045e+000 2.23239885560760e+002 8.11989039614095e-005 4918 26
2.01525563646258e+003 1.73711309180300e+006 1.16011717479998e-003 9.62065492721335e-001 1.56398775826289e+000 2.23407704907488e+002 8.12394987632019e-005 5143 27
2.01512138219265e+003 1.73711071648759e+006 1.16004147527992e-003 5.10971404156621e-001 1.56437126483963e+000 2.23407758583812e+002 8.14028224665176e-005 5148 28
2.01664013209781e+003 1.73712365622933e+006 1.16090712305972e-003 9.06765953550829e-001 1.55871454283273e+000 2.23412613457824e+002 8.14490615849266e-005 5464 29
2.01584993337927e+003 1.73711167058422e+006 1.16046024134287e-003 1.14627521591845e-001 1.54299077318644e+000 2.23607120178026e+002 8.58235492907029e-005 5838 30
2.01516775489646e+003 1.73710165398677e+006 1.16007422264889e-003 8.22809533982360e-001 1.56954860362560e+000 2.23616730135729e+002 8.58808119961340e-005 6119 31
2.01540997986439e+003 1.73710502663403e+006 1.16021141189227e-003 2.85470137638478e-001 1.56475477141636e+000 2.23616771292543e+002 8.64686927774800e-005 6134 32
2.01607969210198e+003 1.73712311534491e+006 1.16058485958871e-003 7.45078890346995e-001 1.55881041947691e+000 2.23619427478461e+002 8.65399213970889e-005 6255 33
2.01525409443623e+003 1.73710420747000e+006 1.16012222045800e-003 4.96353038117618e-001 1.56753519409772e+000 2.25256575143667e+002 8.67140174316773e-005 6360 34
2.01533127062784e+003 1.73710404477139e+006 1.16016675713274e-003 2.36121707815790e-001 1.56360425168615e+000 2.25347947835231e+002 8.76065425507350e-005 6874 35
2.01611525017506e+003 1.73712072644588e+006 1.16060692514935e-003 8.91811883907590e-001 1.56015269249550e+000 2.25348175035346e+002 8.76545053953293e-005 6982 36
2.01506267594933e+003 1.73709908004803e+006 1.16001545061361e-003 2.32490005188147e-001 1.56590529114658e+000 2.25577575679736e+002 8.85780036266230e-005 7367 37
2.01660557677396e+003 1.73712257364848e+006 1.16088795428999e-003 1.85949278237251e-001 1.55123616458632e+000 2.25577762337683e+002 9.00873180256845e-005 7426 38
2.01510550355563e+003 1.73710176170872e+006 1.16003831443454e-003 7.15109714041566e-001 1.56935685033723e+000 2.25581821904173e+002 9.01652849413286e-005 7591 39
2.01555987143054e+003 1.73711765213091e+006 1.16028926679852e-003 9.06399731437117e-001 1.56168671880245e+000 2.33861868761996e+002 9.02115666286887e-005 8252 40
2.01618021146054e+003 1.73711286881217e+006 1.16064957109091e-003 6.44245735038301e-002 1.49447719122898e+000 2.33862569480446e+002 1.05712264517806e-004 8439 41
2.01577389958205e+003 1.73712073958378e+006 1.16041041297064e-003 4.12701803643910e-001 1.55881041947691e+000 2.33866068459302e+002 1.05973540501047e-004 8528 42
2.01933356259399e+003 1.73712379543155e+006 1.16245753948240e-003 9.95513779107028e-002 1.52975979628895e+000 2.33872745797655e+002 1.11936486966060e-004 8664 43
2.01655219065565e+003 1.73712061189192e+006 1.16085853280452e-003 9.40855128635517e-001 1.56024856913968e+000 2.33873406414351e+002 1.11979121004333e-004 8861 44
2.02309740421506e+003 1.73712351381552e+006 1.16462443427251e-003 2.78939176610614e-002 4.23918582262642e-001 2.33873438570181e+002 1.52307036343886e-004 8876 45
2.01530362935980e+003 1.73710352586026e+006 1.16015119144680e-003 7.95373393963439e-001 1.56858983718375e+000 2.33891505151432e+002 1.52368734659358e-004 9242 46
2.01616364594507e+003 1.73711892471110e+006 1.16063598867983e-003 4.98977629932554e-001 1.56024856913968e+000 2.34030625005482e+002 1.52540813776170e-004 9518 47
2.01518090420318e+003 1.73711588508626e+006 1.16007228850743e-003 5.85375530259102e-001 1.56207022537919e+000 2.34039565016595e+002 1.52661917673135e-004 9708 48
2.01554994718682e+003 1.73711512219660e+006 1.16028524358942e-003 6.67836542863247e-001 1.56264548524430e+000 2.34063169097752e+002 1.52752541390653e-004 9870 49
2.01507049813141e+003 1.73710461992906e+006 1.16001625415169e-003 9.85992004150517e-001 1.56820633060701e+000 2.34250534969075e+002 1.52791001257213e-004 11349 50
2.01552696524249e+003 1.73711314797507e+006 1.16027333230122e-003 3.98632770775475e-001 1.56245373195593e+000 2.34251222271082e+002 1.53073005073054e-004 11525 51
2.01626631370008e+003 1.73712331578521e+006 1.16069215693326e-003 7.46879482406079e-001 1.55871454283273e+000 2.34296823335459e+002 1.53143856374634e-004 11784 52
2.01557931032193e+003 1.73710853918830e+006 1.16030654407541e-003 3.89996032593768e-001 1.56465889477218e+000 2.36061256030577e+002 1.53439787127570e-004 12068 53
2.01510402706501e+003 1.73711101016241e+006 1.16003128837831e-003 1.32786034730064e-001 1.54893512512589e+000 2.36083421991018e+002 1.56605646533484e-004 12230 54
2.01518119319412e+003 1.73710252031577e+006 1.16008138012773e-003 2.13782158879360e-001 1.56322074510941e+000 2.36091163449205e+002 1.57716306258679e-004 12322 55
2.01507631263486e+003 1.73710221266912e+006 1.16002120892852e-003 1.53141880550554e-001 1.55737226981414e+000 2.36100839281468e+002 1.60029887825150e-004 12862 56
2.01517901413349e+003 1.73711408894089e+006 1.16007239995057e-003 7.03360087893307e-001 1.56322074510941e+000 2.36102982375452e+002 1.60110746616788e-004 12879 57
2.01616636895147e+003 1.73712182803054e+006 1.16063561640238e-003 9.86877040925321e-001 1.55967330927457e+000 2.36662501380684e+002 1.60149128398224e-004 13446 58
2.01594817394712e+003 1.73711129318871e+006 1.16051704736792e-003 3.19284646137883e-001 1.56235785531175e+000 2.36758837535868e+002 1.60608668647729e-004 13774 59
2.01536819390417e+003 1.73712024205201e+006 1.16017719492313e-003 1.96295052949614e-001 1.55324957411420e+000 2.36759241648237e+002 1.61948540469546e-004 13891 60
2.01517115346981e+003 1.73710403867751e+006 1.16007458656089e-003 8.56410412915433e-001 1.56839808389538e+000 2.36760732380236e+002 1.62000976424223e-004 13962 61
2.01514813638703e+003 1.73712324727047e+006 1.16004850871498e-003 1.92114017151402e-001 1.55142791787469e+000 2.36762972200961e+002 1.63405791995914e-004 14172 62
2.01505283152145e+003 1.73710109360428e+006 1.16000843883465e-003 4.58296456801050e-001 1.56887746711631e+000 2.36767112253274e+002 1.63613286976691e-004 14551 63
2.01582495717308e+003 1.73712109856743e+006 1.16043956520092e-003 4.84420300912503e-001 1.55909804940947e+000 2.36799765240617e+002 1.63796945817986e-004 15016 64
2.01561244542878e+003 1.73710915127621e+006 1.16032521006036e-003 7.29941709646901e-001 1.56571353785821e+000 2.37024497432258e+002 1.63871468948066e-004 15320 65
2.01504844187551e+003 1.73710111767677e+006 1.16000589576777e-003 2.73751029999695e-001 1.56638467436750e+000 2.37064961928256e+002 1.64516148346531e-004 15801 66
2.01548303001242e+003 1.73711250443199e+006 1.16024847007404e-003 5.16464735862300e-001 1.56350837504196e+000 2.37390209431548e+002 1.64675673686743e-004 16587 67
2.01545110701216e+003 1.73711020522603e+006 1.16023162870762e-003 8.47132786034730e-001 1.56533003128147e+000 2.37390374317705e+002 1.64729380690876e-004 16671 68
2.01505393617754e+003 1.73710475699799e+006 1.16000662840313e-003 9.42838831751457e-001 1.56811045396283e+000 2.48623865379443e+002 1.64771819844459e-004 17479 69
2.01511017894107e+003 1.73709989500127e+006 1.16004225250936e-003 4.14380321665090e-001 1.56916509704886e+000 2.48624588910007e+002 1.65030791388193e-004 17637 70
2.01511184628259e+003 1.73711034588056e+006 1.16003623325364e-003 9.32798242133854e-001 1.56533003128147e+000 2.48625617063053e+002 1.65074241532607e-004 17662 71
2.02189860619979e+003 1.73712375187122e+006 1.16393417047629e-003 3.27158421582690e-002 1.27156399349956e+000 2.48625721431803e+002 2.31040556133929e-004 17738 72
2.01527946350992e+003 1.73711893664570e+006 1.16012698778319e-003 6.55812250129704e-001 1.56072795236061e+000 2.48860815963614e+002 2.31134873948020e-004 18331 73
2.01505783508152e+003 1.73710600056658e+006 1.16000804245168e-003 9.87273781548509e-002 2.96738213751640e-002 2.49013253357368e+002 2.31315207985796e-004 18772 74
2.01512256678498e+003 1.73711263670916e+006 1.16004087489057e-003 3.30454420606098e-001 1.56187847209082e+000 2.49033368496026e+002 2.31741265255371e-004 19424 75
2.01534150199539e+003 1.73710444384399e+006 1.16017238049262e-003 4.81307412945952e-001 1.56734344080935e+000 2.49033383378732e+002 2.31927559095158e-004 19457 76
2.01508624379986e+003 1.73711009359335e+006 1.16002166320058e-003 6.67317728202155e-001 1.56513827799310e+000 2.75795544978305e+002 2.32018339451888e-004 19631 77
2.01576185260849e+003 1.73711819949543e+006 1.16040517474621e-003 3.05795464949492e-002 1.22717310724204e+000 2.75795552882544e+002 3.07427006693195e-004 19633 78
2.01689109050608e+003 1.73712158697094e+006 1.16105297369364e-003 7.48619037446211e-001 1.55957743263039e+000 2.75795762046943e+002 3.07497497008864e-004 19665 79
2.01589054473236e+003 1.73711520018560e+006 1.16048126202129e-003 8.30683309427168e-001 1.56283723853267e+000 2.75795842232925e+002 3.07553570664849e-004 19707 80
2.01570301121581e+003 1.73710817752282e+006 1.16037799637261e-003 9.02768028809473e-001 1.56638467436750e+000 2.75796118081554e+002 3.07600264429877e-004 19835 81
2.01591876916489e+003 1.73712027085321e+006 1.16049412237727e-003 1.42704550309763e-001 1.54653820902127e+000 2.75813237330787e+002 3.10301980420944e-004 20285 82
2.01520520141495e+003 1.73712032130170e+006 1.16008331299023e-003 3.35154271065401e-001 1.55813928296762e+000 2.75813284385760e+002 3.10714987445448e-004 20309 83
2.01510684939293e+003 1.73710822197012e+006 1.16003477504162e-003 5.12955107272561e-001 1.56561766121403e+000 2.75842453647204e+002 3.10876926009031e-004 20779 84
2.01506468280744e+003 1.73711144572579e+006 1.16000834830073e-003 8.94131290627766e-001 1.56475477141636e+000 2.75842459885593e+002 3.10924617392691e-004 20783 85
2.01593103001528e+003 1.73711578166779e+006 1.16050417956671e-003 9.46867275002289e-001 1.56264548524430e+000 2.75847277450127e+002 3.10966659089165e-004 21024 86
2.01570284621881e+003 1.73712244625434e+006 1.16036837004832e-003 3.63109225745415e-001 1.55746814645833e+000 2.75849507475488e+002 3.11312925284935e-004 21173 87
2.01506007035681e+003 1.73709887588784e+006 1.16001408698354e-003 7.88293099765007e-002 1.52477421079134e+000 2.75849656448824e+002 3.21275179309098e-004 21228 88
2.01544361614668e+003 1.73710963147773e+006 1.16022769966655e-003 2.58369701223792e-001 1.56168671880245e+000 2.75850055806119e+002 3.22007297489549e-004 21254 89
2.01539479447748e+003 1.73710669426549e+006 1.16020155632620e-003 9.45921201208533e-001 1.56715168752098e+000 2.75852146418574e+002 3.22049432868000e-004 21536 90
2.01511002586043e+003 1.73710369651224e+006 1.16003962572903e-003 7.85912656025880e-001 1.56849396053957e+000 2.75855985289682e+002 3.22112776960970e-004 21617 91
2.01513502506917e+003 1.73710144513158e+006 1.16005552051952e-003 7.38090151676992e-001 1.56954860362560e+000 2.75856762967999e+002 3.22185502952852e-004 21769 92
2.01641074307586e+003 1.73712108704354e+006 1.16077678895053e-003 1.69560838648640e-001 1.55027739814447e+000 2.75999527042859e+002 3.24034443898887e-004 22066 93
2.01612309760194e+003 1.73711732032598e+006 1.16061371834574e-003 4.34583574938200e-002 1.40636655522324e+000 2.76037327405203e+002 3.60499066717242e-004 22137 94
2.01512965130519e+003 1.73710105567158e+006 1.16005268708510e-003 9.21567430646687e-001 1.56993211020234e+000 2.76839141485559e+002 3.60543690961392e-004 22261 95
2.01513717070599e+003 1.73710234338473e+006 1.16005615583693e-003 1.04373302407910e-001 1.54308664983062e+000 2.77103280840716e+002 3.65919789335017e-004 22668 96
2.01571690143375e+003 1.73711172803188e+006 1.16038362080666e-003 4.05621509445479e-001 1.56322074510941e+000 2.77131921301570e+002 3.66191215732975e-004 23226 97
2.01556733520958e+003 1.73710679521149e+006 1.16030081526797e-003 6.19769890438551e-001 1.56667230430006e+000 2.77137286050302e+002 3.66298027711415e-004 23626 98
2.01610342399719e+003 1.73711916000000e+006 1.16060116380847e-003 5.82323679311502e-001 1.56044032242805e+000 2.77145896784192e+002 3.66420530398450e-004 24330 99
2.01556520413265e+003 1.73711872825628e+006 1.16029161786369e-003 2.27820673238319e-001 1.55593412015137e+000 2.77148331818248e+002 3.67386087228096e-004 24459 100
2.01532753505659e+003 1.73710864393401e+006 1.16016153503161e-003 4.30372020630512e-001 1.56494652470473e+000 2.77149291393919e+002 3.67624355601149e-004 24565 101
2.01598394961889e+003 1.73711910464678e+006 1.16053242357407e-003 2.77474288155766e-001 1.55756402310251e+000 2.77149525442619e+002 3.68250108155671e-004 24641 102
2.01558046120537e+003 1.73711504178726e+006 1.16030286319112e-003 9.74059266945402e-001 1.56302899182104e+000 2.77159499435177e+002 3.68289611125958e-004 24682 103
2.01588234920964e+003 1.73711138560501e+006 1.16047909246187e-003 2.58583330790124e-001 1.56082382900479e+000 2.81371724612773e+002 3.69020393296660e-004 25392 104
2.01510995247493e+003 1.73709998129224e+006 1.16004206451390e-003 9.84466078676717e-001 1.57050737006745e+000 2.81382498390946e+002 3.69058984561434e-004 25993 105
2.01681523733679e+003 1.73712083090724e+006 1.16100981305882e-003 9.57731864375744e-001 1.56015269249550e+000 2.81386559878523e+002 3.69099983199754e-004 26357 106
2.01505893337660e+003 1.73710379491896e+006 1.16001014759951e-003 7.57469405194250e-002 1.51844635227515e+000 2.81389932742624e+002 3.79972550758044e-004 26620 107
2.01530858591923e+003 1.73710480142008e+006 1.16015319288726e-003 6.07623523667104e-002 1.48977923566393e+000 2.81394127719973e+002 3.97596683477151e-004 26693 108
2.01515573051150e+003 1.73711186841605e+006 1.16006047923104e-003 9.16928617206336e-001 1.56456301812799e+000 2.81395710377865e+002 3.97641805036245e-004 26902 109
2.01575307138999e+003 1.73711104884729e+006 1.16040489637308e-003 6.63777581102939e-001 1.56465889477218e+000 2.81461906433991e+002 3.97733653699186e-004 27081 110
2.01547461400822e+003 1.73710544906682e+006 1.16024833765630e-003 7.52281258583331e-002 1.51691232596820e+000 2.81479159006454e+002 4.08770967035303e-004 27321 111
2.01557274101887e+003 1.73711978463228e+006 1.16029525098847e-003 9.10580767235328e-001 1.56063207571642e+000 2.81482328645298e+002 4.08816782027744e-004 27429 112
2.01506745763585e+003 1.73709886578614e+006 1.16001834637680e-003 3.48063600573748e-001 1.56897334376049e+000 2.81602811473484e+002 4.09196867293473e-004 27896 113
2.01544800850825e+003 1.73710757431431e+006 1.16023160220639e-003 7.91222876674703e-001 1.56657642765587e+000 2.81613385505932e+002 4.09259279478796e-004 28181 114
2.01566818592685e+003 1.73711350042928e+006 1.16035439295231e-003 9.77355265968810e-001 1.56379600497452e+000 2.81615969661424e+002 4.09298490183462e-004 28473 115
2.01567644983439e+003 1.73711540012183e+006 1.16035788125355e-003 9.51933347575304e-001 1.56283723853267e+000 2.82413792540101e+002 4.09340041285649e-004 28936 116
2.01509394201797e+003 1.73709970877114e+006 1.16003302974193e-003 2.87484359263894e-002 1.18364511078219e+000 2.82415049005215e+002 4.94294258721670e-004 29170 117
2.01512328443977e+003 1.73710109099594e+006 1.16004899827564e-003 5.14999847407453e-001 1.56916509704886e+000 2.82418487620765e+002 4.94454788089662e-004 29305 118
2.01519651262444e+003 1.73710497831711e+006 1.16008855754696e-003 3.15713980529191e-001 1.56542590792566e+000 2.82600253580621e+002 4.94925850056560e-004 29367 119
2.01572696227206e+003 1.73711074683299e+006 1.16039006794360e-003 8.27265236365856e-001 1.56504240134892e+000 2.82600334792413e+002 4.94982435536137e-004 29514 120
2.01588971571686e+003 1.73711930507713e+006 1.16047804251887e-003 1.59123508407849e-001 1.54979801492355e+000 2.82782659253115e+002 4.97108710278845e-004 30384 121
2.01542298349025e+003 1.73710710198876e+006 1.16021751155087e-003 2.88369396038697e-001 1.56379600497452e+000 2.82796999868677e+002 4.97683662669259e-004 30563 122
2.01511452179285e+003 1.73710079705851e+006 1.16004415016687e-003 7.15536973174230e-001 1.56983623355815e+000 2.82804286585756e+002 4.97761527244603e-004 30649 123
2.01531409389014e+003 1.73710395389365e+006 1.16015692969478e-003 8.13959166234321e-001 1.56839808389538e+000 2.82813600482156e+002 4.97820168557554e-004 31068 124
2.01525832166669e+003 1.73710338724964e+006 1.16012520173120e-003 5.63859981078524e-001 1.56820633060701e+000 2.82813977011664e+002 4.97951676637950e-004 31154 125
2.01518770518491e+003 1.73710280645748e+006 1.16008493779549e-003 3.93322550126652e-001 1.56753519409772e+000 2.82815859976875e+002 4.98242133019915e-004 31291 126
2.01511472633320e+003 1.73710212812499e+006 1.16004337902371e-003 8.68282113101596e-001 1.56935685033723e+000 2.87229288399246e+002 4.98293004733239e-004 31857 127
2.01528798487549e+003 1.73710341002413e+006 1.16014226274638e-003 4.74959562974944e-001 1.56782282403027e+000 2.87230398549942e+002 4.98484820443663e-004 31945 128
