1.82622521244551e+005 1.72750918324677e+006 1.05323171467395e-001 4.59903935938828e-001 1.49859988692892e+000 3.65974668776587e-002 2.04826349372281e-008 3476 1
1.82622976057386e+005 1.72751531195261e+006 1.05323060935556e-001 7.02965398934622e-001 1.57012386349071e+000 4.22439856962041e-002 2.04885638967925e-008 3789 2
1.82623880251903e+005 1.72750290461284e+006 1.05324329435579e-001 6.90201481147896e-001 1.56820633060701e+000 6.30106084507147e-002 2.05386693277972e-008 4962 3
1.82630815740903e+005 1.72752110668896e+006 6.17785280179493e+000 7.63502837580236e-001 -1.56341249839778e+000 5.32415381224091e-001 2.07423856612176e-008 37168 4
1.82629883060014e+005 1.72751550568922e+006 6.17785299675002e+000 8.61420321172690e-001 -1.55372895733512e+000 7.87289386496771e-001 2.13129611175713e-008 55868 5
1.82628041879753e+005 1.72749543115157e+006 6.17785283584783e+000 8.86856985904809e-001 -1.55161967116306e+000 7.96875124195116e-001 2.19534529634326e-008 56812 6
1.82624126294353e+005 1.72751521080178e+006 1.05323725531373e-001 4.78897861216693e-001 1.50837930463576e+000 8.10695281427668e-001 3.70146375410514e-008 57437 7
1.82630533022006e+005 1.72751331184237e+006 6.17785249189477e+000 8.16078022749369e-001 -1.55775577639088e+000 1.19119808730836e+000 3.74388355275647e-008 87364 8
1.82625952338147e+005 1.72752004270279e+006 1.05324478462423e-001 3.39224132293379e-001 2.33891073488571e-001 1.31462250880025e+000 9.20951989716288e-008 94702 9
1.82628429717490e+005 1.72748676632174e+006 6.17785208941198e+000 7.12963801200891e-001 -1.56983623355815e+000 1.68519004822101e+000 9.21051917717464e-008 122165 10
1.82621059696805e+005 1.72749110014070e+006 1.05323429136850e-001 3.29073778624887e-001 1.37376849620045e+000 1.73912846767943e+000 2.73059693713546e-007 125532 11
1.82629501335339e+005 1.72751381824063e+006 6.17785311315037e+000 9.53685212602452e-001 -1.54720934553056e+000 1.88074864625149e+000 2.73810386678496e-007 135816 12
1.82618847838716e+005 1.72747765727976e+006 1.05322976446887e-001 2.23984188847511e-001 8.70511990874966e-001 1.88671634434380e+000 1.51254563598187e-006 136294 13
1.82630589294245e+005 1.72751929687760e+006 6.17785282189781e+000 7.89030673153688e-001 -1.56053619907224e+000 2.01091244030295e+000 1.51286096536890e-006 144760 14
1.82627638563527e+005 1.72747870636703e+006 6.17785205452644e+000 8.86917766465698e-001 -1.55152379451888e+000 2.22685218536271e+000 1.51350629993845e-006 160341 15
1.82624378479220e+005 1.72751620605549e+006 1.05323809667980e-001 5.60009519723292e-001 1.53944333735160e+000 2.48668350355763e+000 1.51725437655030e-006 180034 16
1.82618697003221e+005 1.72747638023352e+006 1.05322967382431e-001 5.70737288720231e-001 1.54279901989807e+000 2.89124441017203e+000 1.52027657344463e-006 207068 17
1.82625229648337e+005 1.72751981167354e+006 1.05324078728087e-001 4.50391778159672e-001 1.49313491821039e+000 2.93400009239753e+000 1.54419188283005e-006 210012 18
1.82622529862977e+005 1.72750036927247e+006 1.05323709811059e-001 4.66042772588634e-001 1.50195556947539e+000 3.11296557643589e+000 1.56271707764323e-006 220348 19
1.82622107597524e+005 1.72750797909490e+006 1.05323007539852e-001 2.25625263991518e-001 9.16436903439436e-001 3.14065628897958e+000 2.79383931232222e-006 223370 20
1.82618768539761e+005 1.72747706625533e+006 1.05322966818152e-001 6.10366214419970e-001 1.55296194418165e+000 3.30386018402941e+000 2.79514225148680e-006 232568 21
1.82620161983348e+005 1.72748514532228e+006 1.05323275596933e-001 4.49084996100555e-001 1.49255965834529e+000 3.30400660416558e+000 2.81947710503923e-006 232601 22
1.82630648224298e+005 1.72751158026025e+006 6.17785232114842e+000 7.09955163436877e-001 -1.57041149342326e+000 3.37180095431776e+000 2.81947954272263e-006 236868 23
1.82631624440972e+005 1.72751972977582e+006 1.05327744489859e-001 5.15974003359088e-001 9.88008818323313e-002 3.37373674585437e+000 2.82264604893114e-006 237088 24
1.82622459371779e+005 1.72750444583572e+006 1.05323422748028e-001 6.51241141617938e-001 1.56139908886990e+000 3.65610989733101e+000 2.82306591202526e-006 257534 25
1.82628323693177e+005 1.72751299660766e+006 6.17785373758827e+000 7.91401115028366e-001 -1.56024856913968e+000 3.79020813542052e+000 2.82339285490895e-006 264116 26
1.82629695201596e+005 1.72750019969482e+006 6.17785217796246e+000 7.09529699510652e-001 -1.57041149342326e+000 3.93239960823538e+000 2.82339529580933e-006 272954 27
1.82618765020759e+005 1.72747651558951e+006 1.05322998129540e-001 5.09227361100390e-001 1.52199378810999e+000 4.09378851835278e+000 2.83246666925494e-006 287554 28
1.82621486757364e+005 1.72750286009472e+006 1.05322961919970e-001 5.61680985147744e-001 1.54001859721671e+000 4.45503064494170e+000 2.83608611928950e-006 311206 29
1.82625057996596e+005 1.72752126550176e+006 1.05323892479825e-001 3.54176150272115e-001 1.40972223776971e+000 4.55081259748629e+000 2.95295093385496e-006 318412 30
1.82620892163573e+005 1.72749131518444e+006 1.05323320213777e-001 4.93941050036763e-001 1.51547417630543e+000 4.71274915070201e+000 2.96467999533266e-006 328981 31
1.82623073861518e+005 1.72749931685700e+006 1.05324084927014e-001 5.64537671509535e-001 1.54088148701437e+000 4.95303297187438e+000 2.96810666678490e-006 347773 32
1.82621391817306e+005 1.72749009779479e+006 1.05323679929246e-001 5.09895947270171e-001 1.52218554139836e+000 5.04392652463939e+000 2.97709802392628e-006 353891 33
1.82627789976294e+005 1.72747972331601e+006 6.17785202939358e+000 7.59977565048664e-001 -1.56360425168615e+000 5.04882035359329e+000 2.97729560572655e-006 354637 34
1.82621026840711e+005 1.72748999289551e+006 1.05323477337053e-001 6.09849579652412e-001 1.55277019089328e+000 5.63438065807514e+000 2.97862267309361e-006 396304 35
1.82628127689462e+005 1.72752307708685e+006 6.17785445986035e+000 9.03328517905774e-001 -1.55056502807703e+000 5.69008697396206e+000 2.97929062193819e-006 400159 36
1.82622786010153e+005 1.72750264538511e+006 1.05323718700501e-001 4.10702071899044e-001 1.46628945783868e+000 5.72401166703744e+000 3.02471856920951e-006 402275 37
1.82621240553162e+005 1.72749013130168e+006 1.05323591306230e-001 3.56941665792572e-001 1.41336555024873e+000 5.98750937195460e+000 3.13599258528643e-006 419413 38
1.82622669844571e+005 1.72750366176465e+006 1.05323590688809e-001 5.14211367093302e-001 1.52381544434950e+000 6.05348594136091e+000 3.14437344548009e-006 423486 39
1.82629246935649e+005 1.72750968932659e+006 6.17785300890286e+000 8.39691270654812e-001 -1.55555061357463e+000 6.24645942742437e+000 3.14488054802908e-006 437848 40
1.82619341331929e+005 1.72748111470116e+006 1.05323049721332e-001 4.74612831674007e-001 1.50646177175207e+000 6.42883686933762e+000 3.16095787893840e-006 451505 41
1.82620085600727e+005 1.72748760378348e+006 1.05323083085579e-001 3.51045951386323e-001 1.40588717200232e+000 6.49769407265590e+000 3.28408856735544e-006 456241 42
1.82631262022698e+005 1.72751173251051e+006 6.17785197898214e+000 9.47242473148200e-001 -1.54759285210730e+000 6.89900786026243e+000 3.28483157400454e-006 486613 43
1.82618968976004e+005 1.72747819776140e+006 1.05323013086071e-001 2.63096479779692e-001 1.20569673894467e+000 6.97223738811811e+000 3.90601080874256e-006 491136 44
1.82621192598193e+005 1.72749243130233e+006 1.05323424659027e-001 4.36898493642276e-001 1.48498540345470e+000 7.05710315128326e+000 3.93567020113443e-006 497259 45
1.82630041063667e+005 1.72750795461435e+006 6.17785244930236e+000 8.62088907342471e-001 -1.55363308069094e+000 7.16530114511129e+000 3.93624474547293e-006 504330 46
1.82629356173746e+005 1.72749712553345e+006 6.17785218599450e+000 8.30422235119213e-001 -1.55631762672811e+000 7.21383138656656e+000 3.93672458232830e-006 508337 47
1.82624430323121e+005 1.72751331222301e+006 1.05324014477587e-001 6.89958358904339e-001 1.56811045396283e+000 7.57913490825835e+000 3.93677763689303e-006 532226 48
1.82621339568791e+005 1.72749968135071e+006 1.05323070031404e-001 4.99350519955899e-001 1.51777521576586e+000 7.80240590629896e+000 3.94751629810585e-006 546465 49
1.82620083852246e+005 1.72748999638702e+006 1.05322937286712e-001 2.23771456884399e-001 8.60924326456496e-001 7.93090409915566e+000 5.18387902077684e-006 557193 50
1.82630355372551e+005 1.72751136494554e+006 6.17785247576600e+000 8.67042523054939e-001 -1.55324957411420e+000 7.96078854851349e+000 5.18446603390735e-006 559495 51
1.82619207157155e+005 1.72748169951678e+006 1.05322937516414e-001 3.16188299716383e-001 1.35123748481704e+000 8.03116511206867e+000 5.41244907556520e-006 564838 52
1.82620802887077e+005 1.72749168288979e+006 1.05323246851927e-001 6.53398851529503e-001 1.56187847209082e+000 8.31962436559131e+000 5.41283344857173e-006 583373 53
1.82629303864875e+005 1.72751940147579e+006 6.17785356409355e+000 9.49460963620655e-001 -1.54749697546312e+000 8.43923555780912e+000 5.41357734284751e-006 592967 54
1.82622109329243e+005 1.72750409735729e+006 1.05323243447882e-001 2.85524506747796e-001 1.28086402798547e+000 8.62615883585769e+000 5.81676910676984e-006 606694 55
1.82627856710916e+005 1.72747983724417e+006 6.17785199808454e+000 8.68470866235834e-001 -1.55296194418165e+000 8.66846786168416e+000 5.81736884488287e-006 609469 56
1.82619449272535e+005 1.72748349743693e+006 1.05322967313851e-001 2.87469484696250e-001 3.37054342631306e-001 8.86947526988367e+000 5.98822991192475e-006 624917 57
1.82628563577230e+005 1.72749709383523e+006 6.17785263781693e+000 9.02690322016437e-001 -1.55046915143284e+000 9.49054904185321e+000 5.98890378817336e-006 668452 58
1.82619636508318e+005 1.72748305873381e+006 1.05323101052369e-001 6.54675243308176e-001 1.56216610202338e+000 1.01159881104595e+001 5.98926757582871e-006 709446 59
1.82627961365706e+005 1.72747917971308e+006 6.17785189837660e+000 9.98115802612436e-001 -1.54452479949339e+000 1.02875730381305e+001 5.99006903008145e-006 720952 60
1.82623537743423e+005 1.72751343692251e+006 1.05323495956744e-001 2.43677090575602e-001 1.10646441221351e+000 1.04012926195663e+001 6.89750312851911e-006 727464 61
1.82629475041092e+005 1.72750131151477e+006 6.17785237128704e+000 8.06626645531103e-001 -1.55861866618854e+000 1.04227802488470e+001 6.89789464782955e-006 728796 62
1.82621966322921e+005 1.72749635250858e+006 1.05323630289600e-001 2.86162702637133e-001 1.28268568422498e+000 1.07655059024673e+001 7.29615056813981e-006 753080 63
1.82623145969167e+005 1.72750468789909e+006 1.05323801156393e-001 5.48977847921908e-001 1.53608765480514e+000 1.07691592629972e+001 7.30072553956896e-006 753509 64
1.82624743395101e+005 1.72751184061415e+006 1.05324282761634e-001 3.31109927414675e-001 1.37693242545854e+000 1.09149737301731e+001 7.47540418767201e-006 765085 65
1.82624872084408e+005 1.72750947362686e+006 1.05324499680050e-001 6.05412598707503e-001 1.55161967116306e+000 1.11622312805180e+001 7.47688765609490e-006 781454 66
1.82628414230501e+005 1.72749538075795e+006 6.17785261963663e+000 9.47333643989533e-001 -1.54749697546312e+000 1.14287920936851e+001 7.47763523037667e-006 800928 67
1.82624397050873e+005 1.72751499717922e+006 1.05323893459049e-001 4.28723508202683e-001 1.47942455809198e+000 1.14920430856422e+001 7.51156306145623e-006 806613 68
1.82618504980050e+005 1.72747498347600e+006 1.05322941983624e-001 5.61164350380186e-001 1.54001859721671e+000 1.15861576693012e+001 7.51518984646634e-006 813519 69
1.82628525939607e+005 1.72749180109067e+006 6.17785233903964e+000 7.41956128745025e-001 -1.56590529114658e+000 1.19471315872488e+001 7.51530443681721e-006 840258 70
1.82625731655336e+005 1.72751314790442e+006 1.05324769394289e-001 4.87194407778065e-001 1.51231024704733e+000 1.22953427240297e+001 7.52845297749824e-006 864322 71
1.82620653196653e+005 1.72749103179210e+006 1.05323200561478e-001 2.65041457728146e-001 1.21336687047945e+000 1.23813848927390e+001 8.12664631101054e-006 871927 72
1.82621190510656e+005 1.72749261007634e+006 1.05323412644725e-001 4.60785254071721e-001 1.49917514679403e+000 1.26028198332804e+001 8.14680018058359e-006 885506 73
1.82625417278531e+005 1.72752179349154e+006 1.05324066203535e-001 2.70663659610394e-001 1.23407622562334e+000 1.26213440586605e+001 8.68339073684944e-006 886924 74
1.82622588412443e+005 1.72749898267002e+006 1.05323827244897e-001 2.24926287541293e-001 8.99850243995483e-001 1.29075768499308e+001 9.92073044810843e-006 905387 75
1.82620470252028e+005 1.72748803483892e+006 1.05323277202723e-001 3.54024198869892e-001 1.40972223776971e+000 1.30268335274757e+001 1.00377056425875e-005 914781 76
1.82628496867134e+005 1.72748544555346e+006 6.17785197103495e+000 9.21167612526746e-001 -1.54912687841426e+000 1.31560698933158e+001 1.00384168041661e-005 925274 77
1.82627285972420e+005 1.72752019033685e+006 1.05325232988899e-001 6.66314720718452e-001 1.56408363490707e+000 1.36291696896405e+001 1.00386539436540e-005 956688 78
1.82620006188595e+005 1.72748903517673e+006 1.05322950997453e-001 5.62714254682860e-001 1.54040210379345e+000 1.37581868169754e+001 1.00421901995576e-005 966355 79
1.82623957318689e+005 1.72750326342655e+006 1.05324351839056e-001 2.43373187771156e-001 1.10454687932981e+000 1.38353288607925e+001 1.09548266545204e-005 971604 80
1.82624844254393e+005 1.72752248210120e+006 1.05323696493166e-001 3.78549155188672e-001 1.43743058793908e+000 1.38741887355409e+001 1.10321656324102e-005 974152 81
1.82624508263287e+005 1.72752217274241e+006 1.05323522871479e-001 5.93165315688335e-001 1.54855161854915e+000 1.39130567805764e+001 1.10341156304568e-005 976242 82
1.82627690404815e+005 1.72748083331291e+006 6.17785215357548e+000 9.63531663466497e-001 -1.54644233237709e+000 1.42328407483484e+001 1.10348865528559e-005 998861 83
1.82628517552917e+005 1.72750407511468e+006 6.17785308667787e+000 8.09665673575561e-001 -1.55833103625599e+000 1.44254303384139e+001 1.10352891118164e-005 1011877 84
1.82627204939629e+005 1.72751852495041e+006 1.05325287388123e-001 5.18162103551098e-001 1.52525359401227e+000 1.45563602285908e+001 1.10431498180391e-005 1020420 85
1.82630816649781e+005 1.72752126327835e+006 1.05327189248549e-001 2.37021619158238e-001 1.05747144703513e+000 1.45828289634221e+001 1.20720393747577e-005 1022672 86
1.82623091773315e+005 1.72749931720505e+006 1.05324095159982e-001 5.61620204586855e-001 1.54001859721671e+000 1.49846270927996e+001 1.20756596866101e-005 1053061 87
1.82622736629905e+005 1.72750786797268e+006 1.05323374367513e-001 5.91341898861659e-001 1.54816811197241e+000 1.51000724455258e+001 1.20776752434699e-005 1058668 88
1.82620809059288e+005 1.72749023116427e+006 1.05323338242427e-001 2.93669101906945e-001 1.30243627292703e+000 1.51516017751868e+001 1.24232270717450e-005 1062360 89
1.82618590857454e+005 1.72747582418668e+006 1.05322940267559e-001 3.00810817811423e-001 1.31950231559191e+000 1.56167867710633e+001 1.27254962884510e-005 1095658 90
1.82625175431170e+005 1.72751234636570e+006 1.05324499481499e-001 4.99745593601679e-001 1.51787109241005e+000 1.56864879595651e+001 1.27361869554532e-005 1100811 91
1.82621606238248e+005 1.72749162673555e+006 1.05323710149789e-001 4.90932412272749e-001 1.51413190328684e+000 1.57067588143535e+001 1.27485132173088e-005 1102197 92
1.82619556731583e+005 1.72748355818045e+006 1.05323025155752e-001 4.59296130329936e-001 1.49840813364055e+000 1.58994268908227e+001 1.27691371973871e-005 1115062 93
1.82628353562007e+005 1.72748494651867e+006 6.17785202287142e+000 7.50769310073955e-001 -1.56475477141636e+000 1.62995525332440e+001 1.27692921125339e-005 1144699 94
1.82625408863560e+005 1.72751044935104e+006 1.05324747920039e-001 3.80190230332680e-001 1.43915636753441e+000 1.64670691009095e+001 1.28444853343739e-005 1156578 95
1.82621440433089e+005 1.72750187122694e+006 1.05322995245356e-001 2.46199483852503e-001 1.12237993514817e+000 1.64955965998442e+001 1.37087183974071e-005 1158145 96
1.82628496432619e+005 1.72748669761170e+006 6.17785204706063e+000 7.27976599740516e-001 -1.56772694738609e+000 1.66225425958818e+001 1.37087763978419e-005 1167567 97
1.82629440570167e+005 1.72751197275125e+006 6.17785303624689e+000 8.76767412797206e-001 -1.55248256096072e+000 1.72615507394085e+001 1.37093882326760e-005 1213592 98
1.82622369082044e+005 1.72750237598006e+006 1.05323496324650e-001 4.16962469670628e-001 1.47108329004791e+000 1.73124857277205e+001 1.37504077693398e-005 1217793 99
1.82623105973272e+005 1.72751608562562e+006 1.05323088487092e-001 6.88256503199443e-001 1.56782282403027e+000 1.75240732729894e+001 1.37504702364567e-005 1232246 100
1.82621540880605e+005 1.72750326576330e+006 1.05322968353606e-001 6.34739219336528e-001 1.55813928296762e+000 1.82016429401398e+001 1.37511743421165e-005 1282729 101
1.82623220105253e+005 1.72750490230245e+006 1.05323830621767e-001 2.26202679319966e-001 9.28421483962523e-001 1.85264622340912e+001 1.49754201323701e-005 1307354 102
1.82628104544651e+005 1.72750700270884e+006 6.17785350029262e+000 9.82920662390143e-001 -1.54548356593524e+000 1.92138755739864e+001 1.49762030940812e-005 1353262 103
1.82622630858514e+005 1.72749921010075e+006 1.05323837780260e-001 6.33705949801412e-001 1.55794752967925e+000 1.93805102425339e+001 1.49769263383172e-005 1364606 104
1.82628948863201e+005 1.72749353690525e+006 6.17785220198040e+000 7.54264192325082e-001 -1.56437126483963e+000 1.94478702423194e+001 1.49770950236133e-005 1370004 105
1.82630534123424e+005 1.72751983483492e+006 1.05327113961439e-001 2.57322326495221e-001 4.42710404522843e-001 1.94950025806466e+001 1.53504005080328e-005 1372652 106
1.82618785183110e+005 1.72747776001830e+006 1.05322934360079e-001 6.12463143770646e-001 1.55344132740257e+000 1.97417349608548e+001 1.53516404537726e-005 1391401 107
1.82628206012407e+005 1.72748493771804e+006 6.17785210680767e+000 9.31287575914792e-001 -1.54845574190497e+000 1.99915887799734e+001 1.53523680824527e-005 1406000 108
1.82621583097993e+005 1.72749613562006e+006 1.05323424028897e-001 7.00382225096832e-001 1.56983623355815e+000 2.00434880969790e+001 1.53523784744351e-005 1409365 109
1.82622814068318e+005 1.72751418621369e+006 1.05323036329456e-001 3.74932711815767e-001 1.89500187231056e-001 2.01099776254535e+001 1.53799968123661e-005 1414908 110
1.82628493718176e+005 1.72748502846526e+006 6.17785194759467e+000 8.50267088249528e-001 -1.55449597048860e+000 2.03071279224213e+001 1.53805437815717e-005 1429662 111
1.82627943965371e+005 1.72748462936946e+006 6.17785223816201e+000 7.22324007577823e-001 -1.56849396053957e+000 2.03298094509438e+001 1.53805815445337e-005 1432047 112
1.82628886716389e+005 1.72749761545243e+006 6.17785248439709e+000 7.58397270465546e-001 -1.56389188161870e+000 2.04719172089953e+001 1.53807678719458e-005 1445852 113
1.82630905675016e+005 1.72750685632239e+006 6.17785188786810e+000 8.47197669924625e-001 -1.55487947706534e+000 2.07210568059960e+001 1.53812993254136e-005 1462338 114
1.82623731862078e+005 1.72750519199673e+006 1.05324106056096e-001 5.92040875311885e-001 1.54835986526078e+000 2.07937899874130e+001 1.53832835069113e-005 1467824 115
1.82618629799997e+005 1.72747599343976e+006 1.05322952318353e-001 2.29545610168870e-001 6.42133824427015e-001 2.09144977265049e+001 1.62705779773393e-005 1475702 116
1.82629375019907e+005 1.72749562757710e+006 6.17785208454707e+000 9.36666655553484e-001 -1.54816811197241e+000 2.11232331391774e+001 1.62713107224945e-005 1489530 117
1.82626707429617e+005 1.72751785049836e+006 1.05325043397210e-001 4.80721278043369e-001 1.50924219443342e+000 2.15266000422780e+001 1.62859367438052e-005 1515084 118
1.82628680112107e+005 1.72751964812241e+006 6.17785393609820e+000 9.84136273607926e-001 -1.54548356593524e+000 2.16340156380579e+001 1.62867175794309e-005 1521480 119
1.82620567853238e+005 1.72749301839439e+006 1.05323031477390e-001 6.53945876577506e-001 1.56197434873501e+000 2.16391701391056e+001 1.62870948794672e-005 1522020 120
1.82628759672165e+005 1.72749801074723e+006 6.17785258105028e+000 9.58638828314919e-001 -1.54682583895383e+000 2.17619250531159e+001 1.62878556962069e-005 1531053 121
1.82622384333068e+005 1.72749699750072e+006 1.05323830555423e-001 2.94033785272280e-001 1.30329916272469e+000 2.17911133139967e+001 1.66311176331404e-005 1532720 122
1.82632346284418e+005 1.72752080154522e+006 6.17785190714333e+000 9.15545410644497e-001 -1.54970213827937e+000 2.19826590776778e+001 1.66318091998108e-005 1545812 123
1.82620470890570e+005 1.72749044476754e+006 1.05323131721649e-001 2.44923092073830e-001 1.11461392696921e+000 2.21487060189693e+001 1.75174870242701e-005 1558086 124
1.82620708491068e+005 1.72749244854611e+006 1.05323146475740e-001 3.30319780123115e-001 1.37578190572832e+000 2.21576185769133e+001 1.76944879415838e-005 1559566 125
1.82619901319835e+005 1.72748732222752e+006 1.05322994628375e-001 5.48673945117462e-001 1.53608765480514e+000 2.24767127562096e+001 1.76990684896932e-005 1581635 126
1.82619660895716e+005 1.72748204201879e+006 1.05323176544492e-001 4.55679686957030e-001 1.49639472411267e+000 2.33975536607993e+001 1.77209327431772e-005 1648225 127
1.82621469271742e+005 1.72749528081854e+006 1.05323410597922e-001 3.39376083695602e-001 1.38968401913511e+000 2.37170234370915e+001 1.78718229925945e-005 1672781 128
1.82625366004614e+005 1.72750981164006e+006 1.05324761978344e-001 5.87664674927865e-001 1.54720934553056e+000 2.38100707509661e+001 1.78740010451991e-005 1677852 129
1.82621083731715e+005 1.72749775427113e+006 1.05323040195593e-001 6.56650611537074e-001 1.56245373195593e+000 2.39757088036588e+001 1.78743439543342e-005 1687772 130
1.82623807656122e+005 1.72751347413210e+006 1.05323648221531e-001 3.92042439706068e-001 1.45046981154820e+000 2.40349008810528e+001 1.79361087556408e-005 1692510 131
1.82619458483202e+005 1.72748327097152e+006 1.05322986292257e-001 2.95127835368285e-001 1.30607958540605e+000 2.40349009681385e+001 1.82722642391157e-005 1692514 132
1.82629302087844e+005 1.72750607557142e+006 6.17785275862314e+000 8.98040609108416e-001 -1.55085265800958e+000 2.42810020415490e+001 1.82729261141644e-005 1710219 133
1.82618986750940e+005 1.72747799373848e+006 1.05323035609215e-001 5.03848281461698e-001 1.51978862529374e+000 2.43335149322819e+001 1.82828554668434e-005 1713261 134
1.82622107224231e+005 1.72750844949875e+006 1.05322978858120e-001 2.42431089077374e-001 1.09821902081362e+000 2.45584672657537e+001 1.92121378241333e-005 1731783 135
1.82619855242104e+005 1.72748686628539e+006 1.05322995843068e-001 4.57259981540149e-001 1.49725761391034e+000 2.47376907934985e+001 1.92334612469621e-005 1744331 136
1.82628161353541e+005 1.72749433585429e+006 6.17785270116346e+000 8.80475027011446e-001 -1.55209905438398e+000 2.48144293484028e+001 1.92340871015015e-005 1750497 137
1.82625092204204e+005 1.72751065689193e+006 1.05324554081915e-001 6.36349904200091e-001 1.55842691290017e+000 2.49692539237010e+001 1.92347628554762e-005 1760365 138
1.82628724889137e+005 1.72750850100252e+006 6.17785323584095e+000 7.65356644687356e-001 -1.56312486846522e+000 2.50886729671744e+001 1.92349778430365e-005 1767043 139
1.82620204239388e+005 1.72749087813443e+006 1.05322952843184e-001 6.50846067972158e-001 1.56139908886990e+000 2.53104503928870e+001 1.92353982670344e-005 1782944 140
1.82619010870574e+005 1.72747829549907e+006 1.05323031154885e-001 2.23376383238619e-001 7.87195187078463e-001 2.53814645717860e+001 2.04124527949197e-005 1789413 141
1.82627674746086e+005 1.72748073002548e+006 6.17785215628862e+000 8.18205342380490e-001 -1.55737226981414e+000 2.56263640388543e+001 2.04128938856689e-005 1806127 142
1.82628283114892e+005 1.72751295876139e+006 6.17785375852762e+000 8.29267404462319e-001 -1.55650938001648e+000 2.59017368524276e+001 2.04133653869104e-005 1825332 143
1.82627510468467e+005 1.72752023558707e+006 1.05325358766871e-001 5.98909078692361e-001 1.54998976821192e+000 2.59151981186421e+001 2.04150878797515e-005 1827002 144
1.82627703207195e+005 1.72748520873347e+006 6.17785241105488e+000 9.00441441263538e-001 -1.55056502807703e+000 2.59289384380294e+001 2.04157605492654e-005 1828609 145
1.82620196072627e+005 1.72748466076208e+006 1.05323324437542e-001 6.53702754333949e-001 1.56197434873501e+000 2.61111260970756e+001 2.04161381580830e-005 1841871 146
1.82624198042345e+005 1.72750632068208e+006 1.05324304624034e-001 6.27050478384047e-001 1.55650938001648e+000 2.62389133502098e+001 2.04170102162268e-005 1850841 147
1.82622242227215e+005 1.72751041740759e+006 1.05322937049000e-001 5.58945859907731e-001 1.53915570741905e+000 2.65240407258271e+001 2.04208270063677e-005 1871645 148
1.82627964480234e+005 1.72750866823690e+006 6.17785368127350e+000 9.36271581907704e-001 -1.54826398861660e+000 2.70958475616412e+001 2.04215556575339e-005 1912003 149
1.82623563286893e+005 1.72751867483460e+006 1.05323193590534e-001 4.69172971474426e-001 1.50348959578234e+000 2.73764173866845e+001 2.04392033466117e-005 1932719 150
1.82619281254765e+005 1.72748061531669e+006 1.05323045550748e-001 6.68320479227794e-001 1.56465889477218e+000 2.73944481180924e+001 2.04394083867908e-005 1934631 151
1.82628083821172e+005 1.72748801727923e+006 6.17785236313981e+000 7.07128867355530e-001 -1.57069912335582e+000 2.76168003366110e+001 2.04394086767570e-005 1950998 152
1.82627816459179e+005 1.72748178640498e+006 6.17785213909500e+000 8.01764200659969e-001 -1.55900217276528e+000 2.76168979447369e+001 2.04397862913629e-005 1951045 153
1.82630337154751e+005 1.72751860327013e+006 6.17785292426199e+000 9.12567163160928e-001 -1.54989389156774e+000 2.76305090643958e+001 2.04404731105036e-005 1951680 154
1.82624089152993e+005 1.72751362080459e+006 1.05323800493351e-001 2.99321694069638e-001 1.31585900311289e+000 2.79261037321881e+001 2.07515843538355e-005 1968425 155
1.82627642767516e+005 1.72748006368844e+006 6.17785213426764e+000 8.37867853828137e-001 -1.55555061357463e+000 2.79398767590335e+001 2.07520938874446e-005 1969894 156
1.82625591471510e+005 1.72752087187273e+006 1.05324221698110e-001 4.89595239933188e-001 1.51336489013337e+000 2.80471445141172e+001 2.07647486583993e-005 1977410 157
1.82630510974665e+005 1.72750558233316e+006 6.17785203671918e+000 9.12931846526263e-001 -1.54979801492355e+000 2.83624987940759e+001 2.07654397252721e-005 1995548 158
1.82622392572719e+005 1.72750338330416e+006 1.05323448810432e-001 3.25487725532426e-001 1.36772826761681e+000 2.86128752521924e+001 2.09584343966004e-005 2009834 159
1.82625849449199e+005 1.72751941242595e+006 1.05324457705456e-001 2.96768910512293e-001 1.30981877452925e+000 2.87733338233796e+001 2.12847704519737e-005 2019148 160
1.82621968290888e+005 1.72749426746822e+006 1.05323757601037e-001 6.41121178229891e-001 1.55948155598621e+000 2.89388925851943e+001 2.12853496429063e-005 2031088 161
1.82625885168988e+005 1.72751381693399e+006 1.05324816786995e-001 6.31791362133403e-001 1.55746814645833e+000 2.89580596993446e+001 2.12861201100965e-005 2032536 162
1.82629302666863e+005 1.72751381622563e+006 6.17785322675987e+000 9.41255587900616e-001 -1.54797635868404e+000 2.89718821629305e+001 2.12868544885315e-005 2033383 163
1.82624172703039e+005 1.72750686990190e+006 1.05324256879740e-001 2.24835116699959e-001 7.26025888088626e-001 2.91270592414201e+001 2.23642239834470e-005 2043152 164
1.82620588002834e+005 1.72749427771367e+006 1.05322966800059e-001 2.52216759380531e-001 1.15593676061281e+000 2.93641427365899e+001 2.31328826274508e-005 2057521 165
1.82625736182461e+005 1.72752212267755e+006 1.05324228843401e-001 5.78547590794489e-001 1.54471655278176e+000 2.94102897875831e+001 2.31355131727825e-005 2060635 166
1.82626184941522e+005 1.72751676381776e+006 1.05324810054608e-001 4.74248148308672e-001 1.50607826517533e+000 2.94269783309110e+001 2.31517622352317e-005 2061673 167
1.82620138627960e+005 1.72748399098885e+006 1.05323332085906e-001 4.23526770246659e-001 1.47597299890133e+000 2.97091290343502e+001 2.31885715410432e-005 2081751 168
1.82624449364102e+005 1.72751635671433e+006 1.05323841129667e-001 3.52504684847663e-001 1.40761295159764e+000 2.97279078636089e+001 2.33088151363295e-005 2082767 169
1.82628045589047e+005 1.72748430545511e+006 6.17785216038079e+000 7.23691570197829e-001 -1.56830220725120e+000 2.98670476022554e+001 2.33088577145340e-005 2092068 170
1.82629164026118e+005 1.72749512722708e+006 6.17785217505370e+000 8.84304202347463e-001 -1.55181142445143e+000 3.04515174452286e+001 2.33094923778300e-005 2131939 171
1.82626606417887e+005 1.72751856641325e+006 1.05324942244805e-001 5.96538636817684e-001 1.54941450834681e+000 3.04859078678076e+001 2.33113044596541e-005 2135189 172
1.82626936938828e+005 1.72752296313436e+006 1.05324865372124e-001 2.30335757460429e-001 6.32450283364360e-001 3.05782250841127e+001 2.41737601781680e-005 2143338 173
1.82623071117415e+005 1.72751613291233e+006 1.05323065671524e-001 3.70252608627301e-001 1.42870581331828e+000 3.09412372081087e+001 2.42626264298859e-005 2167230 174
1.82625991608722e+005 1.72751761306027e+006 1.05324647982577e-001 3.48857851194312e-001 1.40281911938841e+000 3.10337198825940e+001 2.43906903109584e-005 2173986 175
1.82623150327674e+005 1.72750166028314e+006 1.05323986879706e-001 5.33418024334280e-001 1.53091031601917e+000 3.11546115523712e+001 2.43967166219239e-005 2180811 176
1.82620796523293e+005 1.72748868811598e+006 1.05323424449840e-001 6.80324640003406e-001 1.56667230430006e+000 3.11921075372870e+001 2.43968230653567e-005 2184745 177
1.82622082565361e+005 1.72749384465334e+006 1.05323848608795e-001 5.06157942775487e-001 1.52065151509140e+000 3.12701070945794e+001 2.44064020736222e-005 2190217 178
1.82618845552047e+005 1.72747745881821e+006 1.05322987148575e-001 5.28160505817367e-001 1.52918453642384e+000 3.15334836204505e+001 2.44129718337867e-005 2207637 179
1.82622270429244e+005 1.72750167231697e+006 1.05323482433435e-001 2.31247465873767e-001 1.00176711676382e+000 3.17044960688305e+001 2.55518009233595e-005 2219275 180
1.82618839964391e+005 1.72747772475404e+006 1.05322967855487e-001 2.67472680163713e-001 1.22276278160955e+000 3.20050293383392e+001 2.61221759675768e-005 2238347 181
1.82620425696030e+005 1.72748560580630e+006 1.05323398698571e-001 3.44846334175627e-001 1.39754590395825e+000 3.20965259577087e+001 2.62592603232022e-005 2245434 182
1.82629114421821e+005 1.72749574678018e+006 6.17785224094714e+000 9.16335557936056e-001 -1.54951038499100e+000 3.22038592056985e+001 2.62599602599698e-005 2253649 183
1.82623022126452e+005 1.72750449764245e+006 1.05323741774030e-001 5.87178430440751e-001 1.54711346888638e+000 3.22585974383377e+001 2.62621559330158e-005 2256333 184
1.82623818966914e+005 1.72751580776649e+006 1.05323513468815e-001 5.74931147421583e-001 1.54375778633992e+000 3.23862448000056e+001 2.62649750119284e-005 2264449 185
1.82620573650495e+005 1.72749161192033e+006 1.05323119914421e-001 3.89094582502943e-001 1.44788114215522e+000 3.24024234977123e+001 2.63297325227789e-005 2266088 186
1.82620321552627e+005 1.72749090527712e+006 1.05323018359617e-001 6.08633968434629e-001 1.55248256096072e+000 3.25293703322855e+001 2.63310983515833e-005 2273892 187
1.82628163324882e+005 1.72749410474705e+006 6.17785268604803e+000 9.38034218173490e-001 -1.54807223532823e+000 3.26423180892812e+001 2.63318335139002e-005 2281536 188
1.82620756798899e+005 1.72749413773997e+006 1.05323071902700e-001 3.62746209357488e-001 2.03018794061098e-001 3.29981524404753e+001 2.63664189967233e-005 2303540 189
1.82623072271789e+005 1.72751481794728e+006 1.05323145911538e-001 2.66196288385040e-001 1.21768131946776e+000 3.30007455741352e+001 2.69515717810935e-005 2303805 190
1.82626094301755e+005 1.72751461236137e+006 1.05324888370370e-001 2.40030256922252e-001 1.08115297814875e+000 3.36639176947357e+001 2.79242727918796e-005 2350281 191
1.82618725468048e+005 1.72747645386130e+006 1.05322979222105e-001 5.19560056451549e-001 1.52602060716575e+000 3.37950984458571e+001 2.79318878467084e-005 2358258 192
1.82621180735560e+005 1.72749745586862e+006 1.05323113786734e-001 2.81786502253112e-001 3.53161618854335e-001 3.38841531550693e+001 2.81282744713759e-005 2364680 193
1.82623689664137e+005 1.72751998847109e+006 1.05323186438694e-001 5.97723857755023e-001 1.54970213827937e+000 3.40878687966569e+001 2.81300414386777e-005 2379583 194
1.82622215990727e+005 1.72749975811079e+006 1.05323567114386e-001 4.37111225605389e-001 1.48508128009888e+000 3.42248302289089e+001 2.81596200242414e-005 2388189 195
1.82620970976904e+005 1.72749230873092e+006 1.05323305204059e-001 2.40394940287587e-001 1.08402927747429e+000 3.43220088691522e+001 2.91253926247986e-005 2394790 196
1.82623930673211e+005 1.72751395198227e+006 1.05323689726229e-001 2.69296096990388e-001 3.94005069277017e-001 3.43747081932839e+001 2.93954081532083e-005 2398728 197
1.82627823883322e+005 1.72747920648630e+006 6.17785197870286e+000 9.24966397582319e-001 -1.54883924848170e+000 3.47899434650792e+001 2.93961273502943e-005 2432971 198
1.82630132904821e+005 1.72750311781757e+006 6.17785210399793e+000 7.61861762436228e-001 -1.56350837504196e+000 3.50653881550384e+001 2.93963279312873e-005 2451426 199
1.82621507940991e+005 1.72749701913539e+006 1.05323327534041e-001 4.52640658912572e-001 1.49457306787317e+000 3.50862249668906e+001 2.94193323480442e-005 2453269 200
