1.43448910581075e+004 1.73705393476712e+006 8.25798479225231e-003 7.18808352223607e-002 1.11432629703665e+000 6.17728626563986e-004 1.31461136734953e-005 96 1
1.43446321982678e+004 1.73704149397567e+006 8.25789492048358e-003 3.52687026530330e-001 1.55833103625599e+000 5.20456706382904e-002 1.31486188898155e-005 3889 2
1.43465131643348e+004 1.73708970174267e+006 8.25874850980209e-003 3.36580177894700e-001 1.55334545075838e+000 7.13462870612697e-002 1.31532862686357e-005 5814 3
1.43472802342013e+004 1.73708740088870e+006 8.25920100220694e-003 5.17432736820428e-001 1.56398775826289e+000 7.26884171521018e-002 1.31537090953635e-005 5983 4
1.43466493452553e+004 1.73707184901433e+006 8.25891177657851e-003 1.06799267453189e-001 1.38824586947233e+000 7.84522820646871e-002 1.50945522131662e-005 6365 5
1.43459996053925e+004 1.73708721457537e+006 8.25846471060272e-003 1.09625563534536e-001 1.74735184026612e-001 8.29726445527951e-002 1.54395872150540e-005 7003 6
1.43530027545655e+004 1.73705489597229e+006 6.27491735029719e+000 9.71980161430092e-001 -1.56983623355815e+000 8.53608533992735e-002 1.54395922685203e-005 7164 7
1.43473645061756e+004 1.73707631775754e+006 8.25930220666709e-003 7.49310576612615e-001 1.56878159047212e+000 8.67515485439660e-002 1.54396205857401e-005 7438 8
1.43469291927741e+004 1.73708282028143e+006 8.25902070738007e-003 7.88726770349242e-001 1.56868571382794e+000 9.65942510030051e-002 1.54396477759490e-005 8093 9
1.43454204271964e+004 1.73708058226901e+006 8.25816284290314e-003 9.63227760662052e-001 1.56993211020234e+000 1.03291931600163e-001 1.54396521538463e-005 8775 10
1.43447788786385e+004 1.73704753691902e+006 8.25795063032663e-003 5.57061662520167e-001 1.56782282403027e+000 1.34667046120060e-001 1.54397516290822e-005 10890 11
1.43465332933726e+004 1.73708410135814e+006 8.25878672195837e-003 6.15958026021774e-001 1.56648055101169e+000 1.38572696600107e-001 1.54398937623859e-005 11536 12
1.43475257628794e+004 1.73708565913111e+006 8.25935061877885e-003 4.92664658258091e-001 1.56331662175359e+000 1.50131416336425e-001 1.54404386090922e-005 12081 13
1.43470982321817e+004 1.73707764523709e+006 8.25914261714765e-003 5.10807655683508e-001 1.56446714148381e+000 1.51190843016214e-001 1.54408270675891e-005 12159 14
1.43529380341648e+004 1.73705203335778e+006 6.27491737393740e+000 9.51193209605996e-001 -1.56974035691397e+000 1.62692645091371e-001 1.54408332115385e-005 12418 15
1.43462340746890e+004 1.73706600355703e+006 8.25870051959658e-003 8.79776050561220e-001 1.57050737006745e+000 1.75391030077483e-001 1.54408341859490e-005 13007 16
1.43451174235056e+004 1.73708616438961e+006 8.25796188626655e-003 3.22752600292413e-001 1.55200317773980e+000 1.79669643594114e-001 1.54465721835507e-005 13854 17
1.43459576703489e+004 1.73706288796502e+006 8.25855622089634e-003 7.83134958747438e-001 1.57002798684652e+000 1.80721564784501e-001 1.54465779340520e-005 14051 18
1.43476569155008e+004 1.73707923407105e+006 8.25945666350120e-003 7.93285312415930e-001 1.56897334376049e+000 2.00973817053503e-001 1.54465993199187e-005 15184 19
1.43471627544264e+004 1.73708057748206e+006 8.25916581763470e-003 7.31319530589420e-001 1.56830220725120e+000 2.07624761685778e-001 1.54466409271958e-005 15508 20
1.43467174243670e+004 1.73707175677561e+006 8.25895140431675e-003 7.46210768007267e-001 1.56906922040468e+000 2.20383943994458e-001 1.54466634253126e-005 16803 21
1.43468607147477e+004 1.73706737888578e+006 8.25905470240658e-003 3.68915436287739e-001 1.55794752967925e+000 2.36168781925626e-001 1.54490413554275e-005 17785 22
1.43451153428060e+004 1.73707052952485e+006 8.25803501265247e-003 2.03227627303859e-001 1.52295255455184e+000 2.40434709910982e-001 1.55154523152356e-005 18232 23
1.43483322851131e+004 1.73708139986849e+006 8.25983513513872e-003 8.99438562008867e-001 1.56954860362560e+000 2.60001466368885e-001 1.55154613194254e-005 19837 24
1.43466332989355e+004 1.73707023820077e+006 8.25891019790701e-003 6.44656067938818e-002 7.09822735221412e-001 2.67575640541058e-001 3.19351913718699e-005 20515 25
1.43453949342955e+004 1.73705967147773e+006 8.25824757557435e-003 8.27595939037867e-001 1.57060324671163e+000 2.76388555114884e-001 3.19351919677084e-005 21434 26
1.43491883444954e+004 1.73708932882183e+006 8.26029021369711e-003 4.26960871936897e-001 1.56024856913968e+000 3.10464494312945e-001 3.19364628073906e-005 23438 27
1.43448440366818e+004 1.73705235628091e+006 8.25796522824978e-003 5.47275992217011e-001 1.56724756416517e+000 3.21456035589278e-001 3.19365988981880e-005 24876 28
1.43462359348103e+004 1.73706720344818e+006 8.25869588586880e-003 6.69688041847801e-001 1.56849396053957e+000 3.48814637989860e-001 3.19366435004581e-005 26956 29
1.43450573497829e+004 1.73706577638612e+006 8.25802422476692e-003 6.69384139043355e-001 1.56858983718375e+000 3.71621828804521e-001 3.19366852946098e-005 28334 30
1.43453869184384e+004 1.73706581853131e+006 8.25821373869136e-003 6.53773152072194e-002 9.27654470809046e-001 3.83525834950205e-001 5.07228197595770e-005 29319 31
1.43489172400694e+004 1.73708940669657e+006 8.26013378584353e-003 1.26917633107505e-001 1.29193778038881e-001 3.84546946350455e-001 5.08498815413367e-005 29535 32
1.43452121348756e+004 1.73706436408051e+006 8.25812003978932e-003 6.25105500435594e-001 1.56801457731864e+000 4.04310031490450e-001 5.08499511521508e-005 30642 33
1.43473787167337e+004 1.73707463559099e+006 8.25931838471624e-003 5.59979129442847e-001 1.56600116779077e+000 4.17834577540176e-001 5.08501575334157e-005 31881 34
1.43456191603460e+004 1.73705403397838e+006 8.25840345127079e-003 7.78272513876305e-001 1.57060324671163e+000 4.20970513709553e-001 5.08501582155018e-005 32436 35
1.43449469815608e+004 1.73706475271664e+006 8.25796555821888e-003 4.92056852649199e-001 1.56475477141636e+000 4.66605033668369e-001 5.08505506566899e-005 35307 36
1.43461865221617e+004 1.73705943208889e+006 8.25870438822394e-003 1.70861978630375e-001 1.50291433591723e+000 4.91834154089287e-001 5.10154981112521e-005 37194 37
1.43456112135160e+004 1.73706288057398e+006 8.25835681984319e-003 4.99563251919012e-001 1.56513827799310e+000 5.08472619398932e-001 5.10158410082972e-005 38473 38
1.43464220886705e+004 1.73708293546515e+006 8.25872825112109e-003 7.39473742925925e-002 1.14625321955016e+000 5.80366572266464e-001 6.26732677040068e-005 42698 39
1.43446939773544e+004 1.73704550044883e+006 8.25791143780768e-003 1.00781991925161e-001 1.36619424130985e+000 5.89824010955864e-001 6.52437979183741e-005 43363 40
1.43460678731411e+004 1.73706022775554e+006 8.25863230563110e-003 1.00508479401160e-001 1.36389320184942e+000 6.19092928281734e-001 6.78683747335800e-005 45386 41
1.43488665724433e+004 1.73708436217612e+006 8.26012860610044e-003 4.62456719496173e-001 1.56226197866756e+000 6.19800058041666e-001 6.78691428686892e-005 45809 42
1.43464714201934e+004 1.73706761125995e+006 8.25882950270666e-003 1.06556145209633e-001 1.38767060960723e+000 6.42490803955759e-001 6.98281132824013e-005 47057 43
1.43467797712704e+004 1.73706501190905e+006 8.25901936126826e-003 3.17890155421280e-001 1.55286606753746e+000 6.42955470613964e-001 6.98336315552362e-005 47233 44
1.43454394865316e+004 1.73708802033857e+006 8.25813845498428e-003 1.59739135987657e-001 1.49064212546159e+000 6.45827764926268e-001 7.00788231368545e-005 47598 45
1.43463342674164e+004 1.73706129454997e+006 8.25878058263459e-003 5.11141948768399e-001 1.56561766121403e+000 6.56999202822473e-001 7.00791073650166e-005 48636 46
1.43454996789899e+004 1.73708555080028e+006 8.25818484372738e-003 9.44912038731322e-002 1.33234978591266e+000 6.59105158554190e-001 7.36937866005020e-005 48808 47
1.43457347961838e+004 1.73705521108798e+006 8.25846442074763e-003 3.66757726376173e-001 1.55861866618854e+000 6.95163346158418e-001 7.36960037676257e-005 51054 48
1.43446508524733e+004 1.73704408006579e+006 8.25789336510789e-003 5.76055587798033e-001 1.56849396053957e+000 6.97528740316722e-001 7.36960658909796e-005 51129 49
1.43474533164581e+004 1.73708156625505e+006 8.25932837542602e-003 8.54248214987768e-001 1.56926097369304e+000 7.00751411897033e-001 7.36960798095857e-005 51640 50
1.43465805252426e+004 1.73706325302848e+006 8.25891302865832e-003 5.32384754799164e-001 1.56609704443495e+000 7.07729949527959e-001 7.36963033470489e-005 52234 51
1.43477776700400e+004 1.73707903250612e+006 8.25952713297346e-003 6.66952916607788e-001 1.56763107074190e+000 7.16464606634254e-001 7.36963771049996e-005 52716 52
1.43456200432932e+004 1.73705397048469e+006 8.25840426138931e-003 6.21975301549802e-001 1.56868571382794e+000 7.42440094388722e-001 7.36964229561373e-005 55522 53
1.43447912719465e+004 1.73704451540020e+006 8.25797212826841e-003 3.68155679276624e-001 1.55948155598621e+000 7.59331100445909e-001 7.36983855060717e-005 56855 54
1.43528581703675e+004 1.73706142363905e+006 6.27491746457507e+000 9.91703453438628e-001 -1.57021974013489e+000 7.59357583833740e-001 7.36983876959587e-005 56886 55
1.43477978368639e+004 1.73707909331612e+006 8.25953845267057e-003 4.02952550385674e-001 1.55957743263039e+000 7.60234446892267e-001 7.36999755732637e-005 57000 56
1.43450561942924e+004 1.73704807707078e+006 8.25810769932354e-003 6.43886693750348e-001 1.56945272698141e+000 7.69281190703373e-001 7.36999966464743e-005 57234 57
1.43460844476263e+004 1.73707441164260e+006 8.25857441471622e-003 1.72016809287270e-001 1.50281845927305e+000 7.92874492805198e-001 7.38628621258141e-005 58187 58
1.43466331657901e+004 1.73707223611646e+006 8.25890062260448e-003 8.88346109646593e-001 1.57012386349071e+000 8.08718109055382e-001 7.38628656686605e-005 60051 59
1.43450495623742e+004 1.73705781479814e+006 8.25805758987379e-003 5.09470483343946e-001 1.56580941450240e+000 8.09056995732019e-001 7.38631356854438e-005 60154 60
1.43459862452803e+004 1.73708650300889e+006 8.25846040280255e-003 9.49096280255320e-001 1.56945272698141e+000 8.21687882221754e-001 7.38631446603289e-005 62130 61
1.43529123748269e+004 1.73706067558030e+006 6.27491742981443e+000 9.00988466311541e-001 -1.57060324671163e+000 8.22041182650021e-001 7.38631451545788e-005 62323 62
1.43468431136055e+004 1.73706447865588e+006 8.25905835922334e-003 4.08179678622143e-001 1.56091970564898e+000 8.49276650232431e-001 7.38644125220951e-005 63348 63
1.43479729288215e+004 1.73707716715968e+006 8.25964840083880e-003 3.49647998485872e-001 1.55555061357463e+000 8.50529292904925e-001 7.38678972646231e-005 63398 64
1.43469725648588e+004 1.73707495358860e+006 8.25908307506925e-003 2.55802812472992e-001 1.54107324030274e+000 8.62017052691455e-001 7.38872581342746e-005 64575 65
1.43457268049548e+004 1.73706316405541e+006 8.25842201181407e-003 3.36306665370699e-001 1.55516710699789e+000 8.65403659985686e-001 7.38912026411264e-005 64729 66
1.43459252546255e+004 1.73705972932637e+006 8.25855257743854e-003 8.15257485177365e-001 1.57050737006745e+000 8.77200590312555e-001 7.38912037932845e-005 65795 67
1.43462473044046e+004 1.73708941582413e+006 8.25859683046247e-003 6.41313137089914e-002 7.91413759422590e-001 8.78474742692412e-001 9.22948600123925e-005 65827 68
1.43456233161764e+004 1.73707774066399e+006 8.25829314249098e-003 5.27279187684473e-001 1.56494652470473e+000 9.00551675100210e-001 9.22951806458705e-005 67245 69
1.43450760407120e+004 1.73704931768423e+006 8.25811322617435e-003 8.17880666472955e-002 1.24347213675344e+000 9.13657749729711e-001 9.95357219654768e-005 67479 70
1.43454241832037e+004 1.73705481777832e+006 8.25828748688966e-003 4.34163368402264e-001 1.56302899182104e+000 9.14244027504770e-001 9.95364848003707e-005 67713 71
1.43453497572003e+004 1.73707425810229e+006 8.25815222645856e-003 6.15076707888881e-001 1.56715168752098e+000 9.37406794622612e-001 9.95365944987633e-005 68918 72
1.43454698497594e+004 1.73705188232366e+006 8.25832772988315e-003 3.17464691495056e-001 1.55372895733512e+000 9.39021534051981e-001 9.95417237785395e-005 69370 73
1.43457060292423e+004 1.73706534471893e+006 8.25839968547120e-003 5.04851160716370e-001 1.56513827799310e+000 9.61577334960656e-001 9.95420588237526e-005 70696 74
1.43536252178914e+004 1.73705318943432e+006 6.27491698386010e+000 8.07872647029331e-001 -1.57069912335582e+000 9.87901286333818e-001 9.95420590400692e-005 72670 75
1.43449263628980e+004 1.73706873052255e+006 8.25793477973169e-003 2.53280419196091e-001 1.54088148701437e+000 9.90572262967288e-001 9.95620426227346e-005 73029 76
1.43477243215850e+004 1.73708769970417e+006 8.25945521460256e-003 7.32960605733428e-001 1.56782282403027e+000 9.91477985578639e-001 9.95620970134512e-005 73277 77
1.43453504170109e+004 1.73705157701598e+006 8.25826042998905e-003 1.32144761343974e-001 1.45526364375744e+000 1.02727874726401e+000 1.00199203100581e-004 75126 78
1.43457065588248e+004 1.73708374564883e+006 8.25831251306023e-003 3.94625613543858e-001 1.55871454283273e+000 1.02850635808827e+000 1.00201067415737e-004 75496 79
1.43535630216176e+004 1.73706285406577e+006 6.27491706563457e+000 9.67543180485183e-001 -1.57041149342326e+000 1.04248496003659e+000 1.00201068649440e-004 76667 80
1.43472750963732e+004 1.73707165927782e+006 8.25927288740385e-003 9.53350919517561e-001 1.57050737006745e+000 1.04549855107040e+000 1.00201069466031e-004 76891 81
1.43475185497826e+004 1.73708585964841e+006 8.25934551329025e-003 1.58493134489429e-001 1.48949160573138e+000 1.06093090413979e+000 1.00455866606577e-004 77692 82
1.43535049442960e+004 1.73704446520884e+006 6.27491701159701e+000 7.69489722827820e-001 -1.57041149342326e+000 1.06975806424681e+000 1.00455868648499e-004 78714 83
1.43470747060885e+004 1.73707536857232e+006 8.25913989875983e-003 2.89657584888260e-001 1.54797635868404e+000 1.07535681144261e+000 1.00465684540515e-004 79081 84
1.43454080810689e+004 1.73708322076104e+006 8.25814319307203e-003 8.72178480450074e-001 1.56926097369304e+000 1.09425204623427e+000 1.00465697837370e-004 80417 85
1.43450211589283e+004 1.73705315873250e+006 8.25806337369283e-003 6.74134639970066e-002 1.00991663151952e+000 1.11872410908075e+000 1.17522350318244e-004 82013 86
1.43528683325488e+004 1.73706202460152e+006 6.27491746158367e+000 9.57058533731801e-001 -1.57041149342326e+000 1.13521056217728e+000 1.17522351581876e-004 83091 87
1.43534088795466e+004 1.73704547689115e+006 6.27491707170904e+000 9.36058849944592e-001 -1.56935685033723e+000 1.13708857446645e+000 1.17522361879316e-004 83367 88
1.43457620234734e+004 1.73705612066960e+006 8.25847576984941e-003 1.64206507213011e-001 1.49725761391034e+000 1.26582888485739e+000 1.17725296968655e-004 90692 89
1.43527932404270e+004 1.73706639242874e+006 6.27491752558508e+000 9.83558858279479e-001 -1.57060324671163e+000 1.29176898335430e+000 1.17725297376193e-004 92322 90
1.43468499281873e+004 1.73706982609268e+006 8.25903685826425e-003 6.69576097903378e-002 9.92946465498825e-001 1.30101328481075e+000 1.35219058621914e-004 93088 91
1.43526927771631e+004 1.73705806735631e+006 6.27491754381926e+000 8.86036448332804e-001 -1.57050737006745e+000 1.30358125859146e+000 1.35219059581242e-004 93175 92
1.43462097706762e+004 1.73706154237030e+006 8.25870773843970e-003 8.60690954442020e-001 1.57069912335582e+000 1.30481645055049e+000 1.35219059769425e-004 93547 93
1.43453351906181e+004 1.73708007822467e+006 8.25811617350910e-003 2.27114387733303e-001 1.53225258903775e+000 1.32447168925111e+000 1.35256486984747e-004 94048 94
1.43447124720765e+004 1.73704691923282e+006 8.25791533971786e-003 6.44859182724575e-001 1.56954860362560e+000 1.33682315542514e+000 1.35256505707047e-004 95412 95
1.43464584285716e+004 1.73706857944495e+006 8.25881742117618e-003 8.93968311528841e-001 1.57041149342326e+000 1.33697838721550e+000 1.35256507175218e-004 95524 96
1.43459635290980e+004 1.73708708882685e+006 8.25844454155543e-003 2.45834800487168e-001 1.53762168111209e+000 1.34577204481938e+000 1.35281508802636e-004 96369 97
1.43455872748522e+004 1.73706243920433e+006 8.25834513793216e-003 6.22856619682695e-001 1.56811045396283e+000 1.35792853249451e+000 1.35281575250237e-004 97554 98
1.43448165905647e+004 1.73705767228256e+006 8.25792415787681e-003 6.43744359525481e-002 7.16438223670156e-001 1.35922746091977e+000 1.51921163401797e-004 97749 99
1.43448049022017e+004 1.73704567472175e+006 8.25797446333417e-003 1.63629091884564e-001 1.49744936719871e+000 1.36766874541163e+000 1.52124880718054e-004 97807 100
1.43456875314939e+004 1.73707020611610e+006 8.25836592631618e-003 7.66217189717160e-002 1.18489150715659e+000 1.41212035980375e+000 1.62019837753066e-004 100771 101
1.43458197100269e+004 1.73705888858090e+006 8.25849581806445e-003 3.79673595565122e-001 1.55938567934202e+000 1.42612398491896e+000 1.62021695785019e-004 101003 102
1.43456100460219e+004 1.73705575416452e+006 8.25839002680367e-003 2.37690205328019e-001 1.53742992782373e+000 1.44081220049862e+000 1.62048859451883e-004 101566 103
1.43474140430752e+004 1.73707133448196e+006 8.25935441524712e-003 6.76860148032723e-001 1.56830220725120e+000 1.45458900327501e+000 1.62048908781461e-004 102655 104
1.43449386789246e+004 1.73705339779094e+006 8.25801475777283e-003 3.98880252806100e-001 1.56111145893735e+000 1.45863112975018e+000 1.62050202224994e-004 103259 105
1.43449060019809e+004 1.73704632390551e+006 8.25802957538527e-003 7.14483315223120e-001 1.57050737006745e+000 1.46612288288207e+000 1.62050203765197e-004 103892 106
1.43473203348129e+004 1.73707986030370e+006 8.25925993689014e-003 1.52263126998289e-001 1.48297199392682e+000 1.46990661483053e+000 1.62362244829026e-004 104283 107
1.43465391800019e+004 1.73707381179200e+006 8.25883902928998e-003 8.05836498239544e-001 1.56945272698141e+000 1.47787888350132e+000 1.62362257692796e-004 104937 108
1.43460748915689e+004 1.73707579207760e+006 8.25856235115940e-003 2.52216759380531e-001 1.54011447386090e+000 1.48420249696681e+000 1.62383224945201e-004 105440 109
1.43446587560278e+004 1.73704626390374e+006 8.25788753333138e-003 2.44892701793386e-001 1.54021035050508e+000 1.49968982733770e+000 1.62405489548588e-004 106812 110
1.43468308398647e+004 1.73706967612140e+006 8.25902658322528e-003 7.23022984028048e-001 1.56897334376049e+000 1.54714740883779e+000 1.62405515774883e-004 109477 111
1.43482106099233e+004 1.73709041681142e+006 8.25972222106039e-003 9.08981110068467e-001 1.56897334376049e+000 1.55787710522540e+000 1.62405531625671e-004 110356 112
1.43452694555700e+004 1.73707554143617e+006 8.25809990079011e-003 2.72669418119737e-001 1.54481242942595e+000 1.56727535648675e+000 1.62419219483268e-004 111284 113
1.43481573153505e+004 1.73707898698145e+006 8.25974588837212e-003 2.60179012857012e-001 1.54184025345622e+000 1.57088505304804e+000 1.62437138380143e-004 111870 114
1.43449619225086e+004 1.73706146264484e+006 8.25798979915349e-003 1.90585270638911e-001 1.51672057267983e+000 1.57129286313112e+000 1.62529223206127e-004 111942 115
1.43448609015254e+004 1.73705250781804e+006 8.25797421609677e-003 6.93888322259047e-002 1.06312816904202e+000 1.59609335700925e+000 1.77781066031555e-004 113757 116
1.43536346293791e+004 1.73704751451691e+006 6.27491695144841e+000 9.86081251556380e-001 -1.56926097369304e+000 1.60331654275741e+000 1.77781076181712e-004 114033 117
1.43454372976351e+004 1.73707226309631e+006 8.25821210236654e-003 3.53082100176110e-001 1.55622175008393e+000 1.64053823115488e+000 1.77784257816950e-004 116503 118
1.43460562598414e+004 1.73707806742341e+006 8.25854080884171e-003 2.27266339135526e-001 1.53244434232612e+000 1.64246362462664e+000 1.77821346686011e-004 116911 119
1.43452896671934e+004 1.73706604783831e+006 8.25815666648447e-003 4.61666572204614e-001 1.56350837504196e+000 1.65592885684450e+000 1.77821950488392e-004 117750 120
1.43536117041280e+004 1.73706434620814e+006 6.27491704470830e+000 9.30406257781899e-001 -1.57069912335582e+000 1.67924944580450e+000 1.77821950646941e-004 119396 121
1.43475795136702e+004 1.73708146608224e+006 8.25940149573067e-003 1.55454106444971e-001 1.48651942976165e+000 1.74526681818737e+000 1.78102400572279e-004 123310 122
1.43449741957176e+004 1.73704852016377e+006 8.25805839043825e-003 6.68056583881149e-002 5.83936701406903e-001 1.76995814673195e+000 1.89787439806359e-004 124648 123
1.43452772311285e+004 1.73708586928798e+006 8.25805528035561e-003 1.08409952316752e-001 1.39294382503739e+000 1.77766295660015e+000 1.91599746477328e-004 125079 124
1.43535304737683e+004 1.73704749677375e+006 6.27491701132121e+000 9.66357959547844e-001 -1.56935685033723e+000 1.78964926052083e+000 1.91599756077800e-004 125638 125
1.43473593841364e+004 1.73708301501437e+006 8.25926741625018e-003 9.58547657473585e-001 1.56974035691397e+000 1.80023709496118e+000 1.91599762118520e-004 126683 126
1.43449844597291e+004 1.73707788548406e+006 8.25792470259646e-003 2.67047216237488e-001 1.54347015640736e+000 1.80365314863072e+000 1.91615243902351e-004 126883 127
1.43470355777999e+004 1.73707782911153e+006 8.25910567655514e-003 7.40618956405463e-001 1.56858983718375e+000 1.80651352538950e+000 1.91615277359800e-004 127043 128
1.43471730162737e+004 1.73708151942852e+006 8.25916724635815e-003 1.62170358423224e-001 1.49351842478713e+000 1.80932647481786e+000 1.91839889219625e-004 127170 129
1.43449094172298e+004 1.73706552233491e+006 8.25794027594765e-003 1.65634850393907e-001 1.49792875041963e+000 1.80959121648682e+000 1.92036283927495e-004 127421 130
1.43454632303461e+004 1.73706602283346e+006 8.25825669595862e-003 2.63734675669029e-001 1.54356603305155e+000 1.81923540594252e+000 1.92052111135771e-004 128220 131
1.43476293536051e+004 1.73708283547120e+006 8.25942367470525e-003 8.12795872461354e-001 1.56887746711631e+000 1.83552860309061e+000 1.92052133087728e-004 129201 132
1.43464051470960e+004 1.73707288766335e+006 8.25876626787497e-003 7.00625347340389e-001 1.56849396053957e+000 1.84671196632665e+000 1.92052173471576e-004 129408 133
1.43465240671871e+004 1.73707806879783e+006 8.25881009097559e-003 6.55465390599735e-001 1.56753519409772e+000 1.84698397438543e+000 1.92052253735055e-004 129468 134
1.43465862540800e+004 1.73708414258099e+006 8.25881701217780e-003 2.73277223728628e-001 1.54433304620502e+000 1.84698463219943e+000 1.92066262448166e-004 129473 135
1.43454786189373e+004 1.73705617320693e+006 8.25831237900982e-003 7.59227425214905e-002 1.17693374568926e+000 1.85400285939576e+000 2.02358254327021e-004 130019 136
1.43453433588745e+004 1.73705533345042e+006 8.25823850906468e-003 4.53218074241019e-001 1.56389188161870e+000 1.86083815902616e+000 2.02358832654383e-004 130905 137
1.43471273667952e+004 1.73707030199246e+006 8.25919430116568e-003 7.09803212034654e-001 1.56878159047212e+000 1.86442002796609e+000 2.02358864555303e-004 131102 138
1.43456270973021e+004 1.73706528662732e+006 8.25835452491463e-003 6.06992893290621e-001 1.56763107074190e+000 1.88671354070169e+000 2.02358955298545e-004 132808 139
1.43535695811884e+004 1.73704243435427e+006 6.27491696472847e+000 9.13721993817822e-001 -1.56926097369304e+000 1.89636883535604e+000 2.02358967301544e-004 133214 140
1.43451766316416e+004 1.73705130560426e+006 8.25816168090173e-003 4.60025497060606e-001 1.56446714148381e+000 1.92318215497262e+000 2.02359456393717e-004 134676 141
1.43472086809936e+004 1.73707829121889e+006 8.25920312464768e-003 5.89366530632762e-001 1.56638467436750e+000 1.98579019279776e+000 2.02359618447750e-004 138385 142
1.43458504820525e+004 1.73706034737780e+006 8.25850659662295e-003 4.26778530254229e-001 1.56226197866756e+000 2.03996334580958e+000 2.02360534981335e-004 141583 143
1.43467331752802e+004 1.73708183094990e+006 8.25891257569486e-003 6.74185803353600e-001 1.56753519409772e+000 2.05246627931191e+000 2.02360610423186e-004 142582 144
1.43449629173102e+004 1.73705676710572e+006 8.25801269344563e-003 6.72544728209592e-001 1.56926097369304e+000 2.06410794676918e+000 2.02360633978784e-004 143031 145
1.43491611950863e+004 1.73709032097094e+006 8.26026986782155e-003 5.42109644541431e-001 1.56446714148381e+000 2.06453183057154e+000 2.02360974794181e-004 143182 146
1.43446498390102e+004 1.73704190010272e+006 8.25790314477419e-003 2.24227311091067e-001 1.53388249198889e+000 2.07886549546394e+000 2.02397013453146e-004 145426 147
1.43454353262422e+004 1.73708678596366e+006 8.25814192813825e-003 7.65538986370023e-001 1.56820633060701e+000 2.12795410366900e+000 2.02397053346786e-004 148340 148
1.43472485290580e+004 1.73707357856238e+006 8.25924846893506e-003 8.42760688979715e-001 1.56974035691397e+000 2.14352581453356e+000 2.02397061365218e-004 149787 149
1.43451882412930e+004 1.73705754252042e+006 8.25813871432772e-003 2.47749388155177e-001 1.54021035050508e+000 2.18118837755895e+000 2.02418765082202e-004 151876 150
1.43535633823427e+004 1.73704664539976e+006 6.27491698832764e+000 9.72314454514983e-001 -1.56926097369304e+000 2.19953042162663e+000 2.02418775551218e-004 152710 151
1.43446453087128e+004 1.73704310460387e+006 8.25789481096251e-003 6.66010817914006e-001 1.57012386349071e+000 2.20584153751135e+000 2.02418782228110e-004 153020 152
1.43458966772594e+004 1.73706130166407e+006 8.25852865193849e-003 2.46959240863617e-001 1.53973096728416e+000 2.21698215225091e+000 2.02441165960881e-004 153886 153
1.43451190972127e+004 1.73704892329506e+006 8.25813988652126e-003 5.97328784109243e-001 1.56858983718375e+000 2.24205467955569e+000 2.02441219655635e-004 156155 154
1.43447313991510e+004 1.73704955335372e+006 8.25791371306611e-003 2.63309211742804e-001 1.54462067613758e+000 2.25404932277758e+000 2.02456168702440e-004 156924 155
1.43456368699516e+004 1.73708377182506e+006 8.25827227304223e-003 5.79945543694940e-001 1.56580941450240e+000 2.28281789916491e+000 2.02456371751389e-004 159106 156
1.43474867696967e+004 1.73708805523914e+006 8.25931678058686e-003 4.54980710506805e-001 1.56168671880245e+000 2.28349109623043e+000 2.02457252518883e-004 159149 157
1.43449854505453e+004 1.73705914137584e+006 8.25801437780803e-003 3.02421502674986e-001 1.55114028794214e+000 2.33179717493492e+000 2.02464347679105e-004 162916 158
1.43449053841741e+004 1.73705937074696e+006 8.25796719751211e-003 2.89839926570927e-001 1.54912687841426e+000 2.35186316108247e+000 2.02473400111150e-004 163759 159
1.43472913620840e+004 1.73708909255377e+006 8.25919936496060e-003 9.67239277680737e-001 1.56935685033723e+000 2.35557064004841e+000 2.02473409692387e-004 163970 160
1.43460998529426e+004 1.73708118566601e+006 8.25855107846255e-003 6.70842872504695e-001 1.56753519409772e+000 2.37430169360830e+000 2.02473485963781e-004 165642 161
1.43453815265840e+004 1.73705767147751e+006 8.25824936535315e-003 5.39313738740529e-001 1.56667230430006e+000 2.37932956472390e+000 2.02473663400399e-004 166291 162
1.43466157214133e+004 1.73708050705189e+006 8.25885125879305e-003 3.83198868096694e-001 1.55813928296762e+000 2.40996029519993e+000 2.02475800448463e-004 168414 163
1.43523708924082e+004 1.73705800907282e+006 6.27491772883395e+000 9.02021735846657e-001 -1.57041149342326e+000 2.43892021300670e+000 2.02475801887951e-004 170458 164
1.43452035396866e+004 1.73706682893491e+006 8.25810337448866e-003 6.35559756908531e-001 1.56801457731864e+000 2.44151930710108e+000 2.02475869004553e-004 170666 165
1.43473966628734e+004 1.73707967945069e+006 8.25930473420075e-003 2.42005625151150e-001 1.53704642124699e+000 2.45587368479882e+000 2.02502438884908e-004 172124 166
1.43460467289306e+004 1.73707808497567e+006 8.25853523902288e-003 9.09497744836025e-001 1.56983623355815e+000 2.45854662030980e+000 2.02502444733779e-004 172508 167
1.43485493715428e+004 1.73708958400583e+006 8.25992118428101e-003 5.36487442659183e-001 1.56437126483963e+000 2.46276102651442e+000 2.02502801675960e-004 172935 168
1.43471824064159e+004 1.73708875394778e+006 8.25913825596514e-003 1.08227610634085e-001 1.39208093523972e+000 2.50530603428541e+000 2.04333915468360e-004 176760 169
1.43451762703261e+004 1.73704914734705e+006 8.25817173308472e-003 1.58493134489429e-001 1.49208027512436e+000 2.52367151961378e+000 2.04576733451511e-004 177864 170
1.43450641884941e+004 1.73706756720580e+006 8.25801964825227e-003 8.98314121632417e-001 1.57050737006745e+000 2.52658934020309e+000 2.04576734382230e-004 177997 171
1.43456423052004e+004 1.73708851474649e+006 8.25825285452822e-003 1.30017441712853e-001 1.44864815530869e+000 2.54049339556654e+000 2.05292364397165e-004 178783 172
1.43481924982311e+004 1.73708789281886e+006 8.25972379615204e-003 2.60786818465904e-001 1.54136087023530e+000 2.55173904393379e+000 2.05310646021736e-004 179793 173
1.43469098092455e+004 1.73707023823396e+006 8.25906936888890e-003 6.04956744500834e-001 1.56724756416517e+000 2.55408626727070e+000 2.05310755188220e-004 180124 174
1.43460153490581e+004 1.73706149738398e+006 8.25859603436583e-003 4.39724789723623e-001 1.56283723853267e+000 2.55897102072800e+000 2.05311525507739e-004 180886 175
1.43460649236267e+004 1.73705946651726e+006 8.25863422680187e-003 4.64492868285960e-001 1.56408363490707e+000 2.62319404810500e+000 2.05312050006740e-004 183766 176
1.43532331166209e+004 1.73704786616359e+006 6.27491718425195e+000 9.30862111988568e-001 -1.56954860362560e+000 2.67566219909969e+000 2.05312058355734e-004 187522 177
1.43468630444502e+004 1.73707740864456e+006 8.25900835846383e-003 8.39752051215701e-001 1.56945272698141e+000 2.71705329726716e+000 2.05312070104145e-004 191143 178
1.43452373293357e+004 1.73708420661263e+006 8.25804021532253e-003 9.99179462427996e-001 1.56983623355815e+000 2.73436728431605e+000 2.05312074859905e-004 192815 179
1.43469753674151e+004 1.73707033425437e+006 8.25910665045050e-003 3.27159190956878e-001 1.55363308069094e+000 2.73838611127437e+000 2.05316917341723e-004 193115 180
1.43464651706200e+004 1.73707521894166e+006 8.25878973653217e-003 7.51255554561068e-001 1.56887746711631e+000 2.73961091201607e+000 2.05316943445274e-004 193313 181
1.43447110225667e+004 1.73704280086178e+006 8.25793408318358e-003 5.16004393639532e-001 1.56705581087680e+000 2.76253681782770e+000 2.05317111519807e-004 194820 182
1.43454444546244e+004 1.73707792513630e+006 8.25818930563443e-003 6.24315353144035e-001 1.56705581087680e+000 2.76758140476713e+000 2.05317222042271e-004 195009 183
1.43466801457020e+004 1.73708224908891e+006 8.25888006187599e-003 6.62394374541100e-001 1.56734344080935e+000 2.78845420380782e+000 2.05317307740462e-004 196179 184
1.43470498457007e+004 1.73707475352807e+006 8.25912851226855e-003 6.59385736777086e-001 1.56782282403027e+000 2.79283117277840e+000 2.05317376383290e-004 196758 185
1.43452557498130e+004 1.73705117673800e+006 8.25820783781813e-003 4.03985819920790e-001 1.56159084215827e+000 2.83079500394967e+000 2.05318539110177e-004 198843 186
1.43471701207839e+004 1.73707080054702e+006 8.25921654182537e-003 6.88803528247445e-001 1.56849396053957e+000 2.84254857328773e+000 2.05318581034568e-004 199317 187
1.43479830513551e+004 1.73708307063569e+006 8.25962615862360e-003 6.80750103929630e-001 1.56753519409772e+000 2.85277618445287e+000 2.05318654885247e-004 199988 188
1.43447889896474e+004 1.73704764704211e+006 8.25795592722786e-003 1.28254805447067e-001 1.44807289544359e+000 2.88315618343274e+000 2.06061113410996e-004 202171 189
1.43464900109303e+004 1.73706827871364e+006 8.25883703110003e-003 9.25179129545431e-001 1.57060324671163e+000 2.88343074007762e+000 2.06061113877260e-004 202204 190
1.43457314829757e+004 1.73706780757529e+006 8.25840262932289e-003 5.16612199248424e-001 1.56533003128147e+000 2.89273663265761e+000 2.06061415795671e-004 203099 191
1.43448166360117e+004 1.73704533782103e+006 8.25798281947810e-003 1.71165881434821e-001 1.50416073229163e+000 2.90561848861402e+000 2.06221213470269e-004 204427 192
1.43478259530386e+004 1.73707568006047e+006 8.25957086627895e-003 9.51831405495332e-001 1.57021974013489e+000 2.91264225677680e+000 2.06221215867057e-004 205053 193
1.43469249764786e+004 1.73706640504247e+006 8.25909632430813e-003 6.27931796516940e-001 1.56791870067446e+000 2.93569762924189e+000 2.06221288512003e-004 207371 194
1.43470626080141e+004 1.73707263789214e+006 8.25914591738833e-003 8.93178164237282e-001 1.57012386349071e+000 2.95282943741701e+000 2.06221292012819e-004 208779 195
1.43473442558762e+004 1.73707485386113e+006 8.25929750986029e-003 6.66679404083787e-001 1.56791870067446e+000 2.96954635679504e+000 2.06221355691692e-004 209346 196
1.43459787044836e+004 1.73706302987438e+006 8.25856765444058e-003 7.42867837158363e-001 1.56964448026978e+000 2.98756964526793e+000 2.06221367804665e-004 211262 197
1.43460170424716e+004 1.73708236027621e+006 8.25849782539721e-003 5.31989681153384e-001 1.56475477141636e+000 2.98829463442020e+000 2.06221698342478e-004 211395 198
1.43534518589072e+004 1.73704520267241e+006 6.27491704566356e+000 8.65036764545596e-001 -1.56974035691397e+000 3.00103106757055e+000 2.06221705913645e-004 212498 199
1.43449622332670e+004 1.73705019211877e+006 8.25804355603148e-003 1.52597420083180e-001 1.48546478667562e+000 3.03830165088612e+000 2.06519275392157e-004 215437 200
1.43460842433306e+004 1.73709021703366e+006 8.25849915763183e-003 4.80083082154032e-001 1.56254960860012e+000 3.05859598906424e+000 2.06519946274174e-004 216410 201
1.43456004329980e+004 1.73706699287992e+006 8.25833106428588e-003 1.13181226346552e-001 1.40962636112552e+000 3.06729453363680e+000 2.07958819000026e-004 216923 202
1.43461386195467e+004 1.73707013180186e+006 8.25862594516406e-003 6.69880000707824e-002 9.94001108584857e-001 3.06731309486467e+000 2.25425048943900e-004 216947 203
1.43449191663533e+004 1.73705354555620e+006 8.25800282294622e-003 7.53595606155301e-001 1.57041149342326e+000 3.07226720548945e+000 2.25425051081769e-004 217025 204
1.43468937082978e+004 1.73708727164873e+006 8.25897911803675e-003 2.70602879049505e-001 1.54356603305155e+000 3.08415470072234e+000 2.25440007958849e-004 217450 205
1.43529251650508e+004 1.73705355679801e+006 6.27491738859168e+000 8.37290438499690e-001 -1.57050737006745e+000 3.09609660384777e+000 2.25440009045357e-004 218134 206
1.43467563089039e+004 1.73707969468101e+006 8.25893604871206e-003 3.35455737518250e-001 1.55392071062349e+000 3.12675228927932e+000 2.25444474042733e-004 219835 207
1.43459565581012e+004 1.73707796149510e+006 8.25848392010723e-003 9.25878105995656e-001 1.56993211020234e+000 3.13008823439024e+000 2.25444478818586e-004 220042 208
1.43467835462720e+004 1.73706955716182e+006 8.25899992458002e-003 8.73272530546079e-001 1.57021974013489e+000 3.14727094256927e+000 2.25444481715477e-004 221215 209
1.43535182757777e+004 1.73706044649038e+006 6.27491707994038e+000 9.72770308721651e-001 -1.57021974013489e+000 3.17034497727470e+000 2.25444484000229e-004 223200 210
1.43446723026976e+004 1.73704169829135e+006 8.25791703541286e-003 6.46135574503247e-001 1.56993211020234e+000 3.17137145461021e+000 2.25444494538208e-004 223248 211
1.43448450987951e+004 1.73704627050597e+006 8.25799477028032e-003 5.83288474543844e-001 1.56849396053957e+000 3.17145121135672e+000 2.25444554979410e-004 223307 212
1.43475939460111e+004 1.73708656858869e+006 8.25938554351678e-003 3.40865207437386e-001 1.55401658726768e+000 3.18675223839693e+000 2.25448827856877e-004 224464 213
1.43452511125218e+004 1.73705347444553e+006 8.25819424522645e-003 3.30228609281781e-001 1.55516710699789e+000 3.18706196528198e+000 2.25452933852000e-004 224558 214
1.43447779284017e+004 1.73704983710257e+006 8.25793914872716e-003 7.56634634199760e-001 1.57069912335582e+000 3.18936720003124e+000 2.25452934101859e-004 224776 215
1.43467740312391e+004 1.73706497394782e+006 8.25901623753282e-003 2.88776266755367e-001 1.54855161854915e+000 3.20431315785724e+000 2.25462435456492e-004 225322 216
1.43535295123091e+004 1.73706783459538e+006 6.27491710861443e+000 9.81461928928803e-001 -1.57069912335582e+000 3.22443834058330e+000 2.25462435597461e-004 226352 217
1.43462753042525e+004 1.73708467382861e+006 8.25863549201288e-003 8.57986219482452e-001 1.56906922040468e+000 3.25446383657932e+000 2.25462452146958e-004 227551 218
1.43470026900193e+004 1.73707188635602e+006 8.25911499918401e-003 1.26948023387949e-001 1.44366256981109e+000 3.25448009299767e+000 2.26261402787683e-004 227577 219
1.43473212052277e+004 1.73708081381750e+006 8.25925590449010e-003 1.36642522849772e-001 1.46101624240852e+000 3.26364335549736e+000 2.26810939390275e-004 228335 220
1.43461812749246e+004 1.73706276146410e+006 8.25868553919016e-003 2.40911575055145e-001 1.53790931104465e+000 3.26433820599126e+000 2.26836732877618e-004 228521 221
1.43448119676307e+004 1.73705875121999e+006 8.25791636769864e-003 1.05370924272294e-001 1.38393142048402e+000 3.31057319462137e+000 2.28900381737368e-004 232836 222
1.43480181913127e+004 1.73708466058931e+006 8.25963882682311e-003 6.41485861595226e-001 1.56686405758843e+000 3.31058804745933e+000 2.28900494251906e-004 232846 223
1.43451626308647e+004 1.73705631723003e+006 8.25812979664107e-003 7.97144878032392e-001 1.57060324671163e+000 3.32422029555821e+000 2.28900494898969e-004 233588 224
1.43489481832002e+004 1.73708733965069e+006 8.26016142654839e-003 1.53873811861852e-001 1.48431426694540e+000 3.32729818339980e+000 2.29198519100415e-004 234072 225
1.43472538547196e+004 1.73707941637664e+006 8.25922377894844e-003 7.72407189750500e-001 1.56878159047212e+000 3.33070756357271e+000 2.29198545588150e-004 234542 226
1.43455969773100e+004 1.73707712838070e+006 8.25828089151790e-003 6.50998019374381e-001 1.56753519409772e+000 3.34410177610306e+000 2.29198627068371e-004 235863 227
1.43535239805658e+004 1.73704366165622e+006 6.27491699681649e+000 7.63320495897569e-001 -1.57041149342326e+000 3.35306856545543e+000 2.29198629146776e-004 237505 228
1.43448154858246e+004 1.73705370043835e+006 8.25794240315751e-003 2.65466921654370e-001 1.54481242942595e+000 3.36504412785661e+000 2.29213147344840e-004 238261 229
1.43456145559621e+004 1.73706908926834e+006 8.25832922792739e-003 6.41009234285468e-002 7.69649761192663e-001 3.41043088632521e+000 2.47225398923254e-004 241655 230
1.43473464793079e+004 1.73707055037188e+006 8.25931925075142e-003 8.54126653865990e-001 1.57002798684652e+000 3.44350018384320e+000 2.47225403674388e-004 242996 231
1.43486264088424e+004 1.73708299774751e+006 8.25999684649407e-003 5.86661795673193e-001 1.56600116779077e+000 3.44916558489000e+000 2.47225589966791e-004 243547 232
1.43468720494727e+004 1.73707162956331e+006 8.25904101786440e-003 1.84993459037108e-001 1.51250200033570e+000 3.46054898616607e+000 2.47335725323301e-004 244491 233
1.43470130493930e+004 1.73708689222832e+006 8.25904961907984e-003 9.75778946485666e-001 1.56954860362560e+000 3.46632599173006e+000 2.47335732850073e-004 244671 234
1.43451645592523e+004 1.73706670139272e+006 8.25808154195490e-003 1.67215144977025e-001 1.49927102343822e+000 3.47107906595757e+000 2.47522791739046e-004 244964 235
1.43469627885130e+004 1.73707205105251e+006 8.25909124716411e-003 1.41900041366686e-001 1.46983689367351e+000 3.48121976484062e+000 2.47970254831636e-004 245606 236
1.43494577999466e+004 1.73709023967025e+006 8.26044099085864e-003 5.49464092409021e-001 1.56465889477218e+000 3.48174599580593e+000 2.47970570287764e-004 245728 237
1.43457924736647e+004 1.73708397538780e+006 8.25836087676161e-003 1.57095181588978e-001 1.48814933271279e+000 3.49975515301076e+000 2.48236782929725e-004 246988 238
1.43447599926576e+004 1.73704633289518e+006 8.25794548229149e-003 3.29225730027110e-001 1.55555061357463e+000 3.50411041670546e+000 2.48240761002331e-004 247399 239
1.43465240879259e+004 1.73707789011979e+006 8.25881095238678e-003 7.09691268090231e-002 1.09467158497879e+000 3.50459282486771e+000 2.62176711268595e-004 247526 240
1.43446668414483e+004 1.73704541654285e+006 8.25789621586889e-003 1.79371257154859e-001 1.51048859080782e+000 3.51194689780967e+000 2.62300776947418e-004 248423 241
1.43536265239507e+004 1.73704318839629e+006 6.27491693553606e+000 9.06033252865342e-001 -1.56935685033723e+000 3.51814728887492e+000 2.62300788010576e-004 248796 242
1.43446600770172e+004 1.73704251331763e+006 8.25790612321005e-003 3.99001813927878e-001 1.56187847209082e+000 3.51816733014432e+000 2.62301925639365e-004 248825 243
1.43448759240456e+004 1.73705090936773e+006 8.25799046251587e-003 5.85020720529186e-001 1.56820633060701e+000 3.52192460537021e+000 2.62301997726042e-004 249134 244
1.43447236764955e+004 1.73704755762577e+006 8.25791875476525e-003 5.78426029672711e-001 1.56830220725120e+000 3.52393007961238e+000 2.62302067430387e-004 249313 245
1.43456521123151e+004 1.73706045657846e+006 8.25839188673986e-003 6.84822401509204e-001 1.56916509704886e+000 3.54176648982067e+000 2.62302092299322e-004 250573 246
1.43467696783484e+004 1.73707320609219e+006 8.25897459339491e-003 2.54921494340099e-001 1.54097736365856e+000 3.54756751580595e+000 2.62321697262042e-004 250832 247
1.43460414048799e+004 1.73709060999208e+006 8.25847263015651e-003 1.49953465684501e-001 1.47942455809198e+000 3.58292457116128e+000 2.62663867188073e-004 252531 248
1.43468448111427e+004 1.73707876764177e+006 8.25899140153403e-003 4.44891137399202e-001 1.56187847209082e+000 3.60150542866717e+000 2.62664762526095e-004 253237 249
1.43479272018927e+004 1.73709049329805e+006 8.25955871753130e-003 6.19544079114235e-001 1.56609704443495e+000 3.60879742396350e+000 2.62664922661661e-004 253887 250
1.43447134651958e+004 1.73705191915765e+006 8.25789214292856e-003 3.64022601136161e-001 1.55861866618854e+000 3.61655246686421e+000 2.62667176643752e-004 254904 251
1.43450547547920e+004 1.73706443465885e+006 8.25802910927118e-003 8.77141713339897e-002 1.29131458220161e+000 3.64602028230479e+000 2.67846835720026e-004 256303 252
1.43523275502702e+004 1.73706836250290e+006 6.27491780302684e+000 9.90062378294621e-001 -1.57069912335582e+000 3.66492410253079e+000 2.67846835858315e-004 257316 253
1.43532413361686e+004 1.73704955048811e+006 6.27491718753201e+000 8.52607139843761e-001 -1.57012386349071e+000 3.67369239409782e+000 2.67846839736115e-004 258555 254
1.43534444800083e+004 1.73705385327762e+006 6.27491709105922e+000 8.69382574649172e-001 -1.57031561677908e+000 3.68316321927480e+000 2.67846841941606e-004 259769 255
1.43453573847912e+004 1.73706588072271e+006 8.25819644216860e-003 3.18346009627949e-001 1.55286606753746e+000 3.68385868825068e+000 2.67852342845268e-004 260005 256
1.43470471856325e+004 1.73707117433486e+006 8.25914399798161e-003 5.53870683073486e-001 1.56609704443495e+000 3.69202389733087e+000 2.67852547748226e-004 260586 257
1.43450692235465e+004 1.73705398311242e+006 8.25808712302293e-003 4.55436564713473e-001 1.56408363490707e+000 3.72877247471702e+000 2.67853095466470e-004 262644 258
1.43446917953762e+004 1.73704899040540e+006 8.25789359129235e-003 2.77349521308203e-001 1.54759285210730e+000 3.73877861498645e+000 2.67864175649476e-004 263782 259
1.43465368732590e+004 1.73707407414833e+006 8.25883645412874e-003 4.09729582924817e-001 1.56034444578387e+000 3.73949096558151e+000 2.67865547530325e-004 263982 260
1.43482098394306e+004 1.73708925160074e+006 8.25972731776955e-003 6.20091104162237e-001 1.56619292107913e+000 3.75194650015556e+000 2.67865702327113e-004 265044 261
1.43447731521612e+004 1.73704400369872e+006 8.25796413012603e-003 5.75812465554476e-001 1.56849396053957e+000 3.75195485783382e+000 2.67865764508188e-004 265051 262
1.43475278386826e+004 1.73707809166188e+006 8.25938779338903e-003 6.91113189561234e-001 1.56801457731864e+000 3.75889869621130e+000 2.67865820325101e-004 265931 263
1.43450248435132e+004 1.73705701886243e+006 8.25804714428048e-003 4.55892418920142e-001 1.56389188161870e+000 3.78555547458164e+000 2.67866391215070e-004 267693 264
1.43461916011727e+004 1.73707568017698e+006 8.25863006596393e-003 8.64854422862928e-001 1.56974035691397e+000 3.80550416301177e+000 2.67866398789749e-004 269401 265
