4.01606714130658e+003 1.73712937730122e+006 2.31189457658153e-003 1.28771440214625e-001 1.52870515320292e+000 3.36363645873550e-003 1.49144771263869e-007 99 1
4.01561052877487e+003 1.73711649151569e+006 2.31164887076848e-003 2.49937488347187e-001 1.55746814645833e+000 3.80233565348709e-003 1.55071119553534e-007 157 2
4.01493877928446e+003 1.73711208381320e+006 2.31126803358283e-003 8.87707913757257e-001 1.56705581087680e+000 3.81415376229879e-003 1.55122069671275e-007 178 3
4.01600489874804e+003 1.73712345850592e+006 2.31186662310267e-003 8.13008604424466e-001 1.56408363490707e+000 3.82861494271301e-003 1.55275139382635e-007 203 4
4.01483621277570e+003 1.73712005181442e+006 2.31119838837801e-003 2.11797686389232e-001 1.55296194418165e+000 8.08857931121456e-003 1.68647144752103e-007 660 5
4.01601038385386e+003 1.73713700713859e+006 2.31185174952421e-003 1.23270799454155e-001 1.52362369106113e+000 8.11037550602694e-003 3.63898590037685e-007 705 6
4.01536918079113e+003 1.73711246476814e+006 2.31151529375170e-003 7.51529067085069e-001 1.56667230430006e+000 2.25671377551876e-002 3.63984099424426e-007 1925 7
4.01702094321722e+003 1.73713321186935e+006 2.31243853700977e-003 7.46575451372602e-001 1.56149496551408e+000 2.82749625210818e-002 3.64290073870330e-007 2249 8
4.01520688121480e+003 1.73714363897383e+006 2.31138038371865e-003 7.88574818947019e-001 1.55900217276528e+000 2.89508456597412e-002 3.64681722892985e-007 2386 9
4.01555714906999e+003 1.73711707168782e+006 2.31161736997329e-003 7.17431172426245e-001 1.56542590792566e+000 3.07121657243724e-002 3.64824356520011e-007 2553 10
4.01425056634404e+003 1.73714237982578e+006 2.31083155167458e-003 1.20110210287918e-001 1.52026800851466e+000 3.12202061154039e-002 5.94275251551774e-007 2580 11
4.01492734942980e+003 1.73713300269205e+006 2.31123362127397e-003 8.04499325899982e-001 1.56168671880245e+000 3.35919645235708e-002 5.94526607599193e-007 2975 12
4.01426950516165e+003 1.73713462895710e+006 2.31085276454088e-003 4.99806374162568e-001 1.55986506256294e+000 3.42861800783632e-002 5.95476269362991e-007 3152 13
4.01515930501042e+003 1.73713735883174e+006 2.31136135229058e-003 4.71938486994883e-001 1.55890629612110e+000 3.43610867531641e-002 5.96703253786307e-007 3231 14
4.01620970132811e+003 1.73712063971688e+006 2.31198827160632e-003 1.53417957655183e-001 1.54116911694693e+000 3.47013159556607e-002 6.56028318694402e-007 3257 15
4.01453318891562e+003 1.73711355676007e+006 2.31103258981249e-003 4.00318213164351e-002 4.01675200811792e-001 3.47429538142691e-002 1.92336482270166e-005 3292 16
4.01691977678027e+003 1.73714493317637e+006 2.31236469711364e-003 6.50126318418844e-002 1.42132331171606e+000 4.13131953825546e-002 2.36181013030909e-005 3558 17
4.01740276601820e+003 1.73714415716187e+006 2.31264376495910e-003 5.88120529134533e-001 1.55813928296762e+000 4.36576748231518e-002 2.36189340664768e-005 3653 18
4.01465138055539e+003 1.73710642825978e+006 2.31111011249281e-003 3.39841555079626e-002 8.08863308664205e-001 4.37302889916862e-002 9.92003281575401e-005 3738 19
4.01549871387900e+003 1.73712521555607e+006 2.31157289400904e-003 2.33162053541776e-001 1.55392071062349e+000 4.45516564320589e-002 9.92102678142177e-005 3842 20
4.01565446856082e+003 1.73712318647515e+006 2.31166525602604e-003 4.64948722492629e-001 1.56235785531175e+000 5.11615604058424e-002 9.92110137591372e-005 4503 21
4.01480208359002e+003 1.73711060647802e+006 2.31119130821006e-003 1.92894931952700e-001 1.55267431424909e+000 5.46481461762257e-002 9.92278493478639e-005 4627 22
4.01728510905297e+003 1.73713658722218e+006 2.31258611271385e-003 3.11295464564805e-001 1.55574236686300e+000 5.46547142928338e-002 9.92322619432067e-005 4628 23
4.01404393172730e+003 1.73710352162234e+006 2.31076429081822e-003 8.73910726435415e-001 1.56916509704886e+000 5.83825069243788e-002 9.92322764877853e-005 4881 24
4.01440338826222e+003 1.73711059898216e+006 2.31096180303389e-003 9.63015028698940e-001 1.56753519409772e+000 5.91831927013575e-002 9.92323109176030e-005 4988 25
4.01402848791590e+003 1.73709618298892e+006 2.31076516242381e-003 1.47826146053380e-001 1.54538768929105e+000 5.93075178210818e-002 9.92831678753969e-005 5039 26
4.01445085887709e+003 1.73710613196588e+006 2.31099507298068e-003 8.19400180495185e-002 1.48306787057100e+000 6.98188101591294e-002 1.00500829494785e-004 5198 27
4.01416221467086e+003 1.73709843364734e+006 2.31083915092892e-003 8.13099775265800e-001 1.57031561677908e+000 7.08301733378514e-002 1.00500832050149e-004 5316 28
4.01458819467566e+003 1.73711628396007e+006 2.31106062641607e-003 8.30513405960547e-001 1.56590529114658e+000 7.09185848504470e-002 1.00500921466620e-004 5327 29
4.01460027812706e+003 1.73712612283401e+006 2.31105449285661e-003 9.16730631581836e-001 1.56360425168615e+000 7.77126161706654e-002 1.00501052257301e-004 5524 30
4.01534035632367e+003 1.73711724693369e+006 2.31149233714186e-003 5.74292951532247e-001 1.56475477141636e+000 7.95761177913761e-002 1.00501331585344e-004 5751 31
4.01479465788846e+003 1.73712420565947e+006 2.31116894028736e-003 8.59505733504682e-001 1.56398775826289e+000 8.25717676821033e-002 1.00501470035581e-004 6188 32
4.01609634884347e+003 1.73712198009267e+006 2.31192123497783e-003 1.38617891078670e-001 1.53532064165166e+000 8.46800562775698e-002 1.00599174952828e-004 6320 33
4.01472314018813e+003 1.73714054353336e+006 2.31110603416790e-003 7.16884147378242e-001 1.55957743263039e+000 9.45283108426067e-002 1.00599622035452e-004 6561 34
4.01453287626929e+003 1.73710456327082e+006 2.31104437466903e-003 6.75614146534495e-001 1.56839808389538e+000 1.01783882514121e-001 1.00599668641607e-004 7059 35
4.01643837654159e+003 1.73713046946552e+006 2.31210682793361e-003 1.21751285431925e-001 1.52429482757042e+000 1.03815932455498e-001 1.00796001412952e-004 7329 36
4.01438576375056e+003 1.73711697068775e+006 2.31094318072239e-003 5.35788466208957e-001 1.56456301812799e+000 1.06696342762518e-001 1.00796342961644e-004 7599 37
4.01616849763809e+003 1.73712766015806e+006 2.31195520864214e-003 1.16919230841236e-001 1.52170615817743e+000 1.12967097882274e-001 1.01029367388841e-004 8264 38
4.01671320942534e+003 1.73713073387884e+006 2.31226468598047e-003 3.26976849274211e-001 1.55775577639088e+000 1.22816749553009e-001 1.01032540175667e-004 8712 39
4.01515284060959e+003 1.73711480099907e+006 2.31138764574604e-003 7.52541563517097e-002 1.46465955488754e+000 1.23357282830495e-001 1.02975833817161e-004 8759 40
4.01426897892232e+003 1.73710386140172e+006 2.31089339124278e-003 8.67467986981163e-001 1.56906922040468e+000 1.29125671557870e-001 1.02975849971303e-004 9145 41
4.01808655033010e+003 1.73714028547628e+006 2.31304254360559e-003 7.32483978423670e-002 1.45238734443190e+000 1.30070690746652e-001 1.05393721679960e-004 9297 42
4.01509241311420e+003 1.73712138925596e+006 2.31134409373269e-003 7.24268985526276e-001 1.56437126483963e+000 1.32624477938164e-001 1.05393906117428e-004 9455 43
4.01421875267248e+003 1.73710050016162e+006 2.31086894905205e-003 1.93928201487816e-001 1.55535886028626e+000 1.42795115392198e-001 1.05406899637543e-004 10051 44
4.01507149773944e+003 1.73711616189613e+006 2.31133900882301e-003 5.10716484842174e-001 1.56456301812799e+000 1.50999379467796e-001 1.05407279164206e-004 10612 45
4.01419862864371e+003 1.73710207414887e+006 2.31085527041626e-003 7.51832969889515e-001 1.56926097369304e+000 1.52586849820868e-001 1.05407297597957e-004 10672 46
4.01573193249082e+003 1.73711638450362e+006 2.31171890087224e-003 1.15825180745231e-001 1.52371956770531e+000 1.56766477315645e-001 1.05630540846680e-004 11018 47
4.01417387415041e+003 1.73713710330261e+006 2.31079442238227e-003 7.90489406615028e-001 1.56063207571642e+000 1.56775628526078e-001 1.05630850369066e-004 11032 48
4.01401706712933e+003 1.73709596081795e+006 2.31075888335649e-003 4.67227993525973e-001 1.56916509704886e+000 1.66915302495054e-001 1.05630908041093e-004 11551 49
4.01597478327625e+003 1.73713728593179e+006 2.31183088478665e-003 8.57044120788670e-001 1.56072795236061e+000 1.75071502040310e-001 1.05631163363379e-004 11821 50
4.01599966436357e+003 1.73713014942119e+006 2.31185470528230e-003 1.50986735219617e-001 1.53800518768883e+000 1.87502370405895e-001 1.05702941342231e-004 12323 51
4.01424460537471e+003 1.73710838745400e+006 2.31087333918111e-003 8.54704069194437e-001 1.56791870067446e+000 1.94096670493645e-001 1.05702978207563e-004 12650 52
4.01601543525288e+003 1.73712076554098e+006 2.31187627251935e-003 6.17304815538691e-002 1.41192740058596e+000 2.04721182101799e-001 1.11055060444118e-004 13076 53
4.01701131516019e+003 1.73712863789331e+006 2.31243908331083e-003 5.39374519301419e-001 1.56168671880245e+000 2.12680044632072e-001 1.11055666185030e-004 13305 54
4.01408687025600e+003 1.73710109487075e+006 2.31079223733815e-003 8.57408804154005e-001 1.56974035691397e+000 2.20166333696261e-001 1.11055673905174e-004 13419 55
4.01504173544124e+003 1.73713823517268e+006 2.31129250660402e-003 9.47455205111312e-001 1.56063207571642e+000 2.21527804862440e-001 1.11055881699782e-004 13590 56
4.01486715175479e+003 1.73711393011931e+006 2.31122434362167e-003 4.21399450615538e-001 1.56408363490707e+000 2.21576129850648e-001 1.11056531488030e-004 13609 57
4.01503895520581e+003 1.73711613752007e+006 2.31132030770227e-003 5.10017508391949e-001 1.56456301812799e+000 2.32659926834595e-001 1.11056912159941e-004 14154 58
4.01412499514780e+003 1.73709855803338e+006 2.31081755931614e-003 8.79684879719886e-001 1.57041149342326e+000 2.34475308425163e-001 1.11056913681069e-004 14266 59
4.01514369073382e+003 1.73711248913811e+006 2.31138545461617e-003 1.88792244092681e-001 1.55152379451888e+000 2.35950041222221e-001 1.11076320894547e-004 14577 60
4.01535005655141e+003 1.73711894431553e+006 2.31149566259335e-003 8.77284047564764e-001 1.56533003128147e+000 2.35967136495306e-001 1.11076415071218e-004 14600 61
4.01432088359822e+003 1.73710926377692e+006 2.31091608419068e-003 9.29950403575231e-001 1.56782282403027e+000 2.36216274440401e-001 1.11076447288629e-004 14655 62
4.01698628457569e+003 1.73714218481009e+006 2.31240664108515e-003 7.23357277112939e-001 1.55919392605365e+000 2.44274202731209e-001 1.11076908999021e-004 14999 63
4.01499169701856e+003 1.73711319434009e+006 2.31129701887602e-003 6.61239543884206e-001 1.56619292107913e+000 2.44323511450402e-001 1.11077043391402e-004 15018 64
4.01776184876554e+003 1.73714044176066e+006 2.31285541923105e-003 3.92437513351848e-001 1.55698876323740e+000 2.44520410976898e-001 1.11079363057748e-004 15059 65
4.01403040731040e+003 1.73709692921984e+006 2.31076527469502e-003 6.32885412229408e-001 1.57012386349071e+000 2.44577234205699e-001 1.11079370527703e-004 15121 66
4.01413313965033e+003 1.73714244273211e+006 2.31076387073535e-003 7.85323058939448e-001 1.55928980269784e+000 2.50940349844651e-001 1.11079750951828e-004 16009 67
4.01402805287018e+003 1.73709856248534e+006 2.31076174668139e-003 9.43291736690404e-001 1.57050737006745e+000 2.52947694296462e-001 1.11079751787699e-004 16137 68
4.01428070458079e+003 1.73714231917218e+006 2.31084898158532e-003 5.72935006089597e-002 1.38067161458174e+000 2.56649786945197e-001 1.19151170611556e-004 16316 69
4.01593807105492e+003 1.73714433544188e+006 2.31180036962385e-003 5.49859166054800e-001 1.55785165303507e+000 2.64272614042794e-001 1.19152170320293e-004 17120 70
4.01553179738523e+003 1.73711978701848e+006 2.31159916263221e-003 1.27039194229283e-001 1.53014330286569e+000 2.67805524267154e-001 1.19297899689267e-004 17645 71
4.01428853190922e+003 1.73710427230271e+006 2.31090410063875e-003 2.65953166141483e-001 1.56159084215827e+000 2.67963772060934e-001 1.19300816523979e-004 17742 72
4.01553299681592e+003 1.73711464481625e+006 2.31160669586691e-003 3.53872247467669e-001 1.56254960860012e+000 2.68445971707398e-001 1.19302128965392e-004 17823 73
4.01451256113673e+003 1.73710354383736e+006 2.31103403615090e-003 4.03955429640346e-001 1.56638467436750e+000 2.68447271195042e-001 1.19302500992243e-004 17832 74
4.01516030120555e+003 1.73711917493137e+006 2.31138612065724e-003 4.88197287032737e-001 1.56360425168615e+000 2.68583787043183e-001 1.19303024109252e-004 17923 75
4.01497024660494e+003 1.73714434935533e+006 2.31124321877790e-003 6.36896929248093e-001 1.55833103625599e+000 2.69635466157448e-001 1.19303706683591e-004 18068 76
4.01506915102838e+003 1.73711765796972e+006 2.31133566729953e-003 6.51696995824606e-001 1.56504240134892e+000 2.69741860730955e-001 1.19303902781807e-004 18117 77
4.01498304314289e+003 1.73712564904204e+006 2.31127546589140e-003 8.00062344955072e-001 1.56350837504196e+000 2.80331135883472e-001 1.19304082894757e-004 18403 78
4.01628935123502e+003 1.73712461456588e+006 2.31202883272037e-003 1.81680918468648e-001 1.54720934553056e+000 2.82198373623872e-001 1.19332901499879e-004 18795 79
4.01496495304943e+003 1.73711074840203e+006 2.31128487770594e-003 2.35745227379565e-001 1.55775577639088e+000 2.85179983256387e-001 1.19339417842389e-004 18936 80
4.01492311871265e+003 1.73713888869941e+006 2.31122335463131e-003 3.49262542017448e-002 6.28039957731864e-001 3.15598094870290e-001 1.73509710639926e-004 20172 81
4.01437365613027e+003 1.73712115840476e+006 2.31093063980252e-003 9.97082533077320e-001 1.56494652470473e+000 3.16000374945694e-001 1.73509789578598e-004 20202 82
4.01423103238595e+003 1.73711586358054e+006 2.31085558029875e-003 8.26289156978750e-001 1.56600116779077e+000 3.16324825861264e-001 1.73509877270159e-004 20373 83
4.01430055764060e+003 1.73714246663715e+006 2.31086021393160e-003 9.48184571841982e-001 1.55957743263039e+000 3.20189360480445e-001 1.73510118933734e-004 20812 84
4.01503950408402e+003 1.73714524313796e+006 2.31128189796589e-003 5.16824931211536e-001 1.55737226981414e+000 3.20598973543271e-001 1.73511330841117e-004 20975 85
4.01414035699223e+003 1.73709893702662e+006 2.31082589849647e-003 6.16991295556890e-001 1.56954860362560e+000 3.24952680349646e-001 1.73511351474387e-004 21616 86
4.01405490319781e+003 1.73709762572038e+006 2.31077844972487e-003 5.32445535360053e-001 1.56935685033723e+000 3.25037960912267e-001 1.73511387102335e-004 21674 87
4.01474220248931e+003 1.73711173531000e+006 2.31115533486593e-003 6.21975301549802e-001 1.56638467436750e+000 3.29209944416950e-001 1.73511531050778e-004 21933 88
4.01469084044546e+003 1.73710548472655e+006 2.31113408356485e-003 7.56188397170447e-002 1.46801523743400e+000 3.29278030810862e-001 1.75346012509291e-004 21977 89
4.01723785595910e+003 1.73713456085100e+006 2.31256160873990e-003 8.51725821710868e-001 1.56139908886990e+000 3.34271270406773e-001 1.75346245147013e-004 22073 90
4.01644111458538e+003 1.73713104278225e+006 2.31210764103541e-003 4.59964716499717e-001 1.56034444578387e+000 3.44968876797297e-001 1.75347308840647e-004 22406 91
4.01463391920132e+003 1.73711862193233e+006 2.31108383790234e-003 1.27707780399064e-001 1.53081443937498e+000 3.62300792591499e-001 1.75487755674150e-004 24223 92
4.01450538056178e+003 1.73710642392934e+006 2.31102607089137e-003 1.24425630111049e-001 1.53196495910520e+000 3.62343936192352e-001 1.75630004956961e-004 24263 93
4.01429825826875e+003 1.73713851232322e+006 2.31086415056337e-003 7.57100105583784e-002 1.45996159932249e+000 3.70128216809509e-001 1.77672654431732e-004 24472 94
4.01473904906220e+003 1.73711051399614e+006 2.31115514444957e-003 4.10185437131486e-001 1.56475477141636e+000 3.70202110153690e-001 1.77673240099988e-004 24501 95
4.01689830510609e+003 1.73713115850683e+006 2.31237067270541e-003 8.12157676572017e-001 1.56216610202338e+000 3.70283260122404e-001 1.77673466510298e-004 24581 96
4.01404208683923e+003 1.73709579913412e+006 2.31077350154125e-003 1.00660430803383e-001 1.51489891644032e+000 3.70785287302035e-001 1.78067786365121e-004 24772 97
4.01411667732576e+003 1.73709828837370e+006 2.31081312971906e-003 6.94212998166581e-001 1.57002798684652e+000 3.72305636530611e-001 1.78067793861684e-004 24989 98
4.01535745626631e+003 1.73713863664448e+006 2.31147371909693e-003 7.88726770349242e-001 1.56024856913968e+000 3.74268304115430e-001 1.78068123248382e-004 25391 99
4.01446756226391e+003 1.73710479693095e+006 2.31100646466287e-003 4.92096860106999e-002 1.32170747840815e+000 3.74298636502852e-001 1.94113267202872e-004 25401 100
4.01421539431208e+003 1.73710139619582e+006 2.31086582375797e-003 5.29923142083152e-001 1.56839808389538e+000 3.74862957209366e-001 1.94113346729422e-004 25457 101
4.02299920347788e+003 1.73709640235145e+006 6.28086407095568e+000 9.30406257781899e-001 -1.57060324671163e+000 3.87380692384546e-001 1.94113347189943e-004 26009 102
4.01413811792587e+003 1.73710011982177e+006 2.31082303609477e-003 1.18286793461243e-001 1.52956804300058e+000 3.88063426897974e-001 1.94287547542541e-004 26099 103
4.01539278174463e+003 1.73713772481579e+006 2.31149526773385e-003 6.79109028785623e-001 1.56015269249550e+000 3.95915754792625e-001 1.94288011796799e-004 26489 104
4.01449031091753e+003 1.73710294318924e+006 2.31102202650741e-003 5.56879320837500e-001 1.56820633060701e+000 3.96401167725015e-001 1.94288092141521e-004 26605 105
4.01565635871578e+003 1.73714342329793e+006 2.31163941449332e-003 8.06657035811547e-001 1.55909804940947e+000 4.00201395782032e-001 1.94288460063485e-004 26995 106
4.01443975590052e+003 1.73713740581650e+006 2.31094707656177e-003 6.58960272850862e-001 1.56015269249550e+000 4.05576925275499e-001 1.94288956121526e-004 27267 107
4.01446393251964e+003 1.73711560751396e+006 2.31098999312636e-003 7.23813131319608e-001 1.56580941450240e+000 4.13368415002761e-001 1.94289080823812e-004 27691 108
4.01469044680772e+003 1.73712119742087e+006 2.31111295225303e-003 7.09134625864873e-001 1.56437126483963e+000 4.13705691785034e-001 1.94289274032114e-004 27750 109
4.01653092988788e+003 1.73713650218710e+006 2.31215207746027e-003 2.49907098066742e-001 1.55248256096072e+000 4.21408835465064e-001 1.94298953845344e-004 28118 110
4.01593301528536e+003 1.73712371033255e+006 2.31182490744041e-003 3.17950935982169e-001 1.55919392605365e+000 4.22019114715891e-001 1.94301770630305e-004 28286 111
4.01529620904519e+003 1.73711685382058e+006 2.31146744626144e-003 8.54096263585545e-001 1.56580941450240e+000 4.22023839389579e-001 1.94301857274129e-004 28298 112
4.01771319903525e+003 1.73713863014693e+006 2.31282982571561e-003 6.38750736355213e-001 1.55976918591876e+000 4.22041555703117e-001 1.94302418410900e-004 28314 113
4.01457557775671e+003 1.73713902997038e+006 2.31102310260703e-003 3.44481650810292e-001 1.55622175008393e+000 4.23144685822141e-001 1.94305777422660e-004 28355 114
4.01407104334503e+003 1.73710029600289e+006 2.31078418897421e-003 2.77045618503757e-001 1.56322074510941e+000 4.30051632646007e-001 1.94307749127238e-004 28610 115
4.01421663334763e+003 1.73710265397135e+006 2.31086486381977e-003 1.45425313898257e-001 1.54289489654225e+000 4.30143106522462e-001 1.94368617123277e-004 28660 116
4.01804766422719e+003 1.73713994035903e+006 2.31302061812570e-003 8.48990696470855e-001 1.56005681585131e+000 4.32549125040807e-001 1.94368905167959e-004 28949 117
4.01469976578702e+003 1.73710949982291e+006 2.31113387972099e-003 4.60420570706386e-001 1.56571353785821e+000 4.37619417744665e-001 1.94369252652297e-004 29040 118
4.01411840235695e+003 1.73709861504114e+006 2.31081368821196e-003 3.37856569673372e-001 1.56609704443495e+000 4.43958656226911e-001 1.94369860556927e-004 29313 119
4.01658780846219e+003 1.73713901690866e+006 2.31218147284646e-003 1.12026395689658e-001 1.51509066972869e+000 4.46455223744275e-001 1.94679872249294e-004 29593 120
4.01489162340754e+003 1.73710908014217e+006 2.31124488399402e-003 3.48614728950756e-001 1.56379600497452e+000 4.51932302138751e-001 1.94680924616937e-004 30041 121
4.01409862614134e+003 1.73710051426984e+006 2.31079977718156e-003 9.48336523244205e-001 1.57002798684652e+000 4.52651911523211e-001 1.94680928391171e-004 30093 122
4.01680444399521e+003 1.73713674438200e+006 2.31230920536426e-003 2.50727635638746e-001 1.55248256096072e+000 4.52653023541832e-001 1.94690538648736e-004 30107 123
4.01691593145379e+003 1.73713593471616e+006 2.31237446165842e-003 9.46330764734862e-001 1.56120733558153e+000 4.59844385858704e-001 1.94690729028462e-004 30570 124
4.01442423086086e+003 1.73710708242234e+006 2.31097847966488e-003 9.53016626432671e-001 1.56839808389538e+000 4.59847748023476e-001 1.94690750893963e-004 30580 125
4.01413683512699e+003 1.73711052386539e+006 2.31080845751168e-003 4.49905533672559e-001 1.56533003128147e+000 4.69252794634230e-001 1.94691160140400e-004 31427 126
4.01580207856115e+003 1.73714010637986e+006 2.31172771281614e-003 6.36046001395645e-001 1.55938567934202e+000 4.78631976890731e-001 1.94691757287447e-004 31764 127
4.01462664058851e+003 1.73710555161824e+006 2.31109703681827e-003 2.73003711204627e-001 1.56168671880245e+000 4.82165146069734e-001 1.94694466699338e-004 31876 128
4.01482352695885e+003 1.73710960490323e+006 2.31120498499644e-003 2.65740434178371e-001 1.56024856913968e+000 4.87497817578326e-001 1.94698073629450e-004 32437 129
4.01414110672419e+003 1.73709823571325e+006 2.31082726303373e-003 8.89045086096819e-001 1.57050737006745e+000 4.87528910482419e-001 1.94698074581651e-004 32493 130
4.01566047601692e+003 1.73712354461052e+006 2.31166823770104e-003 6.58352467241970e-001 1.56360425168615e+000 4.87541218674867e-001 1.94698345538421e-004 32533 131
4.01603675180359e+003 1.73714073660303e+006 2.31186196508722e-003 6.28296479882276e-001 1.55919392605365e+000 4.96413004780280e-001 1.94698975021054e-004 33015 132
4.01452181339517e+003 1.73710551820783e+006 2.31103673569210e-003 1.10385320545650e-001 1.52208966475417e+000 5.10075681880027e-001 1.94960298341526e-004 33965 133
4.01521189260809e+003 1.73711333730541e+006 2.31142358746213e-003 5.56909711117944e-001 1.56561766121403e+000 5.10134845877105e-001 1.94960533701127e-004 34010 134
4.01819966285499e+003 1.73714239098901e+006 2.31310485386703e-003 3.19257718041286e-001 1.55459184713279e+000 5.19389894223859e-001 1.94965210202658e-004 34562 135
4.01433505487644e+003 1.73710655243703e+006 2.31092784907589e-003 1.13363568029220e-001 1.52429482757042e+000 5.25932089848692e-001 1.95194927079882e-004 34938 136
4.01638742873115e+003 1.73713402363274e+006 2.31207276889022e-003 8.32944628396114e-001 1.56149496551408e+000 5.28544505678772e-001 1.95195167567000e-004 35249 137
4.01517726357082e+003 1.73711300593391e+006 2.31140409367273e-003 5.74049829288691e-001 1.56580941450240e+000 5.35577638256018e-001 1.95195375232101e-004 35668 138
4.01405789023569e+003 1.73710114272643e+006 2.31077549078898e-003 1.15460497379896e-001 1.52726700354015e+000 5.39414478589768e-001 1.95394932834276e-004 36191 139
4.01434946319269e+003 1.73711775611373e+006 2.31092123895578e-003 8.72999018022077e-001 1.56561766121403e+000 5.48955261862475e-001 1.95395020378642e-004 36867 140
4.01418162831001e+003 1.73710451075002e+006 2.31084224249805e-003 1.68218024231696e-001 1.54931863170263e+000 5.53176332052183e-001 1.95424576906707e-004 37140 141
4.01549501590720e+003 1.73713712206478e+006 2.31155492155516e-003 2.78261229721540e-001 1.55411246391186e+000 5.54058184079813e-001 1.95431195534583e-004 37291 142
4.01529031859134e+003 1.73712691408255e+006 2.31145066895670e-003 9.19617708224072e-001 1.56341249839778e+000 5.59999425634922e-001 1.95431330826913e-004 37857 143
4.01473046849612e+003 1.73711633409734e+006 2.31114246157465e-003 4.84580843659831e-001 1.56427538819544e+000 5.60526537288924e-001 1.95431787695078e-004 37978 144
4.01456695015161e+003 1.73710629650655e+006 2.31106168398970e-003 7.17856636352469e-001 1.56811045396283e+000 5.60535293610993e-001 1.95431836319014e-004 37991 145
4.01603699238830e+003 1.73712031594623e+006 2.31188928049798e-003 7.00291054255498e-001 1.56456301812799e+000 5.64362744455682e-001 1.95432025825966e-004 38244 146
4.01453777321104e+003 1.73713931816257e+006 2.31100095679534e-003 7.43475642767254e-001 1.55996093920713e+000 5.64762140921731e-001 1.95432416873169e-004 38354 147
4.01534678946670e+003 1.73712729357904e+006 2.31148267201690e-003 7.50414243885976e-002 1.46092036576434e+000 5.65301263335856e-001 1.97489137907087e-004 38460 148
4.01567409652614e+003 1.73713771059182e+006 2.31165722735003e-003 9.94894432885310e-001 1.56082382900479e+000 5.76321457168214e-001 1.97489319106778e-004 39151 149
4.01491938599204e+003 1.73710729227714e+006 2.31126324475707e-003 9.53117414451361e-002 1.50540712866604e+000 5.76850023307891e-001 1.98052504414009e-004 39320 150
4.01663224142398e+003 1.73713659215915e+006 2.31221027839082e-003 2.50211000871188e-001 1.55248256096072e+000 5.79769425755623e-001 1.98062158380760e-004 39363 151
4.01416979971887e+003 1.73709844756512e+006 2.31084349889542e-003 6.78440442615841e-001 1.56993211020234e+000 5.82608778758783e-001 1.98062167846260e-004 39580 152
4.01415169698324e+003 1.73712633366170e+006 2.31079598202060e-003 4.22827793796433e-001 1.56101558229316e+000 5.84324700204230e-001 1.98063323056412e-004 39665 153
4.01416232123809e+003 1.73711922726230e+006 2.31081155123335e-003 7.72802263396279e-001 1.56504240134892e+000 5.87741087634796e-001 1.98063457835893e-004 40011 154
4.01417457453020e+003 1.73710655535501e+006 2.31083546197852e-003 4.32228007631166e-002 1.23685664830470e+000 5.88716611104268e-001 2.28162404473595e-004 40193 155
4.01421968147644e+003 1.73713618774376e+006 2.31082200959306e-003 3.92467903632293e-001 1.55804340632344e+000 5.92653887398055e-001 2.28164455837893e-004 40402 156
4.01444921359869e+003 1.73711013545627e+006 2.31098879975540e-003 4.93302854147427e-001 1.56590529114658e+000 6.04018018026211e-001 2.28164737112266e-004 40598 157
4.01459555461407e+003 1.73713693960101e+006 2.31103738336107e-003 1.05674827076740e-001 1.50991333094272e+000 6.04469543375261e-001 2.28567809346228e-004 40781 158
4.01416839643254e+003 1.73710058536194e+006 2.31083984719259e-003 3.85113455764703e-001 1.56676818094424e+000 6.06238105542905e-001 2.28568168229694e-004 40868 159
4.01713800294753e+003 1.73713630404635e+006 2.31250180703660e-003 7.84836814452335e-001 1.56082382900479e+000 6.06240569878623e-001 2.28568473547582e-004 40877 160
4.01415980536288e+003 1.73711713489227e+006 2.31081288631537e-003 6.22613497439138e-001 1.56504240134892e+000 6.09878308597940e-001 2.28568690364644e-004 40992 161
4.01456250362573e+003 1.73711745590872e+006 2.31104427786845e-003 1.26340217779058e-001 1.53033505615406e+000 6.14786897297015e-001 2.28715140253266e-004 41135 162
4.01645984928720e+003 1.73712321040633e+006 2.31212885071881e-003 7.15395023636457e-001 1.56389188161870e+000 6.14788536199997e-001 2.28715352113094e-004 41143 163
4.01492118133867e+003 1.73711253665519e+006 2.31125730054919e-003 4.85857235438504e-001 1.56523415463729e+000 6.14843519306902e-001 2.28715707121396e-004 41163 164
4.01630246904905e+003 1.73713671149449e+006 2.31202028382260e-003 5.14728001860860e-001 1.55948155598621e+000 6.14941539043299e-001 2.28716646020395e-004 41221 165
4.01526087053322e+003 1.73713762927887e+006 2.31141945930505e-003 9.31844218140151e-002 1.49486069780572e+000 6.16482431680521e-001 2.29457041577170e-004 41559 166
4.01467483571171e+003 1.73711825044748e+006 2.31110788624873e-003 6.01522642810596e-001 1.56465889477218e+000 6.22898338974623e-001 2.29457300071552e-004 41638 167
4.01739413399683e+003 1.73713371347286e+006 2.31265269948777e-003 1.59799916548546e-001 1.53982684392834e+000 6.30963385918795e-001 2.29515347568292e-004 42013 168
4.01650877262074e+003 1.73713768387507e+006 2.31213774964880e-003 1.60924356924996e-001 1.53915570741905e+000 6.38681980898699e-001 2.29574414416385e-004 42245 169
4.01453010811593e+003 1.73711091114903e+006 2.31103433598097e-003 9.49217841377098e-001 1.56743931745354e+000 6.39630327842263e-001 2.29574451591149e-004 42370 170
4.01486062080889e+003 1.73713322430170e+006 2.31119491356095e-003 2.63218040901471e-001 1.55420834055605e+000 6.40026765908726e-001 2.29581864843037e-004 42510 171
4.01718360675217e+003 1.73714163089082e+006 2.31252096797698e-003 6.82643918494550e-002 1.43532130176702e+000 6.49541725007781e-001 2.33007701621882e-004 42689 172
4.01717892693950e+003 1.73714031574583e+006 2.31252002476122e-003 8.02037713183970e-001 1.55986506256294e+000 6.49552181778395e-001 2.33008037131020e-004 42712 173
4.01404748288802e+003 1.73709890382854e+006 2.31077247788043e-003 6.83302887486975e-001 1.56983623355815e+000 6.51207925992840e-001 2.33008048103038e-004 43013 174
4.01430549604937e+003 1.73710454635669e+006 2.31091350176511e-003 5.32232803396941e-001 1.56763107074190e+000 6.53388660653281e-001 2.33008169272903e-004 43327 175
4.01450991004344e+003 1.73713444332585e+006 2.31099140237850e-003 4.29695997176910e-001 1.55909804940947e+000 6.53766277978967e-001 2.33009639947107e-004 43338 176
4.01406787951495e+003 1.73709928414496e+006 2.31078371367829e-003 7.11170774654660e-001 1.56983623355815e+000 6.56319950875242e-001 2.33009649995419e-004 43596 177
4.01616356003820e+003 1.73713209201195e+006 2.31194646792245e-003 7.50343846147731e-001 1.56178259544664e+000 6.59231139318351e-001 2.33009938239919e-004 43921 178
4.01451539012950e+003 1.73711041791557e+006 2.31102651953344e-003 4.81116351689148e-001 1.56571353785821e+000 6.69630689429616e-001 2.33010253686162e-004 44473 179
4.01517416580576e+003 1.73714221298523e+006 2.31136344829235e-003 5.71952899938014e-001 1.55852278954436e+000 6.74838235482264e-001 2.33011098000778e-004 44833 180
4.01498001293483e+003 1.73714086234847e+006 2.31125348021978e-003 5.96781759061240e-001 1.55900217276528e+000 6.74907725234725e-001 2.33011821032329e-004 44896 181
4.01729077987344e+003 1.73714100830326e+006 2.31258349156560e-003 2.15414129762138e-001 1.54816811197241e+000 6.88662077103020e-001 2.33030409212647e-004 45320 182
4.01453921362151e+003 1.73712846065694e+006 2.31101623028833e-003 3.87149604554490e-001 1.55986506256294e+000 6.94988404383088e-001 2.33032074923010e-004 45543 183
4.01531138508649e+003 1.73712416460888e+006 2.31146645460593e-003 1.10567662228318e-001 1.51758346247749e+000 7.00317386026003e-001 2.33329812164827e-004 45697 184
4.01403928400229e+003 1.73710131096733e+006 2.31076455596354e-003 7.19284979533364e-001 1.56935685033723e+000 7.00492972204738e-001 2.33329830547728e-004 45799 185
4.01499850389271e+003 1.73713220247904e+006 2.31127564660477e-003 9.71767429466980e-001 1.56216610202338e+000 7.00503185745077e-001 2.33329983117266e-004 45819 186
4.01568810383838e+003 1.73711918624163e+006 2.31168994187721e-003 2.01373820196739e-001 1.55181142445143e+000 7.02195374418216e-001 2.33346436699968e-004 45978 187
4.01508753326059e+003 1.73711518720518e+006 2.31134953677696e-003 6.65524573426893e-001 1.56571353785821e+000 7.05435837521482e-001 2.33346591195031e-004 46351 188
4.01513663987824e+003 1.73712152040275e+006 2.31136937889725e-003 4.99137787992787e-001 1.56312486846522e+000 7.08025903515707e-001 2.33347141785674e-004 46410 189
4.01601631440036e+003 1.73712607527889e+006 2.31186971210285e-003 6.99075443037715e-001 1.56312486846522e+000 7.10210869722921e-001 2.33347404183912e-004 46565 190
4.01470541658262e+003 1.73710580186926e+006 2.31114205262614e-003 2.64372871558365e-001 1.56111145893735e+000 7.10211927467491e-001 2.33350601045988e-004 46570 191
4.01406933883683e+003 1.73709690360687e+006 2.31078772048018e-003 3.36428226492477e-001 1.56648055101169e+000 7.25190652671916e-001 2.33351138752101e-004 47938 192
4.01699729731908e+003 1.73713735092866e+006 2.31241941528758e-003 6.55900471703315e-002 1.42573363734855e+000 7.26901203196906e-001 2.37473219250984e-004 48013 193
4.01530728038674e+003 1.73711375092060e+006 2.31147794845746e-003 1.39863892576898e-001 1.53790931104465e+000 7.27472005974025e-001 2.37558538021220e-004 48127 194
4.01439647916528e+003 1.73710574686895e+006 2.31096428068865e-003 6.31031605122288e-001 1.56791870067446e+000 7.27490330144764e-001 2.37558609883402e-004 48139 195
4.01457695398657e+003 1.73711925049035e+006 2.31105020891826e-003 3.82743013890025e-001 1.56207022537919e+000 7.27868721140507e-001 2.37559815298530e-004 48241 196
4.01642660034298e+003 1.73713004785035e+006 2.31210061002275e-003 3.33632320691575e-001 1.55813928296762e+000 7.30277412370599e-001 2.37562713694471e-004 48336 197
4.01456188439510e+003 1.73711872822189e+006 2.31104222873451e-003 7.40081548534817e-002 1.46015335261086e+000 7.31928104571070e-001 2.39704723805764e-004 48541 198
4.01414593289951e+003 1.73713662219962e+006 2.31077897778499e-003 2.20215794072382e-001 1.54979801492355e+000 7.33629936189331e-001 2.39720507833689e-004 48749 199
4.01450616506005e+003 1.73713095257456e+006 2.31099389044891e-003 1.61076308327219e-001 1.54088148701437e+000 7.38736207151383e-001 2.39774599111205e-004 49065 200
4.01468103901942e+003 1.73710967428621e+006 2.31112286724753e-003 3.74264125645986e-001 1.56427538819544e+000 7.42226227739634e-001 2.39775405611606e-004 49146 201
4.01422986212147e+003 1.73709947949651e+006 2.31087670220882e-003 6.25166280996483e-001 1.56945272698141e+000 7.42606302386900e-001 2.39775428098077e-004 49190 202
4.01438637098192e+003 1.73710813662222e+006 2.31095528254752e-003 5.23997037396458e-001 1.56667230430006e+000 7.42632924438618e-001 2.39775617145640e-004 49218 203
4.01600508394867e+003 1.73712290859466e+006 2.31186746156757e-003 2.31095514471544e-001 1.55430421720023e+000 7.47123371678535e-001 2.39785400292950e-004 49568 204
4.01428882860104e+003 1.73712018030918e+006 2.31088310896719e-003 2.41975234870705e-001 1.55593412015137e+000 7.54573049122888e-001 2.39792930101669e-004 49991 205
4.01420516715490e+003 1.73711604506849e+006 2.31084044919455e-003 9.74472164426548e-001 1.56619292107913e+000 7.57492696877907e-001 2.39792987364298e-004 50114 206
4.01775378962470e+003 1.73714197597260e+006 2.31284873728126e-003 4.47261579273880e-001 1.55746814645833e+000 7.58773018039152e-001 2.39794634694836e-004 50280 207
4.01450514274122e+003 1.73711859410362e+006 2.31100974310046e-003 8.30634967082325e-001 1.56533003128147e+000 7.58903970828725e-001 2.39794740900917e-004 50320 208
4.01418717860603e+003 1.73710035847068e+006 2.31085096133496e-003 5.10078288952838e-001 1.56849396053957e+000 7.60399663695084e-001 2.39794822085864e-004 50402 209
4.01439515231837e+003 1.73710519548930e+006 2.31096425039360e-003 6.03042156832825e-001 1.56791870067446e+000 7.63875889412691e-001 2.39794901490886e-004 50536 210
4.01534021721680e+003 1.73712150007186e+006 2.31148659766573e-003 5.91554630824772e-001 1.56379600497452e+000 7.63879728833797e-001 2.39795230296639e-004 50540 211
4.01408741781221e+003 1.73710491918872e+006 2.31078746524900e-003 8.06535474689769e-001 1.56868571382794e+000 7.67491330886727e-001 2.39795256183500e-004 50863 212
4.01410138243722e+003 1.73710232361018e+006 2.31079895700696e-003 3.57549471401464e-001 1.56571353785821e+000 7.82088635809233e-001 2.39795862272089e-004 51668 213
4.01648204559192e+003 1.73712510915357e+006 2.31213910101877e-003 6.36957709808982e-001 1.56312486846522e+000 7.84576774644668e-001 2.39796184282935e-004 51751 214
4.01583669867028e+003 1.73712860068119e+006 2.31176295365656e-003 1.07315902220747e-001 1.51355664342174e+000 7.87305405920199e-001 2.40151195720817e-004 51830 215
4.01466098194883e+003 1.73712613953015e+006 2.31108941542821e-003 9.19465756821849e-001 1.56360425168615e+000 8.11312538060022e-001 2.40151325657090e-004 53134 216
4.01437660317589e+003 1.73713304886693e+006 2.31091651831329e-003 6.51514654141939e-001 1.56120733558153e+000 8.11340720517733e-001 2.40151758451849e-004 53187 217
4.01449698708500e+003 1.73711517672191e+006 2.31100959455627e-003 7.53322093631300e-001 1.56600116779077e+000 8.11446413010918e-001 2.40151865922720e-004 53210 218
4.01551301690978e+003 1.73711848826026e+006 2.31159007967242e-003 3.63242071021957e-002 1.03302290276803e+000 8.14890078054404e-001 3.05450089847641e-004 53382 219
4.01428981631608e+003 1.73711089465420e+006 2.31089603024740e-003 4.42247183000524e-001 1.56513827799310e+000 8.14974750439195e-001 3.05450538179542e-004 53432 220
4.01445146240693e+003 1.73710628000127e+006 2.31099522347164e-003 1.56061912053862e-001 1.54557944257942e+000 8.18239227374083e-001 3.05495154755099e-004 53730 221
4.01617543101211e+003 1.73712755841077e+006 2.31195933532314e-003 5.42109644541431e-001 1.56197434873501e+000 8.18487546050792e-001 3.05495724771203e-004 53805 222
4.01573865065868e+003 1.73713052336373e+006 2.31170395276016e-003 9.44325006225520e-001 1.56254960860012e+000 8.28735213694835e-001 3.05495876223184e-004 54190 223
4.01638708592897e+003 1.73712409462977e+006 2.31208578678301e-003 9.65658983097618e-001 1.56417951155126e+000 8.29197922560325e-001 3.05495978742600e-004 54376 224
4.02300392968406e+003 1.73709536553937e+006 6.28086406685265e+000 7.46271548568156e-001 -1.57069912335582e+000 8.33986575343733e-001 3.05495979000156e-004 54625 225
4.01445905305299e+003 1.73710824136328e+006 2.31099698382447e-003 3.09745560262131e-001 1.56274136188849e+000 8.34575422199125e-001 3.05497675330436e-004 54755 226
4.01775064298289e+003 1.73714400096804e+006 2.31284422981590e-003 4.15655687611511e-001 1.55650938001648e+000 8.34985183922490e-001 3.05499830079741e-004 54919 227
4.01474588272711e+003 1.73712676226396e+006 2.31113746093544e-003 8.95609386672849e-001 1.56341249839778e+000 8.38685004364179e-001 3.05499973479458e-004 55191 228
4.01580516492267e+003 1.73713543017947e+006 2.31173571242762e-003 4.40271814771625e-001 1.55900217276528e+000 8.38779664465467e-001 3.05501385254479e-004 55268 229
4.01472018702848e+003 1.73711011029886e+006 2.31114482332534e-003 3.93632351466543e-002 1.14865013565477e+000 8.39701478183171e-001 3.51947480367235e-004 55410 230
4.01435363220479e+003 1.73710611165452e+006 2.31093912981571e-003 8.10850894512900e-001 1.56839808389538e+000 8.42292637705049e-001 3.51947511564052e-004 55563 231
4.01624012742052e+003 1.73714303084433e+006 2.31197598596868e-003 6.99835200048830e-001 1.55890629612110e+000 8.42587356496062e-001 3.51948027262944e-004 55679 232
4.01450109150329e+003 1.73710300168587e+006 2.31102815472298e-003 3.81740134635354e-001 1.56609704443495e+000 8.42734913508915e-001 3.51948491946659e-004 55719 233
4.01476905542444e+003 1.73711350374246e+006 2.31116844033319e-003 3.56556209324148e-002 9.98315557573168e-001 8.59931242949923e-001 4.21714797691465e-004 57256 234
4.01653553288248e+003 1.73712991082510e+006 2.31216350040965e-003 8.38849959979719e-002 1.48105446104312e+000 8.69605313731942e-001 4.22910687805558e-004 57520 235
4.01560300912542e+003 1.73711608188099e+006 2.31164508709443e-003 3.21172305709295e-001 1.56120733558153e+000 8.70164092522381e-001 4.22912739399511e-004 57742 236
4.01407004501522e+003 1.73709834190314e+006 2.31078621370832e-003 2.10673246012782e-001 1.55823515961180e+000 8.72303395276041e-001 4.22920615365716e-004 57907 237
4.01430769401317e+003 1.73710267930271e+006 2.31091725084513e-003 4.62699841739729e-001 1.56743931745354e+000 8.72403007290344e-001 4.22920795997684e-004 57946 238
4.01640802409174e+003 1.73712470139017e+006 2.31209703247754e-003 9.35329483213922e-001 1.56398775826289e+000 8.73868406803524e-001 4.22920910950295e-004 58019 239
4.01436851498145e+003 1.73712599484816e+006 2.31092124626004e-003 7.57181659247762e-001 1.56331662175359e+000 8.78462594404509e-001 4.22921122614413e-004 58057 240
4.01469374386880e+003 1.73712119353394e+006 2.31111485541706e-003 4.08726703670146e-001 1.56207022537919e+000 8.78885221363872e-001 4.22922165844272e-004 58130 241
4.01457898700778e+003 1.73711143046049e+006 2.31106178297579e-003 9.06002862584897e-001 1.56724756416517e+000 8.84029281381515e-001 4.22922210739252e-004 58394 242
4.01420841798474e+003 1.73711158286592e+006 2.31084825653065e-003 3.36884080699146e-001 1.56283723853267e+000 8.85083284348656e-001 4.22923594980915e-004 58437 243
4.01725784697324e+003 1.73713148093093e+006 2.31257721687725e-003 3.91161121573175e-001 1.55919392605365e+000 8.90708335039386e-001 4.22925380495609e-004 58734 244
4.01441072010796e+003 1.73712117015794e+006 2.31095196049085e-003 9.99574536073776e-001 1.56494652470473e+000 8.99087090904031e-001 4.22925459001970e-004 59360 245
4.01853034860723e+003 1.73714240847633e+006 2.31329519147626e-003 3.41968874710747e-002 8.23244805291909e-001 8.99953062663362e-001 4.98314309751913e-004 59547 246
4.01408885006088e+003 1.73710815997869e+006 2.31078397870205e-003 7.13054972042224e-001 1.56763107074190e+000 9.00171619001455e-001 4.98314373423783e-004 59635 247
4.01424423525109e+003 1.73710755319364e+006 2.31087423592553e-003 2.17997303599927e-001 1.55679700994903e+000 9.01475226874061e-001 4.98323010740904e-004 59794 248
4.01415855687237e+003 1.73711131964634e+006 2.31081990337491e-003 7.19467321216032e-001 1.56686405758843e+000 9.01881815633365e-001 4.98323098157899e-004 59848 249
4.01416542517745e+003 1.73714161154370e+006 2.31078356171955e-003 5.43152531253903e-002 1.35948287621693e+000 9.05228607874357e-001 5.08774479130985e-004 60062 250
4.01455590865004e+003 1.73710672711649e+006 2.31105475487877e-003 9.58578047754030e-001 1.56849396053957e+000 9.08149343421058e-001 5.08774499393628e-004 60397 251
4.01402356531609e+003 1.73709731629127e+006 2.31076082106670e-003 8.67103303615828e-001 1.57069912335582e+000 9.13355237190453e-001 5.08774499578763e-004 60918 252
4.01506668316711e+003 1.73714407426267e+006 2.31129909891602e-003 1.38040475750223e-001 1.52956804300058e+000 9.14112668738507e-001 5.08898520403565e-004 60984 253
4.01412440375194e+003 1.73709924482525e+006 2.31081630524976e-003 6.33250095594743e-001 1.56954860362560e+000 9.15428822921535e-001 5.08898539889281e-004 61168 254
4.01608043063208e+003 1.73712026809641e+006 2.31191434993933e-003 4.06417042356357e-001 1.56226197866756e+000 9.15498549627778e-001 5.08899560489879e-004 61204 255
4.01529350267417e+003 1.73713880705547e+006 2.31143667706591e-003 1.45182191654701e-001 1.53378661534471e+000 9.17100067944510e-001 5.08993704829077e-004 61338 256
4.02164371393231e+003 1.73714166253194e+006 2.31508840978547e-003 3.58683528955269e-002 5.62939716330454e-001 9.18657161615823e-001 5.52342449247275e-004 61568 257
4.01475746477279e+003 1.73710957436540e+006 2.31116699588209e-003 2.64068968753919e-001 1.56015269249550e+000 9.18695196532672e-001 5.52346158142740e-004 61634 258
4.01403879119290e+003 1.73709856362353e+006 2.31076792689219e-003 6.60966031360205e-001 1.56983623355815e+000 9.22696550235726e-001 5.52346169947076e-004 61851 259
4.01546366064960e+003 1.73711316411940e+006 2.31156875186842e-003 3.37248764064481e-001 1.56245373195593e+000 9.35812728938519e-001 5.52347655280058e-004 62549 260
4.01401560792419e+003 1.73709572841439e+006 2.31075835248727e-003 4.99046617151454e-001 1.56954860362560e+000 9.41414228286420e-001 5.52347688185785e-004 62865 261
4.01517808461340e+003 1.73714526559076e+006 2.31136164253144e-003 6.23859498937366e-001 1.55804340632344e+000 9.41414835366949e-001 5.52348428167469e-004 62866 262
4.01422065216846e+003 1.73712053525335e+006 2.31084339019196e-003 4.93515586110539e-001 1.56331662175359e+000 9.41552563527987e-001 5.52348970949559e-004 62892 263
4.01486400589667e+003 1.73712710944561e+006 2.31120499782224e-003 6.41668203277893e-001 1.56264548524430e+000 9.41570486776276e-001 5.52349318962563e-004 62944 264
4.01689874042373e+003 1.73713357591274e+006 2.31236770540148e-003 8.75825314103424e-001 1.56168671880245e+000 9.42569911490189e-001 5.52349527472789e-004 63233 265
4.01480911000060e+003 1.73710605051387e+006 2.31120141469738e-003 2.16386618736364e-001 1.55698876323740e+000 9.45310879248661e-001 5.52358121837385e-004 63330 266
4.01515297011921e+003 1.73712657466992e+006 2.31137205453242e-003 9.27519181139664e-001 1.56350837504196e+000 9.45318503303051e-001 5.52358251946280e-004 63348 267
4.01457135866272e+003 1.73710383380773e+006 2.31106749821679e-003 2.02802163377635e-001 1.55583824350719e+000 9.45450974706762e-001 5.52369467772983e-004 63411 268
4.01533029106662e+003 1.73712522596235e+006 2.31147592577395e-003 3.42272777515193e-002 8.54692344584491e-001 9.46137844044248e-001 6.29072156485387e-004 63604 269
4.01696798634716e+003 1.73713504675245e+006 2.31240560944536e-003 3.92467903632293e-001 1.55833103625599e+000 9.46311275059784e-001 6.29074136794464e-004 63620 270
4.01415198596688e+003 1.73710108310164e+006 2.31082973806835e-003 6.74520096438490e-001 1.56926097369304e+000 9.53594545761766e-001 6.29074160198564e-004 64113 271
4.01585600524802e+003 1.73712809258900e+006 2.31177474384012e-003 1.37067986775996e-001 1.53311547883541e+000 9.55118103405076e-001 6.29183974828505e-004 64148 272
4.01549838092108e+003 1.73713304454487e+006 2.31156228447625e-003 5.74779196019361e-001 1.56082382900479e+000 9.81069939954945e-001 6.29184580677743e-004 65339 273
4.01564314347938e+003 1.73712329595701e+006 2.31165859092318e-003 5.54964733169491e-001 1.56312486846522e+000 9.95145812509070e-001 6.29185016721395e-004 65998 274
4.01500802421931e+003 1.73711746450098e+006 2.31130073626340e-003 7.89152234275466e-001 1.56552178456984e+000 1.00441380870924e+000 6.29185129196453e-004 66296 275
4.01440278106561e+003 1.73712045627956e+006 2.31094833997786e-003 8.73819555594081e-001 1.56494652470473e+000 1.00465566503583e+000 6.29185234725102e-004 66323 276
4.01804059946004e+003 1.73714074477711e+006 2.31301548016646e-003 1.85236581280664e-001 1.54385366298410e+000 1.01262836761648e+000 6.29219110982287e-004 66631 277
4.01639423591187e+003 1.73714348962269e+006 2.31206408864282e-003 4.46815342244567e-002 1.25114226828822e+000 1.01459506131927e+000 6.55891710427455e-004 66868 278
4.01702399350329e+003 1.73713508915998e+006 2.31243779392769e-003 2.39361670752471e-001 1.55200317773980e+000 1.01596396629424e+000 6.55902785680954e-004 66995 279
4.01419361699162e+003 1.73710110578666e+006 2.31085367356713e-003 9.88937937918171e-001 1.56993211020234e+000 1.03120834101929e+000 6.55902789812356e-004 67741 280
4.01528526962104e+003 1.73712431206774e+006 2.31145122473969e-003 2.93243637980721e-001 1.55804340632344e+000 1.03120834101929e+000 6.55906684826111e-004 67741 281
4.01501894483298e+003 1.73711553291926e+006 2.31130959290269e-003 4.48334856266796e-002 1.26140106921598e+000 1.03127104302773e+000 6.81430067211409e-004 67765 282
4.01644468861809e+003 1.73713652188983e+006 2.31210240585231e-003 4.70236631289987e-001 1.55909804940947e+000 1.03678796378746e+000 6.81431273288716e-004 68289 283
4.01465411628078e+003 1.73713315198825e+006 2.31107613378004e-003 6.57653490791745e-001 1.56120733558153e+000 1.03976295568018e+000 6.81431697245434e-004 68719 284
4.01522989767682e+003 1.73713794619859e+006 2.31140120789170e-003 3.85386968288704e-001 1.55746814645833e+000 1.04244060031200e+000 6.81433983069490e-004 68839 285
4.01584408678813e+003 1.73711906444508e+006 2.31177989752517e-003 7.56452292517092e-001 1.56504240134892e+000 1.05873079015349e+000 6.81434124341079e-004 69480 286
4.01417759445258e+003 1.73710975501165e+006 2.31083294403316e-003 1.93958591768260e-001 1.55305782082583e+000 1.07024741664334e+000 6.81450217982247e-004 69962 287
4.01432661912840e+003 1.73711383178929e+006 2.31091330903799e-003 9.94195456435084e-001 1.56676818094424e+000 1.07468349112067e+000 6.81450262528448e-004 70407 288
4.01416483119162e+003 1.73710416458553e+006 2.31083303343600e-003 5.20198252340885e-001 1.56763107074190e+000 1.07786654666491e+000 6.81450389951110e-004 70487 289
4.01421614665294e+003 1.73710031653327e+006 2.31086769312799e-003 9.13843554939600e-001 1.57002798684652e+000 1.08411543536369e+000 6.81450394045867e-004 71017 290
4.01417246651629e+003 1.73709928112315e+006 2.31084392521987e-003 7.79579295935422e-001 1.57002798684652e+000 1.08943118072923e+000 6.81450399854228e-004 71386 291
4.01738373591650e+003 1.73713447416631e+006 2.31264570104384e-003 1.94748739059820e-001 1.54701759224219e+000 1.10473201579183e+000 6.81475444505706e-004 72236 292
4.01629117176111e+003 1.73714234773584e+006 2.31200627904892e-003 8.64307397814926e-001 1.55948155598621e+000 1.11031677381585e+000 6.81475744712087e-004 72543 293
4.01565673650877e+003 1.73712490582560e+006 2.31166427359080e-003 7.45247896210396e-002 1.46005747596667e+000 1.11035722650990e+000 6.83587883448812e-004 72593 294
4.01422972403332e+003 1.73709980901222e+006 2.31087618436012e-003 3.20382158417736e-001 1.56523415463729e+000 1.11408751898667e+000 6.83588770783140e-004 72826 295
4.01510795626846e+003 1.73710997789711e+006 2.31136822493607e-003 4.47727050657905e-002 1.26197632908109e+000 1.11412099229986e+000 7.09134526715639e-004 72835 296
4.01596903009032e+003 1.73714195972489e+006 2.31182135296006e-003 8.64337788095371e-001 1.55957743263039e+000 1.11413289688679e+000 7.09134822974835e-004 72849 297
4.01763635462283e+003 1.73713518047462e+006 2.31279018255739e-003 2.30973953349765e-001 1.55123616458632e+000 1.11413595974898e+000 7.09147563886633e-004 72858 298
4.01809115142891e+003 1.73714043293932e+006 2.31304499590422e-003 4.80265423836700e-001 1.55823515961180e+000 1.11621569022916e+000 7.09148849130643e-004 73125 299
4.01480885481530e+003 1.73712540063494e+006 2.31117552304221e-003 6.41009234285468e-002 1.42228207815790e+000 1.11769787889178e+000 7.13630857327168e-004 73317 300
4.01665489560286e+003 1.73713556064230e+006 2.31222469242602e-003 9.48761987170429e-001 1.56130321222571e+000 1.12847106911195e+000 7.13631043714281e-004 74372 301
4.01436278259341e+003 1.73712661337823e+006 2.31091712351703e-003 2.41640941785815e-001 1.55430421720023e+000 1.13328368164127e+000 7.13639912104305e-004 74634 302
4.01472580302268e+003 1.73710615241375e+006 2.31115332204449e-003 4.54109009551268e-002 1.27281038987396e+000 1.13376375569910e+000 7.37410262374447e-004 74719 303
4.01564266152286e+003 1.73714169814001e+006 2.31163382531720e-003 7.16185170928017e-001 1.55928980269784e+000 1.13384143417524e+000 7.37410728302334e-004 74784 304
4.01421557458667e+003 1.73712707409239e+006 2.31083176885801e-003 1.58006890002316e-001 1.54097736365856e+000 1.13492186885477e+000 7.37466881302903e-004 74924 305
4.01580931982471e+003 1.73714136424849e+006 2.31173020736583e-003 1.08166830073196e-001 1.51115972731712e+000 1.13544420217715e+000 7.37838053187964e-004 75078 306
4.01731303384598e+003 1.73714004234183e+006 2.31259758813319e-003 8.14649679568473e-001 1.55996093920713e+000 1.13688143818512e+000 7.37838372989145e-004 75208 307
4.01454863643717e+003 1.73710474901811e+006 2.31105320016734e-003 7.87875842496794e-001 1.56868571382794e+000 1.13849938316266e+000 7.37838400244001e-004 75429 308
4.01587983460102e+003 1.73714317247420e+006 2.31176839321339e-003 8.22064907996952e-001 1.55919392605365e+000 1.13853728429986e+000 7.37838748703646e-004 75475 309
4.01416005567879e+003 1.73711376010526e+006 2.31081751974141e-003 9.79395389858571e-001 1.56676818094424e+000 1.14340478811156e+000 7.37838794744233e-004 75717 310
4.01464676053685e+003 1.73711870470853e+006 2.31109112005574e-003 6.95428609384365e-001 1.56494652470473e+000 1.14457473831664e+000 7.37838969142688e-004 75757 311
4.01453356976754e+003 1.73713650512576e+006 2.31100227936646e-003 9.86354764080381e-001 1.56111145893735e+000 1.14817632914658e+000 7.37839145635951e-004 75969 312
4.01411866345624e+003 1.73709888812247e+006 2.31081347524773e-003 7.42168860708137e-001 1.57002798684652e+000 1.15074476959419e+000 7.37839152107977e-004 76452 313
4.01635321687658e+003 1.73714415062004e+006 2.31203959609924e-003 9.71706648906091e-001 1.55919392605365e+000 1.15148614557422e+000 7.37839393303113e-004 76569 314
4.01694939111291e+003 1.73714446053837e+006 2.31238237387139e-003 3.45007902755206e-002 6.77512306131169e-001 1.15151596172895e+000 7.99346655223467e-004 76610 315
4.01721851459506e+003 1.73713041155243e+006 2.31255599846092e-003 8.63699592206034e-001 1.56245373195593e+000 1.15202113578333e+000 7.99346842859681e-004 76690 316
4.01519345031249e+003 1.73714351787075e+006 2.31137281329275e-003 5.48400432593460e-001 1.55804340632344e+000 1.15243729381636e+000 7.99347825504973e-004 76911 317
4.01605116049079e+003 1.73713686415455e+006 2.31187541316095e-003 3.49192144279203e-001 1.55689288659322e+000 1.16700495995307e+000 7.99350856744256e-004 77799 318
4.01422187226926e+003 1.73712312482584e+006 2.31084064773761e-003 3.50346974936097e-001 1.56034444578387e+000 1.16853970515222e+000 7.99352792783173e-004 77901 319
4.01427510421925e+003 1.73712755122787e+006 2.31086540296781e-003 7.94480150530625e-002 1.47213793313395e+000 1.17905580553851e+000 8.00902468699607e-004 78394 320
4.01654151384761e+003 1.73714107427756e+006 2.31215208469766e-003 7.61709811034006e-001 1.55957743263039e+000 1.18157853292927e+000 8.00902859935356e-004 78649 321
4.01508667079379e+003 1.73713003698921e+006 2.31132928188490e-003 4.47565482078326e-001 1.56044032242805e+000 1.18157874968321e+000 8.00903973550652e-004 78651 322
4.01480022047077e+003 1.73711653247403e+006 2.31118235131469e-003 5.76633003126480e-001 1.56494652470473e+000 1.20385025136131e+000 8.00904236892186e-004 79234 323
4.01486764208397e+003 1.73713267902934e+006 2.31119968087890e-003 6.76617025789166e-001 1.56139908886990e+000 1.21537282701244e+000 8.00904622890402e-004 79821 324
4.01605631336542e+003 1.73712633375790e+006 2.31189239392101e-003 6.89897578343450e-001 1.56302899182104e+000 1.21869600489056e+000 8.00904898276097e-004 80085 325
4.01486724123770e+003 1.73710782531705e+006 2.31123251755282e-003 6.00003128788366e-001 1.56724756416517e+000 1.21949486124646e+000 8.00905009435217e-004 80239 326
4.01607231174632e+003 1.73711864508439e+006 2.31191183624174e-003 9.54748872418012e-001 1.56552178456984e+000 1.22206072780967e+000 8.00905083404911e-004 80464 327
4.01627262739618e+003 1.73712203625491e+006 2.31202263704664e-003 1.40228575942233e-001 1.53599177816095e+000 1.22263677874055e+000 8.00997595843719e-004 80546 328
4.01443683740162e+003 1.73712651216537e+006 2.31095988856949e-003 2.39027377667581e-001 1.55411246391186e+000 1.22267109243068e+000 8.01006842380063e-004 80589 329
4.01634981688626e+003 1.73712468553349e+006 2.31206354597381e-003 9.32594357973910e-001 1.56398775826289e+000 1.22773717517878e+000 8.01006958075676e-004 80922 330
4.01477593138617e+003 1.73712289216068e+006 2.31115990771084e-003 6.42671082532564e-001 1.56370012833033e+000 1.22873658545653e+000 8.01007237912393e-004 81072 331
4.01787384881468e+003 1.73714427487178e+006 2.31291478911258e-003 8.62271249025139e-001 1.55900217276528e+000 1.22873701105953e+000 8.01007559674462e-004 81073 332
4.01405839792939e+003 1.73709722876159e+006 2.31078098959045e-003 8.07295231700884e-001 1.57060324671163e+000 1.22885166115216e+000 8.01007560303762e-004 81142 333
4.01441940412304e+003 1.73710858775574e+006 2.31097369844809e-003 8.30786918484548e-001 1.56782282403027e+000 1.23084850564178e+000 8.01007601591867e-004 81269 334
4.01622267152242e+003 1.73712650573901e+006 2.31198793081303e-003 6.29147407734724e-001 1.56274136188849e+000 1.23085291458311e+000 8.01007958425932e-004 81283 335
4.01572316248843e+003 1.73714210351170e+006 2.31167962667546e-003 8.85489423284802e-001 1.55957743263039e+000 1.23453269577130e+000 8.01008239339107e-004 81544 336
4.01405905749803e+003 1.73710746235783e+006 2.31076775612573e-003 5.39617641544975e-001 1.56695993423261e+000 1.25082219202565e+000 8.01008397755859e-004 82031 337
4.01438071821013e+003 1.73710530406250e+006 2.31095579670976e-003 2.68627510820607e-001 1.56149496551408e+000 1.25289022517757e+000 8.01011297209945e-004 82063 338
4.01475876551115e+003 1.73713732512409e+006 2.31113082391291e-003 6.72615125947837e-002 1.43263675572985e+000 1.25437353126300e+000 8.04650818416606e-004 82289 339
4.01656462478594e+003 1.73714198953598e+006 2.31216417041420e-003 5.11354680731511e-001 1.55813928296762e+000 1.25908248679786e+000 8.04651951230717e-004 82986 340
4.01506079240073e+003 1.73714021016887e+006 2.31130084909702e-003 2.80115036828660e-001 1.55344132740257e+000 1.26726914739382e+000 8.04658882910010e-004 83145 341
4.01475671702156e+003 1.73712414791008e+006 2.31114717604203e-003 4.12616659567053e-001 1.56139908886990e+000 1.26881727006486e+000 8.04660028783985e-004 83496 342
4.01459548880024e+003 1.73710564036610e+006 2.31107898568463e-003 2.66834484274376e-001 1.56130321222571e+000 1.27401926328709e+000 8.04663065677661e-004 83794 343
4.01513583834521e+003 1.73713483269082e+006 2.31135120469824e-003 4.36473029716052e-001 1.55909804940947e+000 1.27442819201144e+000 8.04664486582665e-004 83822 344
4.01497951956387e+003 1.73711525701515e+006 2.31128726429738e-003 5.71679387414013e-001 1.56523415463729e+000 1.27499158497664e+000 8.04664734794234e-004 83977 345
4.01440457630174e+003 1.73714256090637e+006 2.31091996738292e-003 1.79036964069969e-001 1.54222376003296e+000 1.27945986064556e+000 8.04704688484595e-004 84636 346
4.01622918527192e+003 1.73712457768745e+006 2.31199424661265e-003 1.43206823425803e-001 1.53656703802606e+000 1.30376775175970e+000 8.04790798453007e-004 85167 347
4.01569030984215e+003 1.73712771277987e+006 2.31167986509912e-003 3.61257085615703e-001 1.55948155598621e+000 1.30419686069552e+000 8.04792844398232e-004 85247 348
4.01652193759084e+003 1.73712827045312e+006 2.31215785751935e-003 6.41485861595226e-001 1.56235785531175e+000 1.30457431421587e+000 8.04793211838115e-004 85329 349
4.01409979221898e+003 1.73710295173720e+006 2.31079720599972e-003 6.97495148454597e-001 1.56887746711631e+000 1.30602360819948e+000 8.04793242573730e-004 85473 350
4.01404736662433e+003 1.73709565458827e+006 2.31077673323917e-003 1.15551668221230e-001 1.52870515320292e+000 1.30847673243853e+000 8.04982521980212e-004 85664 351
4.01623744257646e+003 1.73713343091339e+006 2.31198721705815e-003 7.82020135548345e-002 1.46763173085726e+000 1.31867488510529e+000 8.06695643308510e-004 85927 352
4.01423528450404e+003 1.73711694802885e+006 2.31085658547049e-003 4.40302205052070e-001 1.56360425168615e+000 1.31868237905923e+000 8.06696299841787e-004 85963 353
4.01418731487383e+003 1.73714179787443e+006 2.31079591477622e-003 5.56180344387274e-001 1.55852278954436e+000 1.31890122178102e+000 8.06697197730459e-004 86038 354
4.01455734281331e+003 1.73710509114117e+006 2.31105775698309e-003 6.16808953874222e-001 1.56801457731864e+000 1.32456155084414e+000 8.06697269417812e-004 86592 355
4.01831137439859e+003 1.73714224237110e+006 2.31316935907031e-003 1.77274327804183e-001 1.54193613010041e+000 1.32798919734508e+000 8.06738734331597e-004 87051 356
4.01517654931780e+003 1.73711585479719e+006 2.31139989182289e-003 6.36471465321869e-001 1.56542590792566e+000 1.33120596937627e+000 8.06738919951610e-004 87441 357
4.01629996698722e+003 1.73712790005549e+006 2.31203057097800e-003 3.71407439284195e-001 1.55967330927457e+000 1.33120734238328e+000 8.06740794689024e-004 87445 358
4.01516193051615e+003 1.73711203977379e+006 2.31139655253898e-003 2.08849829186107e-001 1.55459184713279e+000 1.33689733031547e+000 8.06752690583371e-004 87857 359
4.01408817674365e+003 1.73709958749233e+006 2.31079499463927e-003 9.20620587478743e-001 1.57021974013489e+000 1.34140442619310e+000 8.06752693162566e-004 88103 360
4.01665293725754e+003 1.73713412517317e+006 2.31222547577399e-003 3.20777232063515e-001 1.55670113330485e+000 1.34354855578165e+000 8.06756424814982e-004 88350 361
4.01587118355625e+003 1.73712718245348e+006 2.31178469259235e-003 5.42474327906766e-001 1.56207022537919e+000 1.34547572910159e+000 8.06756984441671e-004 88737 362
4.01410430429296e+003 1.73710337356377e+006 2.31079924231935e-003 7.65508596089579e-001 1.56897334376049e+000 1.34645856025338e+000 8.06757007571978e-004 89028 363
4.01403521285075e+003 1.73709627753495e+006 2.31076890799976e-003 7.49644869697505e-001 1.57069912335582e+000 1.35097699987145e+000 8.06757007826991e-004 89388 364
4.01439253434819e+003 1.73711873965895e+006 2.31094472499454e-003 9.74411383865659e-001 1.56552178456984e+000 1.35209886212554e+000 8.06757078552616e-004 89626 365
4.01683151633701e+003 1.73713002865139e+006 2.31233372914008e-003 2.97194374438517e-001 1.55679700994903e+000 1.35671645368041e+000 8.06761446546760e-004 89883 366
4.01430040986414e+003 1.73712481078325e+006 2.31088361598604e-003 6.65737305390005e-001 1.56331662175359e+000 1.35671645368041e+000 8.06761727491602e-004 89883 367
4.01650315773262e+003 1.73713038833929e+006 2.31214422778397e-003 9.92280868767075e-001 1.56264548524430e+000 1.35676835089848e+000 8.06761860869066e-004 89927 368
4.01548196460969e+003 1.73713721890612e+006 2.31154727962515e-003 6.97677490137264e-001 1.56034444578387e+000 1.36435286964044e+000 8.06762286242278e-004 90244 369
4.01448032790669e+003 1.73712120809155e+006 2.31099198059090e-003 5.79033835281602e-001 1.56379600497452e+000 1.36559908949768e+000 8.06762630893184e-004 90352 370
4.01477186890521e+003 1.73713482840143e+006 2.31114168867477e-003 8.92843871152392e-001 1.56139908886990e+000 1.36723397860579e+000 8.06762840610155e-004 90491 371
4.01610653417908e+003 1.73713452694463e+006 2.31191039992236e-003 8.01733810379525e-001 1.56130321222571e+000 1.37194427973785e+000 8.06763110567688e-004 90976 372
4.01555045122128e+003 1.73712014507591e+006 2.31160942447513e-003 1.23757043941268e-001 1.52812989333781e+000 1.37461098306528e+000 8.06929273195138e-004 91058 373
4.01675438007275e+003 1.73713311424808e+006 2.31228521774219e-003 8.15774119944923e-001 1.56168671880245e+000 1.38543641596452e+000 8.06929516971737e-004 91856 374
4.01415359102225e+003 1.73709857914323e+006 2.31083399300693e-003 7.48976283527724e-001 1.57012386349071e+000 1.38640343524289e+000 8.06929522128811e-004 92027 375
4.01632439063155e+003 1.73713742589591e+006 2.31203195230683e-003 5.13086926716852e-001 1.55928980269784e+000 1.38909393408786e+000 8.06930492536729e-004 92367 376
4.01452362268180e+003 1.73710295027891e+006 2.31104119359364e-003 2.68445169137939e-001 1.56207022537919e+000 1.39651256830293e+000 8.06933123109572e-004 92687 377
4.01495146174471e+003 1.73710965733661e+006 2.31127856291828e-003 2.69144145588165e-001 1.56044032242805e+000 1.39662083242298e+000 8.06936532312173e-004 92752 378
4.01556964666104e+003 1.73712501840792e+006 2.31161398956804e-003 4.99988715845236e-001 1.56226197866756e+000 1.40368003395434e+000 8.06937179278350e-004 92908 379
4.01415060423457e+003 1.73711732739525e+006 2.31080733348610e-003 4.55132661909028e-001 1.56370012833033e+000 1.40416201041275e+000 8.06937777106500e-004 93120 380
4.01437508107741e+003 1.73714072633336e+006 2.31090542881956e-003 6.08816310117296e-001 1.55909804940947e+000 1.40422767901187e+000 8.06938460390954e-004 93160 381
4.01708478587229e+003 1.73714091078133e+006 2.31246503982028e-003 9.40404660048168e-001 1.55996093920713e+000 1.40532141143032e+000 8.06938693588257e-004 93232 382
4.01404846379567e+003 1.73710701384365e+006 2.31076225431305e-003 2.25807605674186e-001 1.55775577639088e+000 1.41393245597714e+000 8.06945857553318e-004 93639 383
4.01618352380206e+003 1.73712087216199e+006 2.31197289282927e-003 5.22183237747139e-002 1.34721066576128e+000 1.42737573965602e+000 8.19215565237383e-004 94206 384
4.01409036788779e+003 1.73709726887209e+006 2.31079934037715e-003 6.10548556102638e-001 1.56993211020234e+000 1.44158558755011e+000 8.19215577174100e-004 94728 385
4.01552499345203e+003 1.73713108288445e+006 2.31158021454104e-003 2.36656935792903e-001 1.55277019089328e+000 1.44335847810962e+000 8.19226226464051e-004 95048 386
4.01809243613446e+003 1.73714082446963e+006 2.31304521412182e-003 3.92376732790959e-001 1.55689288659322e+000 1.44586940111237e+000 8.19228571853141e-004 95234 387
4.01555942905424e+003 1.73712088068772e+006 2.31161361378857e-003 1.43784238754250e-001 1.53771755775628e+000 1.45868783750718e+000 8.19309573831794e-004 95696 388
4.01441036737481e+003 1.73711021215409e+006 2.31096633528347e-003 8.41514687481487e-001 1.56743931745354e+000 1.45884449973668e+000 8.19309622284433e-004 95780 389
4.01632219171051e+003 1.73714349439795e+006 2.31202260971080e-003 9.95198335689755e-001 1.55938567934202e+000 1.46689589904452e+000 8.19309845310096e-004 96108 390
4.01425346102883e+003 1.73710258211767e+006 2.31088615993002e-003 5.57760638970393e-001 1.56830220725120e+000 1.46994302417892e+000 8.19309920822757e-004 96208 391
4.01406109623678e+003 1.73709541250170e+006 2.31078495900792e-003 2.46381825535170e-001 1.56245373195593e+000 1.48937882354228e+000 8.19312884122343e-004 97368 392
4.01486478171713e+003 1.73711538763684e+006 2.31122104006276e-003 9.23750786364535e-001 1.56628879772332e+000 1.49703813851556e+000 8.19312946462522e-004 97635 393
4.01401601689397e+003 1.73709714683422e+006 2.31075670108497e-003 5.42200815382765e-001 1.56954860362560e+000 1.49727097550137e+000 8.19312973880131e-004 97703 394
4.01549576522146e+003 1.73711768955548e+006 2.31158121134718e-003 6.50430221223290e-002 1.42841818338572e+000 1.49768305292584e+000 8.23402151114447e-004 97763 395
4.01521479851385e+003 1.73711015644654e+006 2.31142949277345e-003 5.53171706623260e-001 1.56638467436750e+000 1.49792417838023e+000 8.23402337415782e-004 97812 396
4.01408308156550e+003 1.73709725074962e+006 2.31079516996807e-003 2.78990596452210e-001 1.56408363490707e+000 1.49808580600918e+000 8.23403947325536e-004 97865 397
4.01443440908661e+003 1.73713713442340e+006 2.31094435967062e-003 9.58578047754030e-001 1.56091970564898e+000 1.49861848759263e+000 8.23404141054766e-004 97981 398
4.01435052952164e+003 1.73710264279782e+006 2.31094195844624e-003 9.88421303150613e-001 1.56954860362560e+000 1.50295201531014e+000 8.23404148371366e-004 98271 399
4.01432491671539e+003 1.73710090310321e+006 2.31092952833901e-003 3.14638395413709e-001 1.56475477141636e+000 1.50584136878324e+000 8.23405197967994e-004 98443 400
4.01524977351231e+003 1.73712598524992e+006 2.31142856467666e-003 9.60219122898038e-001 1.56370012833033e+000 1.52048320906462e+000 8.23405313649836e-004 98901 401
4.01434858324639e+003 1.73710901210920e+006 2.31093236473551e-003 2.64889506325923e-001 1.56034444578387e+000 1.52650787128966e+000 8.23408895175295e-004 99393 402
4.01425439807208e+003 1.73710514991928e+006 2.31088328339842e-003 4.66194723990857e-001 1.56686405758843e+000 1.52729272157032e+000 8.23409122251723e-004 99525 403
4.01408601787926e+003 1.73709751717124e+006 2.31079650590601e-003 3.44967895297405e-001 1.56657642765587e+000 1.52999151075724e+000 8.23409613682707e-004 99610 404
4.01464057044786e+003 1.73712358968931e+006 2.31108105764479e-003 8.81569077107451e-001 1.56417951155126e+000 1.53031501046139e+000 8.23409738954844e-004 99723 405
4.01750544173256e+003 1.73713280119194e+006 2.31271798921216e-003 9.36119630505481e-001 1.56197434873501e+000 1.53031510818621e+000 8.23409910330782e-004 99725 406
4.01546770681029e+003 1.73712968187291e+006 2.31154910126424e-003 4.63885062677068e-001 1.56072795236061e+000 1.53147836001161e+000 8.23410895686104e-004 99951 407
4.01422977364114e+003 1.73712419500009e+006 2.31084377263585e-003 9.88238961467945e-001 1.56417951155126e+000 1.53172358364340e+000 8.23410993122702e-004 100013 408
4.01556687355718e+003 1.73711407566199e+006 2.31162695487974e-003 5.41957693139208e-001 1.56533003128147e+000 1.53417205471903e+000 8.23411264846700e-004 100484 409
4.01512855768753e+003 1.73712297740684e+006 2.31136278764820e-003 2.15535690883916e-001 1.55267431424909e+000 1.53712800207969e+000 8.23424453239540e-004 100657 410
4.01614835605495e+003 1.73713263418284e+006 2.31193699405312e-003 5.19499275890660e-001 1.56053619907224e+000 1.54425520060318e+000 8.23425244071322e-004 100987 411
4.01430612489957e+003 1.73712413914170e+006 2.31088779938589e-003 7.56492299974893e-002 1.46341315851314e+000 1.55124216527335e+000 8.25379304869878e-004 101253 412
4.01408396181430e+003 1.73709725416923e+006 2.31079567215188e-003 1.58493134489429e-001 1.54855161854915e+000 1.55160065344731e+000 8.25414867823481e-004 101279 413
4.01515689256721e+003 1.73711219780993e+006 2.31139344208652e-003 6.26017208848932e-001 1.56628879772332e+000 1.55394626650087e+000 8.25415014546701e-004 101324 414
4.01447044248347e+003 1.73713227255760e+006 2.31097157041704e-003 8.09392161051560e-001 1.56187847209082e+000 1.56017873342042e+000 8.25415254538003e-004 101909 415
4.01738202323806e+003 1.73713735514939e+006 2.31264087969875e-003 6.12250411807534e-001 1.55996093920713e+000 1.56018622242481e+000 8.25415854014324e-004 101913 416
4.01470977293387e+003 1.73712694239541e+006 2.31111643431584e-003 5.10807655683508e-001 1.56187847209082e+000 1.56056993256136e+000 8.25416514675846e-004 102033 417
4.01531450984743e+003 1.73712154489717e+006 2.31147173926688e-003 2.23710676323510e-001 1.55392071062349e+000 1.56121778567648e+000 8.25427401668697e-004 102126 418
4.01499134291532e+003 1.73711404552436e+006 2.31129568250204e-003 2.91845685080270e-001 1.56053619907224e+000 1.56364956620164e+000 8.25430213788303e-004 102429 419
4.01546383547162e+003 1.73712388250185e+006 2.31155458974168e-003 1.23088457771487e-001 1.52678762031922e+000 1.56370511238645e+000 8.25606484709660e-004 102475 420
4.01431987907710e+003 1.73712634089710e+006 2.31089278814940e-003 8.90382258436380e-001 1.56350837504196e+000 1.57108644971322e+000 8.25606627056906e-004 102834 421
4.01475657407582e+003 1.73712807696958e+006 2.31114186638898e-003 2.28481950353309e-001 1.55277019089328e+000 1.57596175508382e+000 8.25618132644396e-004 103290 422
4.01439061526876e+003 1.73710169421259e+006 2.31096629648632e-003 1.71348223117489e-001 1.55075678136540e+000 1.57711323524497e+000 8.25643642009045e-004 103432 423
4.01524393720518e+003 1.73712971002238e+006 2.31142024878023e-003 5.50254239700580e-001 1.56149496551408e+000 1.57737475236114e+000 8.25644240707082e-004 103507 424
4.01475091898737e+003 1.73712082005450e+006 2.31114826585306e-003 1.63811433567232e-001 1.54414129291665e+000 1.57742504265353e+000 8.25687910596093e-004 103536 425
4.01677353977946e+003 1.73714313603642e+006 2.31228290731303e-003 5.94380926906118e-001 1.55842691290017e+000 1.57922781038392e+000 8.25688695790268e-004 103594 426
4.01403991847439e+003 1.73710220030399e+006 2.31076373818114e-003 9.76599484057669e-001 1.56964448026978e+000 1.58162367211976e+000 8.25688702425863e-004 103749 427
4.01416480132648e+003 1.73711920368979e+006 2.31081301028497e-003 3.08469168483458e-001 1.55996093920713e+000 1.58163477498709e+000 8.25691411058736e-004 103753 428
4.01427243331290e+003 1.73711383817841e+006 2.31088210769148e-003 4.46988066749879e-001 1.56446714148381e+000 1.58221743821373e+000 8.25691932085288e-004 103993 429
4.01433183836376e+003 1.73710403557713e+006 2.31092934568484e-003 4.94822368169656e-001 1.56743931745354e+000 1.58482579310631e+000 8.25692087920169e-004 104347 430
4.01442232807622e+003 1.73710354549857e+006 2.31098208966911e-003 2.69326487270832e-001 1.56197434873501e+000 1.58522793945419e+000 8.25694744145247e-004 104463 431
4.01478541161847e+003 1.73710848943687e+006 2.31118452739418e-003 9.29038695161893e-001 1.56801457731864e+000 1.59743038854056e+000 8.25694773259098e-004 104774 432
4.01626006645738e+003 1.73713672867189e+006 2.31199585161836e-003 2.45591678243611e-001 1.55209905438398e+000 1.59746906174964e+000 8.25705157646391e-004 104793 433
4.01409240635030e+003 1.73709910096934e+006 2.31079807669426e-003 1.78581109863300e-001 1.55296194418165e+000 1.60339984577828e+000 8.25724619538877e-004 105124 434
4.01418210846133e+003 1.73710014940680e+006 2.31084832072504e-003 7.89881601006136e-001 1.56983623355815e+000 1.60514811343614e+000 8.25724627515136e-004 105278 435
4.01666347805412e+003 1.73712966958803e+006 2.31223747431466e-003 8.68197353711833e-001 1.56264548524430e+000 1.60523559416781e+000 8.25724806459493e-004 105290 436
4.01445770433709e+003 1.73710290647881e+006 2.31100330477949e-003 5.55511758217493e-001 1.56820633060701e+000 1.60537810477230e+000 8.25724887240003e-004 105315 437
4.01506791268914e+003 1.73714521989377e+006 2.31129828242053e-003 7.21169176920929e-001 1.55842691290017e+000 1.61078164802805e+000 8.25725400382552e-004 105801 438
4.01594733970163e+003 1.73713032763004e+006 2.31182434695343e-003 2.68657901101051e-001 1.55526298364208e+000 1.61300703641061e+000 8.25731804327032e-004 105968 439
4.01653266248425e+003 1.73713834022948e+006 2.31215062839247e-003 8.43003811223272e-001 1.56044032242805e+000 1.61312924010165e+000 8.25732080890422e-004 106003 440
4.01724765905110e+003 1.73713182045539e+006 2.31257090011921e-003 5.56605808313498e-001 1.56101558229316e+000 1.61566255306344e+000 8.25732711870638e-004 106130 441
4.01614175097952e+003 1.73713146898230e+006 2.31193474253700e-003 5.73168511155797e-001 1.56120733558153e+000 1.61689399311467e+000 8.25733285582853e-004 106463 442
4.01413385004163e+003 1.73710550195556e+006 2.31081341953670e-003 5.14150586532413e-001 1.56724756416517e+000 1.62028398120807e+000 8.25733441712038e-004 106687 443
4.01598210097188e+003 1.73714082262155e+006 2.31183039055904e-003 2.47627827033398e-001 1.55123616458632e+000 1.62113644071548e+000 8.25744373226752e-004 106780 444
4.01625168446608e+003 1.73713970128606e+006 2.31198707017515e-003 6.57136856024187e-001 1.55957743263039e+000 1.62186919655919e+000 8.25744914644795e-004 106899 445
4.01638945034275e+003 1.73713887669874e+006 2.31206747340055e-003 4.71239510544658e-001 1.55852278954436e+000 1.62428023802786e+000 8.25746207545468e-004 107283 446
4.01657457974291e+003 1.73713313869155e+006 2.31218168170075e-003 1.07923707829639e-001 1.51298138355663e+000 1.62991403802106e+000 8.26102168155283e-004 107482 447
4.01568200768216e+003 1.73711756284356e+006 2.31168859289309e-003 6.96127585834590e-001 1.56523415463729e+000 1.63102783015525e+000 8.26102329087182e-004 107591 448
4.01518323978925e+003 1.73711058714691e+006 2.31141075240872e-003 7.55935657749534e-001 1.56715168752098e+000 1.64411045327064e+000 8.26102398778400e-004 108258 449
4.01456293703624e+003 1.73712919160129e+006 2.31102891447433e-003 3.21324257111518e-001 1.55794752967925e+000 1.64412521318618e+000 8.26105621051760e-004 108282 450
4.01428987432934e+003 1.73712892976478e+006 2.31087207168946e-003 9.36423533309927e-001 1.56293311517685e+000 1.64423015495829e+000 8.26105764362696e-004 108299 451
4.01420160821696e+003 1.73711330974011e+006 2.31084203916914e-003 4.11704951153715e-001 1.56408363490707e+000 1.65006524550917e+000 8.26106448288797e-004 108887 452
4.01452528796499e+003 1.73711092089845e+006 2.31103154821635e-003 7.89304185677689e-001 1.56715168752098e+000 1.65938389483038e+000 8.26106511662194e-004 109234 453
4.01529663852263e+003 1.73711286585330e+006 2.31147300001620e-003 2.34134542516002e-001 1.55708463988159e+000 1.65944392765629e+000 8.26113660289261e-004 109305 454
4.01421048708791e+003 1.73713680368057e+006 2.31081589743501e-003 7.99728051870182e-001 1.56072795236061e+000 1.66067261835128e+000 8.26113957608214e-004 109580 455
4.01463616541723e+003 1.73714368483304e+006 2.31105178755722e-003 2.54799933218320e-001 1.55104441129795e+000 1.67407098874264e+000 8.26124379018091e-004 110629 456
4.01572985901872e+003 1.73712730449476e+006 2.31170317529994e-003 7.71373920215384e-001 1.56302899182104e+000 1.69138374122346e+000 8.26124594437410e-004 111880 457
4.01609896523045e+003 1.73712002043236e+006 2.31192534922269e-003 8.65553399313154e-001 1.56504240134892e+000 1.69420569919953e+000 8.26124699470881e-004 112109 458
4.02299413808606e+003 1.73709699571882e+006 6.28086407466276e+000 9.55083165502903e-001 -1.57069912335582e+000 1.69567817081910e+000 8.26124699620558e-004 112236 459
4.01560454624105e+003 1.73712953968425e+006 2.31162806335160e-003 3.91039560451397e-001 1.55967330927457e+000 1.70312257376103e+000 8.26126373507926e-004 112970 460
4.01578912997473e+003 1.73711922585269e+006 2.31174804613788e-003 8.62554378726496e-002 1.48824520935697e+000 1.70420452865466e+000 8.27120193624021e-004 113051 461
4.01415068371947e+003 1.73710135789633e+006 2.31082862285309e-003 3.59433668789028e-001 1.56600116779077e+000 1.70694207302626e+000 8.27120741001667e-004 113447 462
4.01473130674964e+003 1.73711613507533e+006 2.31114320891421e-003 2.82819771788228e-001 1.55957743263039e+000 1.70831460505354e+000 8.27124200826030e-004 113586 463
4.01405109543045e+003 1.73709584237402e+006 2.31077863000085e-003 2.18483548087041e-001 1.55976918591876e+000 1.70931002876382e+000 8.27130144796057e-004 113677 464
4.01649216844124e+003 1.73713410822046e+006 2.31213295052928e-003 7.97691903080395e-001 1.56139908886990e+000 1.71627432243949e+000 8.27130413517499e-004 114326 465
4.01699656824038e+003 1.73714241395539e+006 2.31241225590084e-003 2.89140950120702e-001 1.55334545075838e+000 1.72266832290128e+000 8.27136933203819e-004 114900 466
4.01556874141206e+003 1.73714238470679e+006 2.31159035921920e-003 5.78881883879380e-001 1.55852278954436e+000 1.72285336547124e+000 8.27137755444547e-004 114935 467
4.01683253948418e+003 1.73712811275611e+006 2.31233686841066e-003 5.47914188106347e-001 1.56187847209082e+000 1.72420779680525e+000 8.27138321654743e-004 115076 468
4.01414251135158e+003 1.73709936689954e+006 2.31082656684621e-003 4.22402329870209e-001 1.56772694738609e+000 1.72524184100613e+000 8.27138513738968e-004 115306 469
4.01503550937261e+003 1.73713452455392e+006 2.31129385955590e-003 7.62560738886454e-001 1.56120733558153e+000 1.72541226678012e+000 8.27138819872876e-004 115382 470
4.01458146486851e+003 1.73713467249140e+006 2.31103228858399e-003 7.41105200892577e-001 1.56111145893735e+000 1.73328013602691e+000 8.27139150901356e-004 115697 471
4.01457579596561e+003 1.73710371349742e+006 2.31107021269113e-003 5.71861729096680e-001 1.56811045396283e+000 1.73356528953452e+000 8.27139231086298e-004 115855 472
4.01408507604071e+003 1.73710794861003e+006 2.31078208729718e-003 3.72359155155333e-002 1.07798904889065e+000 1.73358748733483e+000 8.86054505267334e-004 115865 473
4.01773957302550e+003 1.73714530239480e+006 2.31283612463046e-003 5.71345094329122e-001 1.55775577639088e+000 1.73612475568809e+000 8.86055434665043e-004 116427 474
4.01450460544962e+003 1.73711691324906e+006 2.31101166995332e-003 6.53307680688169e-001 1.56523415463729e+000 1.73636633029747e+000 8.86055619719059e-004 116444 475
4.01624057343186e+003 1.73712857705683e+006 2.31199547945922e-003 7.45846084641932e-001 1.56264548524430e+000 1.73747846189464e+000 8.86055869667449e-004 116633 476
4.01442074956130e+003 1.73713891541574e+006 2.31093412720633e-003 2.47688607594287e-001 1.55171554780725e+000 1.75597075310866e+000 8.86066385521637e-004 117473 477
4.01611299565640e+003 1.73713141241331e+006 2.31191826457462e-003 5.06340284458154e-001 1.56072795236061e+000 1.76232135662279e+000 8.86067198206670e-004 117940 478
4.01409560520388e+003 1.73712619277847e+006 2.31076387961558e-003 1.65270167028572e-001 1.54318252647481e+000 1.76467473161868e+000 8.86112411349385e-004 118354 479
4.01421202810863e+003 1.73710167955471e+006 2.31086350898990e-003 6.63306082954438e-001 1.56906922040468e+000 1.76817018248481e+000 8.86112440501545e-004 118769 480
4.01793313879786e+003 1.73713939267818e+006 2.31295542011998e-003 5.98909078692362e-001 1.55938567934202e+000 1.76907870315990e+000 8.86113122152544e-004 118902 481
4.01435215353309e+003 1.73711560726267e+006 2.31092564633885e-003 2.84004992725567e-001 1.55976918591876e+000 1.77369976289920e+000 8.86116460109207e-004 119232 482
4.01458415020356e+003 1.73712816725222e+006 2.31104248880140e-003 1.85905167450445e-001 1.54711346888638e+000 1.77812384348303e+000 8.86144029086840e-004 119525 483
4.01536944222288e+003 1.73711688586655e+006 2.31150956128204e-003 8.58411683408676e-001 1.56580941450240e+000 1.78592253794935e+000 8.86144114775284e-004 119853 484
4.01623627452932e+003 1.73712430525157e+006 2.31199869021373e-003 7.10745310728436e-001 1.56360425168615e+000 1.78627441172174e+000 8.86144343723799e-004 119860 485
4.01416718003698e+003 1.73709958431394e+006 2.31084047862691e-003 8.12643921059131e-001 1.57002798684652e+000 1.78792845435386e+000 8.86144349024894e-004 120035 486
4.01646043831244e+003 1.73712912267861e+006 2.31212132055635e-003 2.80479720193995e-001 1.55622175008393e+000 1.79686127716212e+000 8.86149628535983e-004 120337 487
4.01423013527685e+003 1.73709991093586e+006 2.31087628551104e-003 5.19590446731993e-001 1.56868571382794e+000 1.79699146306984e+000 8.86149696643724e-004 120428 488
4.01464430260639e+003 1.73711590506632e+006 2.31109342979677e-003 1.94566397377152e-001 1.55161967116306e+000 1.80830886701461e+000 8.86167720273735e-004 121140 489
4.01569071765616e+003 1.73712228745468e+006 2.31168731960146e-003 8.59809636309127e-001 1.56446714148381e+000 1.80845953761095e+000 8.86167843818919e-004 121255 490
4.01463375020837e+003 1.73713831366530e+006 2.31105754288860e-003 6.44099425713460e-001 1.55986506256294e+000 1.80944926391401e+000 8.86168387365146e-004 121433 491
4.01414748687004e+003 1.73710933622151e+006 2.31081616922771e-003 7.47244037542383e-001 1.56743931745354e+000 1.81762444094382e+000 8.86168450291965e-004 122190 492
4.01403681044467e+003 1.73709684744132e+006 2.31076906957288e-003 3.86481018384709e-001 1.56772694738609e+000 1.81764882149716e+000 8.86168683856877e-004 122220 493
4.01430131645519e+003 1.73710233822183e+006 2.31091403323560e-003 3.50316584655652e-001 1.56552178456984e+000 1.81926762655850e+000 8.86169355280207e-004 122388 494
4.01673278849516e+003 1.73713775302999e+006 2.31226661379975e-003 1.97575035141166e-001 1.54663408566546e+000 1.81927773579657e+000 8.86194222611914e-004 122413 495
4.01411149273306e+003 1.73712537317702e+006 2.31077411568910e-003 2.54009785926761e-001 1.55555061357463e+000 1.82988347664891e+000 8.86201261239888e-004 122959 496
4.01428467794023e+003 1.73710133092125e+006 2.31090579500040e-003 1.50135807367168e-001 1.54490830607013e+000 1.82988736289889e+000 8.86251844270645e-004 122979 497
4.01785100980208e+003 1.73713803992604e+006 2.31290994318587e-003 9.09436964275135e-001 1.56063207571642e+000 1.83144834624221e+000 8.86252071656613e-004 123265 498
4.01732279367267e+003 1.73713881411970e+006 2.31260484152468e-003 3.42475892300949e-001 1.55622175008393e+000 1.83946081144496e+000 8.86255474100077e-004 123594 499
4.01440798213569e+003 1.73711086954298e+006 2.31096408762925e-003 3.74719979852655e-001 1.56398775826289e+000 1.84112255607679e+000 8.86256334075316e-004 124015 500
4.01423478007742e+003 1.73710060772837e+006 2.31087803243358e-003 7.07563948459110e-002 1.45459250724815e+000 1.85240514156514e+000 8.88795456146517e-004 124906 501
4.01403850990420e+003 1.73710154627587e+006 2.31076379732357e-003 2.20975551083497e-001 1.55861866618854e+000 1.85353443986995e+000 8.88802215038903e-004 124998 502
4.01533281394199e+003 1.73712774113075e+006 2.31147403134297e-003 7.66824995326052e-002 1.46523481475265e+000 1.86226913423615e+000 8.90652017857050e-004 125402 503
4.01503313305399e+003 1.73711037178809e+006 2.31132462768410e-003 3.61722556999728e-002 1.02851670049135e+000 1.86227455043324e+000 9.56810016104473e-004 125410 504
4.01407128233671e+003 1.73709654417886e+006 2.31078931742561e-003 8.76837810535451e-002 1.49649060075686e+000 1.86315300443718e+000 9.57629474637812e-004 125525 505
4.01407811069768e+003 1.73709665446788e+006 2.31079310159657e-003 1.30534076480411e-001 1.53781343440046e+000 1.86649369626644e+000 9.57729230623312e-004 125563 506
4.01470486932823e+003 1.73710595318188e+006 2.31114153627584e-003 8.38262927473916e-001 1.56849396053957e+000 1.86735576320312e+000 9.57729257840295e-004 125674 507
4.01403020749296e+003 1.73709543896380e+006 2.31076714206697e-003 1.69585586851703e-001 1.55190730109561e+000 1.86761346792834e+000 9.57753082323417e-004 125712 508
4.01563091628910e+003 1.73712456829251e+006 2.31164985906824e-003 9.84227444449260e-001 1.56408363490707e+000 1.87116559218858e+000 9.57753182851763e-004 126289 509
4.01466052886405e+003 1.73713116621286e+006 2.31108246710189e-003 8.64003495010480e-001 1.56226197866756e+000 1.87626992292502e+000 9.57753377056547e-004 126398 510
4.01471259698211e+003 1.73712467929207e+006 2.31112107089142e-003 2.26688923807079e-001 1.55344132740257e+000 1.87774071242025e+000 9.57764418654502e-004 126789 511
4.01408074925987e+003 1.73709728804655e+006 2.31079377771535e-003 8.14133044800915e-001 1.57060324671163e+000 1.88007786773881e+000 9.57764419272233e-004 127143 512
4.01455664848169e+003 1.73710534834096e+006 2.31105701509985e-003 7.03998668469738e-001 1.56830220725120e+000 1.89983770711643e+000 9.57764464514778e-004 127903 513
4.01513270814884e+003 1.73711521369035e+006 2.31137550709274e-003 9.61799417481156e-001 1.56638467436750e+000 1.90482633708452e+000 9.57764519687188e-004 128101 514
4.01428940887389e+003 1.73711515910603e+006 2.31089012268873e-003 6.40097525872131e-002 1.42448724097415e+000 1.90522161717918e+000 9.62166702009611e-004 128200 515
4.01404391790857e+003 1.73709805981116e+006 2.31077154837894e-003 7.61658647650472e-002 1.47137091998047e+000 1.90525096695773e+000 9.63886548506803e-004 128229 516
4.01407596127619e+003 1.73710255454470e+006 2.31078401565156e-003 7.60767712340223e-001 1.56916509704886e+000 1.91433124773513e+000 9.63886568238941e-004 128485 517
4.01418845229172e+003 1.73710178810110e+006 2.31084979273781e-003 6.70265457176248e-001 1.56906922040468e+000 1.91572734289202e+000 9.63886596729334e-004 128722 518
4.01519473098321e+003 1.73711904696715e+006 2.31140611086313e-003 4.94791977889212e-001 1.56370012833033e+000 1.91673061446982e+000 9.63887094180139e-004 128942 519
4.01416723350532e+003 1.73711948554924e+006 2.31081403545550e-003 7.60463809535778e-001 1.56494652470473e+000 1.92895101640846e+000 9.63887237440302e-004 129395 520
4.01535022005184e+003 1.73714265287141e+006 2.31146420948888e-003 9.82343247061696e-001 1.55957743263039e+000 1.93116257740445e+000 9.63887461001465e-004 129659 521
4.01651676336187e+003 1.73714302458932e+006 2.31213524109047e-003 8.51269967504199e-001 1.55928980269784e+000 1.93120668878820e+000 9.63887779587205e-004 129699 522
4.01538001768309e+003 1.73711409673978e+006 2.31151936056579e-003 2.52277539941420e-001 1.55823515961180e+000 1.93306033134999e+000 9.63893077582921e-004 130008 523
4.01464922331211e+003 1.73710784729592e+006 2.31110698271082e-003 4.74947124758897e-001 1.56628879772332e+000 1.93313248019756e+000 9.63893346965230e-004 130108 524
4.01605383619116e+003 1.73713503150404e+006 2.31187939243171e-003 3.97451909625204e-001 1.55842691290017e+000 1.93351471637961e+000 9.63895250205762e-004 130280 525
4.01693591867399e+003 1.73712794251006e+006 2.31239660626837e-003 5.55694099900161e-001 1.56197434873501e+000 1.93473219457195e+000 9.63895790014725e-004 130315 526
4.01581571866289e+003 1.73712001584134e+006 2.31176230093756e-003 3.46548189880524e-001 1.56101558229316e+000 1.93913016133025e+000 9.63897579552047e-004 130619 527
4.01406707167896e+003 1.73710164631228e+006 2.31078010636491e-003 6.61209153603762e-001 1.56906922040468e+000 1.93921608834496e+000 9.63897608907988e-004 130655 528
4.01631998966779e+003 1.73712860553234e+006 2.31204115827433e-003 7.48368477918833e-001 1.56264548524430e+000 1.94465874339109e+000 9.63897857006720e-004 130718 529
4.01590022879245e+003 1.73713414272535e+006 2.31179214998324e-003 6.71085994748252e-001 1.56101558229316e+000 1.94468993080174e+000 9.63898275134258e-004 130738 530
4.01427683325893e+003 1.73710345836824e+006 2.31089844889131e-003 5.61802546269523e-001 1.56811045396283e+000 1.94469015130656e+000 9.63898358511773e-004 130746 531
4.01560546109301e+003 1.73712286659333e+006 2.31163746999557e-003 5.68002163480218e-001 1.56331662175359e+000 1.95066158491639e+000 9.63898756910050e-004 131408 532
4.01429197946905e+003 1.73710046896205e+006 2.31091114494382e-003 3.62138403748596e-001 1.56628879772332e+000 1.95102086585864e+000 9.63899246085401e-004 131594 533
4.01404277666222e+003 1.73709592498531e+006 2.31077373123883e-003 3.58977814582359e-001 1.56734344080935e+000 1.96428159939018e+000 9.63899575907317e-004 132192 534
4.01700261217039e+003 1.73714218780288e+006 2.31241603616345e-003 8.96460314525297e-001 1.55957743263039e+000 1.96437790610127e+000 9.63899849312781e-004 132276 535
4.01501682917505e+003 1.73711297351338e+006 2.31131178038947e-003 9.75535824242109e-001 1.56695993423261e+000 1.96660961920128e+000 9.63899892370947e-004 132610 536
4.01805201865958e+003 1.73713944121555e+006 2.31302378939335e-003 2.37447083084462e-001 1.55075678136540e+000 1.97349498427843e+000 9.63912337165397e-004 132993 537
4.01412797304062e+003 1.73711497926121e+006 2.31079742912900e-003 7.35786901814774e-001 1.56600116779077e+000 1.97572929018026e+000 9.63912450351681e-004 133438 538
4.01462276099277e+003 1.73710556011590e+006 2.31109479215684e-003 4.75463759526455e-001 1.56686405758843e+000 1.97761923835933e+000 9.63912667802932e-004 133481 539
4.01497810278018e+003 1.73711445127017e+006 2.31128752077177e-003 5.86327502588303e-001 1.56552178456984e+000 1.98207067065429e+000 9.63912884025678e-004 133925 540
4.01628323448995e+003 1.73714109228763e+006 2.31200338081864e-003 9.76356361814113e-001 1.55996093920713e+000 1.98492881291464e+000 9.63913098748216e-004 134148 541
4.01503183919333e+003 1.73711965803660e+006 2.31131152708272e-003 9.06316382566699e-002 1.49553183431501e+000 1.99228813073271e+000 9.64689790673429e-004 134789 542
4.01429100198727e+003 1.73710547219100e+006 2.31090392635339e-003 1.16797669719458e-001 1.52717112689596e+000 2.00574219656360e+000 9.64885008972265e-004 135653 543
4.01604760524724e+003 1.73713447106131e+006 2.31187655140856e-003 9.62072930005157e-001 1.56159084215827e+000 2.00755580082137e+000 9.64885181327942e-004 135797 544
4.01622789255959e+003 1.73712596928530e+006 2.31199165033565e-003 6.21154763977798e-001 1.56283723853267e+000 2.00873408365074e+000 9.64885541599011e-004 136073 545
4.01427636578454e+003 1.73711772627976e+006 2.31087919916022e-003 8.68774769040280e-001 1.56561766121403e+000 2.01705184985831e+000 9.64885630082578e-004 136240 546
4.01491172964170e+003 1.73713183313829e+006 2.31122618568268e-003 5.03037361067050e-002 2.36767372814112e-001 2.02020285238248e+000 9.68624467771295e-004 136763 547
4.01419059422223e+003 1.73711614239345e+006 2.31083193061819e-003 4.99086624609254e-002 1.32621368068484e+000 2.03251909776197e+000 9.83826762532814e-004 137230 548
4.01754660019071e+003 1.73713920745257e+006 2.31273315346411e-003 8.54612898353103e-001 1.56024856913968e+000 2.03533366787258e+000 9.83827038623504e-004 137689 549
4.01549783311444e+003 1.73711700252170e+006 2.31158331598989e-003 5.97085661865686e-001 1.56494652470473e+000 2.05540254270575e+000 9.83827282526782e-004 138098 550
4.01492977288834e+003 1.73713218927531e+006 2.31123609859552e-003 4.00794840474109e-001 1.55919392605365e+000 2.05575341882042e+000 9.83828974982295e-004 138170 551
4.01474472633176e+003 1.73710612650303e+006 2.31116425004200e-003 5.33569975736503e-001 1.56724756416517e+000 2.05741902124382e+000 9.83829118882624e-004 138536 552
4.01477400013107e+003 1.73712641706220e+006 2.31115410627534e-003 7.60494199816222e-001 1.56322074510941e+000 2.06141212110563e+000 9.83829332700338e-004 138636 553
4.01707834073621e+003 1.73713628855976e+006 2.31246748268333e-003 9.40404660048168e-001 1.56111145893735e+000 2.06167017703050e+000 9.83829528724025e-004 138784 554
4.02300493471146e+003 1.73709628548085e+006 6.28086406750057e+000 8.54552117792214e-001 -1.57069912335582e+000 2.06492917943182e+000 9.83829528915195e-004 138966 555
4.01581026096185e+003 1.73712473672556e+006 2.31175287663152e-003 1.10628442789207e-001 1.51748758583331e+000 2.07537851663964e+000 9.84127717608539e-004 139168 556
4.01429599926415e+003 1.73712368453869e+006 2.31088257520490e-003 1.05522875674517e-001 1.51307726020081e+000 2.08983381800433e+000 9.84500803262171e-004 140234 557
4.01509668586758e+003 1.73711308861112e+006 2.31135759792468e-003 5.62076058793524e-001 1.56571353785821e+000 2.09176519364182e+000 9.84501027302615e-004 140442 558
4.01735696423494e+003 1.73714329309503e+006 2.31261854926918e-003 5.04456087070590e-001 1.55775577639088e+000 2.09290470615251e+000 9.84502249571896e-004 140543 559
4.01677716846338e+003 1.73712957383020e+006 2.31230304870656e-003 7.31744994515644e-001 1.56235785531175e+000 2.09305699164430e+000 9.84502524618582e-004 140612 560
4.01434121404882e+003 1.73712262840287e+006 2.31091000858213e-003 9.11959357552036e-001 1.56446714148381e+000 2.09339140974027e+000 9.84502633152338e-004 140672 561
4.01579919604867e+003 1.73712694898910e+006 2.31174356295272e-003 2.15809203407917e-001 1.55171554780725e+000 2.09387770533070e+000 9.84516872297245e-004 140778 562
4.01413204441427e+003 1.73710005737914e+006 2.31081962282804e-003 6.58139735278858e-001 1.56945272698141e+000 2.10209887726416e+000 9.84516892379461e-004 141501 563
4.01421630321947e+003 1.73712335818953e+006 2.31083713141599e-003 8.02584738231973e-001 1.56408363490707e+000 2.10407267504560e+000 9.84517049856994e-004 141926 564
4.01707927872095e+003 1.73713626601788e+006 2.31246805264836e-003 3.64153779435295e-002 1.03043423337504e+000 2.10416925266522e+000 1.04960164115093e-003 141985 565
4.01429063030259e+003 1.73710021263936e+006 2.31091070926234e-003 6.44433718798350e-001 1.56935685033723e+000 2.10429563038551e+000 1.04960166456108e-003 142025 566
4.01477097191220e+003 1.73712824944973e+006 2.31114992516920e-003 6.89745626941227e-001 1.56254960860012e+000 2.10669402516127e+000 1.04960196685299e-003 142350 567
4.01614000225310e+003 1.73714327918740e+006 2.31191801792735e-003 6.89988749184784e-001 1.55881041947691e+000 2.10874929694038e+000 1.04960250552709e-003 142610 568
4.02297663350870e+003 1.73709604145162e+006 6.28086408346739e+000 9.35207922092144e-001 -1.57050737006745e+000 2.10876249568386e+000 1.04960250637894e-003 142629 569
4.01549116697320e+003 1.73711659604867e+006 2.31158001942781e-003 7.42168860708137e-001 1.56561766121403e+000 2.11180940716165e+000 1.04960263150635e-003 143098 570
4.01421336117537e+003 1.73710863222486e+006 2.31085502733559e-003 5.68458017686887e-001 1.56686405758843e+000 2.11362627785266e+000 1.04960277829206e-003 143232 571
4.01496366270298e+003 1.73711116329068e+006 2.31128358287689e-003 8.16321144992926e-001 1.56715168752098e+000 2.11382093648301e+000 1.04960283714259e-003 143357 572
4.01545400507756e+003 1.73711246390846e+006 2.31156412525924e-003 2.50636464797412e-001 1.55852278954436e+000 2.11466025903416e+000 1.04960802274875e-003 143453 573
4.01533492112518e+003 1.73711622811060e+006 2.31149056398701e-003 4.34224148963153e-001 1.56370012833033e+000 2.11800147944483e+000 1.04960868574219e-003 143602 574
4.01433977314164e+003 1.73711974247487e+006 2.31091301827487e-003 5.25850844503578e-001 1.56379600497452e+000 2.11831044402636e+000 1.04960911176262e-003 143738 575
4.01570783031566e+003 1.73712141148853e+006 2.31169833640233e-003 7.59977565048664e-001 1.56446714148381e+000 2.12648167642164e+000 1.04960927385000e-003 144532 576
4.01464643031750e+003 1.73710872302302e+006 2.31110420978623e-003 5.07160822030158e-001 1.56638467436750e+000 2.13173231473655e+000 1.04960949937118e-003 144811 577
4.01530917613770e+003 1.73712521573741e+006 2.31146378434552e-003 8.39934392898368e-001 1.56370012833033e+000 2.13174059305714e+000 1.04960965465999e-003 144817 578
4.01672544007159e+003 1.73713352992329e+006 2.31226800490153e-003 8.69412964929616e-001 1.56168671880245e+000 2.13301179362543e+000 1.04960986656850e-003 145047 579
4.01554376492253e+003 1.73711768997912e+006 2.31160884244297e-003 8.14041873959582e-001 1.56552178456984e+000 2.13301188193996e+000 1.04960997161634e-003 145048 580
4.01412272518895e+003 1.73711069490755e+006 2.31080010737775e-003 3.26824897871988e-001 1.56274136188849e+000 2.13355134485655e+000 1.04961147901567e-003 145130 581
4.01434395895378e+003 1.73712384583073e+006 2.31090996916877e-003 4.89564849652743e-001 1.56245373195593e+000 2.13417318280918e+000 1.04961213324820e-003 145235 582
4.01655267290282e+003 1.73714174874388e+006 2.31215761074780e-003 5.15578929713308e-001 1.55823515961180e+000 2.13785830638220e+000 1.04961323274796e-003 145318 583
4.01566949829261e+003 1.73711769792254e+006 2.31168121194121e-003 1.01025114168718e-001 1.50981745429853e+000 2.14631503564202e+000 1.05005930497737e-003 145816 584
4.01402533269521e+003 1.73709804410469e+006 2.31076087032870e-003 7.04606474078630e-001 1.57012386349071e+000 2.16749644821860e+000 1.05005931087600e-003 147161 585
4.01830656343834e+003 1.73714499766901e+006 2.31316292070017e-003 8.55129533120661e-001 1.55881041947691e+000 2.17041300220886e+000 1.05005964685205e-003 147230 586
4.01765802283418e+003 1.73713821227265e+006 2.31279861954164e-003 7.45481401276597e-001 1.56024856913968e+000 2.17396865908772e+000 1.05006001974446e-003 147386 587
4.01639363464364e+003 1.73714285600525e+006 2.31206458583503e-003 1.58037280282760e-001 1.53704642124699e+000 2.17410599946864e+000 1.05012786736305e-003 147435 588
4.01439400338827e+003 1.73711578069653e+006 2.31094950706294e-003 1.02939701836727e-001 1.51240612369152e+000 2.17586292231977e+000 1.05052879427915e-003 147617 589
4.01415636433526e+003 1.73713831402718e+006 2.31078273220936e-003 7.57546342613097e-001 1.56024856913968e+000 2.19057256841430e+000 1.05052915423090e-003 148645 590
4.01461343051111e+003 1.73711590827413e+006 2.31107565358290e-003 7.16975318219576e-001 1.56571353785821e+000 2.19068103406998e+000 1.05052928538032e-003 148705 591
4.01611290252889e+003 1.73713287174011e+006 2.31191626878067e-003 6.00793276079926e-001 1.56101558229316e+000 2.19539225417376e+000 1.05052981874667e-003 148759 592
4.01660393507740e+003 1.73713058538431e+006 2.31220197888913e-003 2.71393026341064e-001 1.55535886028626e+000 2.19811142887333e+000 1.05053602200478e-003 149091 593
4.01682932297647e+003 1.73712685415119e+006 2.31233669215277e-003 4.06964067404360e-001 1.56063207571642e+000 2.20032802829322e+000 1.05053735564917e-003 149207 594
4.01790114167070e+003 1.73714455595728e+006 2.31293012611228e-003 4.16121158995536e-002 1.19361628177740e+000 2.20067102484682e+000 1.08761871002772e-003 149237 595
4.01548888228551e+003 1.73712977293254e+006 2.31156116995039e-003 3.41664971906301e-002 7.27751667683950e-001 2.20519661996367e+000 1.15579292545350e-003 149493 596
4.01574243921969e+003 1.73712212332014e+006 2.31171731214650e-003 7.21108396360039e-001 1.56417951155126e+000 2.20561711509785e+000 1.15579312035592e-003 149544 597
4.01670997183218e+003 1.73714336723243e+006 2.31224600638861e-003 5.87543113806086e-001 1.55833103625599e+000 2.20866916807073e+000 1.15579393546301e-003 149899 598
4.01503259213811e+003 1.73711259143371e+006 2.31132136294677e-003 3.38889839208488e-001 1.56264548524430e+000 2.21638588202251e+000 1.15579535305029e-003 150329 599
4.01490416814258e+003 1.73711319957764e+006 2.31124662462773e-003 7.85961254828785e-001 1.56657642765587e+000 2.21640213021855e+000 1.15579543334615e-003 150367 600
4.01525767579543e+003 1.73711240054512e+006 2.31145118969722e-003 7.45724523520154e-001 1.56667230430006e+000 2.21919568666235e+000 1.15579552032666e-003 150663 601
4.01720022819420e+003 1.73713919008766e+006 2.31253378545392e-003 6.99987151451053e-001 1.55986506256294e+000 2.22662398350201e+000 1.15579597294771e-003 151016 602
4.01473830607440e+003 1.73710889920126e+006 2.31115686515020e-003 8.72269651291407e-001 1.56782282403027e+000 2.23064061558160e+000 1.15579601003887e-003 151190 603
4.01424651328968e+003 1.73710308323975e+006 2.31088149369340e-003 5.94320146345229e-001 1.56839808389538e+000 2.23324870366803e+000 1.15579607183134e-003 151378 604
4.01471937343804e+003 1.73710957456278e+006 2.31114506773892e-003 2.62549454731690e-001 1.56005681585131e+000 2.24234583162239e+000 1.15579988057588e-003 151653 605
4.01412515946429e+003 1.73711268505342e+006 2.31079886131547e-003 4.89595239933188e-001 1.56523415463729e+000 2.24924991680865e+000 1.15580022964849e-003 152111 606
4.01418471870121e+003 1.73710408910329e+006 2.31084458244436e-003 9.69518548714081e-001 1.56916509704886e+000 2.24942177261979e+000 1.15580024122307e-003 152146 607
4.01834806625849e+003 1.73714182859189e+006 2.31319103191297e-003 7.97722293360839e-001 1.55948155598621e+000 2.25471861835417e+000 1.15580059933289e-003 152282 608
