2.78447273170542e+005 1.71463959497760e+006 6.12219131855805e+000 7.61952933277562e-001 -1.55938567934202e+000 1.62085539692284e-002 4.01341554194084e-010 866 1
2.78443039910934e+005 1.71466497043248e+006 1.60983934487119e-001 6.09241774043520e-001 1.54299077318644e+000 5.81460895754231e-001 2.99173833163667e-009 41219 2
2.78447124514058e+005 1.71468580119871e+006 1.60984333322861e-001 2.75586885042417e-001 9.37721518448439e-001 1.43817937364412e+000 7.95274640155565e-007 104631 3
2.78447597274433e+005 1.71464236418904e+006 6.12219138992709e+000 7.68973088060262e-001 -1.55813928296762e+000 1.59259342989886e+000 7.95736322278861e-007 113704 4
2.78439970322189e+005 1.71464797460647e+006 1.60983758535710e-001 2.79203328415323e-001 9.88152633289590e-001 1.82444823188649e+000 1.55380285835711e-006 130060 5
2.78444797210138e+005 1.71466610795316e+006 1.60984828057074e-001 5.87938187451866e-001 1.53493713507492e+000 1.87655819893348e+000 1.55793832706679e-006 133271 6
2.78448270007881e+005 1.71465228360577e+006 6.12219192298908e+000 9.22079320940083e-001 -1.53752580446791e+000 2.25225953051002e+000 1.55930861247991e-006 161115 7
2.78448013975013e+005 1.71464695600015e+006 6.12219157686294e+000 8.25225497163189e-001 -1.54922275505844e+000 2.57072675449597e+000 1.56020829653276e-006 182672 8
2.78441057343670e+005 1.71465361258393e+006 1.60983855972463e-001 2.94459249198504e-001 1.10876545167394e+000 3.18115674396578e+000 2.15639474815412e-006 225170 9
2.78444540788704e+005 1.71467065611858e+006 1.60984262680833e-001 3.13362003635037e-001 1.19754722418897e+000 3.44566149817873e+000 2.58859859772738e-006 241348 10
2.78450417978281e+005 1.71467900943762e+006 6.12219316858954e+000 8.81751418790118e-001 -1.54203200674459e+000 3.55577788514206e+000 2.58980842673184e-006 249591 11
2.78446824543682e+005 1.71467433995080e+006 1.60985220432797e-001 4.18451593412413e-001 1.41748824594867e+000 3.75647473532331e+000 2.66537908892680e-006 262899 12
2.78448174815852e+005 1.71464740472889e+006 6.12219152687613e+000 7.18586003083139e-001 -1.56801457731864e+000 3.89148316568497e+000 2.66543031850254e-006 272109 13
2.78440866352944e+005 1.71465162911383e+006 1.60983930468530e-001 6.23829108656921e-001 1.54807223532823e+000 4.41971714327711e+000 2.66723383424647e-006 315755 14
2.78447650513635e+005 1.71468529275251e+006 1.60984679118165e-001 6.31548239889846e-001 1.55046915143284e+000 4.48984178128739e+000 2.66871250374791e-006 320676 15
2.78443418546691e+005 1.71467087550698e+006 1.60983604758887e-001 6.41485861595226e-001 1.55363308069094e+000 4.68513926764837e+000 2.66981334952106e-006 333911 16
2.78438883351934e+005 1.71464332791878e+006 1.60983569657319e-001 4.92087242929644e-001 1.48441014358959e+000 5.08046638785257e+000 2.69287059623980e-006 359634 17
2.78438448459852e+005 1.71464096402546e+006 1.60983540665027e-001 4.14743979198174e-001 1.41317379696036e+000 5.16021347300561e+000 2.77298859670938e-006 365347 18
2.78440762267885e+005 1.71465305150923e+006 1.60983740075545e-001 2.87530265257139e-001 5.87771767174291e-001 5.16960715795036e+000 3.24883016501731e-006 366202 19
2.78444343729110e+005 1.71466644227074e+006 1.60984539531712e-001 3.46760921843636e-001 1.29783419400616e+000 5.46093675241104e+000 3.49355664244499e-006 387397 20
2.78451236098854e+005 1.71467835466472e+006 6.12219264330269e+000 7.38977881261456e-001 -1.56389188161870e+000 5.54211650688179e+000 3.49375391217947e-006 394740 21
2.78451392336826e+005 1.71467466233753e+006 6.12219221381927e+000 7.85353449219893e-001 -1.55545473693045e+000 5.56251789337925e+000 3.49434713495586e-006 397163 22
2.78441540858483e+005 1.71465363723561e+006 1.60984128442465e-001 3.48949022035646e-001 1.30301153279214e+000 6.02064828532432e+000 3.73017294120850e-006 429312 23
2.78448650020866e+005 1.71465255962229e+006 6.12219173252639e+000 7.47821452870830e-001 -1.56207022537919e+000 6.67172770319446e+000 3.73044911166228e-006 477538 24
2.78442769057766e+005 1.71466072338341e+006 1.60984172470623e-001 3.39193742012934e-001 1.27904237174596e+000 6.79727828815314e+000 4.00850226265522e-006 485629 25
2.78450082692426e+005 1.71465971321081e+006 6.12219157855303e+000 7.68243721329591e-001 -1.55833103625599e+000 6.80827210864292e+000 4.00895412302700e-006 486757 26
2.78440474658176e+005 1.71465208537978e+006 1.60983665796708e-001 3.87696629602493e-001 1.37606953566088e+000 6.86238638353544e+000 4.13314458611371e-006 490317 27
2.78439022552777e+005 1.71464463798122e+006 1.60983527870682e-001 4.99441690797233e-001 1.48939572908719e+000 6.90081201528945e+000 4.15357664125633e-006 493345 28
2.78441191660053e+005 1.71465215536010e+006 1.60984066757395e-001 4.45498943008094e-001 1.44634711584826e+000 7.72208129857583e+000 4.20252154875631e-006 555333 29
2.78443075278550e+005 1.71466016934886e+006 1.60984397594468e-001 3.18102887384392e-001 1.21509265007477e+000 7.81613059532076e+000 4.60093170775073e-006 561612 30
2.78446405043307e+005 1.71468252980403e+006 1.60984226367705e-001 3.81436231830908e-001 1.36600248802148e+000 8.15025954332690e+000 4.73861365964759e-006 588185 31
2.78449844306974e+005 1.71465882502681e+006 6.12219163205102e+000 8.70689356708289e-001 -1.54327840311899e+000 8.35773459939457e+000 4.73977584577788e-006 600590 32
2.78447325368801e+005 1.71467558222418e+006 1.60985390381630e-001 3.74021003402429e-001 1.35344264763329e+000 8.39512048010265e+000 4.89526137603086e-006 604823 33
2.78445348623733e+005 1.71468363746997e+006 1.60983523888752e-001 4.13467587419501e-001 1.41144801736503e+000 8.41684520212546e+000 4.97715990845993e-006 606019 34
2.78439923380261e+005 1.71464757895300e+006 1.60983768370478e-001 3.30927585732007e-001 1.25631960707419e+000 8.61014952710996e+000 5.29706641701899e-006 620116 35
2.78440592513642e+005 1.71465242191579e+006 1.60983701711758e-001 3.17312740092833e-001 1.21231222739341e+000 8.70230549688694e+000 5.70086574234355e-006 626759 36
2.78445560606016e+005 1.71468485343250e+006 1.60983532141282e-001 2.78078888038873e-001 9.74250519882809e-001 9.05815526510329e+000 6.47048011543705e-006 652889 37
2.78450693141666e+005 1.71467713506550e+006 6.12219283928205e+000 8.85823716369692e-001 -1.54155262352367e+000 9.38319402750717e+000 6.47170848140556e-006 675119 38
2.78438189568889e+005 1.71463956574728e+006 1.60983522580422e-001 4.76345077659348e-001 1.47290494628742e+000 9.43159659469511e+000 6.50149471672936e-006 678495 39
2.78452971902555e+005 1.71467995892777e+006 6.12219180502540e+000 9.59976000654481e-001 -1.53397836863308e+000 9.46812242889709e+000 6.50295886722308e-006 681289 40
2.78451407346124e+005 1.71467464581291e+006 6.12219220376594e+000 8.58776366774011e-001 -1.54481242942595e+000 9.48347408927077e+000 6.50405584907255e-006 682081 41
2.78439422305828e+005 1.71464681784457e+006 1.60983553877114e-001 5.59705616918846e-001 1.52285667790765e+000 9.56633688666496e+000 6.51122735396231e-006 688901 42
2.78438168600419e+005 1.71463954610954e+006 1.60983512477586e-001 3.96327469248755e-001 1.38891700598163e+000 1.03362548265009e+001 6.61910777137576e-006 743192 43
2.78453739095823e+005 1.71467957080332e+006 6.12219133328110e+000 7.24512107769833e-001 -1.56686405758843e+000 1.03768899767038e+001 6.61919385485462e-006 746357 44
2.78446168239085e+005 1.71467363786429e+006 1.60984912292961e-001 6.97403977613263e-001 1.56868571382794e+000 1.11334406096526e+001 6.61922949876136e-006 793656 45
2.78448818204596e+005 1.71465761183263e+006 6.12219210315652e+000 8.85215910760801e-001 -1.54155262352367e+000 1.11709395002501e+001 6.62045972101565e-006 796207 46
2.78444101291308e+005 1.71466322603968e+006 1.60984698545605e-001 5.60252641966849e-001 1.52304843119602e+000 1.11907088990786e+001 6.62757242458829e-006 797698 47
2.78447612272288e+005 1.71467719297878e+006 1.60985404775651e-001 4.17813397523077e-001 1.41672123279519e+000 1.15217569097599e+001 6.70392977549445e-006 823953 48
2.78441479216685e+005 1.71465922985820e+006 1.60983577366839e-001 5.72864608351352e-001 1.52870515320292e+000 1.15477142688669e+001 6.70952086784700e-006 826201 49
2.78440727483501e+005 1.71465354975337e+006 1.60983674335581e-001 3.05855604365224e-001 4.84608498031556e-001 1.15758504061782e+001 7.01075100055528e-006 827873 50
2.78441040675621e+005 1.71465256241353e+006 1.60983943404104e-001 3.04336090342995e-001 1.15977182638020e+000 1.19357889980276e+001 7.51508891427130e-006 853164 51
2.78449445997331e+005 1.71465762801775e+006 6.12219174792444e+000 7.67119280953142e-001 -1.55852278954436e+000 1.24235570268014e+001 7.51553150113202e-006 884571 52
2.78443335891488e+005 1.71466170013550e+006 1.60984404429613e-001 4.77955762522911e-001 1.47405546601764e+000 1.24639303309138e+001 7.54458784682725e-006 886686 53
2.78450646725842e+005 1.71467355723832e+006 6.12219253551540e+000 7.36972122752113e-001 -1.56427538819544e+000 1.27870925515043e+001 7.54476948381735e-006 909055 54
2.78452000973553e+005 1.71467574889449e+006 6.12219196824355e+000 9.20103952711185e-001 -1.53781343440046e+000 1.28045118582426e+001 7.54612807994790e-006 910502 55
2.78442055183257e+005 1.71465589438789e+006 1.60984212418585e-001 5.32627877042721e-001 1.50924219443342e+000 1.28410007101729e+001 7.55780044864988e-006 913274 56
2.78452486158194e+005 1.71467162469549e+006 6.12219131199403e+000 8.11428309841347e-001 -1.55133204123051e+000 1.29636443854406e+001 7.55859734459005e-006 922032 57
2.78441768732089e+005 1.71466125619632e+006 1.60983554899792e-001 3.98697911123433e-001 1.39217681188391e+000 1.31134076429144e+001 7.66247537814884e-006 933902 58
2.78440873817782e+005 1.71465531209900e+006 1.60983594868899e-001 2.90690854423376e-001 5.65816015655995e-001 1.31163676902637e+001 8.10031000800613e-006 934562 59
2.78441362991139e+005 1.71465650009931e+006 1.60983763208033e-001 2.74614396068190e-001 9.19792585985900e-001 1.34626283644351e+001 8.89943082233942e-006 957381 60
2.78447256376683e+005 1.71463967768649e+006 6.12219133573289e+000 7.55692535505978e-001 -1.56053619907224e+000 1.39337443542001e+001 8.89977756853564e-006 989756 61
2.78440527981693e+005 1.71465388710399e+006 1.60983529845434e-001 2.96768910512293e-001 5.29382890865810e-001 1.43094242934788e+001 9.27501208050791e-006 1017254 62
2.78448744475925e+005 1.71465885074581e+006 6.12219225937187e+000 7.25970841231173e-001 -1.56648055101169e+000 1.46028529653134e+001 9.27511109211752e-006 1035803 63
2.78439887812543e+005 1.71464723991617e+006 1.60983779444145e-001 2.87925338902919e-001 1.06638797494430e+000 1.49014630664266e+001 9.93901532070976e-006 1055857 64
2.78444454416077e+005 1.71466648952560e+006 1.60984598065864e-001 6.54037047418839e-001 1.55737226981414e+000 1.53883296464954e+001 9.93973725864844e-006 1088782 65
2.78440486518124e+005 1.71465099863022e+006 1.60983772813918e-001 2.79659182621991e-001 6.57953470717490e-001 1.57290269492296e+001 1.05332625969407e-005 1116406 66
2.78445350569782e+005 1.71467435551847e+006 1.60984381459393e-001 5.27005675160472e-001 1.50607826517533e+000 1.59799047752319e+001 1.05461464891244e-005 1134496 67
2.78450660251376e+005 1.71468327671641e+006 6.12219342468313e+000 7.47395988944606e-001 -1.56226197866756e+000 1.61685467744706e+001 1.05464136558359e-005 1148058 68
2.78453484066933e+005 1.71468484212278e+006 6.12219196459947e+000 9.84349005571039e-001 -1.53186908246101e+000 1.62128742947779e+001 1.05479221979865e-005 1152238 69
2.78449302731381e+005 1.71466021716478e+006 6.12219206824591e+000 8.25559790248080e-001 -1.54922275505844e+000 1.62617946374947e+001 1.05488210807562e-005 1156721 70
2.78445524396875e+005 1.71467110575396e+006 1.60984780095709e-001 3.79552034443344e-001 1.36293443540757e+000 1.64008480726332e+001 1.06907808635691e-005 1167942 71
2.78445970314959e+005 1.71467797755968e+006 1.60984399394108e-001 3.01783306785650e-001 1.14759549256874e+000 1.72310720919557e+001 1.12176950419113e-005 1221343 72
2.78451121359023e+005 1.71466382377086e+006 6.12219136766556e+000 8.06808987213770e-001 -1.55200317773980e+000 1.75626286207706e+001 1.12184595431830e-005 1243952 73
2.78443397417951e+005 1.71466631708701e+006 1.60984013370164e-001 2.73368394569962e-001 7.62554889522996e-001 1.76184842807506e+001 1.19534903805312e-005 1248567 74
2.78444809078015e+005 1.71466828587839e+006 1.60984633836644e-001 5.25942015344912e-001 1.50550300531022e+000 1.79619802885988e+001 1.19666049096554e-005 1270549 75
2.78450388520821e+005 1.71466432755676e+006 6.12219183056565e+000 8.85428642723913e-001 -1.54155262352367e+000 1.81075388791784e+001 1.19678344817459e-005 1280912 76
2.78445916331141e+005 1.71468339966926e+006 1.60983868410378e-001 5.84048231554959e-001 1.53330723212378e+000 1.83638389968534e+001 1.19723255534694e-005 1298289 77
2.78449811070112e+005 1.71466534682894e+006 6.12219225273780e+000 8.40906881872595e-001 -1.54711346888638e+000 1.84409225651407e+001 1.19733219139236e-005 1304876 78
2.78446446023631e+005 1.71468471165006e+006 1.60984048330171e-001 7.04971157443965e-001 1.57041149342326e+000 1.87904728557970e+001 1.19733243896826e-005 1328438 79
2.78452138818808e+005 1.71468781502399e+006 1.60986996693350e-001 5.61285911501965e-001 1.52343193777276e+000 1.88949509320474e+001 1.19803221147760e-005 1337340 80
2.78447358468235e+005 1.71464081950987e+006 6.12219138308541e+000 7.31197969467642e-001 -1.56533003128147e+000 1.91434623100870e+001 1.19804627114007e-005 1354778 81
2.78444447250160e+005 1.71466932262810e+006 1.60984332575330e-001 2.81786502253112e-001 1.01518984694967e+000 1.95025313787767e+001 1.27111011109367e-005 1382188 82
2.78451326107037e+005 1.71467809346687e+006 6.12219256805690e+000 7.59035466354882e-001 -1.56005681585131e+000 2.01529260271178e+001 1.27114696383157e-005 1426164 83
2.78451221621073e+005 1.71466401217215e+006 6.12219132807951e+000 7.95746925131941e-001 -1.55372895733512e+000 2.01760595236047e+001 1.27121489692669e-005 1427317 84
2.78450912544152e+005 1.71468746267390e+006 6.12219366757842e+000 9.91369160353738e-001 -1.53129382259590e+000 2.12466511643712e+001 1.27136677131336e-005 1505120 85
2.78439480840472e+005 1.71464570671924e+006 1.60983689665633e-001 5.28707530865369e-001 1.50713290826136e+000 2.27615566654196e+001 1.27261484037887e-005 1605606 86
2.78439735449415e+005 1.71464862027123e+006 1.60983565497160e-001 2.93821053309168e-001 1.10502626255074e+000 2.28035339654374e+001 1.33287001316606e-005 1609207 87
2.78440970814151e+005 1.71465212014287e+006 1.60983944516974e-001 4.71269900825103e-001 1.46887812723167e+000 2.28316835265187e+001 1.33610552128451e-005 1611138 88
2.78447473552751e+005 1.71464110132079e+006 6.12219134369583e+000 8.38141366352138e-001 -1.54740109881893e+000 2.28943409584836e+001 1.33620401420913e-005 1616501 89
2.78450666840404e+005 1.71467150878378e+006 6.12219233506602e+000 8.02007322903526e-001 -1.55277019089328e+000 2.31756917021038e+001 1.33627665668521e-005 1635129 90
2.78439918615919e+005 1.71464752043005e+006 1.60983771063381e-001 3.25244603288870e-001 1.23906181112094e+000 2.33117160623182e+001 1.37152586129133e-005 1644697 91
2.78444162260854e+005 1.71467420486495e+006 1.60983720143102e-001 2.98470766217190e-001 5.20274609668264e-001 2.39476802990899e+001 1.40750804999844e-005 1688320 92
2.78447005086938e+005 1.71468106012416e+006 1.60984702931810e-001 6.78136539811396e-001 1.56389188161870e+000 2.40886474121409e+001 1.40753188152738e-005 1697273 93
2.78444011772318e+005 1.71466855083143e+006 1.60984156344437e-001 6.66740184644676e-001 1.56091970564898e+000 2.43312415840828e+001 1.40757494122920e-005 1713817 94
2.78448044484812e+005 1.71467757829308e+006 1.60985614811523e-001 3.35911591724919e-001 1.27022172048097e+000 2.43486357325646e+001 1.43698033349360e-005 1714604 95
2.78451558738784e+005 1.71468643015174e+006 1.60986794871413e-001 3.14212931487485e-001 1.20071115344707e+000 2.46911015122662e+001 1.47958426069147e-005 1739391 96
2.78445823858903e+005 1.71467163210174e+006 1.60984901687725e-001 3.14243321767930e-001 1.20090290673544e+000 2.57412013008977e+001 1.52215725373098e-005 1808613 97
2.78444773694712e+005 1.71467937218458e+006 1.60983590770775e-001 3.17495081775500e-001 4.38300078890347e-001 2.58316811739544e+001 1.54523146981775e-005 1814344 98
2.78443248321728e+005 1.71466972057555e+006 1.60983614602148e-001 3.90067071477170e-001 1.37961697149571e+000 2.59230514613892e+001 1.55718557871927e-005 1822203 99
2.78440377423503e+005 1.71465215510321e+006 1.60983604111969e-001 3.05885994645669e-001 1.16677082140568e+000 2.62139146420135e+001 1.60630066499082e-005 1845861 100
2.78439735601925e+005 1.71464851256082e+006 1.60983575522636e-001 5.48704335397906e-001 1.51758346247749e+000 2.64239347745594e+001 1.60717821238139e-005 1860369 101
2.78451004099753e+005 1.71467426512662e+006 6.12219239776954e+000 9.38277340417047e-001 -1.53599177816095e+000 2.72783755140244e+001 1.60731950249688e-005 1926431 102
2.78448285358956e+005 1.71464860706644e+006 6.12219157500994e+000 9.07309644644014e-001 -1.53905983077486e+000 2.77679314476812e+001 1.60745158994507e-005 1960668 103
2.78445767794864e+005 1.71467563709565e+006 1.60984500279289e-001 4.10519730216376e-001 1.40780470488601e+000 2.80302705637779e+001 1.61603738118406e-005 1980028 104
2.78441024399277e+005 1.71465392624814e+006 1.60983808309820e-001 3.37096812662258e-001 3.77706039765618e-001 2.88572734299039e+001 1.63119220231805e-005 2042030 105
2.78445213643690e+005 1.71467036534375e+006 1.60984671839938e-001 4.78502787570914e-001 1.47443897259438e+000 2.88918208505980e+001 1.63407364679674e-005 2044851 106
2.78439043757203e+005 1.71464418478238e+006 1.60983581737949e-001 4.52974951997462e-001 1.45334611087374e+000 2.93369711869912e+001 1.63841391147449e-005 2077974 107
2.78441180261416e+005 1.71465423172513e+006 1.60983868687019e-001 6.04105816648385e-001 1.54116911694693e+000 2.94644759183000e+001 1.63870479372206e-005 2086180 108
2.78452699816841e+005 1.71467496884724e+006 6.12219149917106e+000 9.28582840955224e-001 -1.53695054460280e+000 2.96439362999187e+001 1.63884330481503e-005 2098299 109
2.78450964940121e+005 1.71466995463224e+006 6.12219202227173e+000 7.13267704005336e-001 -1.56926097369304e+000 2.98357900052095e+001 1.63884537459933e-005 2113617 110
2.78440444451964e+005 1.71465240226264e+006 1.60983619392960e-001 6.78470832896286e-001 1.56408363490707e+000 3.05950760384219e+001 1.63886816384627e-005 2166384 111
2.78447611963849e+005 1.71464367013087e+006 6.12219150208799e+000 8.98344511912862e-001 -1.54001859721671e+000 3.09462236437713e+001 1.63899697265145e-005 2189391 112
2.78449319257046e+005 1.71465316789089e+006 6.12219140837931e+000 8.55159923401106e-001 -1.54519593600269e+000 3.15539279300191e+001 1.63910519431225e-005 2232581 113
2.78438938505609e+005 1.71464348712323e+006 1.60983586306754e-001 5.74961537702028e-001 1.52966391964476e+000 3.17631503076616e+001 1.63964069855330e-005 2246723 114
2.78443843770229e+005 1.71466306954960e+006 1.60984566656658e-001 5.66573820299322e-001 1.52592473052156e+000 3.21619052795712e+001 1.64027212082748e-005 2275254 115
2.78439046898122e+005 1.71464496303767e+006 1.60983511710212e-001 2.73277223728628e-001 7.65143558915983e-001 3.23106988892429e+001 1.71405004005022e-005 2285113 116
2.78454062952465e+005 1.71468487745689e+006 6.12219163892970e+000 7.61800981875339e-001 -1.55957743263039e+000 3.24625941808823e+001 1.71408915332502e-005 2298109 117
2.78452113997262e+005 1.71468154982246e+006 6.12219243929786e+000 9.17520778873395e-001 -1.53810106433302e+000 3.34275862587350e+001 1.71422403577284e-005 2361945 118
2.78442082162720e+005 1.71465860731068e+006 1.60983977418543e-001 2.79020986732655e-001 9.85947470473342e-001 3.37755753943740e+001 1.79022268517392e-005 2388994 119
2.78449678414285e+005 1.71465651822907e+006 6.12219151345350e+000 9.67603961046072e-001 -1.53321135547960e+000 3.41857775157587e+001 1.79037117466403e-005 2416771 120
2.78447612009327e+005 1.71464352927758e+006 6.12219148906470e+000 9.25543812910766e-001 -1.53714229789117e+000 3.44690836342754e+001 1.79050948110786e-005 2437555 121
2.78443094292853e+005 1.71466755156507e+006 1.60983727219964e-001 3.26095531141318e-001 1.24165048051393e+000 3.45151176714698e+001 1.82525982367454e-005 2440198 122
2.78448965546239e+005 1.71468304829238e+006 1.60985633439442e-001 3.57184788036129e-001 1.32103634189886e+000 3.46967364214581e+001 1.84581649089036e-005 2453652 123
2.78439978274014e+005 1.71465062582583e+006 1.60983518416869e-001 4.14774369478618e-001 1.41317379696036e+000 3.48385670057418e+001 1.85382699955009e-005 2467012 124
2.78447332161149e+005 1.71468526254302e+006 1.60984501013525e-001 6.53277290407725e-001 1.55708463988159e+000 3.51878109975572e+001 1.85390178757892e-005 2492450 125
2.78453472931672e+005 1.71468652256760e+006 6.12219212598790e+000 7.61831372155784e-001 -1.55957743263039e+000 3.54743509330908e+001 1.85394089742121e-005 2512713 126
2.78446616658469e+005 1.71467906859538e+006 1.60984665984075e-001 5.36730564902740e-001 1.51135148060549e+000 3.57371997181862e+001 1.85502985105799e-005 2533126 127
2.78450489146729e+005 1.71466184504423e+006 6.12219154431332e+000 7.59764833085552e-001 -1.55986506256294e+000 3.64879068042530e+001 1.85506764643472e-005 2585633 128
2.78451057871603e+005 1.71466986883072e+006 6.12219196154909e+000 9.14360189707158e-001 -1.53838869426557e+000 3.65570111743564e+001 1.85520173104828e-005 2591292 129
2.78450752317484e+005 1.71466717186956e+006 6.12219188630866e+000 8.16473096395149e-001 -1.55056502807703e+000 3.66035719571621e+001 1.85528516285641e-005 2594852 130
2.78447933311022e+005 1.71468329890125e+006 1.60985023784698e-001 2.74523225226856e-001 7.33600142979217e-001 3.69520347520852e+001 1.92546923001905e-005 2618143 131
2.78447636868689e+005 1.71464375943308e+006 6.12219149617689e+000 9.69245036190079e-001 -1.53301960219123e+000 3.69738708580766e+001 1.92561832058736e-005 2620115 132
2.78448485958780e+005 1.71465245560869e+006 6.12219181615239e+000 9.86385154360826e-001 -1.53158145252846e+000 3.76183389921181e+001 1.92577018631914e-005 2664144 133
2.78445700737283e+005 1.71468418200145e+006 1.60983673719802e-001 4.42946159450749e-001 1.44375844645528e+000 3.77925541057542e+001 1.93087587555689e-005 2676296 134
2.78452926587926e+005 1.71467629058365e+006 6.12219149227906e+000 9.40343879487279e-001 -1.53580002487259e+000 3.82497696458573e+001 1.93101766939531e-005 2710611 135
2.78447332321120e+005 1.71468126597857e+006 1.60984869876393e-001 6.36957709808982e-001 1.55219493102817e+000 3.87011776488017e+001 1.93114424992785e-005 2744603 136
2.78440412595503e+005 1.71465119766202e+006 1.60983712443897e-001 6.22674278000027e-001 1.54768872875149e+000 3.92373525220771e+001 1.93133005950029e-005 2779285 137
2.78454229061557e+005 1.71468606562568e+006 1.60988345818301e-001 2.99321694069638e-001 1.13522740546892e+000 3.98336846686791e+001 1.98627776547310e-005 2824850 138
2.78438492610825e+005 1.71464131179962e+006 1.60983533662384e-001 6.08998651799964e-001 1.54299077318644e+000 3.99199663910092e+001 1.98653703271369e-005 2831395 139
2.78445737150283e+005 1.71468104644670e+006 1.60983983733489e-001 2.72395905595735e-001 8.35804645680105e-001 3.99379749246455e+001 2.06566762561364e-005 2832163 140
2.78449610075066e+005 1.71468750750466e+006 1.60985588205882e-001 2.98622717619413e-001 5.19507596514786e-001 4.01517053846350e+001 2.10151930781548e-005 2850450 141
2.78438432830884e+005 1.71464090332579e+006 1.60983537385200e-001 4.81541815615372e-001 1.47683588869900e+000 4.07736940687969e+001 2.10425741785168e-005 2896560 142
2.78449611271040e+005 1.71465858511929e+006 6.12219174232943e+000 8.52333627319759e-001 -1.54557944257942e+000 4.14846362840437e+001 2.10436393224423e-005 2945413 143
2.78447369710510e+005 1.71468610392167e+006 1.60984444713881e-001 4.43250062255195e-001 1.44404607638783e+000 4.21086294444305e+001 2.10944535091504e-005 2989273 144
2.78442389667095e+005 1.71466301977813e+006 1.60983744997576e-001 2.80570891035329e-001 6.48174053010651e-001 4.23116344528745e+001 2.16722235308871e-005 3003427 145
2.78450643028550e+005 1.71467021250606e+006 6.12219222898284e+000 7.08557210536426e-001 -1.57031561677908e+000 4.23830528586971e+001 2.16722269898385e-005 3009369 146
2.78442176567639e+005 1.71465992430506e+006 1.60983909538316e-001 6.05473379268392e-001 1.54164850016785e+000 4.24001616115056e+001 2.16750498943399e-005 3010699 147
2.78442663927847e+005 1.71465791506715e+006 1.60984371866109e-001 3.96783323455424e-001 1.38949226584674e+000 4.30490004258673e+001 2.17821941892714e-005 3054293 148
2.78444509870706e+005 1.71467045962742e+006 1.60984263243429e-001 5.30439776850710e-001 1.50799579805902e+000 4.30517472221167e+001 2.17943335995168e-005 3054510 149
2.78451119688419e+005 1.71467773527715e+006 6.12219265229551e+000 9.86324373799936e-001 -1.53167732917264e+000 4.30667837339288e+001 2.17958468024618e-005 3055813 150
2.78442694596830e+005 1.71466364209285e+006 1.60983860842245e-001 5.11415461292400e-001 1.49696998397778e+000 4.31327830810530e+001 2.18126134830619e-005 3061189 151
2.78447789604899e+005 1.71468578339238e+006 1.60984712879279e-001 5.90855654374546e-001 1.15099911343730e-001 4.34981357309327e+001 2.18159344219746e-005 3087084 152
2.78450369486328e+005 1.71468529453622e+006 6.12219377609028e+000 9.13965116061379e-001 -1.53848457090976e+000 4.37894723260999e+001 2.18172704706255e-005 3110045 153
2.78446338674695e+005 1.71468532108347e+006 1.60983931099554e-001 6.76343513265165e-001 1.56341249839778e+000 4.40470910191710e+001 2.18175364458407e-005 3128282 154
2.78439634780935e+005 1.71464705679667e+006 1.60983652562074e-001 2.78625913086875e-001 9.81345391552476e-001 4.40850105192653e+001 2.25815401624989e-005 3131292 155
2.78448808143668e+005 1.71468444715619e+006 1.60985414924232e-001 3.81618573513575e-001 1.36629011795404e+000 4.41745326294901e+001 2.27188210172478e-005 3138579 156
2.78448609723504e+005 1.71465576116768e+006 6.12219205084914e+000 9.36605874992595e-001 -1.53608765480514e+000 4.47143023997117e+001 2.27202335022991e-005 3176060 157
2.78439658038901e+005 1.71464697745437e+006 1.60983673099062e-001 5.16217125602645e-001 1.49994215994751e+000 4.48461515522382e+001 2.27356798118771e-005 3184856 158
2.78438295852467e+005 1.71464023046373e+006 1.60983521637787e-001 2.73186052887295e-001 7.68115734885708e-001 4.49846176176365e+001 2.34765016496629e-005 3195329 159
2.78448297298501e+005 1.71464807709949e+006 6.12219151932226e+000 7.64779229358909e-001 -1.55890629612110e+000 4.56362384354608e+001 2.34769258856778e-005 3243879 160
2.78444522425409e+005 1.71467004085836e+006 1.60984309018204e-001 5.05185453801260e-001 1.49303904156621e+000 4.56369311456776e+001 2.34955374050379e-005 3243934 161
2.78441917564355e+005 1.71466150732271e+006 1.60983616297341e-001 6.01066788603927e-001 1.54001859721671e+000 4.57922187667759e+001 2.34986555044901e-005 3253904 162
2.78447337133733e+005 1.71464068940324e+006 6.12219138320245e+000 9.50099159509991e-001 -1.53474538178655e+000 4.62727669445642e+001 2.35001059500595e-005 3290400 163
2.78451214940438e+005 1.71467259424140e+006 6.12219212378630e+000 7.67423183757588e-001 -1.55852278954436e+000 4.65384378826160e+001 2.35005481514260e-005 3309847 164
2.78441885876851e+005 1.71465569379794e+006 1.60984134723882e-001 5.14515269897748e-001 1.49888751686148e+000 4.66494885968821e+001 2.35164549818202e-005 3317591 165
2.78440345877146e+005 1.71465279893979e+006 1.60983526777645e-001 3.55452542050787e-001 1.31748890606403e+000 4.66757006377115e+001 2.37279200099457e-005 3319171 166
2.78445496474880e+005 1.71467917228694e+006 1.60984019910610e-001 3.23998601790641e-001 1.23493911542100e+000 4.70981332863164e+001 2.40881659691912e-005 3349131 167
2.78442031376832e+005 1.71465784401820e+006 1.60984018992312e-001 2.75678055883751e-001 7.11644391460921e-001 4.71425616341724e+001 2.47615081817018e-005 3350556 168
2.78447056132783e+005 1.71468558709228e+006 1.60984314223724e-001 6.72331996246480e-001 1.56235785531175e+000 4.72874483608623e+001 2.47618395519966e-005 3360883 169
2.78438521685362e+005 1.71464135700328e+006 1.60983546012237e-001 6.58078954717969e-001 1.55861866618854e+000 4.75180612398086e+001 2.47624522143897e-005 3379194 170
2.78450520133048e+005 1.71467698070229e+006 6.12219292334455e+000 9.15515020364053e-001 -1.53829281762139e+000 4.76118032809012e+001 2.47637954019308e-005 3386097 171
2.78441426141349e+005 1.71465919016358e+006 1.60983550870994e-001 6.43552400665457e-001 1.55430421720023e+000 4.77831153676184e+001 2.47648232651266e-005 3397517 172
2.78449571227977e+005 1.71466066019905e+006 6.12219195656163e+000 7.97479171117283e-001 -1.55344132740257e+000 4.78275372137660e+001 2.47655170039889e-005 3400821 173
2.78446110737196e+005 1.71468775325044e+006 1.60983577162661e-001 2.74857518311747e-001 7.26792901242103e-001 4.82292590999732e+001 2.54587962133948e-005 3427431 174
2.78443641978498e+005 1.71466879541872e+006 1.60983923651855e-001 3.92893367558517e-001 2.67352022309030e-001 4.84308462419403e+001 2.55116082219075e-005 3441396 175
2.78448514716105e+005 1.71465118406737e+006 6.12219168247916e+000 7.16884147378242e-001 -1.56839808389538e+000 4.86203105376739e+001 2.55116491284471e-005 3457052 176
2.78448354321199e+005 1.71464975131026e+006 6.12219164141029e+000 9.66236398426066e-001 -1.53330723212378e+000 4.87085885905151e+001 2.55131328544040e-005 3462378 177
2.78442447044202e+005 1.71466389222396e+006 1.60983697097440e-001 5.49403311848132e-001 1.51787109241005e+000 4.88028000004819e+001 2.55218122951610e-005 3468771 178
2.78439599242161e+005 1.71464712968189e+006 1.60983625642629e-001 4.03712307396789e-001 1.39907993026521e+000 4.89608123028443e+001 2.56175515383196e-005 3480761 179
2.78444050186740e+005 1.71466628867105e+006 1.60984386908280e-001 2.72456686156625e-001 8.44912926877651e-001 4.94832261784334e+001 2.64128142321477e-005 3517642 180
2.78448275872379e+005 1.71465105828535e+006 6.12219180658924e+000 9.86324373799937e-001 -1.53158145252846e+000 5.00652255874343e+001 2.64143330953594e-005 3555673 181
2.78442191622239e+005 1.71466244852750e+006 1.60983685175236e-001 3.38829058647599e-001 1.27808360530412e+000 5.02014153811173e+001 2.66941154914318e-005 3567419 182
2.78441305142945e+005 1.71465309610262e+006 1.60984044435482e-001 6.33280485875187e-001 1.55114028794214e+000 5.05278465525324e+001 2.66955112125246e-005 3593734 183
2.78443342695762e+005 1.71466201817663e+006 1.60984378949262e-001 3.78670716310451e-001 1.36149628574480e+000 5.06497736900333e+001 2.68395048493662e-005 3600735 184
2.78439262215217e+005 1.71464464300329e+006 1.60983663589947e-001 5.70099092830894e-001 1.52755463347270e+000 5.06619935352798e+001 2.68453926021937e-005 3601754 185
2.78438637175285e+005 1.71464200696230e+006 1.60983551662620e-001 6.64977548378890e-001 1.56053619907224e+000 5.07649163368537e+001 2.68458520071068e-005 3608871 186
2.78439260485497e+005 1.71464607691283e+006 1.60983530294961e-001 5.94593658869230e-001 1.53762168111209e+000 5.08196726212651e+001 2.68494337884805e-005 3611586 187
2.78450429176555e+005 1.71467790453506e+006 6.12219306027304e+000 9.34478555361474e-001 -1.53637528473769e+000 5.09136796820179e+001 2.68508354104951e-005 3618324 188
2.78446458270372e+005 1.71468152303399e+006 1.60984349508870e-001 4.70449363253099e-001 1.46811111407819e+000 5.14350211329673e+001 2.68836734676285e-005 3652022 189
2.78438835946235e+005 1.71464349463855e+006 1.60983527336241e-001 4.30881218114249e-001 1.43158211264382e+000 5.15122832131350e+001 2.69455092752453e-005 3657182 190
2.78439913084982e+005 1.71464745187527e+006 1.60983774246359e-001 6.23494815572031e-001 1.54797635868404e+000 5.15492074112913e+001 2.69473266492059e-005 3660449 191
2.78446431105065e+005 1.71467907251448e+006 1.60984560188148e-001 5.46425064364562e-001 1.51633706610309e+000 5.16210597915410e+001 2.69564985453778e-005 3666784 192
2.78448950489708e+005 1.71468698993920e+006 1.60985261178234e-001 3.44998285577850e-001 1.29351974501785e+000 5.17551004899294e+001 2.72086965961035e-005 3677842 193
2.78443483042639e+005 1.71466306427205e+006 1.60984362170738e-001 3.36063543127142e-001 1.27070110370190e+000 5.19174178014506e+001 2.75019186408524e-005 3688768 194
2.78447188299182e+005 1.71467712805063e+006 1.60985169858495e-001 6.07236015534178e-001 1.54222376003296e+000 5.32184086575786e+001 2.75046391131140e-005 3780034 195
2.78451576916669e+005 1.71466877622457e+006 6.12219156579817e+000 7.12386385872444e-001 -1.56945272698141e+000 5.37198976460026e+001 2.75046559839714e-005 3815229 196
2.78447241678343e+005 1.71468324968851e+006 1.60984635330320e-001 5.12631072510183e-001 1.49764112048708e+000 5.41312257435636e+001 2.75211091980217e-005 3847303 197
2.78445807249024e+005 1.71468296513058e+006 1.60983846524035e-001 3.15458932985713e-001 1.20540910901212e+000 5.42533856267372e+001 2.79381117962288e-005 3855682 198
2.78446052056026e+005 1.71468790388280e+006 1.60983529920220e-001 3.75540517424658e-001 2.95060372478408e-001 5.46008711788873e+001 2.80100480219733e-005 3884050 199
2.78442193182419e+005 1.71466329345352e+006 1.60983608098100e-001 2.98409985656301e-001 1.13062532654805e+000 5.47350144581903e+001 2.85679257565196e-005 3893989 200
