2.67177696347213e+003 1.73710971466112e+006 1.53805763338838e-003 2.93893246253853e-002 5.47982959837642e-001 9.17563253775105e-002 4.55327031977050e-005 367 1
2.66827479687252e+003 1.73710136606211e+006 1.53604893211880e-003 7.21243934446242e-001 1.56954860362560e+000 2.45576239814911e-001 4.56092187247404e-005 1450 2
2.66847094759015e+003 1.73710669346011e+006 1.53615713913013e-003 2.98348948637349e-001 1.56398775826289e+000 1.61235328216845e+002 4.61427092395871e-005 3426 3
2.66821097185545e+003 1.73710048057789e+006 1.53601297293150e-003 7.00491348002564e-001 1.56983623355815e+000 1.64533376787047e+002 4.62243006401530e-005 3649 4
2.66848214315369e+003 1.73710786855610e+006 1.53616254490143e-003 2.38380077517014e-001 1.56111145893735e+000 1.64533446198423e+002 4.70983106807227e-005 3731 5
2.66857595342738e+003 1.73710559498177e+006 1.53621855912809e-003 2.74086733603931e-001 1.56360425168615e+000 1.69737750377504e+002 4.77412438453465e-005 4864 6
2.66879880816286e+003 1.73710811311879e+006 1.53634462255794e-003 2.04687643055513e-001 1.55861866618854e+000 1.69737750657835e+002 4.89633161903419e-005 4867 7
2.66819425859115e+003 1.73709974939565e+006 1.53600399813243e-003 2.37128818628498e-001 1.56408363490707e+000 1.69759895334210e+002 4.98475260775135e-005 5188 8
2.66831349596729e+003 1.73710136397619e+006 1.53607121188227e-003 5.74968718527787e-002 1.45344198751793e+000 1.69780293168149e+002 6.96772179559415e-005 5241 9
2.66837386559894e+003 1.73710404881487e+006 1.53610359070974e-003 3.83190404980621e-001 1.56667230430006e+000 1.69787296193210e+002 6.99848381376587e-005 5588 10
2.66823475951589e+003 1.73709895869571e+006 1.53602801250727e-003 1.48899807733390e-001 1.55392071062349e+000 1.69810051035974e+002 7.24457822418675e-005 6179 11
2.66821364973943e+003 1.73710780242460e+006 1.53600804027495e-003 2.70607623523667e-001 1.56264548524430e+000 1.69813002177433e+002 7.31070360829336e-005 6347 12
2.66834265156269e+003 1.73710249741167e+006 1.53608699361753e-003 4.43983275856807e-001 1.56791870067446e+000 1.72598033111820e+002 7.33295321566556e-005 6702 13
2.66850752316429e+003 1.73710737019211e+006 1.53617759608251e-003 6.58497878963591e-001 1.56715168752098e+000 1.72810726837982e+002 7.34230098900075e-005 7917 14
2.66829417641810e+003 1.73710889538811e+006 1.53605343045790e-003 6.95913571581164e-001 1.56667230430006e+000 1.94139319290843e+002 7.35057860599834e-005 8170 15
2.66819895780166e+003 1.73709943837070e+006 1.53600697834998e-003 5.96758934293649e-001 1.56993211020234e+000 1.94139875580115e+002 7.36218701996219e-005 8246 16
2.66821380312774e+003 1.73709889825966e+006 1.53601600196060e-003 6.92648091067232e-001 1.57041149342326e+000 1.99836883342219e+002 7.37055080477747e-005 8593 17
2.66837916378271e+003 1.73710248320811e+006 1.53610802516409e-003 7.95556505020295e-001 1.56926097369304e+000 2.00047897074002e+002 7.37671752029422e-005 10118 18
2.66822873307325e+003 1.73709920348757e+006 1.53602432680241e-003 8.82351145970031e-001 1.57060324671163e+000 2.00074534103646e+002 7.38162794987611e-005 10679 19
2.66820948856326e+003 1.73710068948009e+006 1.53601193432465e-003 4.32721945860164e-001 1.56849396053957e+000 2.00085933323030e+002 7.40517138972555e-005 11782 20
2.66819015529991e+003 1.73709918766820e+006 1.53600213268494e-003 8.03094576860866e-001 1.57050737006745e+000 2.00087978640651e+002 7.41121148725568e-005 11933 21
2.66817664051564e+003 1.73709841171512e+006 1.53599503873529e-003 7.43430890835292e-001 1.57069912335582e+000 2.00124280898756e+002 7.41836964667320e-005 12634 22
2.66884229358034e+003 1.73710910038132e+006 1.53636878254982e-003 5.25681325724052e-001 1.56600116779077e+000 2.00135020569772e+002 7.43371355844806e-005 13116 23
2.66842223769691e+003 1.73711036257034e+006 1.53612585378380e-003 6.16321298867763e-001 1.56590529114658e+000 2.02688758472352e+002 7.44452664581042e-005 14631 24
2.66834053713782e+003 1.73710243867429e+006 1.53608582834700e-003 9.43815424054689e-001 1.56945272698141e+000 2.02688885303763e+002 7.44876091776071e-005 14678 25
2.66833681542329e+003 1.73710279067795e+006 1.53608337459886e-003 2.74178289132359e-001 1.56465889477218e+000 2.02691129471826e+002 7.51300746287541e-005 14737 26
2.66822841924578e+003 1.73710086687710e+006 1.53602267529814e-003 8.42402417065951e-001 1.56993211020234e+000 2.06299250571946e+002 7.51844481429791e-005 15115 27
2.66829480453337e+003 1.73710164641817e+006 1.53606020202561e-003 1.15085299233985e-001 1.54126499359111e+000 2.06314273644272e+002 7.95205314763288e-005 15491 28
2.66846337157166e+003 1.73710389512490e+006 1.53615525246993e-003 6.08294930875576e-001 1.56830220725120e+000 2.06315167469358e+002 7.96318271056392e-005 15626 29
2.66826338056313e+003 1.73710758786375e+006 1.53603685845143e-003 1.27323221533860e-001 1.54433304620502e+000 2.06315192116773e+002 8.31038441335218e-005 15646 30
2.66838242746399e+003 1.73710913065704e+006 1.53610402569745e-003 5.69139683217872e-001 1.56619292107913e+000 2.06315209226279e+002 8.32326823142317e-005 15663 31
2.66871921591965e+003 1.73710730494309e+006 1.53629951859650e-003 4.92446668904691e-001 1.56648055101169e+000 2.06514260742518e+002 8.34098303743734e-005 16587 32
2.66818608559161e+003 1.73709970735679e+006 1.53599933034711e-003 5.98132267220069e-001 1.56983623355815e+000 2.06647499836063e+002 8.35253289383123e-005 17183 33
2.66856824163403e+003 1.73710836762571e+006 1.53621166770108e-003 5.28214362010559e-001 1.56628879772332e+000 2.06866935335491e+002 8.36771541273920e-005 18104 34
2.66821599717058e+003 1.73710127607405e+006 1.53601516244850e-003 8.13928647724845e-001 1.56974035691397e+000 2.06914343401702e+002 8.37358004137118e-005 18438 35
2.66841360295158e+003 1.73710262704304e+006 1.53612772356384e-003 6.40034180730613e-001 1.56887746711631e+000 2.06917778449245e+002 8.38353141255340e-005 18621 36
2.66846921783457e+003 1.73710570268946e+006 1.53615701952054e-003 7.70531327249977e-001 1.56801457731864e+000 2.06932804911032e+002 8.39014733420229e-005 19383 37
2.66885070377845e+003 1.73710885174990e+006 1.53637384392937e-003 9.50376903592029e-001 1.56705581087680e+000 2.06934297183743e+002 8.39431753277037e-005 19532 38
2.66865822029212e+003 1.73710674039711e+006 1.53626490461924e-003 2.14636677144688e-001 1.55996093920713e+000 2.06935122689895e+002 8.50440973009504e-005 19587 39
2.66871347898480e+003 1.73711018522316e+006 1.53629366871586e-003 1.70598467970824e-001 1.55382483397931e+000 2.06967485055212e+002 8.68685090793152e-005 20370 40
2.66829927173478e+003 1.73710280173160e+006 1.53606175205632e-003 4.09863582262642e-002 1.33311679906613e+000 2.07084857604458e+002 1.27732418416483e-004 21640 41
2.66846409394553e+003 1.73711032922199e+006 1.53614997854796e-003 8.41273232215339e-001 1.56638467436750e+000 2.07119687211456e+002 1.27786952109957e-004 21827 42
2.66828850681469e+003 1.73710615795905e+006 1.53605258723982e-003 3.77971739860225e-001 1.56580941450240e+000 2.08137903516188e+002 1.28103992627764e-004 23266 43
2.66882143459884e+003 1.73710753223292e+006 1.53635816162885e-003 2.78237250892666e-001 1.56302899182104e+000 2.09507993017539e+002 1.28726012115820e-004 24597 44
2.66831281519278e+003 1.73710502441875e+006 1.53606758316415e-003 8.61873226111637e-001 1.56839808389538e+000 2.09508320433526e+002 1.28777719669117e-004 24724 45
2.66840729801557e+003 1.73710235811121e+006 1.53612433181890e-003 7.15567491683706e-001 1.56916509704886e+000 2.09509656916804e+002 1.28855576871019e-004 24849 46
2.66823758440743e+003 1.73710935527324e+006 1.53602044561214e-003 3.68205816827906e-001 1.56446714148381e+000 2.09673128036147e+002 1.29191409258229e-004 25785 47
2.66821034738795e+003 1.73710670570610e+006 1.53600710896894e-003 8.29523606067080e-001 1.56772694738609e+000 2.09678149176424e+002 1.29247657040003e-004 25867 48
2.66866329392330e+003 1.73710814308941e+006 1.53626658483451e-003 6.97958311716056e-002 1.48882046922208e+000 2.09694103216758e+002 1.42238728004861e-004 26266 49
2.66821312581010e+003 1.73709889544412e+006 1.53601561453802e-003 6.92190313425092e-001 1.57041149342326e+000 2.09707371741160e+002 1.42322487591219e-004 26530 50
2.66878854205351e+003 1.73710885584290e+006 1.53633805580568e-003 9.84527115695669e-002 1.52793814004944e+000 2.09734180921989e+002 1.48432341285401e-004 26943 51
2.66826378862026e+003 1.73710021127420e+006 1.53604361612247e-003 1.16916409802545e-001 1.54270314325388e+000 2.09735348534638e+002 1.52620597654690e-004 27018 52
2.66824029783565e+003 1.73710757945845e+006 1.53602357789099e-003 4.93575853755303e-001 1.56638467436750e+000 2.15124399579769e+002 1.52796855264438e-004 29552 53
2.66835059481691e+003 1.73711043557612e+006 1.53608454676303e-003 9.72228156376843e-001 1.56648055101169e+000 2.15126010260088e+002 1.52836522928102e-004 29653 54
2.66822341918001e+003 1.73710183538547e+006 1.53601894051281e-003 6.36951811273537e-001 1.56916509704886e+000 2.15387026022287e+002 1.52937099226400e-004 29799 55
2.66869461166012e+003 1.73710951297489e+006 1.53628340194173e-003 8.27234717856380e-001 1.56667230430006e+000 2.15396629086351e+002 1.52993689754276e-004 30167 56
2.66834230015466e+003 1.73710685695260e+006 1.53608293627889e-003 6.97256385998108e-001 1.56743931745354e+000 2.15425002019659e+002 1.53076115853227e-004 30366 57
2.66845676573068e+003 1.73710508164677e+006 1.53615040042937e-003 7.47154148991363e-001 1.56820633060701e+000 2.15425007961311e+002 1.53146914795662e-004 30375 58
2.66828392656183e+003 1.73710068764498e+006 1.53605478770800e-003 6.92434461500900e-001 1.56974035691397e+000 2.15445402922415e+002 1.53230609382462e-004 30873 59
2.66833327785988e+003 1.73710132948032e+006 1.53608263023399e-003 5.19058809167760e-001 1.56887746711631e+000 2.15510369672579e+002 1.53388389926663e-004 31828 60
2.66819678001538e+003 1.73709813914815e+006 1.53600687348003e-003 4.05407879879147e-001 1.56916509704886e+000 2.15524777776853e+002 1.53660138522022e-004 32646 61
2.66823226929624e+003 1.73709988090715e+006 1.53602576349776e-003 8.53541673024690e-001 1.57031561677908e+000 2.15530983889349e+002 1.53712963124643e-004 32725 62
2.66824879073833e+003 1.73710474060802e+006 1.53603097722431e-003 2.99569689016388e-001 1.56475477141636e+000 2.15792235972278e+002 1.54241685217075e-004 34431 63
2.66830530414151e+003 1.73710294997776e+006 1.53606509364158e-003 7.84722434156316e-001 1.56906922040468e+000 2.15792310894922e+002 1.54305240944773e-004 34506 64
2.66859163564387e+003 1.73710518756263e+006 1.53622794719708e-003 9.17905209509567e-001 1.56839808389538e+000 2.17199689659296e+002 1.54350257702184e-004 35315 65
2.66819043729325e+003 1.73709837382744e+006 1.53600301464527e-003 2.61513107699820e-001 1.56580941450240e+000 2.21184829037311e+002 1.55063175863664e-004 37242 66
2.66832039710695e+003 1.73711024400386e+006 1.53606733232998e-003 1.28208258308664e-001 1.54366190969573e+000 2.21215264761291e+002 1.58482620633966e-004 37815 67
2.66824281134159e+003 1.73710460455396e+006 1.53602765537502e-003 3.70921964171270e-001 1.56628879772332e+000 2.21438857841933e+002 1.58813069807932e-004 38734 68
2.66850460427954e+003 1.73710936011300e+006 1.53617415603142e-003 1.91015350810266e-001 1.55679700994903e+000 2.21438863121579e+002 1.60235850429697e-004 38743 69
2.66823791958855e+003 1.73710019490303e+006 1.53602873855585e-003 5.95629749443037e-001 1.56964448026978e+000 2.22264811378361e+002 1.60352419241105e-004 38789 70
2.66858029344122e+003 1.73710445646079e+006 1.53622206439681e-003 9.32035279396954e-001 1.56868571382794e+000 2.22292036551483e+002 1.60395948227427e-004 38898 71
2.66822327776905e+003 1.73709896039214e+006 1.53602140129756e-003 5.74907681508835e-001 1.57002798684652e+000 2.22474918189365e+002 1.60521961044685e-004 39227 72
2.66818613370991e+003 1.73710113012133e+006 1.53599809999632e-003 5.86718344676046e-001 1.56926097369304e+000 2.22551562457911e+002 1.60642460453014e-004 39580 73
2.66830014450366e+003 1.73710155962122e+006 1.53606335283898e-003 5.35569322794275e-001 1.56887746711631e+000 2.22552189205379e+002 1.60789737602770e-004 39652 74
2.66822390249436e+003 1.73710050448066e+006 1.53602039558405e-003 7.04550309762871e-001 1.56983623355815e+000 2.24961710780289e+002 1.60870298458723e-004 40324 75
2.66819917672432e+003 1.73709810605014e+006 1.53600828246320e-003 5.91296121097446e-001 1.57041149342326e+000 2.24962305649406e+002 1.60988755149575e-004 40550 76
2.66842309459137e+003 1.73710290137966e+006 1.53613294501730e-003 8.38862269966735e-001 1.56916509704886e+000 2.25154878042931e+002 1.61043634714765e-004 40985 77
2.66869448232194e+003 1.73710939667689e+006 1.53628343033864e-003 3.57219153416547e-001 1.56427538819544e+000 2.25246960616859e+002 1.61402610405282e-004 41742 78
2.66828937920217e+003 1.73710281265629e+006 1.53605604756366e-003 3.15836054567095e-001 1.56590529114658e+000 2.25354051525013e+002 1.61873273067555e-004 42209 79
2.66890586286720e+003 1.73710902054027e+006 1.53640544795260e-003 5.38651692251350e-001 1.56609704443495e+000 4.82700555920775e+002 1.62018701136114e-004 43653 80
2.66834466219090e+003 1.73710870513488e+006 1.53608266172720e-003 5.38651692251350e-002 1.43397902874844e+000 4.86867530170498e+002 1.84852360252373e-004 43832 81
2.66846431128977e+003 1.73710348889152e+006 1.53615615267678e-003 6.20258186590167e-001 1.56849396053957e+000 5.01575613791276e+002 1.84958987950108e-004 44173 82
2.66820570267128e+003 1.73709932022824e+006 1.53601096564131e-003 7.73552659688101e-001 1.57041149342326e+000 5.01599211296280e+002 1.85024580258937e-004 44880 83
2.66824272100468e+003 1.73710431007742e+006 1.53602786376014e-003 6.99179052095096e-001 1.56839808389538e+000 5.01606967959862e+002 1.85106508748419e-004 45225 84
2.66834487784828e+003 1.73710175493941e+006 1.53608893177718e-003 9.35087130344554e-002 1.52630823709830e+000 5.01609264952289e+002 1.91949188288317e-004 45493 85
2.66823501069997e+003 1.73709948230531e+006 1.53602769410624e-003 6.30634479812006e-001 1.57002798684652e+000 5.01616534167926e+002 1.92051994557700e-004 45761 86
2.66819897099307e+003 1.73710652558895e+006 1.53600071920120e-003 7.29300820947905e-001 1.56763107074190e+000 5.59337284404319e+002 1.92126662429570e-004 45981 87
2.66853260685408e+003 1.73710527091384e+006 1.53619389244074e-003 5.08957182531205e-001 1.56734344080935e+000 5.59347912748611e+002 1.92291413923281e-004 46336 88
2.66823424287828e+003 1.73710323474017e+006 1.53602393402191e-003 3.81908627582629e-001 1.56695993423261e+000 5.60109930177584e+002 1.92601310419222e-004 47660 89
2.66851437361661e+003 1.73710799881868e+006 1.53618098375652e-003 1.08127079073458e-001 1.53503301171911e+000 5.62097180298981e+002 1.97574065435001e-004 49053 90
2.66869957364961e+003 1.73710934845804e+006 1.53628640389547e-003 5.89800714133122e-001 1.56619292107913e+000 8.68068483875620e+002 1.97693182626679e-004 50105 91
2.66837181529753e+003 1.73710323138250e+006 1.53610313325981e-003 1.64036988433485e-001 1.55535886028626e+000 8.68071026638697e+002 1.99682055436583e-004 50219 92
2.66825734679210e+003 1.73709982127707e+006 1.53604025260748e-003 7.71172215948973e-001 1.57021974013489e+000 8.68111941878497e+002 1.99748093997218e-004 50615 93
2.66818822189527e+003 1.73710499160607e+006 1.53599588766979e-003 4.77584154789880e-001 1.56724756416517e+000 8.68144198918620e+002 1.99937597900222e-004 50813 94
