7.32655947097493e+002 1.73711157417497e+006 4.21766750360921e-004 9.33469649342326e-001 1.55487947706534e+000 1.27948024341569e+000 4.33765727210061e-008 278 1
7.32028475771044e+002 1.73710267134219e+006 4.21407694844626e-004 7.48985259559923e-001 1.56695993423261e+000 1.28259237440501e+000 1.13794997047821e-007 407 2
7.32139590918649e+002 1.73710489851446e+006 4.21471120248896e-004 9.43449201940977e-001 1.56398775826289e+000 1.28273357149821e+000 1.56172940878382e-007 437 3
7.32203068503210e+002 1.73710810404339e+006 4.21506884595071e-004 6.92464980010376e-002 1.53781343440046e+000 1.28739056440164e+000 1.34123785323763e-005 591 4
7.32106224708685e+002 1.73710291835764e+006 4.21452392731442e-004 8.72981963560900e-001 1.56667230430006e+000 1.29653689034109e+000 1.34626492870759e-005 1030 5
7.32330999051539e+002 1.73710687068785e+006 4.21580829609941e-004 3.28348643452254e-001 1.56044032242805e+000 1.29979662988064e+000 1.38947350012425e-005 1165 6
7.32222525887382e+002 1.73710795099410e+006 4.21518122752160e-004 6.53401287881100e-002 1.53532064165166e+000 1.29982153888450e+000 2.89559976643936e-005 1172 7
7.32648115300695e+002 1.73710980579802e+006 4.21762671198586e-004 5.65660573137608e-001 1.55708463988159e+000 1.29992227618637e+000 2.90865747186588e-005 1207 8
7.32046569059476e+002 1.73710702099427e+006 4.21417055412733e-004 1.12216559343242e-001 1.55286606753746e+000 1.33300900118547e+000 3.36715351493546e-005 1340 9
7.32148237803067e+002 1.73710356570773e+006 4.21476421384961e-004 9.48423718985565e-001 1.56580941450240e+000 1.39800390702656e+000 3.37134260791139e-005 1506 10
7.32757493688504e+002 1.73711080451369e+006 4.21825394398009e-004 7.00582903530992e-001 1.55583824350719e+000 1.39819112457306e+000 3.37949849360386e-005 1539 11
7.32257561345932e+002 1.73710548328789e+006 4.21538890423115e-004 3.32438123722037e-001 1.56235785531175e+000 1.39819142142373e+000 3.42154708214136e-005 1541 12
7.32007765537914e+002 1.73709995262591e+006 4.21396432083609e-004 3.55021820734275e-001 1.57002798684652e+000 1.39819412553484e+000 3.45793602700954e-005 1553 13
7.32053711900447e+002 1.73710673887846e+006 4.21421235770762e-004 5.23056733909116e-001 1.56120733558153e+000 1.42182322724236e+000 3.47344929778579e-005 1677 14
7.32175872833730e+002 1.73710779440997e+006 4.21491304012141e-004 4.27838984344005e-001 1.55957743263039e+000 4.50399392078630e+000 3.49758648077056e-005 2254 15
7.32066104794177e+002 1.73710965502049e+006 4.21427662519623e-004 8.65382854701376e-001 1.55746814645833e+000 5.76671498208287e+000 3.50271077299993e-005 2645 16
7.32165365427522e+002 1.73710524091096e+006 4.21485874791956e-004 3.42173528244881e-001 1.56274136188849e+000 5.76897640092090e+000 3.54217235643793e-005 2792 17
7.32067469419206e+002 1.73710713903954e+006 4.21429058477636e-004 5.75731681264687e-001 1.56072795236061e+000 5.76919516754419e+000 3.55473336174056e-005 2871 18
7.32622915783701e+002 1.73711117809046e+006 4.21747831449414e-004 7.61925107577746e-001 1.55535886028626e+000 5.76937525030882e+000 3.56151402092172e-005 2920 19
7.32338662337327e+002 1.73710697355146e+006 4.21585216167144e-004 3.20017090365307e-001 1.56024856913968e+000 5.77742144320441e+000 3.60723605640428e-005 3239 20
7.32355314465662e+002 1.73710629361691e+006 4.21594967312342e-004 3.24839014862514e-001 1.56120733558153e+000 5.88015819730101e+000 3.65147866456898e-005 3944 21
7.32161059868719e+002 1.73711223382810e+006 4.21481699486903e-004 1.98675496688742e-001 1.55142791787469e+000 5.88087751894302e+000 3.78195500086612e-005 4084 22
7.32020070699234e+002 1.73710153542326e+006 4.21403131849754e-004 3.91735587633900e-001 1.56801457731864e+000 5.96700814374588e+000 3.81126017822538e-005 4826 23
7.31991789959905e+002 1.73710004696649e+006 4.21387212505279e-004 5.02059999389630e-001 1.57031561677908e+000 5.96800356919020e+000 3.82823746472380e-005 5015 24
7.32010740676523e+002 1.73710045396439e+006 4.21398023169407e-004 5.55772576067385e-001 1.56983623355815e+000 5.96814588638136e+000 3.84181299633053e-005 5136 25
7.32194625401600e+002 1.73710783616914e+006 4.21502089159167e-004 8.86989959410382e-001 1.55996093920713e+000 5.97296632382813e+000 3.84666682062970e-005 5360 26
7.32008626834156e+002 1.73710563993993e+006 4.21395548247055e-004 1.92175054170354e-001 1.56024856913968e+000 1.96159785390596e+001 3.98706876057459e-005 5694 27
7.32285259942552e+002 1.73710648781959e+006 4.21554591902996e-004 3.56730857264931e-001 1.56111145893735e+000 1.96308687877909e+001 4.02307359648456e-005 5811 28
7.32324124931911e+002 1.73710577016229e+006 4.21577139473110e-004 1.98400830103458e-001 1.56024856913968e+000 1.96592714750003e+001 4.15396492282443e-005 6094 29
7.32019223780775e+002 1.73710248312109e+006 4.21402414401528e-004 2.73567918942839e-001 1.56600116779077e+000 1.96793645065534e+001 4.21852771952501e-005 6680 30
7.32455705494997e+002 1.73710937331398e+006 4.21652011864850e-004 8.41792046876431e-001 1.55785165303507e+000 1.96798395875153e+001 4.22397329406415e-005 6735 31
7.32051166103293e+002 1.73710132312763e+006 4.21421084090164e-004 7.11691640980255e-001 1.56878159047212e+000 1.96800153654811e+001 4.23185259540386e-005 6793 32
7.32055231106696e+002 1.73710528836409e+006 4.21422462226911e-004 5.46403393658254e-001 1.56322074510941e+000 1.96801396834937e+001 4.24594511926092e-005 6816 33
7.32315236559025e+002 1.73710860969167e+006 4.21571333588675e-004 4.50636310922575e-001 1.55852278954436e+000 1.97069844154872e+001 4.26747692139265e-005 6891 34
7.31989538684483e+002 1.73710006256013e+006 4.21385912726394e-004 9.87762077700125e-001 1.57060324671163e+000 1.97070355232094e+001 4.27130777467560e-005 6916 35
7.32222301404484e+002 1.73710845554379e+006 4.21517871092762e-004 6.52241584521012e-001 1.55900217276528e+000 1.97290227594562e+001 4.28085334370318e-005 6991 36
7.32323791226852e+002 1.73710578469169e+006 4.21576943842961e-004 6.45741142002625e-001 1.56264548524430e+000 1.97321595948714e+001 4.29061194695428e-005 7172 37
7.32610824234278e+002 1.73710970554318e+006 4.21741228237372e-004 4.75600451673940e-001 1.55708463988159e+000 1.35525108499422e+002 4.30973498542832e-005 7323 38
7.32194461544011e+002 1.73711101723687e+006 4.21501222960013e-004 5.95812860499893e-001 1.55545473693045e+000 1.36302832852553e+002 4.32138262338041e-005 7525 39
7.32068558721426e+002 1.73710397403279e+006 4.21430453401440e-004 8.86135441145055e-001 1.56523415463729e+000 1.36303143206596e+002 4.32624696135239e-005 7656 40
7.32295175459847e+002 1.73711160758770e+006 4.21559057507854e-004 8.02545243690298e-001 1.55478360042116e+000 1.36307234679447e+002 4.33229538299089e-005 7818 41
7.32015699855154e+002 1.73710004662462e+006 4.21400976844937e-004 9.00845362712485e-001 1.57060324671163e+000 1.36310589157561e+002 4.33698675791740e-005 8112 42
7.32482701626841e+002 1.73710797806898e+006 4.21667891381369e-004 2.17902157658620e-002 1.33004874645222e+000 1.36310657480732e+002 2.07295215555567e-004 8164 43
7.31986111689861e+002 1.73711165441510e+006 4.21381127980519e-004 7.46696371349223e-001 1.55468772377697e+000 1.36311412154402e+002 2.07366101063441e-004 8331 44
7.32151202622875e+002 1.73710477893264e+006 4.21477833777396e-004 3.32041383098849e-001 1.56331662175359e+000 1.36311419530197e+002 2.07787696279859e-004 8340 45
7.32163218286598e+002 1.73710648724045e+006 4.21484336342369e-004 4.07330545976135e-001 1.56130321222571e+000 1.36312655730173e+002 2.08056619170316e-004 8478 46
7.32108362235679e+002 1.73710876507339e+006 4.21452204726268e-004 7.14224677266762e-001 1.55861866618854e+000 1.36340758876062e+002 2.08134793077439e-004 8713 47
7.32187514348233e+002 1.73710402201834e+006 4.21498921024333e-004 7.97936948759423e-001 1.56513827799310e+000 1.38207461437395e+002 2.08196055317987e-004 8883 48
7.32443950339228e+002 1.73711203613173e+006 4.21644598447788e-004 6.45039216284677e-001 1.55411246391186e+000 1.38207531240426e+002 2.08293864761136e-004 8942 49
7.32032294079232e+002 1.73710065069516e+006 4.21410383130772e-004 7.92748802148503e-001 1.56974035691397e+000 1.38207532663960e+002 2.08356013474846e-004 8945 50
7.32171747513653e+002 1.73710503362501e+006 4.21489599064790e-004 9.14761803033540e-001 1.56379600497452e+000 1.38210498564688e+002 2.08401370274681e-004 9176 51
7.31990207341324e+002 1.73710960552034e+006 4.21383982732000e-004 7.13126010925627e-001 1.55746814645833e+000 1.38211132187624e+002 2.08479808238077e-004 9285 52
7.31992970400683e+002 1.73710270033855e+006 4.21387248394719e-004 4.91286965544603e-001 1.56667230430006e+000 1.38269570444621e+002 2.08657877709318e-004 9706 53
7.32244441009715e+002 1.73710451824783e+006 4.21531571616514e-004 8.13135166478469e-001 1.56446714148381e+000 1.38298636484016e+002 2.08716648828265e-004 9967 54
7.32099313168217e+002 1.73710610904600e+006 4.21447639848309e-004 5.24491103854488e-001 1.56207022537919e+000 1.38298636778960e+002 2.08870850925971e-004 9969 55
7.32034302582079e+002 1.73710072505315e+006 4.21411521330323e-004 1.92083498641926e-001 1.56695993423261e+000 1.38367104962312e+002 2.10276410870379e-004 10573 56
7.32162727008084e+002 1.73710771302285e+006 4.21483756109813e-004 3.00363170262764e-001 1.55909804940947e+000 1.38367288590421e+002 2.10802038616668e-004 10630 57
7.31997748868992e+002 1.73710005905336e+006 4.21390639950201e-004 5.87542344431898e-001 1.57041149342326e+000 1.38375428193618e+002 2.10922166682393e-004 10889 58
7.32013329860658e+002 1.73710127300407e+006 4.21399315000831e-004 3.72905667287210e-001 1.56830220725120e+000 1.38376658120563e+002 2.11248763222512e-004 11056 59
7.31997794965049e+002 1.73710578209160e+006 4.21389278180275e-004 5.49424726096377e-001 1.56254960860012e+000 1.38376703121614e+002 2.11387988433825e-004 11077 60
7.32289147004189e+002 1.73710924601527e+006 4.21556160216006e-004 6.85872981963561e-001 1.55794752967925e+000 1.38379711568956e+002 2.11473447612469e-004 11146 61
7.32521315073498e+002 1.73711027278319e+006 4.21689562908614e-004 7.89819025238808e-002 1.53992272057253e+000 1.39784389072139e+002 2.21399189589835e-004 11682 62
7.32009086221707e+002 1.73710335391452e+006 4.21396367258938e-004 3.64879299295022e-001 1.56542590792566e+000 1.39822079643202e+002 2.21741796514165e-004 12048 63
7.32405239698577e+002 1.73710912406076e+006 4.21623020773478e-004 7.24723044526505e-001 1.55813928296762e+000 1.39887974073542e+002 2.21817500256682e-004 12485 64
7.32239552875733e+002 1.73710464868715e+006 4.21528726009369e-004 1.46855067598499e-001 1.55957743263039e+000 1.40114904268824e+002 2.24354659348678e-004 12709 65
7.32041279017358e+002 1.73710365893432e+006 4.21414825717387e-004 1.65715506454665e-001 1.56197434873501e+000 1.40114949934300e+002 2.26299638129655e-004 12733 66
7.32639561649331e+002 1.73711169669514e+006 4.21757288033194e-004 8.51863155003510e-001 1.55468772377697e+000 1.40116351532614e+002 2.26352685115164e-004 12783 67
7.32713840906865e+002 1.73711131634114e+006 4.21800140590006e-004 5.27451399273659e-001 1.55497535370952e+000 1.40148773317917e+002 2.26504976365455e-004 12918 68
7.32236700761097e+002 1.73710760063189e+006 4.21526367811474e-004 7.90429395428327e-001 1.56024856913968e+000 1.40158722567261e+002 2.26567523548180e-004 13021 69
7.32297817946525e+002 1.73711056561012e+006 4.21560831569507e-004 1.50242622150334e-001 1.55171554780725e+000 1.40158817189809e+002 2.28980242254287e-004 13058 70
7.32023153320012e+002 1.73710009433481e+006 4.21405256021734e-004 3.06344798120060e-001 1.56954860362560e+000 1.40162101236816e+002 2.29483588963904e-004 13130 71
7.32091139136743e+002 1.73710969560429e+006 4.21442064163370e-004 2.34687337870418e-002 1.36140040910062e+000 1.40162283699873e+002 3.69720346947917e-004 13220 72
7.32076107225846e+002 1.73710641733093e+006 4.21434206092059e-004 8.30774864955596e-001 1.56187847209082e+000 1.40166271574542e+002 3.69776406556125e-004 13299 73
7.32181874133178e+002 1.73710574783126e+006 4.21495255362496e-004 4.22498245185705e-001 1.56235785531175e+000 1.40166569649655e+002 3.70024548643305e-004 13368 74
7.32216058942061e+002 1.73710919255840e+006 4.21514098660877e-004 8.90835291604358e-002 1.54500418271432e+000 1.40167531833382e+002 3.77642389824239e-004 13460 75
7.32485314169164e+002 1.73711130986547e+006 4.21668586575983e-004 6.06189153721732e-001 1.55507123035371e+000 1.40167540244601e+002 3.77754524270087e-004 13483 76
7.32140335304275e+002 1.73710572444024e+006 4.21471348376444e-004 1.66600543229469e-001 1.55919392605365e+000 1.40167651300968e+002 3.79676789690189e-004 13503 77
7.32026927575520e+002 1.73710250317030e+006 4.21406844390306e-004 6.82912686544389e-001 1.56715168752098e+000 1.40167999759473e+002 3.79763072526402e-004 13561 78
7.32032169564187e+002 1.73710716325701e+006 4.21408731548220e-004 4.70168156987213e-001 1.56053619907224e+000 1.40169218309475e+002 3.79959205569961e-004 13672 79
7.32083595521809e+002 1.73710424626066e+006 4.21439043601276e-004 5.58000427259133e-001 1.56465889477218e+000 1.40172544358465e+002 3.80093768844100e-004 13872 80
7.31990121226722e+002 1.73710391898333e+006 4.21385312589538e-004 7.09891048921171e-001 1.56523415463729e+000 1.40188341101660e+002 3.80173001139175e-004 13976 81
7.32001201942258e+002 1.73710077851975e+006 4.21392453256790e-004 1.30893887142552e-001 1.56360425168615e+000 1.40216308143718e+002 3.83441112592791e-004 14136 82
7.32178431166341e+002 1.73710570930824e+006 4.21493282696734e-004 3.55143894772179e-001 1.56216610202338e+000 1.40217598679280e+002 3.83804713488146e-004 14154 83
7.32293180873720e+002 1.73710956360467e+006 4.21558405317376e-004 5.36454359569079e-001 1.55737226981414e+000 1.40224532726938e+002 3.83951443667511e-004 14328 84
7.32113643752845e+002 1.73710567950037e+006 4.21455993751717e-004 7.21793267616810e-001 1.56283723853267e+000 1.40238576738523e+002 3.84027828779450e-004 14401 85
7.32000987592495e+002 1.73710152813187e+006 4.21392148018108e-004 9.39786980803858e-001 1.56858983718375e+000 1.40238770129375e+002 3.84070571769915e-004 14451 86
7.32452328529128e+002 1.73710869632015e+006 4.21650232178007e-004 9.61760307626576e-001 1.55881041947691e+000 1.40239242048995e+002 3.84111192939994e-004 14580 87
7.32215937822795e+002 1.73710559023788e+006 4.21514903050357e-004 2.16437269203772e-001 1.56091970564898e+000 1.40239286413802e+002 3.85192076748448e-004 14624 88
7.32572900545998e+002 1.73711059704162e+006 4.21719180324475e-004 2.78328806421094e-001 1.55497535370952e+000 1.40239374228854e+002 3.85813587139112e-004 14666 89
7.32187794148401e+002 1.73710905020030e+006 4.21497862039060e-004 9.98077333903012e-001 1.55833103625599e+000 1.40244964624062e+002 3.85851027129448e-004 14685 90
7.32210276658969e+002 1.73711034047158e+006 4.21510491438322e-004 3.19559312723167e-001 1.55564649021882e+000 1.40245015811351e+002 3.86309662558970e-004 14715 91
7.32135253725118e+002 1.73710420080564e+006 4.21468792738159e-004 7.10562456129643e-001 1.56485064806055e+000 1.40407760059998e+002 3.86388730067228e-004 15354 92
7.32564023889857e+002 1.73711155720439e+006 4.21713837217102e-004 4.94674520096438e-001 1.55459184713279e+000 1.40840124452617e+002 3.86564106277808e-004 15476 93
7.32280812786414e+002 1.73710581532238e+006 4.21552195007506e-004 2.08563493758965e-001 1.56044032242805e+000 1.40882299725886e+002 3.87736796112114e-004 15529 94
7.32088820028829e+002 1.73710586421600e+006 4.21441658661598e-004 5.61967833491012e-001 1.56245373195593e+000 1.40884585008301e+002 3.87869276128822e-004 15650 95
7.32159146048503e+002 1.73710803556872e+006 4.21481616400193e-004 8.41547898800623e-001 1.55967330927457e+000 1.40885569822333e+002 3.87923767831736e-004 15758 96
7.32202792436427e+002 1.73710513916136e+006 4.21507445097302e-004 6.24500259407331e-001 1.56350837504196e+000 1.41509636934786e+002 3.88028806060545e-004 16051 97
7.32081612120374e+002 1.73710680651188e+006 4.21437280675260e-004 5.20462660603656e-001 1.56111145893735e+000 1.41509642407178e+002 3.88185644768520e-004 16076 98
7.32542433369890e+002 1.73710876969152e+006 4.21702084940055e-004 9.73937192907498e-001 1.55871454283273e+000 1.41517334910319e+002 3.88225156940591e-004 16310 99
7.34257400837794e+002 1.73711233835239e+006 4.22688470341180e-004 2.44758445997497e-002 1.37376849620045e+000 1.41519409562216e+002 5.16405970329942e-004 16478 100
7.32008567104076e+002 1.73710020453044e+006 4.21396832414205e-004 5.94409009063997e-001 1.57021974013489e+000 1.41635454394420e+002 5.16523066523964e-004 16815 101
7.32397533552180e+002 1.73710778774046e+006 4.21618908926335e-004 4.62935270241401e-001 1.55967330927457e+000 1.41656195196485e+002 5.16726002588362e-004 17074 102
7.32446162429452e+002 1.73711038487742e+006 4.21646272683480e-004 1.93914609210486e-001 1.55382483397931e+000 1.41662099673376e+002 5.18102340211077e-004 17355 103
7.32051770051593e+002 1.73710680994708e+006 4.21420100665929e-004 7.41782891323588e-001 1.56130321222571e+000 1.42109437569510e+002 5.18174268898909e-004 18072 104
7.32448993514116e+002 1.73710860924058e+006 4.21648333449692e-004 5.65721610156560e-001 1.55871454283273e+000 1.42154986637887e+002 5.18304817705320e-004 18104 105
7.32018775924004e+002 1.73710302237362e+006 4.21402025766558e-004 4.55030976287118e-002 1.51585768288217e+000 1.42156355053321e+002 5.51661653093808e-004 18146 106
7.31983048153962e+002 1.73710149604243e+006 4.21381828579002e-004 6.37256996368297e-001 1.56849396053957e+000 1.42430559166024e+002 5.51762123323813e-004 18372 107
7.32382389152754e+002 1.73710725008002e+006 4.21610321253380e-004 4.35895870845668e-001 1.56034444578387e+000 1.42532747239318e+002 5.51993790716748e-004 18856 108
7.32244474130678e+002 1.73710932571756e+006 4.21530424089960e-004 9.61180455946532e-001 1.55794752967925e+000 1.42925128575050e+002 5.52034465382701e-004 19242 109
7.32904972616335e+002 1.73711221881972e+006 4.21909949851517e-004 1.59428693502609e-001 1.54998976821192e+000 1.42925343275706e+002 5.54151804446905e-004 19324 110
7.32250302181311e+002 1.73710553467407e+006 4.21534699068902e-004 3.90606402783288e-001 1.56254960860012e+000 1.42925343296468e+002 5.54446714338192e-004 19325 111
7.32663056308548e+002 1.73710999935922e+006 4.21771225273067e-004 5.46250801110874e-001 1.55679700994903e+000 1.42941964483042e+002 5.54587716426627e-004 19872 112
7.32065372177745e+002 1.73710160610494e+006 4.21429193471498e-004 7.16910306100650e-001 1.56839808389538e+000 1.46601971454350e+002 5.54665253040941e-004 20018 113
7.32116744903967e+002 1.73710359110883e+006 4.21458285679278e-004 6.84530167546617e-002 1.54347015640736e+000 1.46618129260013e+002 5.68264185688546e-004 20396 114
7.32269458781039e+002 1.73710745889315e+006 4.21545259999498e-004 4.78896450697348e-001 1.56015269249550e+000 1.46619485750549e+002 5.68452539552446e-004 20670 115
7.31979883175596e+002 1.73710122209217e+006 4.21380073045061e-004 5.51530503250221e-001 1.56878159047212e+000 1.46655999860008e+002 5.68590602401797e-004 21147 116
7.32091664312941e+002 1.73710575358117e+006 4.21443322872151e-004 3.28379161961730e-002 1.46485130817591e+000 1.47632478888519e+002 6.36677333966301e-004 21417 117
7.32468081199878e+002 1.73710902613047e+006 4.21659220447098e-004 8.57112338633381e-001 1.55833103625599e+000 1.47632676492084e+002 6.36729671578986e-004 21461 118
7.32520741239097e+002 1.73710861969985e+006 4.21689633861928e-004 5.77410199285867e-001 1.55871454283273e+000 1.47632739608907e+002 6.36854476929635e-004 21464 119
7.32033572356982e+002 1.73710095582207e+006 4.21411044977100e-004 5.67949461348308e-001 1.56916509704886e+000 1.49924447713585e+002 6.36983911055276e-004 21767 120
7.31986408063926e+002 1.73710202929308e+006 4.21383633428232e-004 9.98443556016724e-001 1.56791870067446e+000 1.49941064680417e+002 6.37021323591978e-004 22211 121
7.32461774164440e+002 1.73710892799402e+006 4.21655613503352e-004 7.61894589068270e-001 1.55842691290017e+000 1.49943262864400e+002 6.37089139052175e-004 22457 122
7.32070219870434e+002 1.73710256412853e+006 4.21431751727332e-004 1.48777733695486e-001 1.56254960860012e+000 1.49943262864400e+002 6.39554794914384e-004 22457 123
7.32010205565632e+002 1.73711080160099e+006 4.21395204935886e-004 1.36112552262947e-001 1.55037327478866e+000 1.49955272392375e+002 6.42553019252158e-004 22757 124
7.32123625209389e+002 1.73710886224884e+006 4.21460967571549e-004 2.82082583086642e-001 1.55737226981414e+000 1.49964920212388e+002 6.43156500478280e-004 22797 125
7.32083813021540e+002 1.73710317652604e+006 4.21439428338110e-004 1.18686483352153e-001 1.55900217276528e+000 1.50005608714524e+002 6.47209884131717e-004 23098 126
7.32212086932078e+002 1.73710939160950e+006 4.21511763798068e-004 9.39359721671193e-001 1.55785165303507e+000 1.50022955249196e+002 6.47252666424124e-004 23335 127
7.32313289539946e+002 1.73711230336864e+006 4.21569316351869e-004 9.52482680745872e-002 1.54241551332133e+000 1.50023214941389e+002 6.53827279100040e-004 23411 128
7.32229718305892e+002 1.73710759993076e+006 4.21522348395279e-004 7.88415173802911e-001 1.56024856913968e+000 1.50030475661755e+002 6.53890178368177e-004 23578 129
7.32101399882031e+002 1.73710293629165e+006 4.21449610867439e-004 2.38959929197058e-001 1.56494652470473e+000 1.50031276456453e+002 6.54759555246403e-004 23710 130
7.32229799658399e+002 1.73710517224647e+006 4.21522984324277e-004 9.04080324716941e-001 1.56360425168615e+000 1.50038344438931e+002 6.54806099280585e-004 23788 131
7.32439499226266e+002 1.73711141223383e+006 4.21642187520662e-004 4.92660298471023e-001 1.55478360042116e+000 1.50341983664698e+002 6.54983057349184e-004 24210 132
7.32321263320974e+002 1.73710862175197e+006 4.21574800082668e-004 2.59865108188116e-001 1.55746814645833e+000 1.50341983961550e+002 6.55705904681635e-004 24216 133
7.32117204270919e+002 1.73710996226111e+006 4.21457004351222e-004 9.99786370433668e-001 1.55708463988159e+000 1.50342036770753e+002 6.55743203407890e-004 24262 134
7.32631535546444e+002 1.73710967268905e+006 4.21753159069805e-004 1.10171819208350e-001 1.54893512512589e+000 1.50355977435661e+002 6.60517086322875e-004 24539 135
7.32335829368757e+002 1.73710603320332e+006 4.21583813528967e-004 7.24082155827509e-001 1.56235785531175e+000 1.50355977435661e+002 6.60592940931666e-004 24539 136
7.32228489984087e+002 1.73710477016433e+006 4.21522327952104e-004 7.27958006530961e-001 1.56408363490707e+000 1.50541591786138e+002 6.60667910841793e-004 25284 137
7.31987441525234e+002 1.73710206166553e+006 4.21384220509398e-004 8.17835016937773e-001 1.56782282403027e+000 1.50766793018263e+002 6.60725942399857e-004 25886 138
7.32388664711970e+002 1.73710952544241e+006 4.21613381648748e-004 3.85631885738700e-001 1.55708463988159e+000 1.50766831254458e+002 6.61029268239090e-004 25913 139
7.31999543007000e+002 1.73710128636075e+006 4.21391375060994e-004 2.48847926267281e-001 1.56734344080935e+000 1.50801869542159e+002 6.61824462520878e-004 26413 140
7.32778276597892e+002 1.73711214696142e+006 4.21837032464814e-004 9.82909634693442e-001 1.55411246391186e+000 1.50802034568344e+002 6.61863182966405e-004 26493 141
7.31991167511227e+002 1.73710788800041e+006 4.21384952104740e-004 8.21466719565416e-001 1.55986506256294e+000 4.57055023617270e+002 6.61920648415499e-004 27094 142
7.32874406519951e+002 1.73711177778938e+006 4.21892461042641e-004 8.81832331308939e-001 1.55459184713279e+000 4.57072532108031e+002 6.61969809837167e-004 27560 143
7.32035113984427e+002 1.73710132074020e+006 4.21411843921090e-004 9.56968901638844e-001 1.56887746711631e+000 4.57072996062690e+002 6.62010882672142e-004 27719 144
7.32142863980959e+002 1.73710437465538e+006 4.21473131557617e-004 5.91143528550066e-002 1.53474538178655e+000 4.57157118776051e+002 6.80783461919778e-004 28166 145
7.32230355561940e+002 1.73710495660060e+006 4.21523356669726e-004 5.66637165440840e-001 1.56370012833033e+000 4.57318512912930e+002 6.80913553334297e-004 28458 146
7.32023188743058e+002 1.73710003557794e+006 4.21405290667690e-004 8.52504043702506e-001 1.57060324671163e+000 4.57324229196343e+002 6.80966519495931e-004 28772 147
7.32053685280554e+002 1.73710377298071e+006 4.21421939972938e-004 5.88702047791986e-002 1.53532064165166e+000 4.58134637035817e+002 6.99911194081712e-004 28893 148
7.31982601056358e+002 1.73710019475745e+006 4.21381886860185e-004 9.40244758445998e-001 1.57041149342326e+000 4.58134670765217e+002 6.99953891403645e-004 28930 149
7.32010192869987e+002 1.73710399354629e+006 4.21396849158475e-004 7.20053712576678e-001 1.56513827799310e+000 4.58135102560799e+002 7.00030684287301e-004 29088 150
7.32647420384846e+002 1.73711130882065e+006 4.21761906230629e-004 5.21347697378460e-001 1.55497535370952e+000 4.58177406252902e+002 7.00186925617627e-004 29153 151
7.32061052031296e+002 1.73710163493193e+006 4.21426699492948e-004 3.35673085726493e-001 1.56763107074190e+000 4.58183747315932e+002 7.00598560502554e-004 29563 152
7.32013549801213e+002 1.73710190757062e+006 4.21399287676377e-004 7.72759178441725e-001 1.56801457731864e+000 4.58778499759246e+002 7.00664300825856e-004 29806 153
7.32169499771685e+002 1.73710536276136e+006 4.21488225245359e-004 8.22199163792840e-001 1.56331662175359e+000 4.58782777479427e+002 7.00721655534534e-004 29991 154
7.32031122383658e+002 1.73710202883405e+006 4.21409374291161e-004 5.16403698843348e-001 1.56763107074190e+000 4.58802841939946e+002 7.00881225797739e-004 30789 155
7.32010124327895e+002 1.73710971933202e+006 4.21395420711075e-004 8.44447157200842e-001 1.55737226981414e+000 4.59485817840626e+002 7.00935305228379e-004 31029 156
7.32403731316165e+002 1.73710930228286e+006 4.21622109187389e-004 8.41242713705863e-001 1.55794752967925e+000 4.59501477718462e+002 7.00989839303221e-004 31293 157
7.32204316001856e+002 1.73710545381973e+006 4.21508245816869e-004 3.25693533127842e-001 1.56235785531175e+000 4.60718103135552e+002 7.01429720232405e-004 31681 158
7.32120670580104e+002 1.73710349064850e+006 4.21460569950361e-004 3.63597521897031e-001 1.56523415463729e+000 4.60743377559162e+002 7.01774989532351e-004 31961 159
7.32423778567060e+002 1.73711062574610e+006 4.21633328533897e-004 8.00805688650166e-001 1.55612587343974e+000 4.60746170708435e+002 7.01835764428983e-004 32131 160
7.32206995042191e+002 1.73711081234033e+006 4.21508487816115e-004 7.38883632923368e-001 1.55583824350719e+000 4.60759020588445e+002 7.01908310651687e-004 32270 161
7.32380994059618e+002 1.73710680309973e+006 4.21609626626310e-004 9.84038819544053e-001 1.56139908886990e+000 4.61320416776959e+002 7.01946937085113e-004 32552 162
7.32194295016206e+002 1.73711162890857e+006 4.21500978676280e-004 4.51460310678426e-001 1.55440009384442e+000 4.61329000344236e+002 7.02161378788008e-004 32595 163
7.32008193076151e+002 1.73711133211240e+006 4.21393917716111e-004 6.54011658070620e-001 1.55507123035371e+000 4.61329004825938e+002 7.02256261899626e-004 32599 164
7.32274490677792e+002 1.73710753803514e+006 4.21548137503522e-004 8.14722128971221e-001 1.56034444578387e+000 4.61329451224044e+002 7.02314779437511e-004 32621 165
7.32049827111416e+002 1.73710237816808e+006 4.21420057318283e-004 9.84313486129338e-001 1.56743931745354e+000 4.61417771687857e+002 7.02353383649282e-004 32736 166
7.31981871162927e+002 1.73710030058167e+006 4.21381441010453e-004 6.33259071626942e-001 1.57012386349071e+000 4.61422185463182e+002 7.02455254861125e-004 33125 167
7.32280993251949e+002 1.73710695466863e+006 4.21552022405382e-004 2.95113986632893e-002 1.43934812082278e+000 4.61422264704539e+002 7.88315137006803e-004 33181 168
7.32157765717648e+002 1.73710433266389e+006 4.21481720237089e-004 4.97451704458754e-002 1.52237729468673e+000 4.61426631821957e+002 8.15741573508839e-004 33466 169
7.32343462528730e+002 1.73711120462295e+006 4.21586952632582e-004 6.42719809564501e-002 1.53004742622150e+000 4.61435948462573e+002 8.31355866307534e-004 33582 170
7.32372254496421e+002 1.73710648432016e+006 4.21604672893652e-004 6.40614032410657e-001 1.56168671880245e+000 4.61436112077176e+002 8.31455178024379e-004 33606 171
7.32045362727969e+002 1.73710351488122e+006 4.21417211537204e-004 6.10889004181036e-001 1.56571353785821e+000 4.61437093347543e+002 8.31565435490324e-004 33791 172
7.32024817451106e+002 1.73710008049235e+006 4.21406217373415e-004 4.32050538651692e-001 1.57012386349071e+000 4.61443792131761e+002 8.31801676116044e-004 33984 173
7.32329849793040e+002 1.73710574332882e+006 4.21580441616636e-004 9.48728904080325e-001 1.56283723853267e+000 4.61445215754843e+002 8.31843536600309e-004 34124 174
7.31986131767695e+002 1.73710311757185e+006 4.21383210379662e-004 8.29432050538652e-001 1.56638467436750e+000 4.61445286503697e+002 8.31899797759917e-004 34133 175
7.31998308618238e+002 1.73710060206286e+006 4.21390830457333e-004 8.73531296731468e-001 1.56983623355815e+000 4.61472663027106e+002 8.31949999394895e-004 34259 176
7.32177750558276e+002 1.73710372003753e+006 4.21493373569947e-004 2.09234900967437e-001 1.56331662175359e+000 4.61498116792747e+002 8.33114456418504e-004 34561 177
7.32143532082875e+002 1.73711199344880e+006 4.21471667625208e-004 2.45521408734397e-001 1.55267431424909e+000 4.61498116842409e+002 8.33933416568420e-004 34563 178
7.32457593466746e+002 1.73711005238710e+006 4.21652933878338e-004 6.16992706076235e-001 1.55679700994903e+000 4.61543062732672e+002 8.34041279462943e-004 34639 179
7.32004677259528e+002 1.73710708726564e+006 4.21392923497839e-004 3.94604327524644e-001 1.56044032242805e+000 4.61570865360634e+002 8.34329650307580e-004 34697 180
7.32273604284022e+002 1.73710966694075e+006 4.21547110608251e-004 9.07010101626636e-001 1.55746814645833e+000 4.61627057158611e+002 8.34375861316075e-004 35373 181
7.32697100981602e+002 1.73711105732559e+006 4.21790566838556e-004 5.50065614795373e-001 1.55535886028626e+000 4.61633439529072e+002 8.34514718082712e-004 35807 182
7.32151962491109e+002 1.73710378037162e+006 4.21478513494635e-004 3.45805230872524e-001 1.56475477141636e+000 4.61861506916351e+002 8.34900279297538e-004 36097 183
7.32119107744998e+002 1.73710268919825e+006 4.21459864721364e-004 4.04248176519059e-001 1.56648055101169e+000 4.61862660738203e+002 8.35173743760249e-004 36245 184
7.32184666852456e+002 1.73710433676579e+006 4.21497205433104e-004 1.61046174504837e-001 1.56082382900479e+000 4.61867838066226e+002 8.37244925411474e-004 36264 185
7.32692584560066e+002 1.73711163742082e+006 4.21787826024842e-004 1.66875209814753e-001 1.55114028794214e+000 4.61884167193473e+002 8.39159995961030e-004 36363 186
7.32062817253627e+002 1.73710216332624e+006 4.21427587490562e-004 7.06869716483047e-001 1.56763107074190e+000 4.62256842281215e+002 8.39239976051565e-004 37127 187
7.32094619602258e+002 1.73710349188539e+006 4.21445572862024e-004 9.30234687337870e-001 1.56590529114658e+000 4.62257032527908e+002 8.39283690191106e-004 37198 188
7.32261547458836e+002 1.73710514487563e+006 4.21541267231520e-004 2.14850306711020e-001 1.56149496551408e+000 4.62257730570433e+002 8.40382222301631e-004 37249 189
7.32181260963327e+002 1.73710529886136e+006 4.21495011317944e-004 8.45637379070406e-001 1.56341249839778e+000 4.62297922223281e+002 8.40436137806703e-004 37479 190
7.32390567608771e+002 1.73710821158027e+006 4.21614795975295e-004 7.26401562547685e-001 1.55938567934202e+000 4.62297997484709e+002 8.40511458364449e-004 37557 191
7.32363878790517e+002 1.73710746891607e+006 4.21599612288733e-004 1.51646473586230e-001 1.55602999679556e+000 4.62298154859448e+002 8.42875484375211e-004 37594 192
7.32096074167087e+002 1.73711030225340e+006 4.21444757925554e-004 9.36521500289926e-001 1.55660525666066e+000 4.62304359918512e+002 8.42918551701203e-004 37695 193
7.32048034605326e+002 1.73710193508403e+006 4.21419132915832e-004 5.63982055116428e-001 1.56782282403027e+000 4.62304882454949e+002 8.43049997026608e-004 37772 194
7.35936568316572e+002 1.73711230991972e+006 4.23655120100468e-004 4.15967284157842e-002 1.49284728827784e+000 4.62304973489235e+002 8.83626981968347e-004 37779 195
7.32098828101346e+002 1.73711146456895e+006 4.21446061285806e-004 5.44541764580218e-001 1.55478360042116e+000 4.62305124779680e+002 8.83768955173308e-004 37794 196
7.32202798973968e+002 1.73711153373773e+006 4.21505897226806e-004 7.95312356944487e-001 1.55487947706534e+000 4.62551025500581e+002 8.83830656240002e-004 38316 197
7.32029806224908e+002 1.73710322178313e+006 4.21408327215571e-004 9.93438520462660e-001 1.56628879772332e+000 4.63588389654675e+002 8.83868484476189e-004 38560 198
7.32282156790536e+002 1.73710563699683e+006 4.21553011985686e-004 3.19589831232643e-001 1.56207022537919e+000 4.63588389713981e+002 8.84327058726080e-004 38561 199
7.32253392314055e+002 1.73710496279914e+006 4.21536616740754e-004 5.73931089205603e-001 1.56370012833033e+000 4.63588403796285e+002 8.84453540604941e-004 38582 200
7.32175170568848e+002 1.73710476244982e+006 4.21491635414105e-004 5.87633899960326e-001 1.56398775826289e+000 4.63680901777420e+002 8.84573624723937e-004 39074 201
7.32045684769240e+002 1.73711114754819e+006 4.21415545267524e-004 3.45072786645100e-001 1.55468772377697e+000 4.63683171480139e+002 8.84960945488858e-004 39394 202
7.38495266096143e+002 1.73711175784898e+006 4.25128215423629e-004 1.57780693990905e-002 5.16439543900876e-001 4.63683187770149e+002 1.05453210639807e-003 39413 203
7.32182126334586e+002 1.73710460911124e+006 4.21495676849140e-004 8.98434400463881e-001 1.56437126483963e+000 4.63745567307199e+002 1.05457929658644e-003 39550 204
7.32218516649238e+002 1.73710780409513e+006 4.21515850402195e-004 4.32630390331736e-001 1.55957743263039e+000 4.63796079991189e+002 1.05481482641257e-003 39663 205
7.32041553434262e+002 1.73710299981406e+006 4.21415143591382e-004 9.27549058503983e-001 1.56657642765587e+000 4.63991410896563e+002 1.05485881962461e-003 40022 206
7.32072352921864e+002 1.73710759011100e+006 4.21431760329393e-004 4.31623279519028e-001 1.55986506256294e+000 4.63999554067433e+002 1.05509556093872e-003 40475 207
7.32251171957634e+002 1.73710753585606e+006 4.21534714156408e-004 8.07977538377026e-001 1.56034444578387e+000 4.64026061489292e+002 1.05515515850698e-003 40579 208
7.32133765930549e+002 1.73710672839144e+006 4.21467322999615e-004 3.45744193853572e-001 1.56072795236061e+000 4.64026631278166e+002 1.05554085697243e-003 40739 209
7.32537504913592e+002 1.73710981461422e+006 4.21698994115627e-004 3.11716055787835e-001 1.55631762672811e+000 4.64026938594486e+002 1.05602526908330e-003 40795 210
7.32201646227005e+002 1.73710467730052e+006 4.21506897328665e-004 8.34376049073763e-002 1.54931863170263e+000 4.70197533457695e+002 1.06482429292833e-003 41414 211
7.31994977623591e+002 1.73710003282485e+006 4.21389050984448e-004 8.41608935819575e-001 1.57060324671163e+000 4.70197554850972e+002 1.06487877930681e-003 41435 212
7.32018551553077e+002 1.73710076911425e+006 4.21402443219059e-004 5.98712118900113e-001 1.56945272698141e+000 4.70200290158072e+002 1.06499403187047e-003 41619 213
7.32032195986737e+002 1.73710054086615e+006 4.21410353305558e-004 5.31327249977111e-002 1.53282784890286e+000 4.70251693446411e+002 1.08873076683610e-003 41948 214
7.32498851643672e+002 1.73711215174188e+006 4.21676175308406e-004 1.22531815546129e-001 1.54720934553056e+000 4.70253356475362e+002 1.09250877040376e-003 42214 215
7.32203714446208e+002 1.73710405203364e+006 4.21508239662248e-004 3.90942106387524e-002 1.49629884746849e+000 4.70254115811973e+002 1.13903277085297e-003 42263 216
7.32319790484943e+002 1.73711024706354e+006 4.21573557774593e-004 1.10293893246254e-001 1.54816811197241e+000 4.70261378273660e+002 1.14379495593445e-003 42321 217
7.32153173855380e+002 1.73711102862302e+006 4.21477452182042e-004 6.13025299844356e-001 1.55545473693045e+000 4.70263693839912e+002 1.14390435839940e-003 42438 218
7.32132866444043e+002 1.73710529632181e+006 4.21467152649629e-004 3.07779168065432e-001 1.56245373195593e+000 4.70287780190978e+002 1.14440254184725e-003 43114 219
7.31999528061658e+002 1.73710025728932e+006 4.21391616092813e-004 6.82973723563341e-001 1.57021974013489e+000 4.70287866720955e+002 1.14448880827867e-003 43147 220
7.31980164144685e+002 1.73710052654488e+006 4.21380403514577e-004 8.51313821832942e-001 1.56993211020234e+000 4.70288968550138e+002 1.14454193747251e-003 43231 221
7.32087226755262e+002 1.73710357183859e+006 4.21441297618036e-004 5.15213476973785e-001 1.56552178456984e+000 4.70295991337686e+002 1.14470231842216e-003 43354 222
7.32007321997941e+002 1.73710358507641e+006 4.21395295570271e-004 3.97473067415388e-001 1.56523415463729e+000 4.70296026382520e+002 1.14498614105362e-003 43381 223
7.32093381422545e+002 1.73710336227735e+006 4.21444891522739e-004 9.92400891140477e-001 1.56609704443495e+000 4.70296342911233e+002 1.14502405632588e-003 43453 224
7.32025848747757e+002 1.73710064348946e+006 4.21406674483380e-004 1.03701895199438e-001 1.56015269249550e+000 4.70315392421211e+002 1.15047881282743e-003 43669 225
7.31990853716960e+002 1.73710998823005e+006 4.21384261993418e-004 8.02301095614490e-001 1.55698876323740e+000 4.70492215947719e+002 1.15053933953447e-003 44110 226
7.32603656838707e+002 1.73711117628720e+006 4.21736745123270e-004 1.90740684224982e-002 1.24586905285806e+000 4.70492216094271e+002 1.36493416328148e-003 44112 227
7.32019672903501e+002 1.73710491651284e+006 4.21402082634352e-004 3.49559007538072e-001 1.56322074510941e+000 4.70493334958873e+002 1.36531067035310e-003 44172 228
7.32092671582276e+002 1.73710275523441e+006 4.21444630165127e-004 5.39689321573534e-001 1.56667230430006e+000 4.70493598008599e+002 1.36545548436527e-003 44334 229
7.32365247246830e+002 1.73710687534082e+006 4.21600544129574e-004 9.97711111789300e-001 1.56130321222571e+000 4.70498733607189e+002 1.36549295581924e-003 44457 230
7.32029543905154e+002 1.73710453988057e+006 4.21407856445470e-004 5.73503830072939e-001 1.56427538819544e+000 4.70498923063407e+002 1.36561964559019e-003 44555 231
7.32159033695735e+002 1.73711154731383e+006 4.21480699655050e-004 8.56044190801721e-002 1.54068973372600e+000 4.70506648663935e+002 1.37393426232723e-003 44744 232
7.32240807622081e+002 1.73710658147128e+006 4.21528979316905e-004 6.35700552385021e-002 1.53580002487259e+000 4.70507673287947e+002 1.38993385755561e-003 44845 233
7.32197676494134e+002 1.73711094652079e+006 4.21503090864001e-004 7.23349711600085e-001 1.55564649021882e+000 4.70507673913364e+002 1.39000987522765e-003 44849 234
7.32007277797363e+002 1.73710200528417e+006 4.21395653359489e-004 8.71639149143956e-001 1.56791870067446e+000 4.70549267100099e+002 1.39006031673946e-003 44946 235
7.32374791224969e+002 1.73711112078099e+006 4.21605007918147e-004 1.40324106570635e-001 1.55027739814447e+000 4.70549304364067e+002 1.39286412450719e-003 44958 236
7.32049304770438e+002 1.73710142795267e+006 4.21419987143279e-004 6.40614032410657e-001 1.56858983718375e+000 4.70556218138843e+002 1.39296344010311e-003 45209 237
7.31982374550725e+002 1.73710230834446e+006 4.21381243758874e-004 5.92242194891202e-001 1.56734344080935e+000 4.70565431275801e+002 1.39308148019653e-003 45317 238
7.32071526236180e+002 1.73710335530720e+006 4.21432311819357e-004 3.89751884517960e-001 1.56552178456984e+000 4.70817231310217e+002 1.39337782039062e-003 45429 239
7.32340610535745e+002 1.73711188092471e+006 4.21585146696836e-004 7.76024658955657e-001 1.55440009384442e+000 4.70818270875400e+002 1.39344294515532e-003 45585 240
7.31995223240861e+002 1.73710895205581e+006 4.21387028745950e-004 6.66676839503159e-001 1.55833103625599e+000 4.70818433008139e+002 1.39353391200258e-003 45671 241
7.32259768943113e+002 1.73710920035021e+006 4.21539259260403e-004 3.96343882564776e-001 1.55756402310251e+000 4.70818525131650e+002 1.39381949603503e-003 45696 242
7.32147332269325e+002 1.73710431005665e+006 4.21475719493281e-004 8.23786126285592e-001 1.56475477141636e+000 4.70819353590678e+002 1.39387660850289e-003 45726 243
7.32318531210371e+002 1.73711055077223e+006 4.21572759143851e-004 7.90215765861995e-001 1.55622175008393e+000 4.70823140362435e+002 1.39393918972621e-003 45795 244
7.32011289327647e+002 1.73710135374876e+006 4.21398120736377e-004 8.15454573198645e-002 1.55315369747002e+000 4.70823184417719e+002 1.40319434269924e-003 45844 245
7.32693086047412e+002 1.73711195858407e+006 4.21788036733497e-004 4.78102969450972e-001 1.55401658726768e+000 4.70837734251076e+002 1.40338336906358e-003 46145 246
7.32076676608964e+002 1.73710249885791e+006 4.21435484520585e-004 8.80672627948851e-001 1.56724756416517e+000 4.70838138935304e+002 1.40343267918404e-003 46289 247
7.32417750927619e+002 1.73710808119234e+006 4.21630476224430e-004 7.52037110507523e-001 1.55957743263039e+000 4.70870180868703e+002 1.40350246657533e-003 46356 248
7.32128592288724e+002 1.73710635996626e+006 4.21464434079360e-004 4.98336741233558e-001 1.56168671880245e+000 4.70963438965451e+002 1.40367503537444e-003 46783 249
7.32351117070061e+002 1.73710862209018e+006 4.21591985882577e-004 9.45890682699057e-001 1.55890629612110e+000 4.70963552967906e+002 1.40371717104506e-003 46794 250
7.32145602056983e+002 1.73710473539207e+006 4.21474620261597e-004 8.39320047608875e-001 1.56417951155126e+000 4.70967273125581e+002 1.40377198365410e-003 46939 251
7.32008890310214e+002 1.73710680001220e+006 4.21395418506488e-004 4.22803430280465e-001 1.56091970564898e+000 4.77088566278897e+002 1.40401972860213e-003 47122 252
7.32723108927470e+002 1.73711005461570e+006 4.21805782267592e-004 3.17148350474563e-001 1.55602999679556e+000 4.77092314570501e+002 1.40448607211492e-003 47258 253
7.32019942771487e+002 1.73710290344297e+006 4.21402726338115e-004 2.19916379284036e-001 1.56465889477218e+000 4.77092316500769e+002 1.40552972444314e-003 47274 254
7.32664155618332e+002 1.73710999951797e+006 4.21771858072735e-004 5.46403393658254e-001 1.55679700994903e+000 4.77112424661121e+002 1.40567063991612e-003 47314 255
7.32157999738407e+002 1.73710670632670e+006 4.21481279023752e-004 2.20740379039888e-001 1.55948155598621e+000 4.77125347580827e+002 1.40670569382334e-003 47563 256
7.32017384545565e+002 1.73710033043786e+006 4.21401877823955e-004 4.54329050569170e-001 1.56983623355815e+000 4.77156760796196e+002 1.40691719626160e-003 47988 257
7.32331654372244e+002 1.73711129481981e+006 4.21580133161523e-004 5.88579973754082e-001 1.55507123035371e+000 4.77165478839531e+002 1.40703684412222e-003 48120 258
7.31987061206577e+002 1.73710253815177e+006 4.21383885985480e-004 3.04025391399884e-001 1.56619292107913e+000 4.77167405835069e+002 1.40754867255638e-003 48323 259
7.32122523956414e+002 1.73710705789472e+006 4.21460771390183e-004 8.63856929227576e-001 1.56101558229316e+000 4.77172631346972e+002 1.40760011693366e-003 48595 260
7.32199702786924e+002 1.73710426377937e+006 4.21505878887933e-004 6.93502609332560e-001 1.56475477141636e+000 4.77174818017403e+002 1.40768352670866e-003 48727 261
7.32418562478247e+002 1.73710944095316e+006 4.21630613368322e-004 2.74178289132359e-001 1.55650938001648e+000 4.77185380075043e+002 1.40832593869108e-003 48963 262
7.32422897812833e+002 1.73710869442142e+006 4.21633290284526e-004 9.52909939878536e-001 1.55881041947691e+000 4.77185387890100e+002 1.40836739450175e-003 48971 263
7.32547934521046e+002 1.73711234035405e+006 4.21704384960859e-004 9.08566545609913e-001 1.55382483397931e+000 4.77213147976841e+002 1.40841342898949e-003 49455 264
7.32120738328257e+002 1.73710488580722e+006 4.21460270454238e-004 4.49964903714103e-001 1.56360425168615e+000 4.77504358105029e+002 1.40862946515083e-003 49704 265
7.31986964017713e+002 1.73710154372897e+006 4.21384071262415e-004 5.22110660115360e-001 1.56830220725120e+000 4.77505051823667e+002 1.40878522363453e-003 49787 266
7.32218917347529e+002 1.73710566568477e+006 4.21516599966254e-004 9.14181951353496e-001 1.56293311517685e+000 4.77505051823667e+002 1.40883064345926e-003 49787 267
7.32126505272638e+002 1.73711136641118e+006 4.21462017968326e-004 9.98809778130436e-001 1.55516710699789e+000 4.77506419247118e+002 1.40886802141294e-003 49899 268
7.32341698476001e+002 1.73711095666511e+006 4.21585997301186e-004 7.43919186986908e-001 1.55564649021882e+000 4.77506578022775e+002 1.40893949147863e-003 49914 269
7.32458896083626e+002 1.73711035781799e+006 4.21653609615966e-004 8.46186712240974e-001 1.55650938001648e+000 5.35409269681671e+002 1.40899332598396e-003 50332 270
7.32282743384267e+002 1.73710839364937e+006 4.21552680698692e-004 5.62181463057344e-001 1.55900217276528e+000 5.35409482784936e+002 1.40912569067218e-003 50395 271
7.31983172702469e+002 1.73710063189170e+006 4.21382109901711e-004 3.30759605700858e-001 1.56897334376049e+000 5.35412053074154e+002 1.40955089977049e-003 50529 272
7.32012420630892e+002 1.73710089872409e+006 4.21398882378698e-004 9.51994384594256e-001 1.56945272698141e+000 5.35412811611272e+002 1.40959244629042e-003 50573 273
7.32010579311129e+002 1.73710096152884e+006 4.21397807147421e-004 9.13113803521836e-001 1.56935685033723e+000 5.35429175589687e+002 1.40963798444708e-003 50718 274
7.32713636881770e+002 1.73711226274321e+006 4.21799793336953e-004 1.04464857936338e-001 1.54442892284921e+000 5.35440321995013e+002 1.41500391722778e-003 50855 275
7.32005583005095e+002 1.73710146607984e+006 4.21394808519012e-004 9.86968596453749e-001 1.56868571382794e+000 5.35535897530069e+002 1.41504229346512e-003 51222 276
7.32000618585064e+002 1.73710438939380e+006 4.21391241497727e-004 8.62727744376965e-001 1.56465889477218e+000 5.35536210606143e+002 1.41509388758787e-003 51321 277
7.32059400216579e+002 1.73710659345858e+006 4.21424545641416e-004 3.14462721640675e-001 1.56072795236061e+000 5.35594800124806e+002 1.41556906578986e-003 51627 278
7.32013008493579e+002 1.73710020537335e+006 4.21399388992982e-004 7.24295785393841e-001 1.57031561677908e+000 5.35595062927301e+002 1.41564487387669e-003 51701 279
7.32268098037412e+002 1.73710904772772e+006 4.21544091098217e-004 5.89831232642598e-001 1.55813928296762e+000 5.35599889862128e+002 1.41576396923141e-003 51968 280
7.31982913880503e+002 1.73710145287212e+006 4.21381761753744e-004 4.54054383983886e-001 1.56830220725120e+000 5.35674376437329e+002 1.41597575268326e-003 52294 281
7.32095068433367e+002 1.73710601693354e+006 4.21445218629639e-004 1.78716391491440e-001 1.55928980269784e+000 5.35674562718112e+002 1.41762292976993e-003 52326 282
7.32138709173991e+002 1.73710314737325e+006 4.21471037531217e-004 9.64873195593127e-001 1.56638467436750e+000 5.35677237664561e+002 1.41766326568708e-003 52682 283
7.32250058097978e+002 1.73710684091128e+006 4.21534241579751e-004 5.53514206366161e-001 1.56111145893735e+000 5.35681405980434e+002 1.41780023618306e-003 52837 284
7.32139433293952e+002 1.73710398409261e+006 4.21471251373853e-004 9.33500167851802e-001 1.56523415463729e+000 5.35685280195219e+002 1.41784361445985e-003 52936 285
7.32129021788475e+002 1.73711231603985e+006 4.21463236244773e-004 1.60405285805841e-001 1.54989389156774e+000 5.35705514023276e+002 1.41993269280579e-003 53311 286
7.32074519851374e+002 1.73710411176861e+006 4.21433851633468e-004 9.27152317880795e-002 1.55296194418165e+000 5.36905908589395e+002 1.42691066491717e-003 53632 287
7.32416615173886e+002 1.73710928679700e+006 4.21629529782460e-004 4.79232154301584e-001 1.55765989974670e+000 5.36906317094364e+002 1.42709872305537e-003 53695 288
7.32250839749771e+002 1.73710800741224e+006 4.21534408484524e-004 2.90719321268349e-001 1.55861866618854e+000 5.36906381295578e+002 1.42766347264038e-003 53734 289
7.32027773766172e+002 1.73710041348997e+006 4.21407838458339e-004 7.18344676046022e-001 1.57002798684652e+000 5.36906600210792e+002 1.42774066925160e-003 53835 290
7.32008374941691e+002 1.73710325840275e+006 4.21395980965503e-004 1.83324686422315e-001 1.56322074510941e+000 5.36907401054126e+002 1.42929818390266e-003 53853 291
7.32009247906029e+002 1.73710194208363e+006 4.21396802826136e-004 9.03347880489517e-001 1.56801457731864e+000 5.36911015951717e+002 1.42934481202726e-003 53888 292
7.32586016285079e+002 1.73711203594990e+006 4.21726381311712e-004 1.30191961424604e-001 1.54816811197241e+000 5.36917921341973e+002 1.43265105163139e-003 54165 293
7.31987409702551e+002 1.73710537753321e+006 4.21383397832290e-004 8.87325663014618e-001 1.56331662175359e+000 5.43118588882176e+002 1.43269955097410e-003 54183 294
7.32136448727139e+002 1.73710489231252e+006 4.21469312887102e-004 4.53810235908078e-001 1.56360425168615e+000 5.43118615811294e+002 1.43291158034755e-003 54193 295
7.32128903616781e+002 1.73710294732602e+006 4.21465441293309e-004 7.35312967314676e-001 1.56657642765587e+000 5.61811902684868e+002 1.43298491140251e-003 54433 296
7.32088102765874e+002 1.73710386248449e+006 4.21441731397676e-004 2.61757255775628e-001 1.56398775826289e+000 5.61812355418692e+002 1.43369635983121e-003 54487 297
7.31998361967160e+002 1.73710339416581e+006 4.21390183853605e-004 3.55784783471175e-001 1.56533003128147e+000 5.61813499240614e+002 1.43405852943029e-003 54674 298
7.32208378936385e+002 1.73710741490373e+006 4.21510108868514e-004 5.68071535386212e-001 1.56034444578387e+000 5.61845887593425e+002 1.43418789547794e-003 54772 299
7.32026380497563e+002 1.73710002158987e+006 4.21407131464733e-004 5.43595690786462e-001 1.57041149342326e+000 5.61848491121076e+002 1.43433043111155e-003 55091 300
7.32200300999539e+002 1.73710806069991e+006 4.21505301945338e-004 7.06411938840907e-001 1.55957743263039e+000 5.61860649188310e+002 1.43441052063248e-003 55363 301
7.32009117425974e+002 1.73710182219974e+006 4.21396756794668e-004 2.69753105258339e-001 1.56686405758843e+000 5.61867152903298e+002 1.43507640855917e-003 55535 302
7.32149707007130e+002 1.73710602471380e+006 4.21476670529712e-004 4.59456160161138e-001 1.56207022537919e+000 5.61985338080837e+002 1.43528274559460e-003 55822 303
7.31979157959480e+002 1.73709989961928e+006 4.21379976359585e-004 6.69362468337046e-001 1.57069912335582e+000 5.62000281373071e+002 1.43537291842586e-003 56223 304
7.32086657694256e+002 1.73711007234762e+006 4.21439392935315e-004 1.07089449751274e-001 1.54788048203986e+000 5.62027886852267e+002 1.44045420795067e-003 56296 305
7.32443231337637e+002 1.73710919393125e+006 4.21644874421732e-004 7.22678304391614e-001 1.55804340632344e+000 5.62663438215961e+002 1.44053038363074e-003 56452 306
7.32147057704829e+002 1.73710458615006e+006 4.21475494445747e-004 3.53404339732048e-002 1.47999981795709e+000 5.62666336093888e+002 1.49854533520350e-003 56478 307
7.31986446841204e+002 1.73710091082233e+006 4.21383927068331e-004 7.33481856746117e-001 1.56935685033723e+000 5.62689271094850e+002 1.49861907019219e-003 56541 308
7.32041668296088e+002 1.73710297188833e+006 4.21415216488691e-004 1.03793450727866e-001 1.55698876323740e+000 5.67029612705181e+002 1.50406303617188e-003 57015 309
7.32439653471710e+002 1.73710843931938e+006 4.21642997919937e-004 1.94921720023194e-001 1.55650938001648e+000 5.67030862816938e+002 1.50542383476788e-003 57025 310
7.32257928087502e+002 1.73711108956735e+006 4.21537741087849e-004 5.97430341502121e-001 1.55535886028626e+000 5.67083169387000e+002 1.50553961833821e-003 57302 311
7.32388823009691e+002 1.73710827755723e+006 4.21613775649934e-004 7.16086306344798e-001 1.55928980269784e+000 5.67089235398557e+002 1.50561734645257e-003 57372 312
7.32029727417440e+002 1.73710015619773e+006 4.21409025537774e-004 5.37675099948119e-001 1.57021974013489e+000 5.67089249733954e+002 1.50576335786038e-003 57381 313
7.32516364756329e+002 1.73711038415776e+006 4.21686686130130e-004 7.11142307809687e-001 1.55641350337230e+000 5.67089295505114e+002 1.50584227683533e-003 57503 314
7.32110418515419e+002 1.73710287323847e+006 4.21454817931258e-004 5.18112735374004e-001 1.56648055101169e+000 5.67144414727425e+002 1.50600069072634e-003 57528 315
7.32022678624999e+002 1.73710354482244e+006 4.21404145697375e-004 8.52595599230934e-001 1.56580941450240e+000 5.67144530466876e+002 1.50605364371827e-003 57598 316
7.32164189776425e+002 1.73710760473674e+006 4.21484624454933e-004 6.38813440351573e-001 1.56015269249550e+000 5.67145807179296e+002 1.50615357079788e-003 57677 317
7.32437891671781e+002 1.73711098065514e+006 4.21641366857818e-004 6.41987365337077e-001 1.55555061357463e+000 5.67146014525081e+002 1.50625240834581e-003 57740 318
7.31995020176184e+002 1.73710481614459e+006 4.21387915137190e-004 8.87478255561998e-001 1.56408363490707e+000 5.67146131320045e+002 1.50630088960860e-003 57821 319
7.32012192169108e+002 1.73710179465594e+006 4.21398533518095e-004 3.09366130558184e-001 1.56724756416517e+000 5.67146676284444e+002 1.50679348220028e-003 57838 320
7.32080430755387e+002 1.73710529516624e+006 4.21436967264521e-004 5.53575243385113e-001 1.56322074510941e+000 5.67344002605465e+002 1.50693042196619e-003 58109 321
7.32069041014228e+002 1.73710770262276e+006 4.21429826469410e-004 5.06118961149937e-001 1.55986506256294e+000 5.67344007940581e+002 1.50709720390150e-003 58140 322
7.32298025815400e+002 1.73710902503670e+006 4.21561325098792e-004 8.61140781884213e-001 1.55833103625599e+000 5.67344133779781e+002 1.50714900438424e-003 58194 323
7.32306587820438e+002 1.73710994123502e+006 4.21566031634394e-004 8.74721518601031e-001 1.55708463988159e+000 5.67345539881913e+002 1.50719905118081e-003 58276 324
7.32250468075338e+002 1.73710577046045e+006 4.21534737352046e-004 2.47932370983001e-001 1.56120733558153e+000 5.67356963849879e+002 1.50800068792196e-003 58659 325
7.32082339620328e+002 1.73710368139456e+006 4.21438457657750e-004 4.89822077089755e-001 1.56533003128147e+000 5.67372487429834e+002 1.50817992993951e-003 58784 326
7.32070369745056e+002 1.73710194977410e+006 4.21431987052050e-004 7.00064088869900e-001 1.56791870067446e+000 5.67372771014614e+002 1.50826163063165e-003 58833 327
7.32561483871354e+002 1.73711174885233e+006 4.21712328483634e-004 4.80330820642720e-001 1.55430421720023e+000 5.67372978985289e+002 1.50844873444145e-003 58895 328
7.32261403082129e+002 1.73710955926326e+006 4.21540112886934e-004 7.66869106112857e-001 1.55756402310251e+000 5.67375587207635e+002 1.50851558513839e-003 59143 329
7.32008201821065e+002 1.73710165768846e+006 4.21396269615216e-004 8.86288033692435e-001 1.56839808389538e+000 5.67447479766741e+002 1.50856421070747e-003 59501 330
7.32488968444329e+002 1.73710924756076e+006 4.21671190835633e-004 5.02334665974914e-001 1.55775577639088e+000 5.67458733280391e+002 1.50873376501864e-003 59536 331
7.32105788952504e+002 1.73711009834380e+006 4.21450399893973e-004 9.73723563341166e-001 1.55689288659322e+000 5.67458767775789e+002 1.50877329532881e-003 59546 332
7.32231882289922e+002 1.73710996306334e+006 4.21523020701923e-004 5.93829157383953e-001 1.55689288659322e+000 5.67458772519501e+002 1.50889063189589e-003 59553 333
7.32053755034359e+002 1.73710617374850e+006 4.21421397701936e-004 7.30155339213233e-001 1.56216610202338e+000 5.67459224164116e+002 1.50896510525401e-003 59566 334
7.32010271790816e+002 1.73710019882597e+006 4.21397815138336e-004 2.88247322000794e-001 1.56926097369304e+000 5.68481216703998e+002 1.50954060689211e-003 59740 335
7.32079662022043e+002 1.73710648383180e+006 4.21436236347464e-004 8.17224646748253e-001 1.56178259544664e+000 6.38091592129660e+002 1.50959873174252e-003 60251 336
7.32135444357662e+002 1.73710691525586e+006 4.21468243881089e-004 2.07251197851497e-001 1.55890629612110e+000 6.38093236123699e+002 1.51078779918100e-003 60319 337
7.32269078009354e+002 1.73710682284147e+006 4.21545195151972e-004 5.34440137943663e-001 1.56111145893735e+000 6.38093236123699e+002 1.51093575511168e-003 60319 338
7.32029555334217e+002 1.73710623868547e+006 4.21407450908626e-004 5.91875972777490e-001 1.56197434873501e+000 6.39401490813469e+002 1.51105395205134e-003 60367 339
7.32066343095635e+002 1.73710413508795e+006 4.21429138857946e-004 9.97802667317728e-001 1.56504240134892e+000 6.39402846928147e+002 1.51109141700950e-003 60421 340
7.32024126940402e+002 1.73710840316362e+006 4.21403800865858e-004 2.98532059694204e-001 1.55813928296762e+000 6.39402847051626e+002 1.51162415756134e-003 60424 341
7.32476591458830e+002 1.73711149959383e+006 4.21663519134276e-004 1.62938322092349e-001 1.55114028794214e+000 6.39403313671184e+002 1.51364250377708e-003 60554 342
7.32575526653192e+002 1.73711077122269e+006 4.21720649805454e-004 8.10296945097201e-001 1.55593412015137e+000 6.39403317648897e+002 1.51370172337913e-003 60555 343
7.32017728153516e+002 1.73710172422076e+006 4.21401737512787e-004 8.70113223670156e-001 1.56830220725120e+000 6.39845926045844e+002 1.51375235975932e-003 60958 344
7.32055287418392e+002 1.73710374919053e+006 4.21422868048338e-004 3.21481978820154e-001 1.56465889477218e+000 6.39849060795265e+002 1.51420502580826e-003 61034 345
7.32158835213423e+002 1.73710339274319e+006 4.21482563972089e-004 6.39027069917905e-001 1.56590529114658e+000 6.39850706467652e+002 1.51430488387116e-003 61195 346
7.32263592345645e+002 1.73710935909309e+006 4.21541421752641e-004 7.99493392742698e-001 1.55785165303507e+000 6.39852378965361e+002 1.51436587990175e-003 61225 347
7.31988564332121e+002 1.73710183604982e+006 4.21384921606798e-004 5.33188879055147e-001 1.56791870067446e+000 6.39855247879386e+002 1.51451460714040e-003 61392 348
7.32068774146763e+002 1.73710357108319e+006 4.21430675173197e-004 4.22498245185705e-001 1.56533003128147e+000 6.39864357307041e+002 1.51476275435526e-003 61640 349
7.32404157084630e+002 1.73711028086666e+006 4.21622116772326e-004 4.06994842371899e-001 1.55612587343974e+000 6.39869953293760e+002 1.51503214863229e-003 61853 350
7.32102819549464e+002 1.73710394061440e+006 4.21450184463397e-004 5.31754509109775e-001 1.56504240134892e+000 6.39879322019684e+002 1.51518175804096e-003 62254 351
7.32222688203669e+002 1.73710656001837e+006 4.21518553720349e-004 2.84096804712058e-001 1.56053619907224e+000 6.39879662634791e+002 1.51577588856709e-003 62301 352
7.32213691860817e+002 1.73710703063932e+006 4.21513260599932e-004 4.32050538651692e-001 1.56063207571642e+000 6.40214110710590e+002 1.51601211704308e-003 62752 353
7.32044159085704e+002 1.73710110439287e+006 4.21417103414027e-004 9.25504318369091e-001 1.56916509704886e+000 6.40293663258109e+002 1.51605632470311e-003 62778 354
7.32013342240563e+002 1.73710579418540e+006 4.21398225347803e-004 1.83690908536027e-001 1.55976918591876e+000 6.40294053234889e+002 1.51760696630894e-003 63080 355
7.32688294841404e+002 1.73711118439843e+006 4.21785466568161e-004 5.36210211493271e-001 1.55516710699789e+000 6.40298627719632e+002 1.51775383880391e-003 63340 356
7.32460052432839e+002 1.73710735373906e+006 4.21655004480583e-004 1.20639667958617e-001 1.55353720404675e+000 6.40321533191438e+002 1.52166393745750e-003 63426 357
7.31999802606431e+002 1.73710184470535e+006 4.21391389060066e-004 3.76415295876949e-001 1.56753519409772e+000 6.40344464353312e+002 1.52198387146544e-003 63517 358
7.32011663105723e+002 1.73710745121414e+006 4.21396856748857e-004 2.79549546800134e-002 1.42439136432997e+000 6.40344818181409e+002 1.61851118159578e-003 63589 359
7.32096207559513e+002 1.73710248576175e+006 4.21446731103000e-004 1.45695364238411e-001 1.56245373195593e+000 6.41599569127988e+002 1.62109305513932e-003 63668 360
7.32200856520592e+002 1.73710598311071e+006 4.21506125864966e-004 2.29560228278451e-001 1.56063207571642e+000 6.41604203068595e+002 1.62204264405092e-003 63862 361
7.32118756302066e+002 1.73710282138722e+006 4.21459630333853e-004 7.75902584917753e-001 1.56676818094424e+000 6.42393593635261e+002 1.62210779958872e-003 63932 362
7.32041016827859e+002 1.73711186139841e+006 4.21412684905905e-004 7.34824671163060e-001 1.55440009384442e+000 6.42393680645560e+002 1.62218122867279e-003 63979 363
7.32178433324661e+002 1.73710588223397e+006 4.21493241980330e-004 7.02169866023744e-001 1.56254960860012e+000 6.42394090417659e+002 1.62226238887378e-003 64033 364
7.32688230108075e+002 1.73711081825868e+006 4.21785518205100e-004 3.30698568681906e-001 1.55507123035371e+000 6.42394458331460e+002 1.62268771876292e-003 64180 365
7.32397403025975e+002 1.73710981004759e+006 4.21618342946568e-004 9.12015137180700e-001 1.55727639316996e+000 6.56631254660761e+002 1.62273337356861e-003 64240 366
7.32326999113166e+002 1.73710827136559e+006 4.21578187036331e-004 7.03299050874355e-001 1.55928980269784e+000 6.56632874423542e+002 1.62281424476623e-003 64322 367
7.32206423145658e+002 1.73710910575083e+006 4.21508572695899e-004 6.88375499740593e-001 1.55813928296762e+000 6.56646208390340e+002 1.62289902215113e-003 64549 368
7.31991211261307e+002 1.73711045972847e+006 4.21384353445456e-004 7.42881557664724e-001 1.55631762672811e+000 6.56646293774265e+002 1.62297071273252e-003 64595 369
7.32343715042458e+002 1.73710946664977e+006 4.21587519793394e-004 2.22174748985260e-001 1.55574236686300e+000 6.58127588190788e+002 1.62399107207758e-003 64971 370
7.32068294536527e+002 1.73710225951321e+006 4.21430717269512e-004 3.33933530686361e-001 1.56676818094424e+000 6.58154469351457e+002 1.62440743793216e-003 65221 371
7.32180419726963e+002 1.73710550296346e+006 4.21494477519496e-004 3.79039887691885e-001 1.56254960860012e+000 6.58154470959381e+002 1.62472250942751e-003 65228 372
7.31980027485717e+002 1.73710094705216e+006 4.21380222838577e-004 4.92263557847835e-001 1.56906922040468e+000 6.58156019642597e+002 1.62489980387599e-003 65309 373
7.31981927150264e+002 1.73710388003879e+006 4.21380604946869e-004 1.98736533707694e-001 1.56283723853267e+000 6.58158843215517e+002 1.62620388910274e-003 65412 374
7.32202467304955e+002 1.73710561717344e+006 4.21507141939545e-004 1.76915799432356e-001 1.55976918591876e+000 6.58188002551724e+002 1.62788818242578e-003 65840 375
7.32426421347395e+002 1.73711136709303e+006 4.21634669958157e-004 7.13156529435102e-001 1.55507123035371e+000 6.58188008494228e+002 1.62796661027373e-003 65856 376
7.32071056705003e+002 1.73710350456936e+006 4.21432005312014e-004 2.33527634510331e-001 1.56408363490707e+000 6.58188038765924e+002 1.62888109549893e-003 65880 377
7.32166667876062e+002 1.73710988761224e+006 4.21485497112673e-004 7.10715048677023e-001 1.55708463988159e+000 6.58188522650372e+002 1.62896011963241e-003 65944 378
7.32038161551285e+002 1.73710166766495e+006 4.21413514156166e-004 9.34904019287698e-001 1.56839808389538e+000 6.58189146090466e+002 1.62900335528181e-003 66048 379
7.32012028511376e+002 1.73710191728424e+006 4.21398409556986e-004 6.37409588915677e-001 1.56791870067446e+000 6.58189152166565e+002 1.62910377245529e-003 66061 380
7.32008285283391e+002 1.73710148945051e+006 4.21396358474242e-004 2.72103030487991e-001 1.56734344080935e+000 6.58194902728439e+002 1.62975707548535e-003 66184 381
7.32238444102623e+002 1.73710482716694e+006 4.21528044411320e-004 9.46684163945433e-002 1.55248256096072e+000 6.58199087159533e+002 1.63642217462028e-003 66226 382
7.32001453407918e+002 1.73710483539929e+006 4.21391613887412e-004 8.07214575640126e-002 1.54807223532823e+000 6.58231680219305e+002 1.64588547801575e-003 66433 383
7.32529986779674e+002 1.73710822117627e+006 4.21695052978630e-004 3.02682576982940e-001 1.55842691290017e+000 6.62264362617593e+002 1.64640228115064e-003 66688 384
7.32575082997873e+002 1.73710868263419e+006 4.21720901456694e-004 2.31788079470199e-001 1.55698876323740e+000 6.62342881564561e+002 1.64733186566592e-003 66778 385
7.32024162611856e+002 1.73710566628744e+006 4.21404485338518e-004 6.92953276161992e-001 1.56283723853267e+000 6.62344663442322e+002 1.64741541985786e-003 66846 386
7.32130002396977e+002 1.73710571790952e+006 4.21465401615206e-004 5.54918057802057e-001 1.56264548524430e+000 6.62350780396450e+002 1.64755163104599e-003 66958 387
7.32092999479525e+002 1.73710462048571e+006 4.21444366391225e-004 5.86230048524430e-001 1.56417951155126e+000 6.62353423036683e+002 1.64767234887635e-003 67164 388
7.32818690322000e+002 1.73711107587450e+006 4.21860557466501e-004 6.77999206518754e-001 1.55545473693045e+000 6.62354061066326e+002 1.64776000361020e-003 67230 389
