5.52227195230000e+002 1.73710724480100e+006 3.17900451040051e-004 6.14612262337107e-001 1.55746814645833e+000 0.00000000000000e+000 1.08785104567837e-007 0 1
5.52068493542627e+002 1.73711035996579e+006 3.17808521369234e-004 7.94335764641255e-001 1.55190730109561e+000 1.76891475370339e-002 1.70649981814803e-007 119 2
5.52093884319140e+002 1.73710485524815e+006 3.17824145192932e-004 7.99676503799554e-001 1.56187847209082e+000 1.94109631235807e-002 2.31617973077049e-007 186 3
5.52015948962534e+002 1.73710004543167e+006 3.17780160004384e-004 9.46684163945433e-002 1.56187847209082e+000 6.42141551865872e-002 6.89756990727627e-006 550 4
5.52087602883484e+002 1.73710303689278e+006 3.17820861842608e-004 3.28775902584918e-001 1.56456301812799e+000 6.42726180648631e-002 7.32843598595766e-006 615 5
5.52195605371097e+002 1.73711235023156e+006 3.17881331450996e-004 1.40629291665395e-001 1.54442892284921e+000 9.15275397754848e-002 1.01184923131090e-005 640 6
5.52006572648816e+002 1.73710865197863e+006 3.17773187900224e-004 7.30033265175329e-001 1.55497535370952e+000 1.12036975761788e-001 1.01929865215401e-005 793 7
5.52289534181170e+002 1.73710779149006e+006 3.17936237623063e-004 6.62923062837611e-001 1.55650938001648e+000 1.50372845387142e-001 1.02850881878338e-005 1110 8
5.52365678551511e+002 1.73710854597815e+006 3.17979933501326e-004 2.29743339335307e-001 1.55382483397931e+000 1.98584362135604e-001 1.12329252836024e-005 1279 9
5.52559055273348e+002 1.73711088469373e+006 3.18090826271271e-004 5.65874202703940e-001 1.55085265800958e+000 1.98690257037135e-001 1.13633802292340e-005 1343 10
5.52043430931032e+002 1.73710187473873e+006 3.17795645940278e-004 2.36213263344218e-002 1.42343259788812e+000 1.98800799538353e-001 1.51170255206883e-004 1420 11
5.52107433026587e+002 1.73710286461292e+006 3.17832309003070e-004 5.33890804773095e-001 1.56533003128147e+000 1.99078032344652e-001 1.51318551001584e-004 1540 12
5.52056216322223e+002 1.73710243135902e+006 3.17802904290839e-004 6.30420850245674e-001 1.56619292107913e+000 1.99261655458184e-001 1.51421432869909e-004 1543 13
5.52086944872590e+002 1.73710902732000e+006 3.17819387039703e-004 5.76616718039491e-001 1.55420834055605e+000 2.05628478417139e-001 1.51546608283635e-004 1676 14
5.52027623823161e+002 1.73710046343945e+006 3.17786804424278e-004 8.10388500625629e-001 1.56983623355815e+000 6.47429376567532e-001 1.51605819679694e-004 1803 15
5.52915191485809e+002 1.73711221583387e+006 3.18295598737737e-004 7.15781121250038e-001 1.54855161854915e+000 6.47433273396430e-001 1.51683606623375e-004 1820 16
5.52013232263059e+002 1.73710019997544e+006 3.17778567804843e-004 8.17621387371441e-001 1.57031561677908e+000 6.49473714697666e-001 1.51741671794352e-004 2029 17
5.52124255448061e+002 1.73710391029192e+006 3.17841801854436e-004 2.72225104525895e-001 1.56264548524430e+000 6.49516255008008e-001 1.52394312694184e-004 2059 18
5.52211426896385e+002 1.73710795166382e+006 3.17891244333006e-004 1.99133274330882e-001 1.55440009384442e+000 6.61587948845448e-001 1.53692555360739e-004 2343 19
5.52478305763383e+002 1.73711012127860e+006 3.18044481099783e-004 5.28550065614795e-001 1.55219493102817e+000 6.67329621976628e-001 1.53844143794663e-004 2455 20
5.52023586929605e+002 1.73710121184525e+006 3.17784343585157e-004 1.98065126499222e-002 1.36072927259133e+000 6.67349435120504e-001 3.57501187251887e-004 2473 21
5.52032448178559e+002 1.73710068908801e+006 3.17789540389332e-004 9.11404766991180e-001 1.56945272698141e+000 6.80047843857541e-001 3.57546913487707e-004 2554 22
5.52152770641750e+002 1.73710845494780e+006 3.17857385630574e-004 7.92931913205359e-001 1.55535886028626e+000 6.80915097341357e-001 3.57609023264549e-004 2676 23
5.52239609052775e+002 1.73710421920317e+006 3.17908151015805e-004 7.88781395916623e-001 1.56302899182104e+000 6.81589543399075e-001 3.57671859903053e-004 2727 24
5.52106631957070e+002 1.73710236989133e+006 3.17831938368067e-004 3.37687307351909e-001 1.56580941450240e+000 6.83933989934562e-001 3.58078109433938e-004 3074 25
5.52152677804307e+002 1.73710721873065e+006 3.17857558390947e-004 1.99957274086734e-001 1.55574236686300e+000 6.84217131485812e-001 3.59364638568392e-004 3167 26
5.52099926814122e+002 1.73710551434645e+006 3.17827503087420e-004 5.39078951384015e-001 1.56053619907224e+000 6.85101157747307e-001 3.59509807142189e-004 3239 27
5.52102610441961e+002 1.73711012098418e+006 3.17828205122073e-004 9.95025482955412e-001 1.55238668431654e+000 6.85276633387307e-001 3.59547496769982e-004 3318 28
5.52284739460967e+002 1.73710873388381e+006 3.17933304967944e-004 5.84429456465346e-002 1.53177320581683e+000 6.94690318359491e-001 3.78795661379369e-004 3722 29
5.52576436822271e+002 1.73711048109378e+006 3.18100906187768e-004 5.08011108737449e-001 1.55152379451888e+000 6.98452883831580e-001 3.78961058892078e-004 3895 30
5.52315448039639e+002 1.73710596146864e+006 3.17951490397807e-004 7.57438886684774e-001 1.55986506256294e+000 7.00718740812908e-001 3.79029756249452e-004 4105 31
5.52033847405344e+002 1.73710372124010e+006 3.17789791174870e-004 4.72060304574725e-001 1.56370012833033e+000 7.00866612646065e-001 3.79224169248017e-004 4131 32
5.52091639280931e+002 1.73710207667100e+006 3.17823361163512e-004 6.80867946409497e-001 1.56686405758843e+000 7.02197515399933e-001 3.79311023079285e-004 4169 33
5.52441634535751e+002 1.73711136303282e+006 3.18023143287044e-004 7.39677114169744e-001 1.55008564485611e+000 8.13815611698828e-001 3.79383390775376e-004 4551 34
5.52225893996009e+002 1.73710949453069e+006 3.17899290247424e-004 5.52629169591357e-001 1.55334545075838e+000 8.23778576799614e-001 3.79520829840477e-004 4802 35
5.52013957195744e+002 1.73710437379825e+006 3.17778221585731e-004 1.12399670400098e-001 1.55660525666066e+000 8.23860159782142e-001 3.84089648065085e-004 4824 36
5.52010166608591e+002 1.73710051641604e+006 3.17776745105372e-004 3.63322855311747e-001 1.56926097369304e+000 8.29114599065392e-001 3.84435496808177e-004 4990 37
5.52072713081417e+002 1.73710806294978e+006 3.17811370673593e-004 2.77901547288430e-001 1.55516710699789e+000 8.29195055762886e-001 3.85059113206381e-004 5024 38
5.52191451217410e+002 1.73710414137069e+006 3.17880442206775e-004 5.44053468428602e-001 1.56302899182104e+000 8.29211179647157e-001 3.85201380840771e-004 5031 39
5.52110787380527e+002 1.73710403783636e+006 3.17834025345469e-004 3.07504501480148e-001 1.56264548524430e+000 8.29276250798313e-001 3.85700544565771e-004 5082 40
5.52077456283706e+002 1.73710243845629e+006 3.17815130227163e-004 9.34476760155034e-001 1.56628879772332e+000 8.29712015086180e-001 3.85743823401698e-004 5129 41
5.52054830468233e+002 1.73710126992344e+006 3.17802318978806e-004 2.87087618640706e-001 1.56753519409772e+000 9.32364361053883e-001 3.86324449518621e-004 5182 42
5.52174852977053e+002 1.73710329822001e+006 3.17871041374019e-004 5.51683095797601e-001 1.56456301812799e+000 9.32635272336709e-001 3.86462425969077e-004 5351 43
5.52181388859138e+002 1.73710405163119e+006 3.17874666023813e-004 3.88103885006256e-001 1.56293311517685e+000 9.36812969065195e-001 3.86761536490409e-004 5490 44
5.52005856418220e+002 1.73710409443398e+006 3.17773609311280e-004 1.09683523056734e-001 1.55679700994903e+000 9.37642491173939e-001 3.91582979911986e-004 5570 45
5.52117357108745e+002 1.73710526307959e+006 3.17837583163020e-004 1.95593127231666e-001 1.55919392605365e+000 9.54778812010488e-001 3.92933570016517e-004 5822 46
5.52306840139445e+002 1.73710598356394e+006 3.17946531043203e-004 8.99472029786065e-001 1.55986506256294e+000 9.66710002034602e-001 3.92980638682309e-004 6171 47
5.52198791112681e+002 1.73710595082247e+006 3.17884336445484e-004 7.14651936399426e-001 1.55986506256294e+000 9.66814520805963e-001 3.93058710929837e-004 6185 48
5.52730191576413e+002 1.73711221455841e+006 3.18189100445263e-004 3.30698568681906e-001 1.54797635868404e+000 9.74566259007829e-001 3.93483982657547e-004 6237 49
5.52502574367209e+002 1.73710873121337e+006 3.18058706291029e-004 8.29645680104984e-001 1.55487947706534e+000 1.00411201056936e+000 3.93540205375294e-004 6356 50
5.52444659608058e+002 1.73711234085598e+006 3.18024705708518e-004 2.13934751426740e-001 1.54672996230964e+000 1.00452666767481e+000 3.94648833703829e-004 6397 51
5.52386662898275e+002 1.73711198820041e+006 3.17991383417766e-004 5.54246650593585e-001 1.54883924848170e+000 1.01211593261399e+000 3.94785379780578e-004 6681 52
5.52734942614926e+002 1.73711207695079e+006 3.18191860672042e-004 8.44721823786126e-001 1.54883924848170e+000 1.22413586427597e+000 3.94839412375431e-004 6789 53
5.52206642834252e+002 1.73710884174613e+006 3.17888327411003e-004 8.97610400708030e-001 1.55468772377697e+000 1.22413592142762e+000 3.94886692761876e-004 6790 54
5.52437164754957e+002 1.73711185106728e+006 3.18020480829481e-004 3.94940031128880e-001 1.54883924848170e+000 1.22516344295873e+000 3.95174470671192e-004 6883 55
5.52009835834042e+002 1.73710041574253e+006 3.17776573104481e-004 1.41605883968627e-002 1.11461392696921e+000 1.59941830757739e+000 7.86287955100961e-004 7282 56
5.52036574359150e+002 1.73710025739821e+006 3.17791994690199e-004 8.47224341563158e-001 1.57021974013489e+000 1.63578289222673e+000 7.86341650130712e-004 7701 57
5.52255768704649e+002 1.73710658393917e+006 3.17917020869610e-004 3.61949522385327e-002 1.49821638035218e+000 1.63798132567844e+000 8.41468118746559e-004 7802 58
5.52083136375000e+002 1.73710619086329e+006 3.17817713557477e-004 6.33259071626942e-001 1.55938567934202e+000 1.63810241110787e+000 8.41569983349544e-004 7831 59
5.52037596169549e+002 1.73710115046098e+006 3.17792419537143e-004 8.04101687673574e-001 1.56858983718375e+000 1.63993955617464e+000 8.41630217875290e-004 7964 60
5.52485077533816e+002 1.73710926374879e+006 3.18048536401600e-004 6.20777001251259e-001 1.55382483397931e+000 1.64262320894333e+000 8.41736634574776e-004 8140 61
5.52047144157455e+002 1.73710083173284e+006 3.17797974353620e-004 2.98013245033113e-001 1.56839808389538e+000 1.70632069167208e+000 8.42271458958342e-004 8165 62
5.52142517260617e+002 1.73710316481830e+006 3.17852451051184e-004 8.19330423902097e-001 1.56494652470473e+000 1.70635201446623e+000 8.42329257021330e-004 8182 63
5.52046649496849e+002 1.73710026356603e+006 3.17797793536017e-004 6.37195959349345e-001 1.57012386349071e+000 1.70735086156003e+000 8.42429748669080e-004 8247 64
5.52010658755686e+002 1.73710068142423e+006 3.17776998234789e-004 8.51680043946654e-001 1.56945272698141e+000 1.71145360598350e+000 8.42482827587623e-004 8571 65
5.52336080046366e+002 1.73711203574843e+006 3.17962255782004e-004 3.78368480483413e-001 1.54845574190497e+000 1.71358520530035e+000 8.42799062209145e-004 8704 66
5.52357586995593e+002 1.73710657022649e+006 3.17975637100697e-004 9.30082094790490e-001 1.55881041947691e+000 1.79930180134591e+000 8.42842789510310e-004 9142 67
5.52315822381196e+002 1.73711101702653e+006 3.17950780552250e-004 9.12137211218604e-001 1.55075678136540e+000 1.82624003816359e+000 8.42888425881557e-004 9455 68
5.52028659945107e+002 1.73710264995632e+006 3.17787000886865e-004 9.34476760155034e-001 1.56590529114658e+000 1.82636481186725e+000 8.42931704639487e-004 9470 69
5.52908209324404e+002 1.73711217790227e+006 3.18291586281128e-004 4.98641926328318e-001 1.54845574190497e+000 1.82636918001716e+000 8.43104005309121e-004 9489 70
5.52684871830158e+002 1.73711022060550e+006 3.18163376523373e-004 6.19251075777459e-001 1.55209905438398e+000 1.85725053668681e+000 8.43210996466267e-004 9583 71
5.52112689222464e+002 1.73711129076228e+006 3.17833793129639e-004 2.77230140079958e-001 1.54931863170263e+000 1.85725064780285e+000 8.43837872318707e-004 9585 72
5.52004808717794e+002 1.73710060044186e+006 3.17773645347243e-004 3.28165532395398e-001 1.56897334376049e+000 1.95465844452642e+000 8.44270511104009e-004 9750 73
5.52037906332255e+002 1.73710317236029e+006 3.17792228194707e-004 8.75820184942168e-001 1.56494652470473e+000 1.95466347599284e+000 8.44320423724702e-004 9765 74
5.52255144721961e+002 1.73710948762807e+006 3.17916130243716e-004 6.69179357280190e-001 1.55344132740257e+000 1.95942002415278e+000 8.44410637261446e-004 9879 75
5.52078054229416e+002 1.73710270637159e+006 3.17815425430272e-004 9.66368602557451e-001 1.56580941450240e+000 1.95971735169238e+000 8.44450835878230e-004 9927 76
5.52099239039717e+002 1.73711201700140e+006 3.17825917411450e-004 5.22232734153264e-001 1.54874337183752e+000 1.96273371704156e+000 8.44606476902835e-004 10187 77
5.52374076898820e+002 1.73710770958139e+006 3.17984921277146e-004 3.33079012421033e-001 1.55612587343974e+000 1.96327739038013e+000 8.45025154735784e-004 10411 78
5.52199244671585e+002 1.73710403274224e+006 3.17884948548420e-004 9.89471114230781e-001 1.56341249839778e+000 2.03838432233825e+000 8.45063316811654e-004 10636 79
5.52373529328264e+002 1.73710687928428e+006 3.17984758046799e-004 8.57448042237617e-001 1.55823515961180e+000 2.09536526596985e+000 8.45115609292098e-004 10785 80
5.52526519203908e+002 1.73711048576660e+006 3.18072169328397e-004 8.67946409497360e-001 1.55171554780725e+000 4.57769731517161e+000 8.45166515087483e-004 10844 81
5.52684353608230e+002 1.73711066961746e+006 3.18162995959810e-004 4.20087282937101e-001 1.55104441129795e+000 4.57955671878505e+000 8.45417760994467e-004 10983 82
5.52027144934724e+002 1.73710089791667e+006 3.17786449258089e-004 5.20493179113132e-001 1.56887746711631e+000 4.57958612707007e+000 8.45574586537928e-004 10999 83
5.52660792689345e+002 1.73711212538539e+006 3.18149166059251e-004 8.25037385174108e-001 1.54874337183752e+000 4.57963797124043e+000 8.45631495818808e-004 11066 84
5.52050123366970e+002 1.73710172839931e+006 3.17799525356882e-004 7.79656361583300e-001 1.56753519409772e+000 4.58547356994918e+000 8.45695963386661e-004 11226 85
5.52070562887899e+002 1.73710224153073e+006 3.17811197925984e-004 1.29703665272988e-002 9.49226715750603e-001 4.58564816566349e+000 1.27533906064330e-003 11312 86
5.52021048622289e+002 1.73710227395094e+006 3.17782688053620e-004 4.51612903225806e-001 1.56628879772332e+000 4.58923230075999e+000 1.27555336960414e-003 11498 87
5.52566481265923e+002 1.73711032366636e+006 3.18095203914629e-004 4.45234534745323e-001 1.55171554780725e+000 4.58923502736286e+000 1.27577445302538e-003 11507 88
5.52249075976897e+002 1.73710625170031e+006 3.17913228872035e-004 3.22458571123386e-001 1.55871454283273e+000 4.58927529923020e+000 1.27622408414461e-003 11549 89
5.52007710861492e+002 1.73710047239314e+006 3.17775339454153e-004 6.28894924771874e-001 1.56974035691397e+000 7.81960555675363e+000 1.27632751703343e-003 11816 90
5.52007981577234e+002 1.73710032283237e+006 3.17775522657408e-004 9.50560014648885e-001 1.57012386349071e+000 7.81971167409122e+000 1.27636920163017e-003 11824 91
5.52069563283310e+002 1.73710116979432e+006 3.17810818561393e-004 9.50956755272073e-001 1.56858983718375e+000 8.31332823771611e+000 1.27641084788459e-003 12190 92
5.52234669806816e+002 1.73710490044306e+006 3.17905182964101e-004 2.39020966216010e-001 1.56053619907224e+000 8.31336902828279e+000 1.27727970555622e-003 12242 93
5.52479072598627e+002 1.73711065786838e+006 3.18044824299427e-004 9.96459852900784e-001 1.55142791787469e+000 8.35717898720907e+000 1.27731727525016e-003 12510 94
5.52461644283061e+002 1.73710711354392e+006 3.18035440272558e-004 6.92648091067232e-001 1.55775577639088e+000 8.35995053515797e+000 1.27740090599305e-003 12635 95
5.52569806590993e+002 1.73711106820735e+006 3.18096981860719e-004 1.27170628986480e-001 1.54586707251198e+000 8.36184741139926e+000 1.28088223226880e-003 12726 96
5.52494758443062e+002 1.73710996426033e+006 3.18053981141315e-004 6.54835657826472e-001 1.55257843760491e+000 8.36216725235103e+000 1.28097684890784e-003 12764 97
5.52315034378074e+002 1.73711174525013e+006 3.17950193634170e-004 8.14111758781701e-001 1.54941450834681e+000 8.40636373939332e+000 1.28103545281212e-003 13029 98
5.52186566844737e+002 1.73710423543285e+006 3.17877613204003e-004 9.02737510299997e-001 1.56302899182104e+000 8.40643951955622e+000 1.28108214909582e-003 13080 99
5.52054925443345e+002 1.73711030807316e+006 3.17800720134086e-004 1.84423352763451e-001 1.54979801492355e+000 8.40833599641401e+000 1.28261902900052e-003 13188 100
5.52379047148166e+002 1.73711154990807e+006 3.17987079505239e-004 4.08215582750938e-001 1.54941450834681e+000 8.88428023062027e+000 1.28288662174721e-003 13429 101
5.52060343930068e+002 1.73710439583210e+006 3.17804921033314e-004 9.25046540726951e-001 1.56274136188849e+000 8.88462561374311e+000 1.28293087617420e-003 13558 102
5.52287199367975e+002 1.73710487179685e+006 3.17935427921376e-004 9.03927732169561e-001 1.56187847209082e+000 8.90183996604492e+000 1.28297743684854e-003 13665 103
5.52630635521680e+002 1.73711199528291e+006 3.18131829368983e-004 2.78542435987426e-001 1.54807223532823e+000 8.90184011403552e+000 1.28359781649469e-003 13669 104
5.52394030003339e+002 1.73711055511300e+006 3.17995886765992e-004 6.88985869930113e-001 1.55152379451888e+000 8.91401539061464e+000 1.28368241980200e-003 13744 105
5.52133582412874e+002 1.73710777222929e+006 3.17846464477532e-004 3.64940336313974e-001 1.55612587343974e+000 8.93022983457275e+000 1.28402486875947e-003 14070 106
5.52081719324357e+002 1.73710219570811e+006 3.17817628749859e-004 3.11136204107791e-001 1.56600116779077e+000 8.93395532294901e+000 1.28451131459947e-003 14354 107
5.52228061216141e+002 1.73710557121747e+006 3.17901255837987e-004 6.78914761803034e-001 1.56053619907224e+000 8.93398329677175e+000 1.28459871517271e-003 14402 108
5.52119769825046e+002 1.73710345579239e+006 3.17839302772641e-004 6.90694906460768e-001 1.56437126483963e+000 8.94348661632819e+000 1.28468287250746e-003 14785 109
5.52618632601710e+002 1.73711080128719e+006 3.18125138333081e-004 8.37977233191931e-001 1.55114028794214e+000 8.94618549034229e+000 1.28473786911604e-003 14921 110
5.52109071984027e+002 1.73711207060345e+006 3.17831568116068e-004 8.99655140842921e-001 1.54883924848170e+000 3.68724665457358e+001 1.28478490817787e-003 14955 111
5.52528528332036e+002 1.73711129615186e+006 3.18073177534924e-004 2.54066591387677e-001 1.54912687841426e+000 3.68724673999280e+001 1.28554443670028e-003 14964 112
5.52035169909959e+002 1.73710111076243e+006 3.17791030070847e-004 8.96633808404798e-001 1.56868571382794e+000 3.68764999656668e+001 1.28559183649758e-003 15173 113
5.52260057215388e+002 1.73710455261552e+006 3.17919861402506e-004 8.93734550004578e-001 1.56245373195593e+000 3.68802406177029e+001 1.28563957367946e-003 15305 114
5.52074006470832e+002 1.73710829589678e+006 3.17812072619515e-004 7.98547318948943e-001 1.55564649021882e+000 3.68802406288016e+001 1.28570072691084e-003 15306 115
5.52554532915976e+002 1.73711152287431e+006 3.18088106033550e-004 3.55571153904843e-001 1.54931863170263e+000 3.68803594019771e+001 1.28606329716596e-003 15350 116
5.52068690873036e+002 1.73710414784697e+006 3.17809771492640e-004 7.07235938596759e-001 1.56312486846522e+000 3.68804291041707e+001 1.28614318422028e-003 15381 117
5.52344428744891e+002 1.73710671687878e+006 3.17968035448425e-004 6.15192114017151e-001 1.55842691290017e+000 3.68804943570719e+001 1.28625174521105e-003 15390 118
5.52055862889789e+002 1.73710130246236e+006 3.17802907361595e-004 5.85863826410718e-001 1.56820633060701e+000 3.68805191695272e+001 1.28637263135750e-003 15436 119
5.52065945183317e+002 1.73710094505318e+006 3.17808776840974e-004 6.18488113040559e-001 1.56887746711631e+000 3.68805835629542e+001 1.28647993165082e-003 15518 120
5.52132063895952e+002 1.73710332179863e+006 3.17846404628925e-004 4.40137943662831e-001 1.56437126483963e+000 3.68854261973577e+001 1.28670672292869e-003 15860 121
5.52017107747168e+002 1.73710490386811e+006 3.17779938296364e-004 5.61235389263588e-002 1.53675879131443e+000 3.69007053152654e+001 1.30775225758225e-003 16007 122
5.52628218741802e+002 1.73710942698349e+006 3.18130908458723e-004 6.25934629352702e-001 1.55353720404675e+000 3.69128735741278e+001 1.30785675420479e-003 16240 123
5.52139718628623e+002 1.73710301559444e+006 3.17850867264545e-004 8.87386700033570e-001 1.56523415463729e+000 3.69137110550015e+001 1.30790524681513e-003 16344 124
5.52079907678944e+002 1.73710305660011e+006 3.17816428330656e-004 8.07031464583270e-001 1.56513827799310e+000 3.69138982851341e+001 1.30796500050306e-003 16378 125
5.52080106720023e+002 1.73711238036392e+006 3.17814837066853e-004 2.85134434034242e-001 1.54740109881893e+000 3.69270927690392e+001 1.30855425453389e-003 16536 126
5.52734873239991e+002 1.73711079607859e+006 3.18192055356316e-004 4.99191259498886e-001 1.55094853465377e+000 3.69280461156321e+001 1.30872614738196e-003 16604 127
5.52222392022146e+002 1.73710423669593e+006 3.17898236475494e-004 6.43513290810877e-001 1.56293311517685e+000 3.69303527039786e+001 1.30882447844218e-003 16837 128
5.52066586963241e+002 1.73710095130204e+006 3.17809145152279e-004 8.90682699056978e-001 1.56897334376049e+000 3.69318532142801e+001 1.30887257780647e-003 16972 129
5.52056889300468e+002 1.73710247996300e+006 3.17803282812945e-004 5.11246070741905e-001 1.56600116779077e+000 4.17837376152370e+001 1.30903571002350e-003 17147 130
5.52044726210950e+002 1.73710721970638e+006 3.17795413756829e-004 4.77919858394116e-001 1.55737226981414e+000 4.17837501334144e+001 1.30922490534541e-003 17164 131
5.52013558080437e+002 1.73710040681873e+006 3.17778717529628e-004 7.88842432935575e-001 1.56993211020234e+000 4.23227023159501e+001 1.30928773315977e-003 17371 132
5.52077412438931e+002 1.73710180437693e+006 3.17815220996300e-004 9.44975127414777e-001 1.56743931745354e+000 4.23227030084608e+001 1.30932996144210e-003 17374 133
5.52135107198643e+002 1.73710871471595e+006 3.17847169798720e-004 4.33149204992828e-001 1.55459184713279e+000 4.23232081459110e+001 1.30956485501006e-003 17389 134
5.52059068559513e+002 1.73710178875771e+006 3.17804663806354e-004 4.42457350383007e-001 1.56715168752098e+000 4.23739216241688e+001 1.30978904215109e-003 17623 135
5.52121863922238e+002 1.73710806582406e+006 3.17839664781107e-004 7.06656086916715e-001 1.55602999679556e+000 4.24347385074019e+001 1.30986906712031e-003 17938 136
5.52344654893267e+002 1.73710867676354e+006 3.17967806889142e-004 1.28330332346568e-001 1.55027739814447e+000 4.24353840349023e+001 1.31328189795189e-003 17974 137
5.52214375910567e+002 1.73710385750915e+006 3.17893691227418e-004 6.19098483230079e-001 1.56360425168615e+000 4.24362746195230e+001 1.31338896307833e-003 18033 138
5.52395157618107e+002 1.73710765827191e+006 3.17997066196716e-004 4.91348002563555e-001 1.55660525666066e+000 4.24363123692942e+001 1.31356696747677e-003 18090 139
5.52219268224850e+002 1.73711095556887e+006 3.17895208623600e-004 6.24683370464187e-001 1.55075678136540e+000 4.24363302997063e+001 1.31367191969140e-003 18101 140
5.52219355160311e+002 1.73710457242309e+006 3.17896426804020e-004 5.57939390240181e-001 1.56226197866756e+000 4.25833265907285e+001 1.31380651298685e-003 18298 141
5.52024092952047e+002 1.73710046206247e+006 3.17784772052951e-004 8.02148503067110e-001 1.56983623355815e+000 4.25836101852939e+001 1.31386707077217e-003 18359 142
5.52026689521343e+002 1.73710192221834e+006 3.17785999703290e-004 5.53544724875637e-001 1.56705581087680e+000 4.25888792442852e+001 1.31400403012026e-003 18522 143
5.52689636942560e+002 1.73711199631090e+006 3.18165794414415e-004 7.05496383556627e-001 1.54893512512589e+000 4.25893816709235e+001 1.31408433434002e-003 18714 144
5.52469637685524e+002 1.73710977961159e+006 3.18039553713051e-004 1.55003509628590e-001 1.54979801492355e+000 4.25962297924993e+001 1.31633693170207e-003 18952 145
5.52020795425914e+002 1.73710107819843e+006 3.17782761044808e-004 4.21796319467757e-001 1.56839808389538e+000 4.25962297924993e+001 1.31658599131953e-003 18952 146
5.52592119391202e+002 1.73711033251837e+006 3.18109961357736e-004 5.23880733664968e-001 1.55181142445143e+000 4.25970558895845e+001 1.31674056697068e-003 18999 147
5.52073672344902e+002 1.73710378581800e+006 3.17812705415033e-004 3.87829218420972e-001 1.56341249839778e+000 4.25973305395933e+001 1.31704014482113e-003 19103 148
5.52273191539438e+002 1.73710524528551e+006 3.17927295672378e-004 6.49952696310312e-001 1.56111145893735e+000 4.25974460183084e+001 1.31713634380330e-003 19116 149
5.52046257024471e+002 1.73710052172638e+006 3.17797520370984e-004 8.45027008880886e-001 1.56974035691397e+000 4.25975187925597e+001 1.31719034646351e-003 19144 150
5.52162701118961e+002 1.73710643000906e+006 3.17863472832668e-004 3.54869228186895e-001 1.55852278954436e+000 4.26188579012816e+001 1.31755455291148e-003 19283 151
5.52229812602625e+002 1.73710522392632e+006 3.17902327615658e-004 1.77068391979736e-001 1.55881041947691e+000 4.26306815847218e+001 1.31923563609051e-003 19352 152
5.52116112034295e+002 1.73710848061909e+006 3.17836277700950e-004 5.41367839594714e-001 1.55516710699789e+000 4.27063045623338e+001 1.31937944780158e-003 19381 153
5.52168984337165e+002 1.73710481106104e+006 3.17867386138262e-004 8.51741080965606e-001 1.56197434873501e+000 4.27514992256327e+001 1.31943251633506e-003 19679 154
5.52161945273567e+002 1.73710778438692e+006 3.17862789885676e-004 9.17966246528520e-001 1.55660525666066e+000 4.27526431850015e+001 1.31947752210490e-003 19763 155
5.52105467219773e+002 1.73710500798595e+006 3.17830785180528e-004 7.65831476790673e-001 1.56159084215827e+000 4.27934771269657e+001 1.31954457526117e-003 20018 156
5.52425902352588e+002 1.73710821202080e+006 3.18014663627117e-004 5.26779992065188e-001 1.55564649021882e+000 4.28019315167778e+001 1.31969729545141e-003 20303 157
5.52041810701854e+002 1.73710448957328e+006 3.17794234849576e-004 5.08713034455397e-001 1.56235785531175e+000 4.28019436745611e+001 1.31986221605960e-003 20311 158
5.52098658466964e+002 1.73710762582500e+006 3.17826386614895e-004 3.72325815607166e-001 1.55641350337230e+000 4.28087878282913e+001 1.32018989976329e-003 20426 159
5.52231900144862e+002 1.73710527642356e+006 3.17903519744344e-004 4.35285500656148e-001 1.56082382900479e+000 4.28087999269932e+001 1.32042228356715e-003 20440 160
5.52034847839643e+002 1.73710187425533e+006 3.17790704988322e-004 4.78835413678396e-001 1.56705581087680e+000 4.28111921919029e+001 1.32061069961020e-003 20515 161
5.52069164022391e+002 1.73710999025093e+006 3.17808974983701e-004 3.36558122501297e-001 1.55200317773980e+000 4.28123125804404e+001 1.32101988661202e-003 20595 162
5.52226503686265e+002 1.73710827702266e+006 3.17899864037279e-004 6.98171941282388e-001 1.55564649021882e+000 4.32955080695936e+001 1.32110206613068e-003 20980 163
5.52055761340050e+002 1.73710279869323e+006 3.17802575166966e-004 6.21509445478683e-001 1.56552178456984e+000 4.32958128764732e+001 1.32120822093156e-003 21033 164
5.52622145793600e+002 1.73710963984128e+006 3.18127373469288e-004 9.47599719229713e-002 1.54452479949339e+000 4.32958202261123e+001 1.32785798094755e-003 21037 165
5.52093255150918e+002 1.73710339743188e+006 3.17824049724247e-004 9.97070223090304e-001 1.56456301812799e+000 4.33052812280138e+001 1.32789550637215e-003 21218 166
5.52146078406442e+002 1.73711015751003e+006 3.17853221584591e-004 4.00128177739799e-001 1.55190730109561e+000 4.33052879088916e+001 1.32817515655847e-003 21242 167
5.52061581933894e+002 1.73710647801180e+006 3.17805252778545e-004 1.33091219824824e-001 1.55459184713279e+000 4.33053411927032e+001 1.33132540626780e-003 21296 168
5.52037454606694e+002 1.73710603603848e+006 3.17791444258608e-004 6.46687215796381e-001 1.55967330927457e+000 4.33054316556400e+001 1.33142267570922e-003 21331 169
5.52165617839152e+002 1.73710383226797e+006 3.17865627250140e-004 4.22589800714133e-001 1.56341249839778e+000 4.33068260727630e+001 1.33167070160736e-003 21404 170
5.52761091306817e+002 1.73711121922243e+006 3.18207070758256e-004 2.69966734824671e-001 1.54941450834681e+000 4.34438922538794e+001 1.33233528403298e-003 21721 171
5.52492941228507e+002 1.73710741822444e+006 3.18053401190090e-004 1.24912259285257e-001 1.55229080767235e+000 4.38614056334945e+001 1.33595709006358e-003 21837 172
5.52020168888134e+002 1.73710466881151e+006 3.17781743505331e-004 3.25357829523606e-001 1.56159084215827e+000 4.38688508199962e+001 1.33639796713796e-003 21922 173
5.52673544022439e+002 1.73711232483473e+006 3.18156470064286e-004 1.54911954100162e-001 1.54519593600269e+000 4.38743928641332e+001 1.33865325256661e-003 22008 174
5.52013088870754e+002 1.73710321872103e+006 3.17777933021104e-004 8.30256050294504e-001 1.56485064806055e+000 4.38754393792690e+001 1.33870939051152e-003 22048 175
5.52022170044584e+002 1.73710362635909e+006 3.17783086216575e-004 4.85946226386303e-001 1.56389188161870e+000 4.38760586826881e+001 1.33889179111546e-003 22195 176
5.52473801516298e+002 1.73710726422667e+006 3.18042411235034e-004 9.68321787163915e-001 1.55756402310251e+000 4.38760601675667e+001 1.33893180855748e-003 22197 177
5.52049534433400e+002 1.73711102924892e+006 3.17797484762560e-004 2.37342448194830e-001 1.54941450834681e+000 4.38843643357091e+001 1.33981408664249e-003 22252 178
5.52777765196164e+002 1.73711174846737e+006 3.18216572437237e-004 3.60271004364147e-001 1.54893512512589e+000 4.39349609244678e+001 1.34016632968711e-003 22435 179
5.52346068131461e+002 1.73711233745010e+006 3.17967950378798e-004 6.30024109622486e-001 1.54826398861660e+000 4.39361974936318e+001 1.34026932908022e-003 22539 180
5.52103348348318e+002 1.73711063142621e+006 3.17828536519169e-004 4.43739127780999e-001 1.55114028794214e+000 4.39604226604868e+001 1.34049205245382e-003 22757 181
5.52056587699893e+002 1.73710611923190e+006 3.17802443386929e-004 7.66106143375958e-001 1.55957743263039e+000 4.40073353393697e+001 1.34055905135562e-003 22894 182
5.52641211424546e+002 1.73711178730145e+006 3.18137955668623e-004 7.22403637806330e-001 1.54931863170263e+000 4.40101519702423e+001 1.34063527938368e-003 22969 183
5.52034246642228e+002 1.73710381577301e+006 3.17790003709806e-004 9.47355571153905e-001 1.56379600497452e+000 4.40110282331479e+001 1.34067727378784e-003 23090 184
5.52635893750645e+002 1.73711183855641e+006 3.18134885066378e-004 7.15445417645802e-001 1.54922275505844e+000 4.40110301373921e+001 1.34075514219806e-003 23100 185
5.52079074266769e+002 1.73710902154303e+006 3.17814857232480e-004 4.79598376415296e-001 1.55411246391186e+000 4.40126175931571e+001 1.34094287462698e-003 23248 186
5.52075266995289e+002 1.73710239213692e+006 3.17813878391227e-004 5.41123691518906e-001 1.56619292107913e+000 4.40472424439607e+001 1.34108684518428e-003 23522 187
5.52116049529818e+002 1.73710406264309e+006 3.17837050071764e-004 1.38554033021027e-002 1.07540037949767e+000 4.40478497549206e+001 1.74319499450813e-003 23555 188
5.52549326594425e+002 1.73710901288055e+006 3.18085568529062e-004 4.60432752464370e-001 1.55411246391186e+000 4.44215056541788e+001 1.74340034918029e-003 23614 189
5.52048226358413e+002 1.73710198252854e+006 3.17798386810884e-004 3.85509811700797e-001 1.56667230430006e+000 4.44478059699721e+001 1.74370391232448e-003 23848 190
5.52035723679871e+002 1.73710071837110e+006 3.17791420645950e-004 7.57042146061586e-001 1.56935685033723e+000 4.44478368367090e+001 1.74377269294925e-003 23893 191
5.52528116386481e+002 1.73710780438761e+006 3.18073579750009e-004 4.33973204748680e-002 1.51451540986358e+000 4.44478368367090e+001 1.78079164279987e-003 23893 192
5.52709365460034e+002 1.73711072150516e+006 3.18177384991100e-004 4.18744468520157e-001 1.55094853465377e+000 4.44483757766542e+001 1.78104466414717e-003 24036 193
5.52150108136816e+002 1.73710609491286e+006 3.17856284747799e-004 9.65514084292123e-001 1.55967330927457e+000 4.44496772593547e+001 1.78108493908501e-003 24138 194
5.52800127123091e+002 1.73711121553611e+006 3.18229543116379e-004 1.08371227149266e-001 1.54375778633992e+000 4.44778284116795e+001 1.78603443695843e-003 24283 195
5.52503965030418e+002 1.73710788452808e+006 3.18059661878586e-004 8.36512344737083e-001 1.55641350337230e+000 4.44783991264829e+001 1.78608965062560e-003 24302 196
5.52118888731230e+002 1.73710345061364e+006 3.17838796500135e-004 9.98077333903012e-001 1.56446714148381e+000 4.44791041748963e+001 1.78612709277495e-003 24411 197
5.52058591449869e+002 1.73710631232341e+006 3.17803561559610e-004 2.90902432325205e-001 1.55842691290017e+000 4.45228884387499e+001 1.78669105925761e-003 24781 198
5.52315669960904e+002 1.73710567729517e+006 3.17951670165001e-004 1.09591967528306e-001 1.55392071062349e+000 4.55534178172511e+001 1.79152115409632e-003 25089 199
5.52035523335773e+002 1.73710020684035e+006 3.17791398894756e-004 5.15671254615925e-001 1.57012386349071e+000 4.55559708085772e+001 1.79168122417773e-003 25119 200
5.52244912134849e+002 1.73711169002201e+006 3.17909836599704e-004 8.09381389812922e-001 1.54951038499100e+000 4.55563663134748e+001 1.79174058436028e-003 25208 201
5.52035266655424e+002 1.73710048977109e+006 3.17791199370736e-004 6.84987945188757e-001 1.56974035691397e+000 4.63241530482029e+001 1.79182629367237e-003 25560 202
5.52075437025708e+002 1.73710295314145e+006 3.17813873633528e-004 3.38175603503525e-001 1.56475477141636e+000 4.63244560611139e+001 1.79223125147033e-003 25584 203
5.52031857997542e+002 1.73711057949571e+006 3.17787391275218e-004 3.66466261787774e-001 1.55104441129795e+000 4.63317072935974e+001 1.79257054156095e-003 25811 204
5.52201295881905e+002 1.73711197003723e+006 3.17884676869716e-004 9.29013946958831e-001 1.54903100177007e+000 4.63334113940610e+001 1.79261437231101e-003 25926 205
5.52060427333015e+002 1.73710097506398e+006 3.17805594880040e-004 1.77312540055544e-002 1.30492906567583e+000 4.83826684296034e+001 2.04892726500379e-003 26321 206
5.52105940719768e+002 1.73710410364466e+006 3.17831223224182e-004 7.44163335062716e-001 1.56322074510941e+000 4.84468372464274e+001 2.04899868964076e-003 26703 207
5.52839242101696e+002 1.73711116806594e+006 3.18252069067379e-004 1.10019226660970e-001 1.54404541627247e+000 4.84469458381543e+001 2.05378658212606e-003 26734 208
5.52015888682124e+002 1.73710083388450e+006 3.17779981065403e-004 8.10235908078249e-001 1.56916509704886e+000 4.84749031569172e+001 2.05384581800634e-003 26823 209
5.52197495548544e+002 1.73710379024545e+006 3.17883986005594e-004 1.01992858668783e-001 1.55631762672811e+000 4.84749752228125e+001 2.05950341085445e-003 26838 210
5.52018910197611e+002 1.73710051493511e+006 3.17781778814514e-004 2.59285256508072e-001 1.56868571382794e+000 4.84757592080082e+001 2.06022988224766e-003 26910 211
5.52530999368926e+002 1.73711020344817e+006 3.18074800112666e-004 7.61284218878750e-001 1.55219493102817e+000 4.84759717440748e+001 2.06029781082748e-003 26946 212
5.52611868504663e+002 1.73711213349624e+006 3.18121000485338e-004 7.44956816309092e-002 1.53455362849818e+000 4.85206534722943e+001 2.07158425104931e-003 27025 213
5.52022604520308e+002 1.73710016221802e+006 3.17783970057981e-004 1.98553422650838e-001 1.56849396053957e+000 4.85376054917016e+001 2.07289102152043e-003 27238 214
5.52641351333211e+002 1.73710988223575e+006 3.18138385107383e-004 5.72222052674947e-001 1.55267431424909e+000 4.85382265740170e+001 2.07301831825927e-003 27309 215
5.52021975877768e+002 1.73710140238915e+006 3.17783381290420e-004 7.37907040620136e-001 1.56811045396283e+000 4.85382335572702e+001 2.07309108375442e-003 27326 216
5.52136577319864e+002 1.73710765793615e+006 3.17848209466878e-004 7.78832361827448e-001 1.55679700994903e+000 4.85388497403964e+001 2.07315569548311e-003 27439 217
5.52003755260105e+002 1.73710040254032e+006 3.17773075104044e-004 7.65892513809626e-001 1.56993211020234e+000 4.85388497403964e+001 2.07322273969937e-003 27439 218
5.52053451767198e+002 1.73711044270763e+006 3.17799847153939e-004 5.85955381939146e-002 1.52880102984710e+000 4.85420351935755e+001 2.09235849528578e-003 27465 219
5.52375668511478e+002 1.73710979742890e+006 3.17985455330041e-004 2.62031922360912e-001 1.55190730109561e+000 4.85420770276668e+001 2.09306819391460e-003 27495 220
5.52039600974936e+002 1.73710018914733e+006 3.17793749514176e-004 7.57286294137394e-001 1.57031561677908e+000 4.85420967081510e+001 2.09313692582756e-003 27514 221
5.52079028469239e+002 1.73710419844755e+006 3.17815713285775e-004 6.97683645130772e-001 1.56302899182104e+000 4.85424440415640e+001 2.09321923889762e-003 27622 222
5.52466377928933e+002 1.73711222069681e+006 3.18037230248961e-004 7.86645100253304e-001 1.54855161854915e+000 4.89054199620405e+001 2.09328243783600e-003 28506 223
5.52349714815178e+002 1.73710718535100e+006 3.17970992727407e-004 7.85332804345836e-001 1.55765989974670e+000 4.89065482607428e+001 2.09334587956285e-003 28573 224
5.52073229313059e+002 1.73710131648010e+006 3.17812902153765e-004 1.17191076387829e-001 1.56264548524430e+000 4.89088896081550e+001 2.09751407690929e-003 28681 225
5.52006088742466e+002 1.73710069793601e+006 3.17774364386430e-004 9.99633777886288e-001 1.56945272698141e+000 4.89089640554946e+001 2.09755139163664e-003 28699 226
5.52051099350634e+002 1.73710046642958e+006 3.17800318078400e-004 5.07919553209021e-001 1.56964448026978e+000 4.89090161797000e+001 2.09771688537099e-003 28721 227
5.52214343486198e+002 1.73710527795201e+006 3.17893412617845e-004 1.43131809442427e-001 1.55737226981414e+000 4.89110666362002e+001 2.10040143852106e-003 28909 228
5.52024278329521e+002 1.73710174010471e+006 3.17784644964898e-004 3.06405835139012e-002 1.48287611728263e+000 4.89111932909918e+001 2.17983362506951e-003 28963 229
5.52020929854259e+002 1.73710118450738e+006 3.17782818983392e-004 4.76760155034028e-001 1.56830220725120e+000 4.89121839144644e+001 2.18002385088237e-003 29041 230
5.52010142794284e+002 1.73710073230156e+006 3.17776691903104e-004 3.99395733512375e-001 1.56897334376049e+000 4.89126223501093e+001 2.18030468020086e-003 29076 231
5.52259798300547e+002 1.73710580502244e+006 3.17919483141250e-004 7.72850733970153e-001 1.56015269249550e+000 4.90117072989801e+001 2.18037039992351e-003 29239 232
5.52294741811909e+002 1.73710794979689e+006 3.17939206522456e-004 5.34470656453139e-001 1.55612587343974e+000 4.91350754410262e+001 2.18051832828658e-003 29917 233
5.52276676769743e+002 1.73710933481430e+006 3.17928553542086e-004 6.89657277138585e-001 1.55372895733512e+000 4.91415679310357e+001 2.18060275388089e-003 30273 234
5.52588222751178e+002 1.73711072135582e+006 3.18107646978670e-004 7.02688680684835e-001 1.55123616458632e+000 4.91430013069716e+001 2.18068376956464e-003 30302 235
5.52510143930048e+002 1.73710865594805e+006 3.18063077635813e-004 2.30018005920591e-001 1.55363308069094e+000 4.96803296215412e+001 2.18162911534420e-003 30331 236
5.52080730489442e+002 1.73710161692147e+006 3.17817165399746e-004 2.47657704397717e-001 1.56657642765587e+000 4.96803424239213e+001 2.18243273911218e-003 30349 237
5.52172188621655e+002 1.73710954037063e+006 3.17868365345935e-004 5.41032135990478e-001 1.55324957411420e+000 4.96943093513751e+001 2.18257674262874e-003 30472 238
5.52102276637881e+002 1.73710545763661e+006 3.17828866186856e-004 9.50651570177312e-001 1.56082382900479e+000 4.96952667021363e+001 2.18261841633105e-003 30624 239
5.52467485963502e+002 1.73711172543654e+006 3.18037958783363e-004 7.01040681173131e-001 1.54941450834681e+000 4.97332664967270e+001 2.18269984856059e-003 30875 240
5.52007604598143e+002 1.73710898672867e+006 3.17773720724965e-004 8.20581682790612e-001 1.55440009384442e+000 4.97334403877291e+001 2.18275744615092e-003 30916 241
5.52081071578537e+002 1.73710153892098e+006 3.17817376025865e-004 9.37284463026826e-001 1.56791870067446e+000 4.97341829917632e+001 2.18280044053945e-003 30944 242
5.52412956171653e+002 1.73710823837318e+006 3.18007206083723e-004 3.50962858973968e-002 1.49131326197089e+000 4.97342798981533e+001 2.24176388654808e-003 30957 243
5.52530520315969e+002 1.73711175531880e+006 3.18074240181036e-004 8.50337229529710e-001 1.54941450834681e+000 4.97342806359007e+001 2.24181713791800e-003 30964 244
5.52526815783645e+002 1.73711148050978e+006 3.18072157918426e-004 2.25012970366527e-001 1.54845574190497e+000 4.97350836917991e+001 2.24280926131319e-003 30996 245
5.52012165420042e+002 1.73711115883879e+006 3.17775948896690e-004 8.29462569048128e-001 1.55046915143284e+000 4.97420559137433e+001 2.24286550684414e-003 31335 246
5.52027172301618e+002 1.73710031685020e+006 3.17786571313174e-004 4.05316324350719e-001 1.56974035691397e+000 4.97558046290485e+001 2.24313739071356e-003 31566 247
5.52043373052032e+002 1.73710116292450e+006 3.17795742844509e-004 8.90255439924314e-001 1.56858983718375e+000 4.98432688910125e+001 2.24318554084065e-003 31905 248
5.52487796742721e+002 1.73710790747963e+006 3.18050350087445e-004 6.88497573778497e-001 1.55631762672811e+000 4.98432956494853e+001 2.24327028306523e-003 31926 249
5.52344128918865e+002 1.73710895188296e+006 3.17967453742921e-004 9.14670247505112e-001 1.55449597048860e+000 5.00380942528108e+001 2.24331564493840e-003 32068 250
5.52534148198647e+002 1.73711156977033e+006 3.18076362612639e-004 4.21826837977233e-001 1.54941450834681e+000 5.00597940167856e+001 2.24356460871001e-003 32337 251
5.52014732525205e+002 1.73710032474943e+006 3.17779408637970e-004 9.69939268166143e-001 1.57012386349071e+000 5.00632708136528e+001 2.24360448296699e-003 32530 252
5.52007981513944e+002 1.73710131376361e+006 3.17775341345612e-004 1.27872554704428e-002 9.05219336069826e-001 5.00663073237274e+001 2.67250121768299e-003 32636 253
5.52248381022506e+002 1.73711202262987e+006 3.17911772656769e-004 6.45374919888913e-001 1.54883924848170e+000 5.00666843821279e+001 2.67259890527657e-003 32685 254
5.52214766936121e+002 1.73710577272943e+006 3.17893565840182e-004 9.16196172978912e-001 1.56024856913968e+000 5.00686101872372e+001 2.67264410459581e-003 32761 255
5.52308100161231e+002 1.73711121730974e+006 3.17946298456166e-004 6.11529892880032e-001 1.55027739814447e+000 5.00687132461486e+001 2.67275408627416e-003 32800 256
5.52385192901357e+002 1.73711171550758e+006 3.17990587105823e-004 9.94109927671132e-001 1.54951038499100e+000 5.00687502345760e+001 2.67279185015300e-003 32824 257
5.52219183761659e+002 1.73711023610617e+006 3.17895291664126e-004 6.96920682393872e-001 1.55209905438398e+000 5.00687700195849e+001 2.67287434966905e-003 32849 258
5.52033917796250e+002 1.73710907381999e+006 3.17788852486415e-004 5.64745017853328e-001 1.55411246391186e+000 5.00718176928193e+001 2.67300538697336e-003 32870 259
5.52059642854770e+002 1.73710171180746e+006 3.17805008489882e-004 5.55894650105289e-001 1.56743931745354e+000 5.00751643904640e+001 2.67314107601015e-003 33259 260
5.52271806579217e+002 1.73710499678704e+006 3.17926543872318e-004 7.07998901333659e-001 1.56159084215827e+000 5.00756629345114e+001 2.67322077275965e-003 33334 261
5.52186055443641e+002 1.73710434985643e+006 3.17877297866736e-004 4.12610248115482e-001 1.56245373195593e+000 5.00757406710011e+001 2.67348218598654e-003 33406 262
5.52073120476765e+002 1.73710253125256e+006 3.17812617250249e-004 5.08651997436445e-001 1.56590529114658e+000 5.00770903308609e+001 2.67364715403636e-003 33464 263
5.52215902632738e+002 1.73711211001512e+006 3.17893059893731e-004 7.90948210089419e-001 1.54874337183752e+000 5.01099732105029e+001 2.67370959928158e-003 33716 264
5.52183422376990e+002 1.73710777502650e+006 3.17875155311062e-004 4.45478682821131e-001 1.55631762672811e+000 5.02788165571961e+001 2.67393043327833e-003 34088 265
5.52074671597896e+002 1.73710842649359e+006 3.17812431619418e-004 5.40360728782006e-001 1.55526298364208e+000 5.02789159090658e+001 2.67407483553650e-003 34126 266
5.52020576257743e+002 1.73711205698283e+006 3.17780626446571e-004 8.15698721274453e-001 1.54883924848170e+000 5.02789167377675e+001 2.67413318817220e-003 34129 267
5.52157678565959e+002 1.73710385051330e+006 3.17861053504044e-004 1.38157292397839e-001 1.55967330927457e+000 5.02792671855442e+001 2.67703508146538e-003 34232 268
5.52016466275580e+002 1.73710244356972e+006 3.17780019098676e-004 1.12857448042238e-001 1.56015269249550e+000 5.02960109673375e+001 2.68156342741033e-003 34592 269
5.52165848152904e+002 1.73710327673982e+006 3.17865861488959e-004 3.18979461043123e-001 1.56408363490707e+000 5.02987889018099e+001 2.68202394150391e-003 34633 270
5.52084478501001e+002 1.73710682253031e+006 3.17818370610283e-004 4.47309793389691e-001 1.55804340632344e+000 5.02995809122173e+001 2.68224279671029e-003 34639 271
5.52250327474317e+002 1.73710529572151e+006 3.17914124278653e-004 9.09268471327860e-001 1.56111145893735e+000 5.03129210658012e+001 2.68228875751622e-003 34783 272
5.52296362382748e+002 1.73710924772710e+006 3.17939901877572e-004 5.88274788659322e-001 1.55382483397931e+000 5.03129311574226e+001 2.68240853953434e-003 34794 273
5.52376121488741e+002 1.73711001562558e+006 3.17985676153043e-004 3.73699148533586e-001 1.55209905438398e+000 5.03142162743380e+001 2.68273355658101e-003 35021 274
5.52329805283997e+002 1.73711135669205e+006 3.17958767895388e-004 7.21610156559954e-001 1.55008564485611e+000 5.05056447832183e+001 2.68280997037170e-003 35473 275
5.52545438134965e+002 1.73711035897025e+006 3.18083083580006e-004 7.43186742759484e-001 1.55190730109561e+000 5.05079644132799e+001 2.68288159093197e-003 35536 276
5.52337127613739e+002 1.73710763850696e+006 3.17963663710873e-004 6.29291665395062e-002 1.53695054460280e+000 5.05860478682411e+001 2.69924250415571e-003 35721 277
5.52003739286350e+002 1.73710090570076e+006 3.17772973863762e-004 3.04605243079928e-001 1.56830220725120e+000 5.07653577239313e+001 2.69975219533752e-003 36114 278
5.52251143414650e+002 1.73710763459843e+006 3.17914165944634e-004 6.71468245490890e-001 1.55679700994903e+000 5.07659004808121e+001 2.69984173842854e-003 36149 279
5.52056940920507e+002 1.73710831650191e+006 3.17802244736591e-004 6.59108249153111e-001 1.55555061357463e+000 5.07661089614348e+001 2.69993501560190e-003 36274 280
5.52246190731559e+002 1.73711240319582e+006 3.17910442128525e-004 2.64625995666372e-001 1.54720934553056e+000 5.07661357588758e+001 2.70062942943424e-003 36290 281
5.52354014882251e+002 1.73710928907172e+006 3.17973083064809e-004 7.13034455397198e-001 1.55382483397931e+000 5.07661516590250e+001 2.70070788522609e-003 36300 282
5.52574305712020e+002 1.73711105899464e+006 3.18099573549421e-004 7.97875911740471e-001 1.55066090472121e+000 5.07706951741508e+001 2.70076914633745e-003 36388 283
5.52276417942575e+002 1.73710697573075e+006 3.17928836306955e-004 8.03430280465102e-001 1.55804340632344e+000 5.87947547331054e+001 2.70082948689886e-003 36769 284
5.52353616120065e+002 1.73710851709180e+006 3.17972994818552e-004 3.98693807794427e-001 1.55487947706534e+000 5.87967968605044e+001 2.70111136984338e-003 36848 285
5.52035581485918e+002 1.73710050153321e+006 3.17791378457994e-004 1.09775078585162e-001 1.56331662175359e+000 5.87999053676900e+001 2.70592430799854e-003 36896 286
5.52158592032785e+002 1.73710448486303e+006 3.17861463284618e-004 7.97662282174139e-001 1.56254960860012e+000 5.88017320088718e+001 2.70598561555429e-003 37032 287
5.52742605554663e+002 1.73711013071239e+006 3.18196628484970e-004 9.73784600360118e-001 1.55238668431654e+000 5.88213127190650e+001 2.70602513753582e-003 37093 288
5.52881305675119e+002 1.73711168443594e+006 3.18276189124671e-004 3.09762871181371e-001 1.54883924848170e+000 5.88229048365183e+001 2.70651622788785e-003 37343 289
5.52030390009297e+002 1.73710381189231e+006 3.17787784268881e-004 4.54786828211310e-001 1.56350837504196e+000 5.88229687597363e+001 2.70672725673643e-003 37362 290
5.52049638878808e+002 1.73710253350663e+006 3.17799099158195e-004 8.48292489394818e-001 1.56609704443495e+000 5.88235964362926e+001 2.70678080255117e-003 37415 291
5.52036243725761e+002 1.73710165631049e+006 3.17791548431659e-004 3.79985961485641e-001 1.56724756416517e+000 5.88239145990407e+001 2.70709415951126e-003 37450 292
5.52220980319343e+002 1.73711063634554e+006 3.17896252641088e-004 8.49513229773858e-001 1.55142791787469e+000 5.88339230321031e+001 2.70714752677143e-003 37812 293
5.52582801445965e+002 1.73710832226001e+006 3.18104965433753e-004 9.36796166875210e-001 1.55564649021882e+000 5.88339454316467e+001 2.70719056571695e-003 37826 294
5.52072501963068e+002 1.73710146578524e+006 3.17812456122817e-004 1.28116702780236e-001 1.56331662175359e+000 5.88385182525765e+001 2.71061655412369e-003 37944 295
5.52064716862089e+002 1.73710580228508e+006 3.17807181087897e-004 5.19425031281472e-002 1.53091031601917e+000 5.88389921364527e+001 2.73556450156818e-003 38012 296
5.52073063766644e+002 1.73710187800248e+006 3.17812704119643e-004 3.11105685598315e-001 1.56657642765587e+000 5.88396788358026e+001 2.73605105365744e-003 38300 297
5.52070735128569e+002 1.73710921971401e+006 3.17810020392666e-004 4.63454084902493e-001 1.55372895733512e+000 5.88397078766597e+001 2.73625347330567e-003 38328 298
5.52377180089162e+002 1.73710805358388e+006 3.17986644717679e-004 9.29929502243111e-001 1.55612587343974e+000 5.88666474111556e+001 2.73629721482870e-003 38473 299
5.52024893121267e+002 1.73709999738237e+006 3.17785317696490e-004 8.81313516647847e-001 1.57069912335582e+000 5.89337821358326e+001 2.73634644640536e-003 38883 300
5.52015984051215e+002 1.73710594123084e+006 3.17779101646827e-004 5.46861171300394e-001 1.55976918591876e+000 5.89337829893491e+001 2.73648710772742e-003 38890 301
5.52336197056757e+002 1.73710743955516e+006 3.17963164434069e-004 7.33207190160833e-001 1.55718051652577e+000 5.89338536477336e+001 2.73656089673388e-003 38931 302
5.52654162089274e+002 1.73710927639278e+006 3.18145870817601e-004 6.49525437177648e-001 1.55382483397931e+000 5.89471139904217e+001 2.73665722563048e-003 39392 303
5.52220917401624e+002 1.73710448172303e+006 3.17897342738780e-004 5.16983550523392e-002 1.53301960219123e+000 5.89474615141745e+001 2.76186717302172e-003 39528 304
5.52178678178368e+002 1.73710586212489e+006 3.17872774261998e-004 9.61943418683431e-002 1.55161967116306e+000 5.89500695402101e+001 2.76830177775466e-003 39795 305
5.52138555352763e+002 1.73710476672307e+006 3.17849877184101e-004 4.07635731070895e-001 1.56168671880245e+000 5.89500732382314e+001 2.76857025886526e-003 39809 306
5.52057897964565e+002 1.73710082692973e+006 3.17804165895457e-004 1.48625141148106e-001 1.56571353785821e+000 5.89508003885767e+001 2.77104153951335e-003 39921 307
5.52230520443142e+002 1.73710827733279e+006 3.17902176304126e-004 6.99148533585620e-001 1.55564649021882e+000 5.89514618174442e+001 2.77112346670368e-003 39962 308
5.52126525751697e+002 1.73710777838392e+006 3.17842401047054e-004 6.29535813470870e-001 1.55650938001648e+000 5.89529416268834e+001 2.77122665760315e-003 40223 309
5.52140869476458e+002 1.73710630090701e+006 3.17850928635768e-004 5.25315103610340e-001 1.55909804940947e+000 5.89771553282079e+001 2.77138032340430e-003 40507 310
5.52070521922232e+002 1.73710288222534e+006 3.17811057125130e-004 7.27286599322489e-001 1.56542590792566e+000 5.89831665481218e+001 2.77145544626947e-003 41012 311
5.52025624034282e+002 1.73709999919484e+006 3.17785738131102e-004 3.02438428907132e-001 1.56993211020234e+000 5.89833143107555e+001 2.77197320709845e-003 41038 312
5.52585053448702e+002 1.73710901424151e+006 3.18106135124173e-004 9.66673787652211e-001 1.55440009384442e+000 5.90788547970214e+001 2.77201337290030e-003 41310 313
5.52052118572286e+002 1.73711084921713e+006 3.17799005305863e-004 8.81435590685751e-001 1.55104441129795e+000 5.90794530597181e+001 2.77206257987784e-003 41514 314
5.52049457257005e+002 1.73710027148020e+006 3.17799408436902e-004 5.35081026642659e-001 1.57002798684652e+000 5.93117865957492e+001 2.77221015309753e-003 41607 315
5.52209617907693e+002 1.73711019463876e+006 3.17889792490422e-004 1.11484115115818e-001 1.54596294915616e+000 5.93151249392120e+001 2.77686095869384e-003 41708 316
5.52148020610289e+002 1.73710673104963e+006 3.17854966621323e-004 9.74028748435926e-001 1.55852278954436e+000 5.96786150951591e+001 2.77690046260328e-003 41774 317
5.52193377990715e+002 1.73710827446576e+006 3.17880795059338e-004 5.14236884670553e-002 1.52582885387738e+000 5.96837312626359e+001 2.80240000376198e-003 41955 318
5.52536314366836e+002 1.73710812394437e+006 3.18078240563494e-004 5.56260872219001e-001 1.55583824350719e+000 5.96837353705030e+001 2.80253548195013e-003 41963 319
5.52184923022723e+002 1.73711159027144e+006 3.17875321031035e-004 1.27262184514908e-002 7.98700384380627e-001 5.96841016854187e+001 3.19733624186022e-003 42087 320
5.52500779279632e+002 1.73710981081246e+006 3.18057475244350e-004 6.72902615436262e-001 1.55286606753746e+000 5.96851699757784e+001 3.19742535997755e-003 42246 321
5.52017055939719e+002 1.73710032017373e+006 3.17780746999557e-004 4.35499130222480e-002 1.52841752327036e+000 5.96852739514540e+001 3.23418477122427e-003 42252 322
5.52237777202683e+002 1.73710869543681e+006 3.17906277281031e-004 2.15460676900540e-001 1.55334545075838e+000 2.77216291576725e+002 3.23527634958776e-003 42391 323
5.52070971395453e+002 1.73710402230023e+006 3.17811107291840e-004 8.98373363444929e-001 1.56341249839778e+000 2.77216432069164e+002 3.23532354651758e-003 42437 324
5.52079052479845e+002 1.73710212066397e+006 3.17816107253879e-004 6.50868251594592e-001 1.56676818094424e+000 2.77223234247876e+002 3.23541945176672e-003 42622 325
5.52607757419599e+002 1.73711068214125e+006 3.18118899653068e-004 7.75780510879849e-002 1.53829281762139e+000 2.77223806958283e+002 3.24574411130849e-003 42745 326
5.52245415215189e+002 1.73710781855870e+006 3.17910834728004e-004 7.80205694753868e-001 1.55650938001648e+000 2.77225189837266e+002 3.24580847283181e-003 42920 327
5.52159270388227e+002 1.73710671191431e+006 3.17861446280275e-004 8.17957090975677e-001 1.55852278954436e+000 2.77225189837266e+002 3.24586648122488e-003 42920 328
5.52441492493735e+002 1.73710951214732e+006 3.18023400370653e-004 5.81682790612507e-001 1.55334545075838e+000 2.77228361694345e+002 3.24598926893189e-003 43065 329
5.52314807055333e+002 1.73711006396776e+006 3.17950370503390e-004 3.61949522385327e-002 1.49188852183599e+000 2.77228419565909e+002 3.30108927124418e-003 43099 330
5.52228738422192e+002 1.73710595372175e+006 3.17901575684566e-004 7.25669118320261e-001 1.55986506256294e+000 2.77228638920854e+002 3.30116475955981e-003 43144 331
5.52042600277589e+002 1.73710164749973e+006 3.17795209329212e-004 9.65086825159459e-001 1.56772694738609e+000 2.77230622214128e+002 3.30120507603891e-003 43295 332
5.52325999345630e+002 1.73710999880568e+006 3.17956825481761e-004 6.10370189519944e-001 1.55248256096072e+000 2.77230625870835e+002 3.30131552269423e-003 43306 333
5.52021470127728e+002 1.73711067140919e+006 3.17781394491088e-004 4.32752464369640e-001 1.55104441129795e+000 2.77236093076866e+002 3.30155087527350e-003 43689 334
5.52054178491720e+002 1.73710112197484e+006 3.17801970721566e-004 5.41550950651570e-001 1.56849396053957e+000 2.77236337291715e+002 3.30169459720126e-003 43713 335
5.52641590322812e+002 1.73711049116446e+006 3.18138411165596e-004 8.93063142796106e-001 1.55171554780725e+000 2.77236338523791e+002 3.30174240633404e-003 43717 336
5.52682229457226e+002 1.73711166323568e+006 3.18161591166226e-004 9.37345500045778e-001 1.54960626163518e+000 2.77686912268264e+002 3.30178538509060e-003 43883 337
5.52374482991200e+002 1.73710791058435e+006 3.17985118257672e-004 5.33463545640431e-002 1.52860927655873e+000 2.77696573214407e+002 3.32530952040393e-003 43988 338
5.52004797965377e+002 1.73710143870173e+006 3.17773485811775e-004 9.97619556260872e-001 1.56811045396283e+000 2.78348341391284e+002 3.32534700097757e-003 44055 339
5.52042894663789e+002 1.73710057080485e+006 3.17795575775826e-004 8.19666127506333e-001 1.56964448026978e+000 2.78348511426896e+002 3.32540474792502e-003 44143 340
5.52683893236919e+002 1.73711165239223e+006 3.18162550937289e-004 6.20685445722831e-001 1.54951038499100e+000 2.78548064837375e+002 3.32551119037532e-003 44367 341
5.52769540603105e+002 1.73711063464878e+006 3.18212041835352e-004 3.14218573564867e-001 1.55075678136540e+000 2.78614440743876e+002 3.32598710977692e-003 44473 342
5.52907625132823e+002 1.73711210292389e+006 3.18291263719025e-004 2.91421246986297e-001 1.54797635868404e+000 2.78614445022567e+002 3.32654876646948e-003 44489 343
5.52020375064511e+002 1.73710691089943e+006 3.17781452033227e-004 2.95724356822413e-001 1.55737226981414e+000 2.78615449098826e+002 3.32709269263525e-003 44517 344
5.52054640045119e+002 1.73710958425712e+006 3.17800688259899e-004 4.56984160893582e-001 1.55305782082583e+000 2.78640110813673e+002 3.32730146828294e-003 44701 345
5.52071932523530e+002 1.73710473527069e+006 3.17811530143756e-004 5.68620868556780e-001 1.56197434873501e+000 2.78640110813673e+002 3.32743056156625e-003 44701 346
5.52188967734204e+002 1.73710640221894e+006 3.17878598818054e-004 3.01461836603900e-001 1.55833103625599e+000 2.78645294969516e+002 3.32795197930635e-003 44797 347
5.52042740565190e+002 1.73710000422387e+006 3.17795590719314e-004 9.40336313974426e-001 1.57069912335582e+000 2.78645587676731e+002 3.32799466748592e-003 45004 348
5.52020063652692e+002 1.73710069072764e+006 3.17782410666950e-004 2.43202002014222e-001 1.56820633060701e+000 2.78647333575469e+002 3.32883104339961e-003 45303 349
5.52293252476946e+002 1.73711237779305e+006 3.17937538715388e-004 2.98104800561541e-001 1.54749697546312e+000 2.78647358948922e+002 3.32936536295583e-003 45336 350
5.52291360926322e+002 1.73710802657517e+006 3.17937246197585e-004 7.56981109042634e-001 1.55612587343974e+000 2.78682515828853e+002 3.32943414845077e-003 45574 351
5.52241193498624e+002 1.73710464396871e+006 3.17908985398048e-004 7.95312356944487e-001 1.56226197866756e+000 2.79048165054767e+002 3.32949585508688e-003 45942 352
5.52372715292924e+002 1.73710985383517e+006 3.17983744928926e-004 6.47602771080660e-001 1.55277019089328e+000 2.79094970447343e+002 3.32959281249424e-003 46150 353
5.52133655793247e+002 1.73710349929547e+006 3.17847288560370e-004 6.57399212622455e-001 1.56427538819544e+000 2.79095153661565e+002 3.32968663289109e-003 46174 354
5.52452265818098e+002 1.73710835577559e+006 3.18029813946687e-004 6.69881282998138e-002 1.53800518768883e+000 2.79098840957285e+002 3.34394605442022e-003 46314 355
5.52285242130715e+002 1.73710562689720e+006 3.17934162995302e-004 6.86758018738365e-001 1.56044032242805e+000 2.79099354336067e+002 3.34403127395908e-003 46388 356
5.52044449368946e+002 1.73710143098297e+006 3.17796313409332e-004 9.19156468398083e-001 1.56811045396283e+000 2.79101406678244e+002 3.34407615597369e-003 46551 357
5.52024546256877e+002 1.73710172184127e+006 3.17784802544138e-004 4.29303872798853e-001 1.56724756416517e+000 2.79101453615260e+002 3.34431573311907e-003 46589 358
5.52315729762749e+002 1.73710597029283e+006 3.17951650962230e-004 1.45054475539415e-001 1.55622175008393e+000 3.37761785610934e+002 3.34692258330867e-003 46928 359
5.52494280076341e+002 1.73711079543654e+006 3.18053553577593e-004 8.15820795312357e-001 1.55114028794214e+000 3.37761792606840e+002 3.34698091953007e-003 46938 360
5.52032520607636e+002 1.73710152685182e+006 3.17789428822169e-004 8.41731009857479e-001 1.56791870067446e+000 3.37769122011120e+002 3.34703538830112e-003 47149 361
5.52466024942398e+002 1.73711076550984e+006 3.18037293467211e-004 6.78334910122990e-001 1.55114028794214e+000 3.37769288636694e+002 3.34712294101686e-003 47207 362
5.52026747864416e+002 1.73710135253644e+006 3.17786137507563e-004 1.26651814325388e-002 7.12411404614399e-001 3.37780857773057e+002 3.71115353370822e-003 47630 363
5.52106206610926e+002 1.73710624723575e+006 3.17830984085672e-004 9.08963286233101e-001 1.55938567934202e+000 3.37829045053608e+002 3.71119952763273e-003 47670 364
5.52367147774960e+002 1.73710975109860e+006 3.17980558688771e-004 6.58131656849879e-001 1.55296194418165e+000 3.37829706321845e+002 3.71129310557798e-003 47783 365
5.52240719815342e+002 1.73711172934079e+006 3.17907416019129e-004 3.86974700155644e-001 1.54903100177007e+000 3.37833720828846e+002 3.71159407762220e-003 47988 366
5.52023778513602e+002 1.73710784459589e+006 3.17783240487157e-004 4.14532914212470e-001 1.55612587343974e+000 3.37834093332382e+002 3.71185281198691e-003 47997 367
5.52017848811682e+002 1.73710361663144e+006 3.17780600388360e-004 7.01010162663655e-001 1.56408363490707e+000 3.37841200529966e+002 3.71193426880075e-003 48342 368
5.52282161882704e+002 1.73711104819690e+006 3.17931397562447e-004 4.93545335245827e-001 1.55046915143284e+000 3.37842185594568e+002 3.71211051568616e-003 48451 369
5.52478112040824e+002 1.73710946345229e+006 3.18044490020046e-004 4.94979705191198e-001 1.55334545075838e+000 3.37842205694726e+002 3.71228565042487e-003 48465 370
5.52034115555482e+002 1.73710046586744e+006 3.17790541087880e-004 8.25556199835200e-001 1.56983623355815e+000 3.37842261178112e+002 3.71234249485004e-003 48474 371
5.52036034622110e+002 1.73710107958649e+006 3.17791533564575e-004 1.76152836695456e-001 1.56628879772332e+000 3.37856191394172e+002 3.71404296523083e-003 48822 372
5.52211971769244e+002 1.73710423994653e+006 3.17892237247026e-004 5.30808435316019e-001 1.56283723853267e+000 3.37856223534702e+002 3.71419315963208e-003 48839 373
5.52218431477857e+002 1.73710802177914e+006 3.17895263824962e-004 7.39066743980224e-001 1.55612587343974e+000 3.37856706882744e+002 3.71426566662675e-003 48966 374
5.52114039410621e+002 1.73710365436373e+006 3.17835967607463e-004 3.03292947172460e-001 1.56331662175359e+000 3.37858723710153e+002 3.71478020937410e-003 49162 375
5.52138476141698e+002 1.73710908240105e+006 3.17849041917799e-004 5.79485457930235e-001 1.55411246391186e+000 3.37858725845775e+002 3.71490402534179e-003 49172 376
5.52028114407880e+002 1.73710506307572e+006 3.17786245379829e-004 4.96200445570238e-001 1.56130321222571e+000 3.37859795779969e+002 3.71507823225890e-003 49220 377
5.52121397165697e+002 1.73710318150912e+006 3.17840289771284e-004 4.59456160161138e-001 1.56465889477218e+000 3.37860114036213e+002 3.71528457326403e-003 49263 378
5.52125476785458e+002 1.73711077727677e+006 3.17841248477281e-004 7.55088961455123e-001 1.55114028794214e+000 3.37865798256464e+002 3.71535373261755e-003 49285 379
5.52317357753623e+002 1.73710938169866e+006 3.17951963739694e-004 9.77355265968810e-001 1.55372895733512e+000 3.37869650674255e+002 3.71539293857204e-003 49297 380
5.52072648434373e+002 1.73710206981017e+006 3.17812429932447e-004 4.59608752708518e-001 1.56667230430006e+000 3.37879052557882e+002 3.71559913102334e-003 49549 381
5.52088573210684e+002 1.73710492012664e+006 3.17821075874663e-004 4.50758384960479e-001 1.56149496551408e+000 3.37888755519548e+002 3.71581432767837e-003 49576 382
5.52049672077479e+002 1.73710110216567e+006 3.17799380130616e-004 2.60292367320780e-001 1.56763107074190e+000 3.37893408013338e+002 3.71653462759700e-003 49699 383
5.52092387782582e+002 1.73710293517326e+006 3.17823634981207e-004 7.26859340189825e-001 1.56533003128147e+000 3.37903289620527e+002 3.71660984760579e-003 50147 384
5.52189940509899e+002 1.73710546705038e+006 3.17879329945595e-004 6.86574907681509e-001 1.56072795236061e+000 3.38604982218033e+002 3.71669511740526e-003 50382 385
5.52613333830235e+002 1.73711105263270e+006 3.18122041967855e-004 1.06845301675466e-001 1.54385366298410e+000 3.38605096298845e+002 3.72180147354931e-003 50482 386
5.52079229133997e+002 1.73710178478137e+006 3.17816270400927e-004 7.98547318948942e-001 1.56743931745354e+000 3.38605964924244e+002 3.72186263345461e-003 50716 387
5.52180470498380e+002 1.73710714619507e+006 3.17873571074624e-004 8.92208624530778e-001 1.55775577639088e+000 3.38607049974230e+002 3.72191054803055e-003 50791 388
5.52458567830714e+002 1.73711108178264e+006 3.18032942739415e-004 2.15338602862636e-001 1.54903100177007e+000 3.38687149057119e+002 3.72300339576722e-003 51091 389
5.52043754909384e+002 1.73710632089762e+006 3.17795019040525e-004 7.19626453444014e-001 1.55919392605365e+000 3.38691770881885e+002 3.72308028504812e-003 51401 390
5.52359303011093e+002 1.73710958675884e+006 3.17976072785126e-004 1.55888546403394e-001 1.55018152150029e+000 3.38691860737094e+002 3.72530486055101e-003 51482 391
5.52843674984630e+002 1.73711212166512e+006 3.18254446229763e-004 4.96108890041810e-001 1.54855161854915e+000 3.38861555555523e+002 3.72547910293900e-003 51801 392
5.52049801497112e+002 1.73710131510308e+006 3.17799415677332e-004 1.32328257087924e-001 1.56389188161870e+000 3.38861770180334e+002 3.72866979314640e-003 51875 393
5.52223060230513e+002 1.73710784355085e+006 3.17897961072650e-004 3.79955442976165e-002 1.50157206289865e+000 3.38862271425806e+002 3.77822364503164e-003 51937 394
5.52289760727495e+002 1.73711158780710e+006 3.17935673214663e-004 8.26837977233192e-001 1.54970213827937e+000 3.38956646082701e+002 3.77828028319340e-003 52068 395
5.52048411299769e+002 1.73710153121630e+006 3.17798575842799e-004 8.72859889522996e-001 1.56791870067446e+000 3.38958747482027e+002 3.77833056963620e-003 52188 396
5.52035620004127e+002 1.73710036485242e+006 3.17791425636718e-004 8.58577227088229e-001 1.57002798684652e+000 3.38959271617937e+002 3.77838271503139e-003 52214 397
5.52450260859133e+002 1.73711081236189e+006 3.18028210003878e-004 9.54985198522904e-001 1.55114028794214e+000 3.38971659718109e+002 3.77842396790281e-003 52302 398
5.52036687106809e+002 1.73710568393485e+006 3.17791066846744e-004 7.12576677755058e-001 1.56034444578387e+000 3.38971712341012e+002 3.77850254164610e-003 52311 399
5.52035028124539e+002 1.73710665296646e+006 3.17789934543402e-004 7.91070284127323e-001 1.55861866618854e+000 3.38985709618891e+002 3.77856497624639e-003 52382 400
5.52112727062440e+002 1.73710220625620e+006 3.17835477085132e-004 7.86523026215399e-001 1.56667230430006e+000 3.39165710511308e+002 3.77862821187352e-003 52474 401
5.52428019309240e+002 1.73710674101742e+006 3.18016151593855e-004 1.75786614581744e-001 1.55602999679556e+000 3.39254213253968e+002 3.78033631693649e-003 53232 402
5.52339730761735e+002 1.73710941776120e+006 3.17964836584355e-004 3.98968474379711e-001 1.55324957411420e+000 3.39254812042138e+002 3.78061776544907e-003 53397 403
5.52343946091730e+002 1.73711158321278e+006 3.17966866846654e-004 2.32276375621815e-001 1.54835986526078e+000 3.39255183376944e+002 3.78154291146892e-003 53517 404
5.52068363336542e+002 1.73710832804479e+006 3.17808818158838e-004 3.81115146336253e-001 1.55516710699789e+000 3.39282729906224e+002 3.78185419345562e-003 53633 405
5.52041310308744e+002 1.73710095828193e+006 3.17794592820075e-004 2.27851191747795e-001 1.56753519409772e+000 3.39283220218392e+002 3.78281956727191e-003 53723 406
5.52513290023460e+002 1.73710986077272e+006 3.18064668141365e-004 9.65422528763695e-001 1.55286606753746e+000 3.39283269542844e+002 3.78285984662946e-003 53736 407
5.52519797295411e+002 1.73711034992701e+006 3.18068324609479e-004 6.67439802240059e-002 1.53426599856563e+000 3.39285035824030e+002 3.79723240994312e-003 53822 408
5.52224953757341e+002 1.73710416750635e+006 3.17899723853296e-004 7.96533097323527e-001 1.56312486846522e+000 3.39285240923022e+002 3.79729390914750e-003 53862 409
5.52282021440132e+002 1.73710949915988e+006 3.17931600223773e-004 5.59862056337168e-001 1.55334545075838e+000 3.39313329130951e+002 3.79742747218453e-003 53978 410
5.52027813803507e+002 1.73710077536062e+006 3.17786856727463e-004 2.39783928952910e-001 1.56801457731864e+000 3.67946360692978e+002 3.79829030142747e-003 54211 411
5.52298588227842e+002 1.73710509873679e+006 3.17941942614402e-004 6.91549424726096e-001 1.56139908886990e+000 3.68341200648969e+002 3.79837422818113e-003 54308 412
5.52044644095911e+002 1.73710260649276e+006 3.17796210453003e-004 4.68153935361797e-001 1.56571353785821e+000 3.68341313937114e+002 3.79857223037026e-003 54328 413
5.52233943078679e+002 1.73710615073818e+006 3.17904535793901e-004 9.86266670735801e-001 1.55957743263039e+000 3.68360124305741e+002 3.79861066438721e-003 54401 414
5.52314886080091e+002 1.73710993354504e+006 3.17950439867277e-004 7.55882442701499e-001 1.55267431424909e+000 3.68360124672321e+002 3.79867966612215e-003 54404 415
5.52403245509482e+002 1.73711042784774e+006 3.18001215140567e-004 8.49085970641194e-001 1.55181142445143e+000 3.68362272615867e+002 3.79873309287269e-003 54493 416
5.52065260392882e+002 1.73711224983277e+006 3.17806314393140e-004 1.66997283852657e-001 1.54577119586779e+000 3.68389718916550e+002 3.80064485561531e-003 54506 417
5.52175348156243e+002 1.73710593429430e+006 3.17870844061652e-004 4.09558397167882e-001 1.55957743263039e+000 3.68406597451027e+002 3.80091056599907e-003 54708 418
5.52198273408623e+002 1.73710669948311e+006 3.17883901416662e-004 5.77349162266915e-001 1.55842691290017e+000 3.68408989380262e+002 3.80103539994014e-003 54865 419
5.52855448587913e+002 1.73711205042064e+006 3.18261236969577e-004 4.19110690633869e-001 1.54855161854915e+000 3.68409819533581e+002 3.80128792239910e-003 54917 420
5.52489217062315e+002 1.73710896875849e+006 3.18050973410091e-004 3.80352183599353e-001 1.55401658726768e+000 3.68409821139163e+002 3.80160057391677e-003 54920 421
5.52568634344161e+002 1.73711031458380e+006 3.18096445037384e-004 8.25525681325724e-002 1.54049798043764e+000 3.68409828574096e+002 3.81060640984918e-003 54944 422
5.52080751783000e+002 1.73710835764214e+006 3.17815944391841e-004 2.19580675679800e-001 1.55401658726768e+000 3.68464147609940e+002 3.81165344797036e-003 55212 423
5.52108703529349e+002 1.73710414927301e+006 3.17832805344167e-004 4.22376171147801e-001 1.56283723853267e+000 3.68464507758197e+002 3.81190174883904e-003 55289 424
5.52715376058603e+002 1.73711090980243e+006 3.18180810613494e-004 8.42097231971191e-001 1.55094853465377e+000 3.68644969412009e+002 3.81195615501721e-003 55374 425
5.52007169431054e+002 1.73710116379004e+006 3.17774901287816e-004 1.55796990874966e-001 1.56542590792566e+000 3.68644981052349e+002 3.81418404883311e-003 55385 426
5.52093249645497e+002 1.73710302678416e+006 3.17824114369423e-004 9.95880001220740e-001 1.56523415463729e+000 3.68645120244202e+002 3.81422167314378e-003 55401 427
5.52008706295900e+002 1.73710047767715e+006 3.17775911531123e-004 9.14151432844020e-001 1.56983623355815e+000 3.79328919318091e+002 3.81426709768784e-003 55783 428
5.52292355600471e+002 1.73711040657238e+006 3.17937383197709e-004 5.73931089205603e-001 1.55171554780725e+000 3.79376952858223e+002 3.81439355972693e-003 55827 429
5.52081725921442e+002 1.73710196144498e+006 3.17817675408049e-004 2.88003173924985e-001 1.56628879772332e+000 3.79377810430999e+002 3.81497013004344e-003 55884 430
5.52355958474220e+002 1.73710959407240e+006 3.17974146100659e-004 3.24076052125614e-001 1.55267431424909e+000 3.79377979185691e+002 3.81541479828250e-003 55889 431
5.52533872335678e+002 1.73711189089196e+006 3.18076145007697e-004 4.80086672566912e-001 1.54893512512589e+000 3.79382511755254e+002 3.81560209220237e-003 56290 432
5.52677685619730e+002 1.73711083966092e+006 3.18159126264680e-004 4.87777336954863e-001 1.55085265800958e+000 3.80146394170948e+002 3.81578295812918e-003 56681 433
5.52447392459586e+002 1.73710816187325e+006 3.18027044003279e-004 2.14697714163640e-001 1.55430421720023e+000 3.80160035974503e+002 3.81688310661309e-003 56968 434
5.52466938856317e+002 1.73710724001602e+006 3.18038465042700e-004 7.36716818750572e-002 1.54308664983062e+000 3.80160036205024e+002 3.82845228867762e-003 56970 435
5.52720158284472e+002 1.73711185936689e+006 3.18183389659968e-004 5.03891109958190e-001 1.54903100177007e+000 3.80160527519808e+002 3.82862066735180e-003 57057 436
5.52074884786480e+002 1.73710163651074e+006 3.17813796611153e-004 8.68037965025788e-001 1.56772694738609e+000 3.80166772928119e+002 3.82867157036186e-003 57341 437
5.52371776713236e+002 1.73710869665559e+006 3.17983416443252e-004 4.65468306527909e-001 1.55468772377697e+000 3.82213473769618e+002 3.82887207115324e-003 57657 438
5.52033737694361e+002 1.73710074003470e+006 3.17790273406892e-004 8.94711142307810e-001 1.56935685033723e+000 3.82213875486380e+002 3.82891969538507e-003 57742 439
5.52137589824207e+002 1.73710370234845e+006 3.17849516113465e-004 6.30756553849910e-001 1.56389188161870e+000 3.82215984295841e+002 3.82902245546771e-003 57806 440
5.52395346675144e+002 1.73711200924780e+006 3.17996378537860e-004 7.98364207892087e-001 1.54893512512589e+000 3.82215985577100e+002 3.82908363196116e-003 57822 441
5.52514030822932e+002 1.73710901129906e+006 3.18065250135315e-004 9.48728904080325e-001 1.55440009384442e+000 3.82956484964134e+002 3.82912548814446e-003 58061 442
5.52005999437716e+002 1.73710249407942e+006 3.17773984401349e-004 6.18610187078463e-002 1.54557944257942e+000 3.82959487510611e+002 3.84611868346327e-003 58094 443
5.52062616510789e+002 1.73710287877500e+006 3.17806506839603e-004 2.00109866634114e-001 1.56360425168615e+000 3.82978299801472e+002 3.84740316763414e-003 58138 444
5.52291546688955e+002 1.73710624943629e+006 3.17937678399829e-004 1.89550462355419e-001 1.55727639316996e+000 3.83094386962770e+002 3.84885026027653e-003 58160 445
5.52382321463030e+002 1.73711226859235e+006 3.17988832864702e-004 7.69219031342509e-001 1.54845574190497e+000 3.83094442075313e+002 3.84891665174299e-003 58197 446
5.52275058233222e+002 1.73710727912852e+006 3.17927998035119e-004 5.69139683217872e-001 1.55737226981414e+000 3.83109771409311e+002 3.84904547968023e-003 58279 447
5.52118807603485e+002 1.73710974972125e+006 3.17837597250412e-004 3.05490279854732e-001 1.55229080767235e+000 3.84146920234699e+002 3.84955184278642e-003 58385 448
5.52013247982874e+002 1.73710246423042e+006 3.17778162640579e-004 2.81075472273934e-001 1.56533003128147e+000 3.84146923245049e+002 3.85016013704599e-003 58387 449
5.52029029835497e+002 1.73710154866857e+006 3.17787415292839e-004 6.86330759605701e-001 1.56782282403027e+000 3.84147457821780e+002 3.85024547754053e-003 58468 450
5.52039382162757e+002 1.73710343450815e+006 3.17793029829068e-004 1.52897732474746e-002 1.19131524231697e+000 3.84148044495422e+002 4.19206530318695e-003 58513 451
5.52447924939487e+002 1.73711178772479e+006 3.18026686721195e-004 5.75151829584643e-001 1.54922275505844e+000 3.84148230700295e+002 4.19219116909396e-003 58570 452
5.52218570325438e+002 1.73710469581075e+006 3.17895952417364e-004 4.98580889309366e-001 1.56197434873501e+000 3.84156877248717e+002 4.19236355248230e-003 58611 453
5.52081325362947e+002 1.73710248911273e+006 3.17817348276756e-004 9.13785210730308e-001 1.56619292107913e+000 3.84157173177064e+002 4.19240901662625e-003 58665 454
5.52387450416598e+002 1.73711040728760e+006 3.17992126165525e-004 1.95928830835902e-001 1.54989389156774e+000 3.84157180136488e+002 4.19375431758015e-003 58675 455
5.52016635850385e+002 1.73710144842953e+006 3.17780298765957e-004 7.08212530899991e-001 1.56801457731864e+000 3.84307265735541e+002 4.19383396451725e-003 59390 456
5.52012174879469e+002 1.73710326892450e+006 3.17777397678869e-004 8.13013092440565e-001 1.56475477141636e+000 3.84307269329515e+002 4.19389275515643e-003 59399 457
5.52013774126458e+002 1.73710514330908e+006 3.17777975427324e-004 9.93926816614277e-001 1.56139908886990e+000 3.84307270920790e+002 4.19393054123473e-003 59410 458
5.52728652932788e+002 1.73711091047764e+006 3.18188453567045e-004 8.44935453352458e-001 1.55094853465377e+000 3.84307329640630e+002 4.19398454616050e-003 59421 459
5.52031398759995e+002 1.73710068873857e+006 3.17788936332576e-004 5.24613177892392e-001 1.56926097369304e+000 3.84315036436898e+002 4.19413867501560e-003 59475 460
5.52082528657690e+002 1.73710336372261e+006 3.17817880961493e-004 5.78691976683859e-001 1.56446714148381e+000 3.84628808500060e+002 4.19426287958725e-003 59665 461
5.52412934252862e+002 1.73710670017804e+006 3.18007475058748e-004 1.01321451460311e-001 1.55094853465377e+000 3.84640239480400e+002 4.20000274965341e-003 59789 462
5.52380939008699e+002 1.73710876847288e+006 3.17988677747550e-004 5.79454939420759e-001 1.55468772377697e+000 3.84640744641399e+002 4.20012658113605e-003 59865 463
5.52200591383858e+002 1.73710546296662e+006 3.17885462083944e-004 9.96673482467116e-001 1.56082382900479e+000 3.84640928309877e+002 4.20016413829316e-003 59922 464
5.52030058932445e+002 1.73710104678991e+006 3.17788099529118e-004 8.17499313333537e-001 1.56878159047212e+000 3.84641000673514e+002 4.20022222243010e-003 59981 465
5.52059552635797e+002 1.73710222058400e+006 3.17804863472113e-004 3.42020935697501e-001 1.56609704443495e+000 3.84641175951402e+002 4.20061723414833e-003 60016 466
5.52152797049460e+002 1.73711098521953e+006 3.17856937842378e-004 2.94381542405469e-001 1.54998976821192e+000 3.84641177735552e+002 4.20116656427017e-003 60023 467
5.52042922866074e+002 1.73710538154587e+006 3.17794711907784e-004 7.84966582232124e-001 1.56091970564898e+000 3.84713609316021e+002 4.20123007351399e-003 60176 468
5.52383794002160e+002 1.73710730771552e+006 3.17990588681566e-004 8.92208624530778e-001 1.55746814645833e+000 3.84729767566209e+002 4.20127798790821e-003 60272 469
5.52143870845082e+002 1.73710455524550e+006 3.17852975851871e-004 9.24436170537431e-001 1.56245373195593e+000 3.84730682092882e+002 4.20132230653909e-003 60356 470
5.52507968331868e+002 1.73710775735937e+006 3.18061989741241e-004 1.14932706686605e-001 1.55075678136540e+000 3.84734554152737e+002 4.20567208852070e-003 60649 471
5.52370385502978e+002 1.73710787719337e+006 3.17982765571332e-004 8.02331614123966e-001 1.55641350337230e+000 3.84745617277358e+002 4.20573260967209e-003 60869 472
5.52091746545852e+002 1.73710667662908e+006 3.17822581298265e-004 9.65697195348979e-001 1.55861866618854e+000 3.84745634020257e+002 4.20577286731632e-003 60886 473
5.52301219662702e+002 1.73711158830138e+006 3.17942269668787e-004 3.98480178228095e-001 1.54931863170263e+000 3.84745638538354e+002 4.20605505348827e-003 60901 474
5.52055381342143e+002 1.73710124206273e+006 3.17802641198398e-004 7.30582598345897e-001 1.56839808389538e+000 3.85148433494096e+002 4.20612943361836e-003 61349 475
5.52130142845940e+002 1.73710759179295e+006 3.17844517438929e-004 3.29477828302866e-001 1.55631762672811e+000 3.85149235427310e+002 4.20655824622362e-003 61368 476
5.52071629598655e+002 1.73711032954315e+006 3.17810332264162e-004 4.61104159672842e-001 1.55171554780725e+000 3.85149240815717e+002 4.20676293486502e-003 61376 477
5.52016287359657e+002 1.73710095780444e+006 3.17780187903248e-004 7.07724234748375e-002 1.55324957411420e+000 3.85149415981715e+002 4.21940339506086e-003 61478 478
5.52639612211409e+002 1.73711036028089e+006 3.18137296399281e-004 6.88497573778497e-002 1.53532064165166e+000 3.85150512769695e+002 4.23282708897628e-003 61492 479
5.52457843216318e+002 1.73710745326556e+006 3.18033189916735e-004 2.12469862971892e-001 1.55555061357463e+000 3.85151818834090e+002 4.23395279781857e-003 61513 480
5.52035550622509e+002 1.73710044762000e+006 3.17791370553872e-004 4.81887264625996e-001 1.56964448026978e+000 3.85189647555503e+002 4.23413859983328e-003 61911 481
5.52266128319846e+002 1.73711010530620e+006 3.17922340113152e-004 7.90734580523087e-002 1.53982684392834e+000 3.85198924547683e+002 4.24403904637882e-003 61942 482
5.52016440312359e+002 1.73710869331893e+006 3.17778860847316e-004 2.90719321268349e-001 1.55411246391186e+000 3.85198932562634e+002 4.24460375923792e-003 61965 483
5.52505007648357e+002 1.73711077877834e+006 3.18059732152535e-004 2.94045838801233e-001 1.55037327478866e+000 3.85200792501089e+002 4.24515447439884e-003 61978 484
5.52055071798537e+002 1.73710297227880e+006 3.17802146460439e-004 9.80773339030122e-001 1.56533003128147e+000 3.85201590722482e+002 4.24519338546875e-003 62136 485
5.52003561691904e+002 1.73710014285950e+006 3.17773011176460e-004 3.02133243812372e-002 1.48335550050356e+000 3.85201592095186e+002 4.32712123568583e-003 62143 486
5.52456822715527e+002 1.73710821541020e+006 3.18032462910811e-004 5.31754509109775e-001 1.55564649021882e+000 3.85209252891802e+002 4.32727083040220e-003 62456 487
5.52040685250079e+002 1.73711153995220e+006 3.17792297137915e-004 4.88906521805475e-002 1.51672057267983e+000 3.85209253327713e+002 4.35575467307011e-003 62461 488
5.52041422694157e+002 1.73710050133505e+006 3.17794741113532e-004 4.82894375438704e-001 1.56954860362560e+000 3.86068564159357e+002 4.35593962362267e-003 62601 489
5.52030400360123e+002 1.73711188758883e+006 3.17786312857210e-004 7.56187627796258e-001 1.54912687841426e+000 3.86077628265009e+002 4.35600855924067e-003 62663 490
5.52819782082553e+002 1.73711189883883e+006 3.18240732672093e-004 4.26221503341777e-001 1.54883924848170e+000 3.86483945623816e+002 4.35625190748205e-003 63164 491
5.52019889320379e+002 1.73710717254011e+006 3.17781124541268e-004 5.74663533433027e-001 1.55756402310251e+000 3.86484414319884e+002 4.35637802710587e-003 63222 492
5.52430026696379e+002 1.73710817657668e+006 3.18017044374143e-004 2.55623035370952e-001 1.55478360042116e+000 3.86499493107924e+002 4.35712749846557e-003 63487 493
5.52096214999954e+002 1.73710280432527e+006 3.17825862139874e-004 4.52406384472182e-001 1.56533003128147e+000 3.86507154737506e+002 4.35734098034160e-003 63857 494
5.52178935352987e+002 1.73710385507378e+006 3.17873289580326e-004 5.08346812341685e-001 1.56350837504196e+000 3.86718911207572e+002 4.35750616394303e-003 63967 495
5.52037638287893e+002 1.73710310750059e+006 3.17792085755017e-004 3.62010559404279e-001 1.56456301812799e+000 3.86718970767399e+002 4.35785477048475e-003 63983 496
5.52428824701557e+002 1.73710741426275e+006 3.18016491981189e-004 6.36799218726157e-001 1.55718051652577e+000 3.86718970886115e+002 4.35795539061799e-003 63985 497
5.52015396051429e+002 1.73710386505020e+006 3.17779142961022e-004 9.14853358561968e-001 1.56370012833033e+000 3.86719274422530e+002 4.35800073740162e-003 64074 498
5.52058421210903e+002 1.73710265611916e+006 3.17804132461798e-004 1.86162907803583e-001 1.56370012833033e+000 3.87125524594418e+002 4.35950649416029e-003 64581 499
5.52093691205531e+002 1.73710704191118e+006 3.17823633947609e-004 8.06604205450606e-002 1.54586707251198e+000 3.87142963337665e+002 4.36898506085127e-003 64691 500
5.52044731048965e+002 1.73710201500890e+006 3.17796368719103e-004 6.51905880916776e-001 1.56695993423261e+000 3.87145995563179e+002 4.36908063066092e-003 64778 501
5.52726341691556e+002 1.73711040599082e+006 3.18187215465471e-004 1.22989593188269e-001 1.54672996230964e+000 3.87146307037826e+002 4.37282772398671e-003 64827 502
5.52154098002543e+002 1.73711035424201e+006 3.17857802216663e-004 3.89416180913724e-001 1.55152379451888e+000 3.87253771380292e+002 4.37312457548771e-003 65126 503
5.52242697100831e+002 1.73710803889762e+006 3.17909229668245e-004 8.31171605578784e-001 1.55612587343974e+000 3.87254329520365e+002 4.37318057244395e-003 65176 504
5.52571487960123e+002 1.73711183470955e+006 3.18097809410743e-004 7.05313272499771e-001 1.54922275505844e+000 3.87260033264503e+002 4.37326092303913e-003 65383 505
5.52231982442492e+002 1.73710977733422e+006 3.17902743421719e-004 7.77275917844172e-001 1.55296194418165e+000 3.87350062295495e+002 4.37332581578583e-003 65803 506
5.52505718390028e+002 1.73710800732985e+006 3.18060648749371e-004 9.78118228705710e-001 1.55622175008393e+000 3.87364309938963e+002 4.37336495603543e-003 66129 507
5.52059227912877e+002 1.73710609202302e+006 3.17803968256237e-004 1.78502761925108e-001 1.55727639316996e+000 3.87384892697786e+002 4.37501643152599e-003 66212 508
5.52448548051287e+002 1.73711163533904e+006 3.18027073325289e-004 5.89983825189978e-001 1.54951038499100e+000 3.87418854692736e+002 4.37513544169386e-003 66481 509
5.52058399836165e+002 1.73710056375887e+006 3.17804502956161e-004 9.66826380199591e-002 1.56130321222571e+000 3.87468942437215e+002 4.38149965083655e-003 66714 510
5.52243176391335e+002 1.73710540566683e+006 3.17909987491441e-004 5.36820581682791e-002 1.53349898541215e+000 3.87486064415089e+002 4.40470587079742e-003 66926 511
5.52418796390493e+002 1.73710650174267e+006 3.18010886041873e-004 8.09289834284494e-001 1.55890629612110e+000 3.87486264494120e+002 4.40476525501076e-003 67022 512
5.52074330936464e+002 1.73710564685225e+006 3.17812744060470e-004 1.41361735892819e-001 1.55660525666066e+000 3.87514298313422e+002 4.40752428772131e-003 67069 513
5.52643447745612e+002 1.73711103343408e+006 3.18139381112706e-004 6.76442762535478e-001 1.55066090472121e+000 3.87514365383579e+002 4.40761237928711e-003 67124 514
5.52111986835288e+002 1.73710276077396e+006 3.17834949498336e-004 9.80101931821650e-001 1.56571353785821e+000 3.87532243706943e+002 4.40765134910219e-003 67199 515
5.52120731589899e+002 1.73710259742724e+006 3.17840013488819e-004 1.75084688863796e-001 1.56350837504196e+000 3.87620625353925e+002 4.40937469791587e-003 67457 516
5.52494130792822e+002 1.73711035412486e+006 3.18053548441035e-004 2.93893246253853e-001 1.55114028794214e+000 3.87624185034460e+002 4.40992605081043e-003 67721 517
5.52108745081300e+002 1.73710310336928e+006 3.17833020630433e-004 3.91552476577044e-001 1.56465889477218e+000 3.90670392913977e+002 4.41021939978160e-003 67755 518
5.52229882300361e+002 1.73711140216569e+006 3.17901237081790e-004 6.99270607623524e-001 1.54998976821192e+000 3.90676918584215e+002 4.41030128718104e-003 67904 519
5.52950244055696e+002 1.73711233482652e+006 3.18315755575496e-004 5.88854640339366e-001 1.54826398861660e+000 3.90718290261705e+002 4.41042079673190e-003 67983 520
5.52053526277193e+002 1.73710098792960e+006 3.17801619783637e-004 2.31971190527055e-001 1.56753519409772e+000 3.90729925281016e+002 4.41134885121298e-003 68050 521
5.52056517156741e+002 1.73710167570251e+006 3.17803215720106e-004 1.88055055391095e-001 1.56552178456984e+000 4.61573424767084e+002 4.41282149471352e-003 68061 522
5.52131289541408e+002 1.73710747180506e+006 3.17845199511203e-004 9.71129490035707e-001 1.55718051652577e+000 4.61574121199369e+002 4.41286125785816e-003 68175 523
5.52149007957716e+002 1.73710595486011e+006 3.17855677034525e-004 1.33243812372204e-001 1.55555061357463e+000 4.61577670949530e+002 4.41600362344553e-003 68470 524
5.52352538518170e+002 1.73710819492985e+006 3.17972433447075e-004 5.01907406842250e-001 1.55564649021882e+000 4.61623228556785e+002 4.41617349040880e-003 68611 525
5.52026360591570e+002 1.73710096504265e+006 3.17785985453845e-004 5.45030060731834e-001 1.56878159047212e+000 4.61635745924995e+002 4.41631520181566e-003 68728 526
5.52328535764855e+002 1.73710959265571e+006 3.17958359960142e-004 9.65666676839503e-001 1.55334545075838e+000 4.61645108499262e+002 4.41635545911375e-003 68777 527
5.52071168044446e+002 1.73710121687266e+006 3.17811733763657e-004 6.38813440351573e-001 1.56839808389538e+000 4.61681006138331e+002 4.41645539156646e-003 69103 528
5.52200596709983e+002 1.73710593293035e+006 3.17885379148010e-004 2.88064210943937e-001 1.55909804940947e+000 4.61687126372540e+002 4.41703165956961e-003 69147 529
5.52816629772088e+002 1.73711231299764e+006 3.18238842113656e-004 6.89199499496444e-001 1.54835986526078e+000 4.61688724917231e+002 4.41711619961508e-003 69357 530
