1.43855042333828e+003 1.73710939708369e+006 8.28128669905369e-004 5.22537919248024e-001 1.56350837504196e+000 1.13808920003762e-002 1.55474788717911e-007 323 1
1.43859339025080e+003 1.73711115654161e+006 8.28152565800583e-004 8.29432050538652e-001 1.56274136188849e+000 4.92023246398436e-002 2.11734670637566e-007 570 2
1.43842788748448e+003 1.73710383498608e+006 8.28060781252422e-004 9.87609485152745e-001 1.56791870067446e+000 5.70327540341936e+000 2.50056068380991e-007 725 3
1.43882175897261e+003 1.73710862021884e+006 8.28285239729967e-004 7.81304361095004e-001 1.56446714148381e+000 5.70685886650914e+000 3.14223912627605e-007 1070 4
1.43851263753066e+003 1.73710268983789e+006 8.28110115261539e-004 2.84920804467910e-001 1.56638467436750e+000 2.08452021650343e+001 9.04606190078452e-007 1836 5
1.43888022684388e+003 1.73711142383351e+006 8.28317560995486e-004 2.81289101840266e-001 1.56024856913968e+000 2.08452292099476e+001 1.51185985045190e-006 1876 6
1.43839409858227e+003 1.73710132329752e+006 8.28042527251473e-004 4.34125797296060e-001 1.56878159047212e+000 2.28644633553128e+001 1.74562270741188e-006 2004 7
1.43838616696867e+003 1.73710245394715e+006 8.28037422294261e-004 1.09897152623066e-001 1.55200317773980e+000 2.28777709689441e+001 6.54609346898709e-006 2239 8
1.43846762112330e+003 1.73710783563869e+006 8.28081747613190e-004 9.89135410626545e-001 1.56513827799310e+000 2.41590717600550e+001 6.58428447455251e-006 2801 9
1.43868260297020e+003 1.73710630957632e+006 8.28206233605831e-004 9.50651570177313e-002 1.54356603305155e+000 2.47359188819437e+001 1.31870009472074e-005 3709 10
1.43862017015263e+003 1.73710458060015e+006 8.28171117224671e-004 7.52159184545427e-001 1.56724756416517e+000 2.47790442118923e+001 1.32567673741222e-005 4006 11
1.43893275234156e+003 1.73711046948501e+006 8.28348253323829e-004 4.49232459486679e-002 1.46044098254341e+000 2.57337468287434e+001 4.74109849917925e-005 4158 12
1.43854712825921e+003 1.73710922433240e+006 8.28126855387005e-004 2.58796960356456e-001 1.56130321222571e+000 2.57559264155438e+001 4.81404440953329e-005 4385 13
1.43841699515967e+003 1.73710084755775e+006 8.28055934932617e-004 6.05578783532212e-001 1.56964448026978e+000 9.53690382145890e+001 4.82528411610839e-005 5575 14
1.43844717971369e+003 1.73710573052358e+006 8.28070983623022e-004 9.34842982268746e-001 1.56657642765587e+000 9.56118674581829e+001 4.82960827604550e-005 5806 15
1.43840438677421e+003 1.73710223311180e+006 8.28048016174422e-004 1.83629871517075e-001 1.56312486846522e+000 9.56352176463899e+001 4.98479072033510e-005 6395 16
1.43894838687612e+003 1.73710867005712e+006 8.28358111703101e-004 2.18207342753380e-002 1.03714559846797e+000 9.56352332673822e+001 1.94724737939668e-004 6416 17
1.43864799255291e+003 1.73710554425557e+006 8.28186674316219e-004 7.50755333109531e-001 1.56657642765587e+000 9.56358739081223e+001 1.94794791512607e-004 6429 18
1.43839850569434e+003 1.73709968961531e+006 8.28045843046656e-004 8.11914426099429e-001 1.57069912335582e+000 9.56358931428487e+001 1.94853758389264e-004 6441 19
1.43887814516391e+003 1.73710739098319e+006 8.28318285648829e-004 1.98858607745598e-001 1.56044032242805e+000 1.07424098750589e+002 1.96156054482800e-004 7284 20
1.43859712121593e+003 1.73710782507109e+006 8.28156301853734e-004 3.43119602038636e-001 1.56360425168615e+000 1.07425159633714e+002 1.96548283118468e-004 7427 21
1.43849141284180e+003 1.73710495331386e+006 8.28096817803171e-004 8.33338419751579e-001 1.56705581087680e+000 1.10326994362204e+002 1.96603965854392e-004 7946 22
1.43844675057562e+003 1.73710682549030e+006 8.28070214615897e-004 9.16165654469436e-002 1.54145674687948e+000 1.10330061456033e+002 2.03765415292806e-004 8177 23
1.43871556086113e+003 1.73710930733028e+006 8.28223777182856e-004 3.84746848963897e-001 1.56293311517685e+000 1.10338385555199e+002 2.04070297521432e-004 8549 24
1.43870706643200e+003 1.73710686963132e+006 8.28220049453670e-004 6.42628254036073e-001 1.56552178456984e+000 1.10368072005607e+002 2.04168928435516e-004 8872 25
1.43838797465185e+003 1.73710460879995e+006 8.28037435755740e-004 2.42500076296274e-001 1.56408363490707e+000 1.10376163866417e+002 2.05010623488470e-004 9401 26
1.43842115325668e+003 1.73710085743355e+006 8.28058323922542e-004 8.77224036378063e-001 1.56993211020234e+000 1.10380335489168e+002 2.05060361381225e-004 9579 27
1.43885558886321e+003 1.73710835537270e+006 8.28304840830457e-004 4.00097659230323e-001 1.56370012833033e+000 1.10708417657260e+002 2.05340101359299e-004 9721 28
1.43851348589400e+003 1.73710990481198e+006 8.28107164137079e-004 9.89226966154973e-001 1.56370012833033e+000 1.10780062582164e+002 2.05378284238815e-004 10207 29
1.43835790898831e+003 1.73710109941817e+006 8.28021800658408e-004 5.52812280648213e-001 1.56935685033723e+000 1.10794585143120e+002 2.05515643941949e-004 10329 30
1.43839930728445e+003 1.73710754318579e+006 8.28042560852710e-004 3.10525833918271e-001 1.56341249839778e+000 1.10794586171660e+002 2.06004188111277e-004 10332 31
1.43836717070120e+003 1.73710081464653e+006 8.28027268103633e-004 5.50279244361705e-001 1.56954860362560e+000 1.10794627869961e+002 2.06142942735465e-004 10354 32
1.43869625024873e+003 1.73711147088770e+006 8.28211629138023e-004 1.11606189153722e-001 1.54625057908872e+000 1.10878970047310e+002 2.10782597192661e-004 10614 33
1.43837165101779e+003 1.73710049741147e+006 8.28029998511398e-004 3.17056794946135e-001 1.56839808389538e+000 1.10932911685617e+002 2.11249286555554e-004 10746 34
1.43849338372907e+003 1.73710838943146e+006 8.28096314351092e-004 2.05053865169225e-001 1.56005681585131e+000 1.10949534823245e+002 2.12466582393086e-004 10990 35
1.43854206126547e+003 1.73710920029224e+006 8.28123949938134e-004 3.74950407422102e-001 1.56293311517685e+000 1.10950101674079e+002 2.12789264469163e-004 11095 36
1.43843451858552e+003 1.73710111054238e+006 8.28065897304900e-004 1.84881130405591e-001 1.56398775826289e+000 1.10950928115753e+002 2.14318086508754e-004 11237 37
1.43862806935943e+003 1.73711140951866e+006 8.28172408846430e-004 9.68108157597583e-001 1.56264548524430e+000 1.10951475023531e+002 2.14358125555818e-004 11245 38
1.43848828647407e+003 1.73710378540250e+006 8.28095574801826e-004 2.04168828394421e-002 7.23245465407270e-001 1.10980016076117e+002 3.43270491392520e-004 11677 39
1.43838473447071e+003 1.73710150066699e+006 8.28037052053547e-004 7.17795342875454e-002 1.52966391964476e+000 1.11020123475803e+002 3.55515576418834e-004 12487 40
1.43840159405392e+003 1.73710053543421e+006 8.28047217740234e-004 4.85457930234687e-001 1.56954860362560e+000 1.11029460152682e+002 3.55698385108852e-004 13148 41
1.43847621827171e+003 1.73710653959930e+006 8.28087314553589e-004 8.13318277535325e-002 1.53503301171911e+000 1.11029472172934e+002 3.65002599946493e-004 13169 42
1.43899724726321e+003 1.73711020749272e+006 8.28385505939050e-004 1.84820093386639e-001 1.55765989974670e+000 1.11038977881193e+002 3.66532436428954e-004 13266 43
1.43839109599133e+003 1.73710008331082e+006 8.28041389822694e-004 5.79424420911283e-001 1.57012386349071e+000 1.13096929779136e+002 3.66656298302930e-004 14447 44
1.43861350549795e+003 1.73710739713770e+006 8.28165937795866e-004 9.50071718497269e-001 1.56542590792566e+000 1.13104011548548e+002 3.66698029454856e-004 14658 45
1.43841303389927e+003 1.73710170163122e+006 8.28053247422752e-004 2.49122592852565e-001 1.56628879772332e+000 1.13106702275472e+002 3.67491292876176e-004 15016 46
1.43907983195149e+003 1.73710936328974e+006 8.28433449930693e-004 7.20084231086154e-001 1.56389188161870e+000 1.13158491881424e+002 3.67568077998684e-004 15419 47
1.43840584192104e+003 1.73710119317659e+006 8.28049349580756e-004 3.33384197515793e-001 1.56811045396283e+000 1.13162446862124e+002 3.67985956573894e-004 15703 48
1.43836888575300e+003 1.73710198841021e+006 8.28027695909679e-004 4.13342692342906e-001 1.56820633060701e+000 1.13165064872977e+002 3.68246359977943e-004 15894 49
1.44689159288384e+003 1.73711188179030e+006 8.32929227787431e-004 3.06100650044252e-002 1.33263741584521e+000 1.13167559900976e+002 4.45905861350956e-004 16306 50
1.43853135878976e+003 1.73710824978886e+006 8.28118241984055e-004 1.77648243659780e-001 1.55852278954436e+000 1.13169785040206e+002 4.47574890658278e-004 16544 51
1.43894205928374e+003 1.73710945367571e+006 8.28354095430816e-004 4.76271858882412e-001 1.56331662175359e+000 1.13169785348486e+002 4.47765541057350e-004 16548 52
1.43875532076645e+003 1.73710585283574e+006 8.28248312804096e-004 1.98583941160314e-001 1.56149496551408e+000 1.13219215069307e+002 4.49071816707359e-004 16644 53
1.43884240037416e+003 1.73710726495456e+006 8.28297768566103e-004 5.07705923642689e-001 1.56494652470473e+000 1.15331617548548e+002 4.49237460954141e-004 18141 54
1.43844130115300e+003 1.73710342020710e+006 8.28068700827742e-004 8.18262276070437e-001 1.56811045396283e+000 1.15336701224870e+002 4.49295425917132e-004 18341 55
1.43839192499430e+003 1.73710822886152e+006 8.28037984250411e-004 2.97311319315165e-001 1.56274136188849e+000 1.16254944130429e+002 4.49833016222500e-004 18789 56
1.43863739074085e+003 1.73711189281643e+006 8.28177544451898e-004 7.53257850886563e-001 1.56216610202338e+000 1.16312518802602e+002 4.49902556825776e-004 19104 57
1.43839545618151e+003 1.73709968113944e+006 8.28044091568389e-004 8.04376354258858e-001 1.57069912335582e+000 1.16313808156448e+002 4.49962746257431e-004 19282 58
1.43844265693417e+003 1.73710153649124e+006 8.28070379270602e-004 8.65504928739280e-001 1.56945272698141e+000 1.16332978911645e+002 4.50013977784675e-004 19448 59
1.43857813217784e+003 1.73710516304628e+006 8.28146639540939e-004 8.45057527390362e-002 1.53829281762139e+000 1.16353716667001e+002 4.58567627053986e-004 19995 60
1.43836149660132e+003 1.73709985900737e+006 8.28024457211073e-004 2.15460676900540e-002 1.02353111499374e+000 1.16354703199885e+002 6.06326607479556e-004 20200 61
1.43845140546857e+003 1.73710444346069e+006 8.28074029801936e-004 8.77498702963347e-001 1.56743931745354e+000 1.16743412620010e+002 6.06376310866541e-004 20841 62
1.43886682388335e+003 1.73711005632517e+006 8.28310497412706e-004 7.22952970976897e-001 1.56341249839778e+000 1.16745055909005e+002 6.06452427005858e-004 21007 63
1.43848115109068e+003 1.73710756381636e+006 8.28089665976673e-004 4.84420300912503e-001 1.56465889477218e+000 1.16848105335713e+002 6.06636094955435e-004 21184 64
1.43844057259682e+003 1.73711138577624e+006 8.28064484292627e-004 9.35728019043550e-001 1.56264548524430e+000 1.16870306156951e+002 6.06679245578705e-004 21407 65
1.43859890250413e+003 1.73710424416359e+006 8.28159034468517e-004 4.58388012329478e-001 1.56686405758843e+000 1.16870311364376e+002 6.06886648172502e-004 21420 66
1.43848616229527e+003 1.73710576245561e+006 8.28093409495824e-004 5.43839838862270e-002 1.49677823068941e+000 1.16873021659274e+002 6.29392926524469e-004 21597 67
1.43839980643950e+003 1.73710412089217e+006 8.28044479539186e-004 7.21610156559954e-001 1.56753519409772e+000 1.35538653143850e+002 6.29469356299852e-004 22251 68
1.43867314298060e+003 1.73710802038016e+006 8.28199972117917e-004 3.37748344370861e-001 1.56341249839778e+000 1.35540368493467e+002 6.29875438311596e-004 22365 69
1.43853427287056e+003 1.73710331790983e+006 8.28122270677028e-004 2.14087343974120e-001 1.56398775826289e+000 1.35696899425166e+002 6.30982623942601e-004 23167 70
1.43839393463856e+003 1.73709948671110e+006 8.28043308339363e-004 3.78124332407605e-002 1.42477487090670e+000 1.35721903684494e+002 6.80651907963642e-004 23478 71
1.43867884778492e+003 1.73710740978034e+006 8.28203547313611e-004 9.68382824182867e-001 1.56542590792566e+000 1.35752151559739e+002 6.80691922782954e-004 23713 72
1.43848541071637e+003 1.73711014664221e+006 8.28090886862038e-004 6.28711813715018e-001 1.56322074510941e+000 1.35760724765818e+002 6.80795419045360e-004 24124 73
1.43854364995198e+003 1.73711028479763e+006 8.28124347483962e-004 9.38047425763726e-001 1.56341249839778e+000 1.35760725647052e+002 6.80838335546125e-004 24127 74
1.43841977410602e+003 1.73710383396395e+006 8.28056111107578e-004 8.18323313089389e-001 1.56782282403027e+000 1.35774688399873e+002 6.80896290950704e-004 24408 75
1.43844795847646e+003 1.73710200896449e+006 8.28073205988728e-004 6.28559221167638e-001 1.56887746711631e+000 1.35832658649708e+002 6.80999845277698e-004 24718 76
1.43852021932803e+003 1.73710376545870e+006 8.28113967109791e-004 4.48225348673971e-001 1.56715168752098e+000 1.35846538365046e+002 6.81217734475430e-004 25071 77
1.43866734770148e+003 1.73710468045214e+006 8.28198228326571e-004 4.86831263161107e-001 1.56667230430006e+000 1.35855158443642e+002 6.81399409149490e-004 25402 78
1.43880899279435e+003 1.73710795727516e+006 8.28278206739741e-004 2.46833704641865e-001 1.56187847209082e+000 1.36462357231904e+002 6.82208921743637e-004 26336 79
1.43837885919882e+003 1.73709977458118e+006 8.28034492611899e-004 6.17236854152043e-001 1.57041149342326e+000 1.36472523571589e+002 6.82316701350270e-004 26776 80
1.43855389237764e+003 1.73710444749695e+006 8.28133026540229e-004 4.10565507980590e-001 1.56648055101169e+000 1.36824013787398e+002 6.82580994091581e-004 28208 81
1.43837705537355e+003 1.73710096739701e+006 8.28032885614791e-004 6.65913876766259e-002 1.52352781441694e+000 1.37081521204613e+002 6.97019611068058e-004 28232 82
1.43886840115720e+003 1.73710789734651e+006 8.28312434872458e-004 3.69487594225898e-001 1.56379600497452e+000 1.37081601088619e+002 6.97352884242667e-004 28277 83
1.43870526515673e+003 1.73711117641186e+006 8.28216959130798e-004 3.05978576006348e-001 1.56082382900479e+000 1.37082705331830e+002 6.97857532591449e-004 28323 84
1.43871823544998e+003 1.73710983686396e+006 8.28225064386917e-004 6.14398632770775e-001 1.56341249839778e+000 1.37083002958496e+002 6.97966407631059e-004 28385 85
1.43874358735137e+003 1.73710625942726e+006 8.28241364371578e-004 5.30899990844447e-001 1.56571353785821e+000 1.37138146518022e+002 6.98116547870880e-004 29084 86
1.43841131240829e+003 1.73710594737730e+006 8.28050232527759e-004 8.63063447981200e-001 1.56638467436750e+000 1.37144997883851e+002 6.98168098322625e-004 29218 87
1.43856952279098e+003 1.73710809717044e+006 8.28140284573778e-004 8.06665242469558e-001 1.56485064806055e+000 1.37444242354659e+002 6.98227911608345e-004 30856 88
1.43836099179699e+003 1.73710074445077e+006 8.28023744545184e-004 4.71510971404157e-002 1.47693176534318e+000 1.37448608498713e+002 7.28984115040580e-004 31119 89
1.43912598651237e+003 1.73711021910935e+006 8.28459611506071e-004 5.20340586565752e-001 1.56293311517685e+000 1.37742857876091e+002 7.29141037217137e-004 32469 90
1.43860058298063e+003 1.73710526615502e+006 8.28159514637633e-004 6.67287209692679e-001 1.56667230430006e+000 1.37743409497148e+002 7.29231827389403e-004 32534 91
1.43836712260305e+003 1.73710801922523e+006 8.28023806210106e-004 4.45051423688467e-001 1.56417951155126e+000 1.37746056927799e+002 7.29453146419843e-004 32752 92
1.43857803528064e+003 1.73710498195981e+006 8.28146670091162e-004 8.62453077791681e-001 1.56705581087680e+000 1.38699896420262e+002 7.29504777309471e-004 33686 93
1.43917582161628e+003 1.73711094175344e+006 8.28487955342583e-004 2.69173253578295e-001 1.56034444578387e+000 1.38927858168423e+002 7.30173793739799e-004 34483 94
1.43844357691746e+003 1.73710298162177e+006 8.28070219990135e-004 4.78621784112064e-001 1.56782282403027e+000 1.38928263300825e+002 7.30362395334099e-004 34565 95
1.43840488100300e+003 1.73709977332232e+006 8.28049473230238e-004 6.79738761558885e-001 1.57050737006745e+000 1.38935044116515e+002 7.30449567572381e-004 35147 96
1.43836692667465e+003 1.73710878384486e+006 8.28023328950855e-004 9.63072603534044e-001 1.56446714148381e+000 1.39241251568542e+002 7.30490069167951e-004 35992 97
1.43842206845087e+003 1.73710257215431e+006 8.28058033384383e-004 2.53975035859249e-001 1.56580941450240e+000 1.39271406409261e+002 7.31250369232681e-004 36201 98
1.43837782303411e+003 1.73710060828470e+006 8.28033498714975e-004 9.09237952818384e-001 1.57012386349071e+000 1.39286939556561e+002 7.31296335577884e-004 36856 99
1.43846432775060e+003 1.73710429340232e+006 8.28081540308130e-004 4.92202520828883e-001 1.56695993423261e+000 1.39288324807393e+002 7.31473677358426e-004 37102 100
1.43845798116153e+003 1.73710231385134e+006 8.28078830418334e-004 9.80956450086978e-001 1.56897334376049e+000 1.39379825314559e+002 7.31512572967189e-004 37507 101
1.43851890229684e+003 1.73710293669152e+006 8.28113604024269e-004 7.60490737632374e-001 1.56839808389538e+000 1.39437103230392e+002 7.31580669155331e-004 38335 102
1.43882398261117e+003 1.73710899648143e+006 8.28286340400348e-004 2.88857692190313e-001 1.56207022537919e+000 1.39445783389549e+002 7.32153477713311e-004 38402 103
1.43870668220761e+003 1.73710764236575e+006 8.28219459842548e-004 7.72148808252205e-001 1.56513827799310e+000 1.49129692166218e+002 7.32219331617993e-004 38532 104
1.43852212393978e+003 1.73710606653463e+006 8.28113966567626e-004 7.30918301950133e-001 1.56619292107913e+000 1.49367038109572e+002 7.32293636038632e-004 39197 105
1.43843413064880e+003 1.73710243317419e+006 8.28065043490974e-004 2.97158726767785e-001 1.56676818094424e+000 1.49368126224717e+002 7.32831846946774e-004 39424 106
1.43891637630085e+003 1.73711041915328e+006 8.28338850158024e-004 3.99456770531327e-001 1.56226197866756e+000 1.49368600468339e+002 7.33112572113152e-004 39528 107
1.43840728773695e+003 1.73710407008895e+006 8.28048810517255e-004 2.96365245521409e-001 1.56561766121403e+000 1.49373017646643e+002 7.33653955432240e-004 39712 108
1.43858170106804e+003 1.73710385732519e+006 8.28149316534464e-004 3.66222113711966e-001 1.56657642765587e+000 1.49373093675013e+002 7.33993806614300e-004 39746 109
1.43837644525570e+003 1.73710264978648e+006 8.28031732435613e-004 3.00698873867000e-001 1.56667230430006e+000 1.49403905924448e+002 7.34518175649112e-004 40398 110
1.43847555135122e+003 1.73710353918654e+006 8.28088360940604e-004 8.01263466292306e-001 1.56801457731864e+000 1.49421900729646e+002 7.34578880481301e-004 40633 111
1.43862257437575e+003 1.73710992369981e+006 8.28169953926197e-004 6.51692251350444e-001 1.56341249839778e+000 1.49548009618714e+002 7.34674517323832e-004 41426 112
1.43838917243778e+003 1.73710376110547e+006 8.28038529361996e-004 3.95733512375256e-001 1.56686405758843e+000 1.49548031634586e+002 7.34961094178283e-004 41435 113
1.43843620941979e+003 1.73710159169342e+006 8.28066641307741e-004 5.76616718039491e-001 1.56906922040468e+000 1.49550149479634e+002 7.35086286628979e-004 41532 114
1.43839443903487e+003 1.73709961441016e+006 8.28043537834351e-004 4.68367564928129e-001 1.57012386349071e+000 4.14591810045391e+002 7.35284092696901e-004 41576 115
1.43857063326016e+003 1.73710739194496e+006 8.28141260042413e-004 3.22275460066530e-002 1.36111277916807e+000 4.14732404729341e+002 8.05077214714671e-004 41876 116
1.43912349577266e+003 1.73711040953715e+006 8.28458086847847e-004 5.01174962614826e-001 1.56274136188849e+000 4.14748067760658e+002 8.05247642342311e-004 42276 117
1.43861962729542e+003 1.73710767472796e+006 8.28169329584797e-004 1.88818018127995e-001 1.55967330927457e+000 4.14749516839693e+002 8.06707156363163e-004 42473 118
1.43842399630124e+003 1.73710083342895e+006 8.28059972024804e-004 5.19608142338328e-001 1.56945272698141e+000 4.14750135743052e+002 8.06864570313242e-004 42551 119
1.43883305450364e+003 1.73710824211187e+006 8.28291922504978e-004 5.86046937467574e-001 1.56446714148381e+000 4.14751099959986e+002 8.06985371364611e-004 42603 120
1.43846098631300e+003 1.73710665766153e+006 8.28078489698776e-004 8.86165959654530e-001 1.56590529114658e+000 4.14757477069182e+002 8.07034011229540e-004 42886 121
1.43852708363788e+003 1.73710370809749e+006 8.28117946035578e-004 6.47816400646992e-001 1.56772694738609e+000 4.17304588389072e+002 8.07130913596069e-004 43010 122
1.43866779707344e+003 1.73710931811492e+006 8.28196275927455e-004 7.88689840388195e-001 1.56398775826289e+000 4.17531781437751e+002 8.07193766722622e-004 43229 123
1.43880431653850e+003 1.73710853272234e+006 8.28275240383471e-004 6.83004242072817e-002 1.52055563844722e+000 4.17546003504217e+002 8.20847483007638e-004 43775 124
1.43846973040977e+003 1.73710670780965e+006 8.28083499502825e-004 5.06851405377361e-001 1.56533003128147e+000 4.17548739774226e+002 8.21013742620514e-004 43984 125
1.43848455076686e+003 1.73710344213893e+006 8.28093587902451e-004 8.39197973570971e-001 1.56811045396283e+000 4.17549225921451e+002 8.21068573774942e-004 44036 126
1.43893922991427e+003 1.73711145631021e+006 8.28351511683385e-004 6.00238044373913e-001 1.56226197866756e+000 4.17551348749178e+002 8.21183178662051e-004 44128 127
1.43844088527427e+003 1.73710146782373e+006 8.28069392110544e-004 4.35041352580340e-001 1.56868571382794e+000 4.17594407220921e+002 8.21415860528086e-004 44603 128
1.43852031988039e+003 1.73711020565334e+006 8.28110954830901e-004 3.78551591540269e-001 1.56226197866756e+000 4.17615603818480e+002 8.21731826061002e-004 45109 129
1.43842833125736e+003 1.73710411381464e+006 8.28060903804480e-004 5.12771996215705e-001 1.56715168752098e+000 4.17615650375397e+002 8.21893892970948e-004 45145 130
1.43889586781269e+003 1.73711055561026e+006 8.28326979004178e-004 3.24045533616138e-001 1.56149496551408e+000 4.17659407961069e+002 8.22338707147362e-004 45187 131
1.43844148073882e+003 1.73710629384829e+006 8.28067434362039e-004 3.86883144627216e-001 1.56504240134892e+000 4.17676387364058e+002 8.22639902263128e-004 45507 132
1.43840760970452e+003 1.73709982812881e+006 8.28051017941219e-004 8.12463759269997e-001 1.57060324671163e+000 4.17681248248317e+002 8.22698781461816e-004 45711 133
1.43836909975963e+003 1.73710183714277e+006 8.28027891212021e-004 1.79631946775719e-001 1.56312486846522e+000 4.17686026053322e+002 8.24327605036321e-004 45954 134
1.43841538922999e+003 1.73710859704834e+006 8.28051316374323e-004 1.32999664296396e-001 1.55315369747002e+000 4.17702055664312e+002 8.27482550836157e-004 46013 135
1.43841980902439e+003 1.73710351802993e+006 8.28056281810891e-004 9.26969206823939e-001 1.56811045396283e+000 4.17722841207327e+002 8.27526604846717e-004 46474 136
1.43844085852846e+003 1.73710800573209e+006 8.28066260131937e-004 6.58345286416211e-001 1.56475477141636e+000 4.19099139232097e+002 8.27620129167197e-004 46706 137
1.43902969396166e+003 1.73710939930871e+006 8.28404569887362e-004 4.08703878902554e-001 1.56302899182104e+000 4.19099641419066e+002 8.27887072035473e-004 46828 138
1.43881553756640e+003 1.73710757119347e+006 8.28282158452674e-004 3.35093234046449e-002 1.37712417874691e+000 4.19105495422460e+002 8.92151383255732e-004 47050 139
1.43846775981161e+003 1.73710714537419e+006 8.28082156501826e-004 2.20648823511460e-001 1.56159084215827e+000 4.19107650981804e+002 8.93187404682337e-004 47147 140
1.43845382542139e+003 1.73710152998045e+006 8.28076811750660e-004 7.40928373058260e-001 1.56935685033723e+000 4.20539800833411e+002 8.93259519174157e-004 47841 141
1.43847017655451e+003 1.73710267661490e+006 8.28085678020427e-004 5.70757164220099e-001 1.56830220725120e+000 4.20566887184678e+002 8.93387556420795e-004 48273 142
1.43878187888249e+003 1.73711065642406e+006 8.28261311133034e-004 8.23389385662404e-002 1.53292372554704e+000 4.20581458130192e+002 9.02442538124159e-004 48863 143
1.43837739252288e+003 1.73710298197365e+006 8.28032119404693e-004 5.39597766045106e-001 1.56801457731864e+000 4.20581778602836e+002 9.02587406869728e-004 48881 144
1.43838997639935e+003 1.73710052301235e+006 8.28040535708557e-004 9.84252449110385e-001 1.57021974013489e+000 4.24517117154516e+002 9.02626016559601e-004 49519 145
1.43838963911644e+003 1.73710166259383e+006 8.28039798329777e-004 2.44636371959594e-001 1.56619292107913e+000 4.24650754180274e+002 9.03451635851880e-004 50318 146
1.43867176811654e+003 1.73710503986766e+006 8.28200601668866e-004 3.09457686086612e-001 1.56513827799310e+000 4.28713819644009e+002 9.03943903098152e-004 51405 147
1.43899829994615e+003 1.73711066100772e+006 8.28385895665016e-004 4.70076601458785e-001 1.56245373195593e+000 4.32627149849847e+002 9.04140123691975e-004 52142 148
1.43874304185318e+003 1.73710645233276e+006 8.28240958368796e-004 1.13803521835994e-001 1.55037327478866e+000 4.32628674880005e+002 9.08585387820374e-004 52269 149
1.43835618412403e+003 1.73709977863511e+006 8.28021437278921e-004 3.31186864833522e-001 1.56906922040468e+000 4.32746191531020e+002 9.09009391102176e-004 52793 150
1.43845383492335e+003 1.73710390922455e+006 8.28075683036368e-004 6.78945280312509e-001 1.56763107074190e+000 4.32746236496118e+002 9.09096787194913e-004 52871 151
1.43851589554102e+003 1.73710318883392e+006 8.28111752921681e-004 4.66414380321665e-001 1.56763107074190e+000 4.33074348798864e+002 9.09296419245860e-004 53182 152
1.43851895460943e+003 1.73710263921922e+006 8.28113775950380e-004 2.03680532242805e-001 1.56398775826289e+000 4.33098979982875e+002 9.10531887759134e-004 53493 153
1.43838478730735e+003 1.73709973007690e+006 8.28037926470892e-004 4.42884609515671e-001 1.56993211020234e+000 4.33099147553275e+002 9.10755600767210e-004 53589 154
1.44526046729659e+003 1.73711189087354e+006 8.31990237022840e-004 2.26142155217139e-002 1.08690557679983e+000 4.33134986600517e+002 1.04845390539700e-003 54090 155
1.43840123656555e+003 1.73710632740939e+006 8.28044251016330e-004 3.26548051393170e-002 1.36753651432844e+000 4.33134986641866e+002 1.11634507295546e-003 54091 156
1.43854696755437e+003 1.73710625988221e+006 8.28128176109302e-004 6.03350932340465e-002 1.50962570101016e+000 4.33206358640923e+002 1.13427025941124e-003 54569 157
1.43838556685903e+003 1.73710078497176e+006 8.28037872391470e-004 2.80648213141270e-001 1.56763107074190e+000 4.33253845226589e+002 1.13488059894235e-003 54921 158
1.43844897917336e+003 1.73711137701265e+006 8.28069327866679e-004 7.81701101718192e-001 1.56254960860012e+000 4.33541699180836e+002 1.13494469426433e-003 55447 159
1.43889988722122e+003 1.73710747785394e+006 8.28330760458860e-004 9.76592303231910e-002 1.54394953962828e+000 4.33543114555648e+002 1.14116776751491e-003 55494 160
1.44492526516425e+003 1.73711158974470e+006 8.31797416155031e-004 2.22174748985260e-002 1.06092300622578e+000 4.33627224142121e+002 1.28233056360834e-003 56205 161
1.43859161083215e+003 1.73710847574572e+006 8.28152819492021e-004 1.42796105838191e-001 1.55478360042116e+000 4.33687886210960e+002 1.28502891815749e-003 56777 162
1.43889801020491e+003 1.73710933418782e+006 8.28328794737585e-004 3.33506271553697e-001 1.56245373195593e+000 4.33943524042802e+002 1.28544644727702e-003 57131 163
1.43846933373170e+003 1.73710307447285e+006 8.28085003171264e-004 4.70503860591449e-001 1.56772694738609e+000 4.33945969452010e+002 1.28564228196841e-003 57188 164
1.43841576264901e+003 1.73710063429373e+006 8.28055327071833e-004 4.78102969450972e-001 1.56945272698141e+000 4.43507567284063e+002 1.28583133477632e-003 57788 165
1.43840908061438e+003 1.73710150547711e+006 8.28051065134504e-004 8.33521530808435e-001 1.56945272698141e+000 4.43508462772614e+002 1.28588699094322e-003 57891 166
1.43877940178116e+003 1.73710640382696e+006 8.28261912800505e-004 6.20471816156499e-001 1.56580941450240e+000 4.43509344557461e+002 1.28599353684853e-003 58024 167
1.43880527130882e+003 1.73710833687847e+006 8.28275883395883e-004 6.85598315378277e-001 1.56456301812799e+000 4.43509634335313e+002 1.28607907676570e-003 58162 168
1.43839842159152e+003 1.73710024213775e+006 8.28045531253212e-004 9.76226081118198e-001 1.57041149342326e+000 6.12181549137446e+002 1.28611838827957e-003 59041 169
1.43902775951668e+003 1.73711036541645e+006 8.28402995565194e-004 5.22476882229072e-001 1.56283723853267e+000 6.12202778967092e+002 1.28627390223387e-003 59539 170
1.43846251113459e+003 1.73710859740296e+006 8.28078442818071e-004 1.11331522568438e-001 1.54816811197241e+000 6.12204147010680e+002 1.29093898733942e-003 59684 171
1.43838627791250e+003 1.73710665981277e+006 8.28035481326059e-004 7.60338145084994e-001 1.56580941450240e+000 6.12214785940986e+002 1.29100711294572e-003 60054 172
1.43837457316420e+003 1.73710793723614e+006 8.28028134349288e-004 2.61543626209296e-001 1.56226197866756e+000 6.12229631910844e+002 1.29171983101365e-003 60208 173
1.43837057639368e+003 1.73710305512737e+006 8.28028160688423e-004 7.46635334330271e-001 1.56830220725120e+000 6.12229634506454e+002 1.29179073824986e-003 60220 174
1.43915848761679e+003 1.73711144348698e+006 8.28477737421522e-004 3.86364329966124e-002 1.42256970809046e+000 6.12229634910165e+002 1.33914386887168e-003 60225 175
1.43837490685209e+003 1.73709958695202e+006 8.28032306795552e-004 1.55491805780206e-001 1.56254960860012e+000 6.12246399550016e+002 1.34138135015262e-003 60347 176
1.43843803869767e+003 1.73710117352767e+006 8.28067893707780e-004 3.61095004119999e-001 1.56839808389538e+000 6.12247691665167e+002 1.34173191001512e-003 60397 177
1.43901392572812e+003 1.73711001734498e+006 8.28395197880752e-004 6.30909146397290e-001 1.56331662175359e+000 6.12288332139902e+002 1.34183461500264e-003 61192 178
1.43845512184295e+003 1.73710697355106e+006 8.28074963118476e-004 9.37253944517350e-001 1.56571353785821e+000 6.12524281914431e+002 1.34187761209377e-003 61408 179
1.43857853440710e+003 1.73711055731784e+006 8.28144299438386e-004 6.27155369731742e-001 1.56293311517685e+000 6.12524516556273e+002 1.34198167404117e-003 61540 180
1.43875898766969e+003 1.73710831684008e+006 8.28249248896686e-004 5.65843684194464e-001 1.56437126483963e+000 9.24664081455240e+002 1.34211216772463e-003 61674 181
1.43836294850483e+003 1.73710074018265e+006 8.28024873000526e-004 6.80532242805261e-001 1.56983623355815e+000 9.24665497135789e+002 1.34219911647412e-003 61886 182
1.43838339908507e+003 1.73709964507541e+006 8.28037167828803e-004 7.74498733481857e-001 1.57069912335582e+000 9.24667196188100e+002 1.34226453264605e-003 62001 183
1.43842389875281e+003 1.73710249108089e+006 8.28059125682712e-004 8.53968932157353e-001 1.56878159047212e+000 9.24668676237372e+002 1.34231729902069e-003 62058 184
1.43848591857071e+003 1.73710242935342e+006 8.28094858111782e-004 7.95678579058199e-001 1.56878159047212e+000 9.24709764463411e+002 1.34237894531100e-003 62719 185
