2.98716020146638e+004 1.73701298154796e+006 1.71954142578119e-002 5.83208716086306e-001 1.56111145893735e+000 2.10797744324876e-003 1.22094897177189e-007 231 1
2.98746457116643e+004 1.73699208944617e+006 1.71973728012972e-002 7.22220526749474e-001 1.56619292107913e+000 9.53328726830698e-002 1.98382237151755e-007 1174 2
2.98763154986897e+004 1.73686178482907e+006 1.71996238430280e-002 8.10174871059298e-001 -1.56935685033723e+000 9.54068100378240e-002 2.57627953291324e-007 1260 3
2.98686428596915e+004 1.73685293372050e+006 1.71952952299684e-002 3.37626270332957e-001 1.54145674687948e+000 1.80677228887090e-001 6.63869218565282e-007 1320 4
2.98727384830572e+004 1.73701207173671e+006 1.71960773354589e-002 9.29624317148350e-001 1.56878159047212e+000 1.06608590979510e+000 7.07646961524297e-007 2397 5
2.98707992222564e+004 1.73696474559647e+006 1.71954296401726e-002 3.45683156834620e-001 1.53944333735160e+000 1.06680823617914e+000 1.09332518585953e-006 2579 6
2.98759089071494e+004 1.73689344869643e+006 1.71990763307501e-002 9.17905209509567e-001 -1.56897334376049e+000 1.07188631241996e+000 1.13834199792822e-006 2908 7
2.98773359698462e+004 1.73700529396098e+006 1.71987904275834e-002 5.79577013458663e-001 1.56120733558153e+000 1.07260630694258e+000 1.26212647660492e-006 3000 8
2.98693156654468e+004 1.73688064047004e+006 1.71954082342847e-002 5.54002502517777e-001 1.56417951155126e+000 1.27344281378828e+000 1.39883493591918e-006 3859 9
2.98718138739990e+004 1.73702363855721e+006 1.71954307118943e-002 2.72591326639607e-001 1.51557005294961e+000 1.27770990563248e+000 2.04857791902056e-006 4007 10
2.98731656463712e+004 1.73689569700108e+006 1.71974751346630e-002 3.74187444685202e-001 1.54701759224219e+000 1.31372168524630e+000 2.37262762884177e-006 4502 11
2.98789696890399e+004 1.73697149211021e+006 1.72000653317852e-002 6.65700247199927e-001 1.56542590792566e+000 1.52991592647028e+000 2.46389409848300e-006 4815 12
2.98705958924092e+004 1.73695561552396e+006 1.71954029813694e-002 9.50651570177313e-002 9.56896847285378e-001 1.53217471099219e+000 7.86300831774888e-006 4841 13
2.98718730138271e+004 1.73690645827707e+006 1.71966246106839e-002 5.59862056337168e-001 1.56360425168615e+000 1.56256796890350e+000 7.99658823968941e-006 5047 14
2.98731421338495e+004 1.73696464337387e+006 1.71967791070557e-002 3.42051454206977e-001 1.53867632419813e+000 4.76122136994893e+000 8.39132307616627e-006 5614 15
2.98749830839254e+004 1.73695572415759e+006 1.71979269527918e-002 3.74767296365246e-001 1.54510005935850e+000 4.79202188983338e+000 8.71425545243369e-006 6683 16
2.98731562642456e+004 1.73691712659745e+006 1.71972575988703e-002 6.46717734305857e-001 1.56667230430006e+000 4.89682486071022e+000 8.81151998557489e-006 8063 17
2.98785600009547e+004 1.73698602207007e+006 1.71996856891968e-002 3.42295602282784e-001 1.53800518768883e+000 5.58633078168369e+000 9.20562708680125e-006 8758 18
2.98728456675974e+004 1.73698049281664e+006 1.71964515937496e-002 8.87508774071474e-001 1.56935685033723e+000 6.14071628189543e+000 9.25410572402641e-006 9073 19
2.98690749616389e+004 1.73685837040328e+006 1.71954901262609e-002 5.00534073915830e-001 1.56178259544664e+000 6.26532024394142e+000 9.42501239986579e-006 10655 20
2.98738396686189e+004 1.73694755435881e+006 1.71973497325638e-002 2.31360820337535e-001 1.49553183431501e+000 6.30007412989923e+000 1.03558241431373e-005 11625 21
2.98725011486928e+004 1.73703374497753e+006 1.71957262280301e-002 6.81783501693777e-001 1.56379600497452e+000 6.89144367140638e+000 1.04424201328943e-005 14795 22
2.98715278320633e+004 1.73692446901394e+006 1.71962476555924e-002 3.50840784936064e-001 1.54184025345622e+000 6.89144884652559e+000 1.08157617792159e-005 14810 23
2.98691059717168e+004 1.73685455934916e+006 1.71955456985224e-002 3.37015900143437e-001 1.54126499359111e+000 6.98241746715135e+000 1.12236211385015e-005 14964 24
2.98756475962570e+004 1.73693312697369e+006 1.71985331153870e-002 7.65526291695914e-001 1.56906922040468e+000 6.98252775172110e+000 1.12907358615867e-005 15050 25
2.98725330450792e+004 1.73696708686748e+006 1.71964043615537e-002 8.90011291848506e-001 1.56983623355815e+000 7.34576785396462e+000 1.13389151473578e-005 16269 26
2.98789210109682e+004 1.73694459382999e+006 1.72003036222075e-002 7.19870601519822e-001 1.56772694738609e+000 7.36314028547303e+000 1.14157518793412e-005 16894 27
2.98763071307751e+004 1.73703320398238e+006 1.71979220165787e-002 5.70513016144291e-001 1.55986506256294e+000 7.41529095240815e+000 1.15439024429668e-005 17164 28
2.98682643549726e+004 1.73684557370751e+006 1.71951502198605e-002 6.52821436201056e-001 1.56926097369304e+000 7.43468236159928e+000 1.16391782175257e-005 17604 29
2.98772198940990e+004 1.73686604436232e+006 1.72001022218673e-002 9.89989928891873e-001 -1.56734344080935e+000 7.78718220977844e+000 1.16772971208102e-005 17710 30
2.98755362923824e+004 1.73687494150974e+006 1.71990450902701e-002 8.97396771141698e-001 -1.56858983718375e+000 7.78876419168450e+000 1.17246082955299e-005 17871 31
2.98699065909366e+004 1.73688653015501e+006 1.71956900576480e-002 7.31345561082797e-001 1.56993211020234e+000 7.98219108028886e+000 1.17988180076401e-005 18504 32
2.98762651319099e+004 1.73701462919281e+006 1.71980817149185e-002 2.98654133732109e-001 1.52554122394482e+000 8.00086818689481e+000 1.23305772575247e-005 18887 33
2.98769225627082e+004 1.73692688231113e+006 1.71993287546396e-002 1.64250617999817e-001 1.41509132984405e+000 8.05358288297913e+000 1.42900053440030e-005 19295 34
2.98734014276514e+004 1.73703520057652e+006 1.71962299527807e-002 4.73189489425336e-001 1.55382483397931e+000 8.06731837224092e+000 1.44833761687138e-005 19834 35
2.98768262829824e+004 1.73691977469462e+006 1.71993437069011e-002 8.71517075106052e-001 -1.57041149342326e+000 8.15703031040665e+000 1.45338334308376e-005 20995 36
2.98759005230822e+004 1.73688460979292e+006 1.71991590129331e-002 9.17203283791620e-001 -1.56868571382794e+000 8.16137070125591e+000 1.45789260441312e-005 21302 37
2.98763026354069e+004 1.73686681484947e+006 1.71995666383680e-002 7.75353251747185e-001 -1.57012386349071e+000 8.22385157288005e+000 1.46441836968699e-005 22534 38
2.98800132072249e+004 1.73702289103604e+006 1.72001570513412e-002 2.93160802026429e-001 1.52343193777276e+000 8.31954143493563e+000 1.51980569390545e-005 24130 39
2.98707076776996e+004 1.73688434357818e+006 1.71961727853517e-002 4.10473952452162e-001 1.55257843760491e+000 8.38392425425444e+000 1.54624379714402e-005 24548 40
2.98700972545253e+004 1.73695019124094e+006 1.71951696781254e-002 1.34708700827052e-001 1.33024049974059e+000 8.44373950537879e+000 1.84421307858160e-005 24629 41
2.98702588239608e+004 1.73688245647535e+006 1.71959331165859e-002 3.96069215979492e-001 1.55075678136540e+000 1.54041431095316e+001 1.87281183118305e-005 27207 42
2.98695703360911e+004 1.73687079441651e+006 1.71956522759761e-002 6.20563371684927e-001 1.56734344080935e+000 1.54041749475578e+001 1.88346303270772e-005 27234 43
2.98725448558812e+004 1.73696132655175e+006 1.71964681767344e-002 5.94561601611377e-001 1.56331662175359e+000 2.43551809112964e+001 1.89516571617739e-005 29088 44
2.98771956399574e+004 1.73693268097166e+006 1.71994285184799e-002 6.48091067232276e-001 1.56619292107913e+000 2.55839626993437e+001 1.90484686317941e-005 29850 45
2.98778302614722e+004 1.73698999976713e+006 1.71992263167886e-002 4.67665639210181e-001 1.55487947706534e+000 2.56912288785119e+001 1.92469033514602e-005 30260 46
2.98710474718140e+004 1.73689168875173e+006 1.71962956540778e-002 5.51866206854457e-001 1.56370012833033e+000 2.56982467995418e+001 1.93847783107341e-005 31043 47
2.98757755074341e+004 1.73701345878779e+006 1.71978115069248e-002 3.19895016327403e-001 1.53177320581683e+000 2.57042047911866e+001 1.98420596663050e-005 31494 48
2.98787359927580e+004 1.73699045115373e+006 1.71997431310330e-002 8.75972777489547e-001 1.56887746711631e+000 2.58865906257025e+001 1.98919539225623e-005 32343 49
2.98703155683711e+004 1.73688252410065e+006 1.71959651078006e-002 4.95620593890194e-001 1.56063207571642e+000 2.66543695146014e+001 2.00666083920435e-005 33516 50
2.98755611321773e+004 1.73698224150565e+006 1.71979971456810e-002 6.68141727958007e-001 1.56513827799310e+000 2.66555631988981e+001 2.01571426261145e-005 33559 51
2.98771567784756e+004 1.73684423349265e+006 1.72002818454871e-002 9.34110538041322e-001 -1.56715168752098e+000 2.66556521229500e+001 2.02004589520205e-005 33632 52
2.98734772013504e+004 1.73693080684528e+006 1.71973068960758e-002 5.62852870265816e-001 1.56293311517685e+000 2.66876021422321e+001 2.03324816248366e-005 33780 53
2.98708186885554e+004 1.73686836606097e+006 1.71963948378823e-002 2.22113711966308e-001 1.49131326197089e+000 2.67915913189315e+001 2.13503499342910e-005 33884 54
2.98683220246688e+004 1.73684646174431e+006 1.71951746237045e-002 5.03128147221290e-001 1.56235785531175e+000 2.70119748791342e+001 2.15193248661998e-005 34230 55
2.98689483660698e+004 1.73685616633112e+006 1.71954390768351e-002 5.62669759208960e-001 1.56542590792566e+000 2.70232930357572e+001 2.16514442585573e-005 34657 56
2.98755878299505e+004 1.73694614582427e+006 1.71983698347843e-002 4.81612598040712e-001 1.55746814645833e+000 2.70468474024341e+001 2.18374630738329e-005 35396 57
2.98748412450207e+004 1.73690794698043e+006 1.71983182858131e-002 7.66563921018097e-001 1.56993211020234e+000 2.76458821953810e+001 2.19043781701443e-005 36439 58
2.98688538643302e+004 1.73685195104685e+006 1.71954264076936e-002 3.67168187505722e-001 1.54730522217475e+000 3.29568660577945e+001 2.22422155920249e-005 37308 59
2.98798794017727e+004 1.73701596519361e+006 1.72001486094001e-002 6.70796838282418e-001 1.56408363490707e+000 3.30318630544395e+001 2.23319627478838e-005 37414 60
2.98756122155345e+004 1.73701680715629e+006 1.71976843827286e-002 4.50727866451003e-001 1.55248256096072e+000 9.63410390549251e+001 2.25471646769139e-005 37951 61
2.98724400642300e+004 1.73699163525862e+006 1.71961078637525e-002 3.17484054078799e-001 1.53186908246101e+000 1.00962468770200e+002 2.30121222688555e-005 39127 62
2.98771996774976e+004 1.73703968649242e+006 1.71983715279171e-002 2.24066896572771e-001 8.57616582232124e-002 1.00964276021585e+002 2.30979169606659e-005 39309 63
2.98747651697566e+004 1.73703638343675e+006 1.71970031099469e-002 7.60765404217658e-001 1.56552178456984e+000 1.05416186118570e+002 2.31659583217516e-005 39608 64
2.98712219369830e+004 1.73689371346434e+006 1.71963760291107e-002 1.00650044251839e-001 5.01195157475509e-001 1.05416186132863e+002 2.59650033990188e-005 39609 65
2.98728457922359e+004 1.73690977832156e+006 1.71971516434999e-002 2.27454451124607e-001 1.49399780800806e+000 1.05425973264111e+002 2.69312343126122e-005 39823 66
2.98725178436923e+004 1.73688310427074e+006 1.71972269368200e-002 2.33069856868191e-001 1.49888751686148e+000 1.06829258261451e+002 2.78473228372254e-005 39987 67
2.98685111575929e+004 1.73685068703702e+006 1.71952416626752e-002 2.32581560716575e-001 1.49965453001495e+000 1.07092098441604e+002 2.87676985147984e-005 40893 68
2.98724936548151e+004 1.73691403345981e+006 1.71969068443251e-002 3.97503585924863e-001 1.54989389156774e+000 4.21239695009962e+002 2.90514156079187e-005 42884 69
2.98735903558416e+004 1.73690346284589e+006 1.71976427071775e-002 4.11023285622730e-001 1.55200317773980e+000 4.25658176312718e+002 2.93150170967874e-005 45404 70
2.98771690342458e+004 1.73686352292960e+006 1.72000979126855e-002 8.19940794091617e-001 -1.56926097369304e+000 4.27926482622844e+002 2.93727214656598e-005 46150 71
2.98736937324642e+004 1.73694785281731e+006 1.71972627842528e-002 8.22077089754936e-001 1.56954860362560e+000 4.27927076580451e+002 2.94300964733975e-005 46317 72
2.98685836291911e+004 1.73685232352106e+006 1.71952671777864e-002 6.03991821039460e-001 1.56734344080935e+000 4.29927728631340e+002 2.95431436652429e-005 46967 73
2.98762797223696e+004 1.73686591393399e+006 1.71995623697831e-002 9.89471114230781e-001 -1.56734344080935e+000 4.29943556245434e+002 2.95813065539543e-005 47254 74
2.98697561510566e+004 1.73693174036337e+006 1.71951559762701e-002 4.73006378368480e-001 1.55727639316996e+000 4.29943571779483e+002 2.97748522898276e-005 47264 75
2.98686760998890e+004 1.73687019806799e+006 1.71951434761595e-002 7.07571642200995e-001 1.56993211020234e+000 4.30006806714419e+002 2.98546583020390e-005 48389 76
2.98781405954430e+004 1.73693378724942e+006 1.71999614417159e-002 2.85042878505814e-001 1.52352781441694e+000 4.30284648827391e+002 3.04438314017805e-005 49245 77
2.98700630842881e+004 1.73688387736911e+006 1.71958063893021e-002 4.97634815515610e-001 1.56072795236061e+000 4.30296864847700e+002 3.06169345698949e-005 49331 78
2.98725737441174e+004 1.73690881375927e+006 1.71970046103251e-002 9.48393200476089e-001 -1.56916509704886e+000 4.30743647332352e+002 3.06588289305481e-005 50118 79
2.98701232912065e+004 1.73686544604655e+006 1.71960234861968e-002 5.84276863917966e-001 1.56609704443495e+000 4.35543278962756e+002 3.07804376687048e-005 51503 80
2.98797267544158e+004 1.73701585408117e+006 1.72000618563473e-002 4.56678975798822e-001 1.55305782082583e+000 4.36481057237284e+002 3.09895203804150e-005 53231 81
2.98800707623783e+004 1.73702399774652e+006 1.72001792193066e-002 5.39597766045106e-001 1.55861866618854e+000 4.38244645327631e+002 3.11343789448976e-005 53311 82
2.98762608933300e+004 1.73692828989077e+006 1.71989339897412e-002 8.23206274605548e-001 1.57021974013489e+000 4.38251462953093e+002 3.11915809883860e-005 53864 83
2.98723423153813e+004 1.73688283086437e+006 1.71971286138374e-002 6.93838312936796e-001 1.56916509704886e+000 4.66935112933815e+002 3.12749034144036e-005 54905 84
2.98753106001264e+004 1.73692490055384e+006 1.71984205935364e-002 4.09100619525742e-001 1.55104441129795e+000 4.66936460044581e+002 3.15412331572478e-005 55000 85
2.98769484433217e+004 1.73701042012901e+006 1.71985166477559e-002 1.60527359843745e-001 1.40435314569536e+000 5.10948214933178e+002 3.35984452609783e-005 56499 86
2.98748284864260e+004 1.73694318643950e+006 1.71979620883494e-002 1.14261299478133e-001 1.21883183919797e+000 5.10948304037357e+002 3.77353746220367e-005 56548 87
2.98735272631308e+004 1.73689461384947e+006 1.71976939928578e-002 4.47004608294931e-001 1.55622175008393e+000 5.10956103116659e+002 3.79545532307797e-005 56857 88
2.98772117639093e+004 1.73684861842846e+006 1.72002700781466e-002 7.30704672383801e-001 -1.57041149342326e+000 5.12870191894254e+002 3.80289062342913e-005 58593 89
2.98768616539359e+004 1.73685078620962e+006 1.72000470967159e-002 9.10428174687948e-001 -1.56763107074190e+000 5.12870904343679e+002 3.80747402598555e-005 58892 90
2.98771755203082e+004 1.73684319216792e+006 1.72003029434393e-002 9.49491866817225e-001 -1.56695993423261e+000 5.12884792972797e+002 3.81165277946022e-005 59540 91
2.98786657193556e+004 1.73695728289304e+006 1.72000310600718e-002 2.33802301095614e-001 1.49687410733360e+000 5.12898069176052e+002 3.90261806637296e-005 60214 92
2.98737928263191e+004 1.73690168428717e+006 1.71977768492475e-002 5.97369304483169e-001 1.56542590792566e+000 5.13172422701449e+002 3.91420023931354e-005 60756 93
2.98743595032624e+004 1.73701693526314e+006 1.71969621419128e-002 4.35224463637196e-001 1.55094853465377e+000 5.13195407537830e+002 3.93744236737472e-005 61894 94
2.98751967839046e+004 1.73690535340275e+006 1.71985485977926e-002 2.26874599444563e-001 1.49371017807550e+000 5.13196658747137e+002 4.03460743106467e-005 62011 95
2.98705264443853e+004 1.73690465344103e+006 1.71958674359516e-002 1.59947508163701e-001 1.40675006179998e+000 5.13197397800298e+002 4.24205586187235e-005 62169 96
2.98743150958602e+004 1.73696376112830e+006 1.71974629347610e-002 2.93221839045381e-001 1.52544534730064e+000 5.13687448492014e+002 4.29742299580676e-005 62613 97
2.98745270008146e+004 1.73694384763516e+006 1.71977820218337e-002 6.21997741630299e-001 1.56494652470473e+000 5.13690937657623e+002 4.30802011663930e-005 62764 98
2.98766567975086e+004 1.73687586064421e+006 1.71996809264865e-002 8.41120639667959e-001 -1.56935685033723e+000 5.14893492463698e+002 4.31347571018143e-005 63493 99
2.98719481356062e+004 1.73697627181661e+006 1.71959768062078e-002 8.61507003997925e-001 1.56916509704886e+000 5.15107420842155e+002 4.31865131047680e-005 64485 100
