9.59460354334826e+003 1.73717746710094e+006 5.52304307815896e-003 9.84710226752525e-001 1.56130321222571e+000 2.60186441307596e-004 3.85684813538001e-008 85 1
9.59168114010696e+003 1.73718802097474e+006 5.52132731544142e-003 4.25397503585925e-001 1.55401658726768e+000 1.06405826083545e-001 2.82979448982625e-007 154 2
9.59824909326352e+003 1.73720421844635e+006 5.52505648153893e-003 2.20801416058840e-001 1.53167732917264e+000 1.14792182215999e+000 1.31667876914704e-006 591 3
9.59576511744077e+003 1.73725984038242e+006 5.52344980875383e-003 3.23404644917142e-001 1.54097736365856e+000 1.14807732736517e+000 1.76325523032598e-006 656 4
9.59014825038129e+003 1.73709274061471e+006 5.52074773807479e-003 1.78685872981964e-001 1.52841752327036e+000 1.61326259328126e+000 3.40968082595521e-006 726 5
9.58896657269050e+003 1.73707925498472e+006 5.52011035067441e-003 1.25553147984252e-001 1.48527303338725e+000 1.61518752204333e+000 6.97846065173315e-006 785 6
9.59702785822914e+003 1.73717050330567e+006 5.52446072914108e-003 3.52763451033052e-001 1.55238668431654e+000 1.61549574598072e+000 7.34743248509554e-006 816 7
9.58935058641984e+003 1.73708535972371e+006 5.52031201254282e-003 8.94314401684622e-001 1.57060324671163e+000 1.61731383101272e+000 7.39510325789917e-006 843 8
9.59578447441595e+003 1.73715563190943e+006 5.52379228523431e-003 2.56935331278420e-001 1.54414129291665e+000 1.62674471165492e+000 8.13601072651162e-006 996 9
9.59834358231059e+003 1.73724647991251e+006 5.52497646636858e-003 8.72707296975616e-001 1.55372895733512e+000 1.74552515809968e+000 8.18630939650595e-006 1186 10
9.59032334535229e+003 1.73712639022826e+006 5.52074159136094e-003 4.72334971160009e-001 1.56187847209082e+000 1.79838771963539e+000 8.38047093372420e-006 1517 11
9.59266909176245e+003 1.73713918361003e+006 5.52205124311549e-003 4.19873653370769e-001 1.55890629612110e+000 1.82524293666748e+000 8.63202944869932e-006 1682 12
9.59659228442732e+003 1.73718797247119e+006 5.52415444894975e-003 9.65422528763695e-001 1.56015269249550e+000 1.82537963035347e+000 8.67231300000177e-006 1723 13
9.59154996219517e+003 1.73710267099117e+006 5.52152307917541e-003 6.68507950071718e-001 1.56743931745354e+000 1.85583609485054e+000 8.76273909558992e-006 2336 14
9.59491351811825e+003 1.73717436215355e+006 5.52323138034143e-003 2.10516678365429e-001 1.53196495910520e+000 1.85892699978214e+000 9.91082097316150e-006 2538 15
9.59035770542187e+003 1.73712616457835e+006 5.52076208771440e-003 5.73931089205603e-001 1.56389188161870e+000 1.87240748800866e+000 1.00373030218063e-005 2809 16
9.59343014327393e+003 1.73712371864839e+006 5.52253849964661e-003 7.00766014587848e-001 1.56552178456984e+000 1.90115042302423e+000 1.01188229867078e-005 3116 17
9.59131114098434e+003 1.73721698077564e+006 5.52102229819821e-003 5.16403698843348e-001 1.55344132740257e+000 1.90254028984870e+000 1.02783700187905e-005 3205 18
9.59025483201628e+003 1.73716352340478e+006 5.52058414518449e-003 5.30777916806543e-001 1.55928980269784e+000 1.90321677937947e+000 1.04285782330973e-005 3299 19
9.58999416870564e+003 1.73711666088508e+006 5.52058302140294e-003 1.90466017639698e-001 1.53110206930754e+000 1.94465504223390e+000 1.18594145570110e-005 3589 20
9.59435056274190e+003 1.73715064653867e+006 5.52298272370360e-003 7.16544083986938e-001 1.56283723853267e+000 1.94470713434030e+000 1.19370361455463e-005 3633 21
9.59487188922806e+003 1.73722890041092e+006 5.52303402643547e-003 8.28699606311228e-001 1.55535886028626e+000 1.95784836999185e+000 1.19934005926645e-005 3795 22
9.59316550285579e+003 1.73724471154935e+006 5.52200155357809e-003 5.79821161534471e-001 1.55161967116306e+000 1.95794241132935e+000 1.21170533768437e-005 3832 23
9.59271340756820e+003 1.73713926019223e+006 5.52207650969785e-003 3.54319895016327e-001 1.55574236686300e+000 1.96522684437408e+000 1.24824893506597e-005 4091 24
9.59259360850168e+003 1.73711418991832e+006 5.52208724114139e-003 8.15393536179693e-001 1.56724756416517e+000 1.96522712133229e+000 1.25409037584522e-005 4095 25
9.59225787206120e+003 1.73727030117274e+006 5.52139778674380e-003 4.59883419293802e-001 1.54653820902127e+000 2.00148944888103e+000 1.27467665447132e-005 4555 26
9.59609530384523e+003 1.73717976658879e+006 5.52389446677287e-003 4.30921353801080e-001 1.55507123035371e+000 2.00169557713852e+000 1.29843418861652e-005 4583 27
9.59352801266733e+003 1.73713830558443e+006 5.52254846496171e-003 9.36399426252022e-001 1.56523415463729e+000 2.10410696869423e+000 1.30274252367312e-005 5145 28
9.59087414594538e+003 1.73715457212933e+006 5.52096909096255e-003 3.46293527024140e-001 1.55363308069094e+000 2.10412431286001e+000 1.34117418004231e-005 5154 29
9.59095742579222e+003 1.73717087711103e+006 5.52096521099747e-003 5.41489913632618e-001 1.55871454283273e+000 2.27349703970669e+000 1.35554892605020e-005 5517 30
9.59812792736547e+003 1.73720402733404e+006 5.52498734382529e-003 6.59901730399487e-001 1.55679700994903e+000 2.27454586771835e+000 1.36485215584927e-005 5610 31
9.59818044612956e+003 1.73722430552543e+006 5.52495308382232e-003 2.95999023407697e-001 1.54212788338878e+000 2.27488884394562e+000 1.41911637888746e-005 5659 32
9.59531353938680e+003 1.73722296579347e+006 5.52330711349628e-003 1.44260994293039e-001 1.49160089190344e+000 2.30357450329697e+000 1.68216723067703e-005 5823 33
9.59044830374795e+003 1.73723326928878e+006 5.52047387538567e-003 4.31440168462172e-001 1.54951038499100e+000 2.30357467990803e+000 1.70585952016137e-005 5824 34
9.59678968790939e+003 1.73718772855963e+006 5.52426885502830e-003 6.73299356059450e-001 1.55861866618854e+000 2.32175005012045e+000 1.71476055403318e-005 6360 35
9.59834690227899e+003 1.73722093379028e+006 5.52505962143309e-003 7.79900509659108e-001 1.55593412015137e+000 2.32423766558079e+000 1.72120219446274e-005 6501 36
9.59128804852711e+003 1.73715642207091e+006 5.52120146882864e-003 4.06933805352947e-001 1.55660525666066e+000 2.32424437039379e+000 1.74815069897079e-005 6512 37
9.59325437631746e+003 1.73722457992520e+006 5.52211670009049e-003 2.68898586993011e-001 1.53877220084231e+000 2.59038549926817e+000 1.81517205614378e-005 6589 38
9.59419972904469e+003 1.73713077410436e+006 5.52295907769060e-003 3.24228644672994e-001 1.55449597048860e+000 2.59126913959230e+000 1.85959424535466e-005 6766 39
9.59130735699075e+003 1.73719517709673e+006 5.52108941343920e-003 5.55406353953673e-001 1.55641350337230e+000 3.07717855752425e+002 1.87318807791124e-005 7430 40
9.59784276235606e+003 1.73716955896041e+006 5.52493281670580e-003 4.39252906888028e-001 1.55641350337230e+000 3.07721560851695e+002 1.89596597126646e-005 7518 41
9.59749437393658e+003 1.73708139664306e+006 5.52501266511317e-003 8.92086550492874e-001 -1.57060324671163e+000 3.07756132897018e+002 1.90075927891777e-005 8180 42
9.59155272905276e+003 1.73715256356615e+006 5.52136609202425e-003 9.22666096987823e-001 1.56370012833033e+000 3.07757326823609e+002 1.90520991127757e-005 8408 43
9.59060565921535e+003 1.73716519520624e+006 5.52078078012428e-003 4.10596026490066e-001 1.55583824350719e+000 3.07758351402417e+002 1.93163215379105e-005 8588 44
9.58978302242457e+003 1.73711517710219e+006 5.52046619053951e-003 5.67766350291452e-001 1.56494652470473e+000 3.07779273748550e+002 1.94458454741800e-005 8946 45
9.59584090821854e+003 1.73722439425988e+006 5.52360613246362e-003 7.31711783196509e-001 1.55526298364208e+000 3.08390454864566e+002 1.95199645833095e-005 9015 46
9.59359301948291e+003 1.73714972686812e+006 5.52254957685361e-003 2.22174748985260e-001 1.53771755775628e+000 3.08390810607861e+002 2.05398813035899e-005 9073 47
9.59114861054265e+003 1.73710847207227e+006 5.52127360162335e-003 6.82546464430677e-001 1.56695993423261e+000 3.08391232276202e+002 2.06262659602584e-005 9207 48
9.59154327038587e+003 1.73710404168232e+006 5.52151487025185e-003 4.24542985320597e-001 1.56274136188849e+000 3.08456092641545e+002 2.08717871231521e-005 9402 49
9.59195722127912e+003 1.73714098929541e+006 5.52163572148135e-003 5.81469161046175e-001 1.56245373195593e+000 3.08472568636781e+002 2.09946885347906e-005 9679 50
9.59782699561246e+003 1.73717861128755e+006 5.52489495143194e-003 5.43626209295938e-001 1.55794752967925e+000 3.08635067010347e+002 2.11371948115333e-005 10121 51
9.59289612477183e+003 1.73719228179255e+006 5.52201314782896e-003 5.93951231421857e-001 1.55727639316996e+000 3.08661295505401e+002 2.12544789466642e-005 10346 52
9.59128217576419e+003 1.73722885332289e+006 5.52096789454083e-003 9.49949644459364e-001 1.55583824350719e+000 3.08661296747739e+002 2.12962178295459e-005 10352 53
9.59387378809408e+003 1.73720411874843e+006 5.52253828531929e-003 8.97335734122745e-001 1.55823515961180e+000 3.08661686867576e+002 2.13435324666369e-005 10409 54
9.59489393039506e+003 1.73716242568404e+006 5.52325805569190e-003 8.23725089266640e-001 1.56226197866756e+000 3.08666302629568e+002 2.14006532074683e-005 10500 55
9.58975145068050e+003 1.73722776375538e+006 5.52009025309382e-003 7.56584368419446e-001 1.55507123035371e+000 3.08667513009979e+002 2.14695169775183e-005 10601 56
9.59495145371235e+003 1.73719750378734e+006 5.52317964208974e-003 8.26227607043672e-001 1.55861866618854e+000 3.78467678840212e+002 2.15262556469567e-005 11038 57
9.59222691683909e+003 1.73722634850565e+006 5.52151965972152e-003 5.03372295297098e-001 1.55219493102817e+000 3.78469610412887e+002 2.16950271330861e-005 11055 58
9.59766334687418e+003 1.73722033916816e+006 5.52466804802760e-003 9.87884151738029e-002 1.41499545319987e+000 3.78476898631140e+002 2.76913495646439e-005 11304 59
9.58995724890218e+003 1.73716360411717e+006 5.52041258988889e-003 8.72676778466140e-001 1.56235785531175e+000 3.78554716072247e+002 2.77416576406386e-005 11392 60
9.59113611739189e+003 1.73713253049011e+006 5.52118994469148e-003 7.07846308786279e-001 1.56465889477218e+000 3.78555185697718e+002 2.78213940687828e-005 11500 61
9.59590444775740e+003 1.73720186207925e+006 5.52371434899497e-003 5.45182653279214e-001 1.55555061357463e+000 3.78555492038585e+002 2.79630020583170e-005 11608 62
9.58926346503006e+003 1.73711895578876e+006 5.52015510001365e-003 8.38679158909879e-001 1.56686405758843e+000 3.78568523077615e+002 2.80179076359161e-005 12033 63
9.59728654400948e+003 1.73719072406569e+006 5.52454533203561e-003 9.35087130344554e-001 1.55976918591876e+000 3.78598159747657e+002 2.80611221579275e-005 12115 64
9.58995980210961e+003 1.73708932854281e+006 5.52065010019288e-003 3.32712790307321e-001 1.55948155598621e+000 3.78602119796002e+002 2.84808328195199e-005 12288 65
9.59387792920988e+003 1.73721773219455e+006 5.52249739334703e-003 9.18118839075899e-001 1.55689288659322e+000 3.78602895874331e+002 2.85258223167501e-005 12356 66
9.59473042930525e+003 1.73719668568862e+006 5.52305501644869e-003 6.92709128086184e-001 1.55785165303507e+000 3.78602895962984e+002 2.86094369528674e-005 12358 67
9.59419324467210e+003 1.73715140576166e+006 5.52288975174914e-003 4.84572893459883e-001 1.55957743263039e+000 3.78602957235318e+002 2.87929695907728e-005 12389 68
9.58964241059959e+003 1.73718258572511e+006 5.52017104194192e-003 1.00436414685507e-001 1.42391198110904e+000 3.78603073519968e+002 3.45828308095050e-005 12414 69
9.59037362935792e+003 1.73717226585310e+006 5.52062474638534e-003 3.94024475844600e-001 1.55440009384442e+000 3.78609167078137e+002 3.48721127185352e-005 12773 70
9.59120228161960e+003 1.73717902007514e+006 5.52108027815725e-003 3.99121066927091e-001 1.55392071062349e+000 3.78609269754955e+002 3.51533278056830e-005 12787 71
9.58900075935142e+003 1.73707789498751e+006 5.52013435236225e-003 2.98471022675253e-001 1.55765989974670e+000 3.78631324998901e+002 3.56863047703979e-005 12849 72
9.59250207782690e+003 1.73714464848040e+006 5.52193773182907e-003 9.33530686361278e-001 1.56456301812799e+000 3.78645873684869e+002 3.57296797557366e-005 13045 73
9.58947840658198e+003 1.73711745858635e+006 5.52028358851778e-003 8.92147587511826e-001 1.56724756416517e+000 3.78691183384140e+002 3.57776053170184e-005 13340 74
9.59302005288231e+003 1.73719986974829e+006 5.52206036426815e-003 3.68968779564806e-001 1.55027739814447e+000 3.78704469453659e+002 3.61118481471495e-005 13367 75
9.59547643747992e+003 1.73720090238386e+006 5.52347102869560e-003 7.11722159489730e-001 1.55756402310251e+000 3.78705153852858e+002 3.61906269903063e-005 13403 76
9.59195338759926e+003 1.73724399399081e+006 5.52130613253966e-003 8.37672048097171e-001 1.55382483397931e+000 3.78706273967386e+002 3.62456703955579e-005 13588 77
9.59463948669330e+003 1.73713971821590e+006 5.52318378458821e-003 7.75994140446181e-001 1.56437126483963e+000 3.78710967502155e+002 3.63108082063135e-005 13752 78
9.59363539208611e+003 1.73720860316757e+006 5.52238680459905e-003 2.12897122104556e-001 1.52908865977966e+000 3.78899536130567e+002 3.74307083778324e-005 13891 79
9.59448854669380e+003 1.73717078819298e+006 5.52299811654610e-003 8.45851008636738e-001 1.56149496551408e+000 3.78991298750396e+002 3.74845930680316e-005 14376 80
9.59368367063189e+003 1.73713427856677e+006 5.52265087049671e-003 2.76528214362011e-001 1.54922275505844e+000 3.79001244094514e+002 3.81149736601297e-005 14440 81
9.59126536548676e+003 1.73716298122580e+006 5.52116756525758e-003 9.04843287453841e-001 1.56254960860012e+000 3.79001708764900e+002 3.81614310188450e-005 14518 82
9.59054374116806e+003 1.73709993330707e+006 5.52095254523205e-003 8.90682699056978e-001 1.56906922040468e+000 3.79093656693907e+002 3.82095303913221e-005 14601 83
9.59183938507406e+003 1.73714379290402e+006 5.52155897895500e-003 9.35575426496170e-001 1.56465889477218e+000 3.79098852747780e+002 3.82526971203535e-005 14934 84
9.59229608828356e+003 1.73712700226004e+006 5.52187524709822e-003 4.14197210608234e-001 1.55996093920713e+000 3.79101338586735e+002 3.85119057320631e-005 15163 85
9.59013797742832e+003 1.73717416416518e+006 5.52048306548276e-003 8.84090701010163e-001 1.56130321222571e+000 3.79101733897132e+002 3.85607955156981e-005 15240 86
9.59733875052183e+003 1.73722424178852e+006 5.52446879528840e-003 1.54789880062258e-001 1.50022978988006e+000 3.79101762702074e+002 4.08151117646029e-005 15256 87
9.59129040609132e+003 1.73717495734688e+006 5.52114391710049e-003 5.13107699819941e-001 1.55775577639088e+000 3.84129724871668e+002 4.09769328076662e-005 15665 88
9.59195043732670e+003 1.73724164732574e+006 5.52131189236606e-003 1.36570329905087e-001 1.48191735084078e+000 3.98362880001534e+002 4.39419628218313e-005 16115 89
9.59112842618026e+003 1.73710449530053e+006 5.52127462208671e-003 5.83635975218970e-001 1.56628879772332e+000 3.98364711102621e+002 4.40638656450914e-005 16227 90
9.59767427233944e+003 1.73718040210845e+006 5.52480134428143e-003 7.63359477523118e-001 1.56005681585131e+000 3.98364717392511e+002 4.41313964030988e-005 16242 91
9.59125286765355e+003 1.73715113421258e+006 5.52119802349614e-003 9.35148167363506e-001 1.56389188161870e+000 3.98365312037308e+002 4.41746063172113e-005 16327 92
9.59626952898413e+003 1.73716249518204e+006 5.52404967580524e-003 2.10882900479141e-001 1.53330723212378e+000 3.98365892266605e+002 4.53183650724497e-005 16431 93
9.59276564127904e+003 1.73715284529708e+006 5.52206339378503e-003 3.27829828791162e-001 1.55248256096072e+000 3.98540959695268e+002 4.57519071289468e-005 16819 94
9.59177338039568e+003 1.73715775846564e+006 5.52147659566521e-003 1.57048249763482e-001 1.50885868785668e+000 3.98656338313886e+002 4.79367706014189e-005 16992 95
9.58984514630676e+003 1.73721587141608e+006 5.52018197354518e-003 6.91579943235572e-001 1.55583824350719e+000 3.98705262689730e+002 4.80206835245221e-005 17390 96
9.59593019975090e+003 1.73726974214516e+006 5.52351334897095e-003 8.36085085604419e-001 1.55114028794214e+000 3.98705266392780e+002 4.80759543236739e-005 17400 97
9.59564383904287e+003 1.73719279742584e+006 5.52359315851692e-003 8.89339884640034e-001 1.55938567934202e+000 3.98705269148831e+002 4.81242105467174e-005 17410 98
9.59019889421845e+003 1.73713943248556e+006 5.52062850382950e-003 6.90084536271248e-001 1.56379600497452e+000 3.98770745679786e+002 4.82085314019516e-005 17879 99
9.59708322134246e+003 1.73727003212600e+006 5.52417610416050e-003 1.31870479445784e-001 1.47348020615253e+000 3.98780792615425e+002 5.14085041206116e-005 17999 100
