2.82209491729572e+004 1.73689089852129e+006 1.62465392499645e-002 6.87643055513169e-001 1.56964448026978e+000 3.72888697952677e+001 8.49829242945407e-008 975 1
2.82279526810754e+004 1.73687076419141e+006 1.62507587434213e-002 7.42240668965728e-001 -1.57002798684652e+000 3.73033873888180e+001 1.56817267250490e-007 1252 2
2.82253989200281e+004 1.73693387305208e+006 1.62486985192608e-002 6.87276833399457e-001 1.56811045396283e+000 3.73045677537157e+001 2.41899597692804e-007 1387 3
2.82223087809438e+004 1.73696037262620e+006 1.62466720877574e-002 9.84527115695669e-001 -1.57002798684652e+000 3.73049202176350e+001 2.80485589351126e-007 1439 4
2.82198403562845e+004 1.73689293118735e+006 1.62458820177333e-002 1.24912259285257e-001 1.30598370876186e+000 3.73049502526820e+001 3.77663973471911e-006 1468 5
2.82302376407660e+004 1.73703716221187e+006 1.62505173774166e-002 8.99227881710257e-001 1.56801457731864e+000 3.83286326518807e+001 3.82373915185895e-006 1761 6
2.82284971756368e+004 1.73693006669772e+006 1.62505174036619e-002 9.30967131565295e-001 -1.56945272698141e+000 3.86850439301161e+001 3.86737814647387e-006 2145 7
2.82289696233239e+004 1.73698265715683e+006 1.62502973964064e-002 9.64812158574175e-001 1.57060324671163e+000 3.86853794996033e+001 3.90772006957333e-006 2196 8
2.82257393866291e+004 1.73690405999499e+006 1.62491733381340e-002 8.73592333750420e-001 -1.56916509704886e+000 3.88884146039679e+001 3.95791394464473e-006 3172 9
2.82275013333336e+004 1.73695467095671e+006 1.62497140776237e-002 3.22763756218146e-001 1.53704642124699e+000 3.90370240316756e+001 4.40638749053950e-006 4904 10
2.82234512325848e+004 1.73695279096210e+006 1.62474005504079e-002 6.99026459547716e-001 1.56772694738609e+000 3.90668296339928e+001 4.48835518048867e-006 5571 11
2.82212955604046e+004 1.73689585876788e+006 1.62466922374701e-002 5.50248725852229e-001 1.56465889477218e+000 3.90784050451331e+001 4.62712423031886e-006 5647 12
2.82227462302067e+004 1.73699095733069e+006 1.62466378455390e-002 1.82195501571703e-001 1.45152445463424e+000 3.90900401293795e+001 6.19478259360809e-006 5821 13
2.82260721201444e+004 1.73698385332932e+006 1.62486185247763e-002 9.03958250679037e-002 8.68690334635457e-001 3.90904057129070e+001 1.18286171048584e-005 5944 14
2.82268884078537e+004 1.73696102266198e+006 1.62493018870962e-002 6.91305276650288e-001 1.56724756416517e+000 4.12101220978262e+001 1.19126122610066e-005 7047 15
2.82281585820314e+004 1.73700893382021e+006 1.62495848177009e-002 9.61699270607624e-001 1.56964448026978e+000 4.12516635069852e+001 1.19532419946965e-005 7604 16
2.82222730029482e+004 1.73694027516039e+006 1.62468394458028e-002 7.13064973906674e-001 1.56849396053957e+000 4.13291158372734e+001 1.20317014907133e-005 8392 17
2.82214019618554e+004 1.73692496107116e+006 1.62464813132165e-002 7.27835932493057e-001 1.56935685033723e+000 4.13493667914660e+001 1.21067006786706e-005 9022 18
2.82298730104845e+004 1.73699550940941e+006 1.62506971282730e-002 4.33668019653920e-001 1.55296194418165e+000 4.13749570620749e+001 1.23409699630444e-005 9331 19
2.82269663979259e+004 1.73696929982158e+006 1.62492693563487e-002 8.29950865199744e-001 1.56954860362560e+000 4.13764338635431e+001 1.23971542813678e-005 9623 20
2.82236178767108e+004 1.73693921624283e+006 1.62476234224714e-002 7.97265541550951e-001 1.57012386349071e+000 4.13767952784071e+001 1.24585310485389e-005 9693 21
2.82214366341592e+004 1.73696302018373e+006 1.62461453505584e-002 4.54268013550218e-001 1.55602999679556e+000 4.13808609866136e+001 1.26700730445046e-005 9768 22
2.82214200791070e+004 1.73690441799056e+006 1.62466838612176e-002 4.33912167729728e-001 1.55622175008393e+000 4.14379267512451e+001 1.29040647934652e-005 10444 23
2.82292087797199e+004 1.73703859321231e+006 1.62499118411970e-002 4.23352763451033e-001 1.55037327478866e+000 4.14505576462176e+001 1.31510635904708e-005 10862 24
2.82258687135033e+004 1.73695691450567e+006 1.62487534093460e-002 3.85753959776605e-001 1.54864749519333e+000 4.15779048716177e+001 1.34541324366140e-005 11451 25
2.82246859162979e+004 1.73699483399270e+006 1.62477179883459e-002 2.22327341532640e-001 1.49227202841273e+000 4.18736549073300e+001 1.44699273814077e-005 11753 26
2.82214771057715e+004 1.73693632712825e+006 1.62464182701117e-002 2.70393993957335e-001 1.52113089831233e+000 4.18757654345681e+001 1.51315363095466e-005 12145 27
2.82247842496506e+004 1.73692975415428e+006 1.62483832542602e-002 1.15421002838221e-001 1.25095051499985e+000 4.19450574263828e+001 1.92232021514640e-005 12305 28
2.82263326772978e+004 1.73693986437833e+006 1.62491799271963e-002 5.46922208319346e-001 1.56293311517685e+000 4.19454778814679e+001 1.93638331430524e-005 12404 29
2.82280842955348e+004 1.73697353666451e+006 1.62498731473393e-002 2.31360820337535e-001 1.49936690008240e+000 4.19455812682194e+001 2.02949072225673e-005 12498 30
2.82191360723340e+004 1.73687438584111e+006 1.62456500691289e-002 5.19577623828852e-001 1.56379600497452e+000 4.19465939850789e+001 2.04523377992888e-005 12681 31
2.82235150785392e+004 1.73691232484547e+006 1.62478157599689e-002 1.73833429975280e-001 1.44193679021577e+000 4.73223730462308e+001 2.21886256660903e-005 12891 32
2.82277446457638e+004 1.73696609958403e+006 1.62497472210181e-002 2.90963469344157e-001 1.52765051011689e+000 4.79909946324787e+001 2.27518503887822e-005 13285 33
2.82255695306565e+004 1.73698584462264e+006 1.62483106311442e-002 9.78423413800470e-002 1.07252408017212e+000 5.25712629309683e+001 2.81977385377308e-005 13779 34
2.82286875415677e+004 1.73698413835535e+006 1.62501211869949e-002 1.57597582934049e-001 1.40895522461623e+000 5.25884514598554e+001 3.03416608150128e-005 14466 35
2.82273761374546e+004 1.73691732592205e+006 1.62499913369278e-002 9.53459273049104e-001 -1.56878159047212e+000 5.37307414653671e+001 3.03830669877736e-005 15299 36
2.82264088369955e+004 1.73701717897613e+006 1.62485006373653e-002 7.10654011658071e-001 1.56571353785821e+000 3.28409266387960e+002 3.04621124636082e-005 17083 37
2.82253523401794e+004 1.73702948784774e+006 1.62477774582583e-002 3.28318124942778e-001 1.53570414822840e+000 6.46169727210972e+002 3.08940436297512e-005 17242 38
2.82262664921975e+004 1.73702850565392e+006 1.62483127784095e-002 4.68489638966033e-001 1.55487947706534e+000 6.48445885450907e+002 3.10917113254519e-005 18237 39
2.82241101215988e+004 1.73693866525751e+006 1.62479118987361e-002 2.94747764519181e-001 1.52985567293313e+000 6.51211055815813e+002 3.16392004294486e-005 19592 40
2.82247686353943e+004 1.73700008527693e+006 1.62477164862685e-002 5.70085757011628e-001 1.56187847209082e+000 6.51430584566123e+002 3.17675649506635e-005 20438 41
2.82193263172248e+004 1.73688035482199e+006 1.62457037526030e-002 7.03970458082827e-001 1.57041149342326e+000 6.51510260899058e+002 3.18482718953264e-005 20912 42
2.82260655670681e+004 1.73702443874439e+006 1.62482351725351e-002 9.80376598406934e-001 1.56926097369304e+000 9.44805849453554e+002 3.18872181521314e-005 21612 43
2.82195820111822e+004 1.73687849269738e+006 1.62458683425168e-002 2.78817102572710e-001 1.52649999038667e+000 9.44897090324627e+002 3.25058065565359e-005 22882 44
2.82219913878389e+004 1.73693980681146e+006 1.62466817357145e-002 6.95791497543260e-001 1.56811045396283e+000 9.45306322484135e+002 3.25886150854730e-005 23426 45
2.82244814112164e+004 1.73692695278272e+006 1.62482351485835e-002 4.44288460951567e-001 1.55641350337230e+000 9.45591189505126e+002 3.28107530039559e-005 24461 46
2.82244544711176e+004 1.73692717308469e+006 1.62482175820004e-002 1.77983947264016e-001 1.44778526551103e+000 9.45633210825111e+002 3.44604292749588e-005 25450 47
2.82257340952686e+004 1.73699859791398e+006 1.62482860705026e-002 3.01370281075472e-001 1.52975979628895e+000 9.45641143661169e+002 3.49817968111171e-005 25485 48
2.82262597596120e+004 1.73694788975809e+006 1.62490628935636e-002 6.16199224829859e-001 1.56552178456984e+000 9.45645804619490e+002 3.50899746069881e-005 26197 49
2.82223551625507e+004 1.73705836274094e+006 1.62457824436206e-002 4.40748313852351e-001 1.55142791787469e+000 9.45684839673007e+002 3.53160377590814e-005 26520 50
2.82230866873058e+004 1.73698483873009e+006 1.62468910178335e-002 7.10806604205451e-001 1.56686405758843e+000 9.46318328280603e+002 3.53950463174380e-005 28622 51
2.82190643575233e+004 1.73687371770597e+006 1.62456150386573e-002 1.16916409802545e-001 1.26283921887875e+000 9.46344956391122e+002 3.93878407684325e-005 29248 52
2.82207458397098e+004 1.73694270338125e+006 1.62459377441194e-002 6.76900540177618e-001 1.56753519409772e+000 9.46485019513027e+002 3.94758186887551e-005 30351 53
2.82226991281298e+004 1.73692149484581e+006 1.62472603512808e-002 4.75234229560228e-001 1.55919392605365e+000 9.46679497732748e+002 3.96673785403003e-005 32642 54
2.82276531415058e+004 1.73688289187508e+006 1.62504728808328e-002 7.92992950224311e-001 -1.56954860362560e+000 9.46679549760217e+002 3.97294851522655e-005 32652 55
2.82273672988259e+004 1.73703733343109e+006 1.62488637768049e-002 5.13504440443129e-001 1.55765989974670e+000 9.66806193250118e+002 3.98910310647162e-005 33314 56
2.82222033502354e+004 1.73700376243706e+006 1.62462056415164e-002 7.90429395428327e-001 1.56772694738609e+000 9.66811771880086e+002 3.99535814323040e-005 33643 57
2.82231965402183e+004 1.73702009936320e+006 1.62466244976352e-002 1.62785729544969e-001 1.41844701239051e+000 9.66831576245566e+002 4.19530523607615e-005 34085 58
2.82285387473498e+004 1.73697629068715e+006 1.62501089520440e-002 4.12121951963866e-001 1.55133204123051e+000 9.66832409499864e+002 4.22151069533875e-005 34216 59
2.82283679704302e+004 1.73695618134200e+006 1.62501987583957e-002 7.87194433423872e-001 1.56935685033723e+000 9.88446505229129e+002 4.22782244569075e-005 35491 60
2.82278012888452e+004 1.73705701246344e+006 1.62489295028051e-002 2.00842310861538e-001 1.47127504333628e+000 9.88454479204360e+002 4.35461534762198e-005 35579 61
2.82273982397416e+004 1.73697748758251e+006 1.62494413252368e-002 3.06070131534776e-001 1.53186908246101e+000 9.88455195793826e+002 4.40501127844961e-005 35756 62
2.82223143401368e+004 1.73700154125975e+006 1.62462902931185e-002 2.79488509781182e-001 1.52237729468673e+000 9.88603487560157e+002 4.46653189895298e-005 36764 63
2.82292508557158e+004 1.73699084424753e+006 1.62503826811937e-002 3.52366710409864e-001 1.54203200674459e+000 9.88610033638190e+002 4.50351150554820e-005 36840 64
2.82256336352735e+004 1.73695666740715e+006 1.62486204170625e-002 8.25434125797296e-001 1.56993211020234e+000 9.88610395778139e+002 4.50919779821494e-005 37002 65
2.82238259563896e+004 1.73704229832100e+006 1.62467791601779e-002 9.16776024658956e-002 6.46831779992065e-001 9.88610432766280e+002 4.94034421945584e-005 37018 66
2.82255393213575e+004 1.73697471166214e+006 1.62483973673752e-002 9.66124454481643e-001 -1.57069912335582e+000 9.88630383912345e+002 4.94436636634702e-005 37489 67
2.82211178454063e+004 1.73689625524878e+006 1.62465862389320e-002 2.19214453566088e-001 1.49342254814295e+000 9.89564602880914e+002 5.04915572730958e-005 38247 68
2.82297821446304e+004 1.73703906159095e+006 1.62502374549146e-002 9.12198248237556e-002 6.65911232184820e-001 1.01668505013403e+003 5.49600943970003e-005 38747 69
2.82230694311378e+004 1.73694539320212e+006 1.62472499829507e-002 8.44904934842982e-001 1.57060324671163e+000 1.01668741480986e+003 5.50141142531827e-005 38782 70
2.82256923009150e+004 1.73700484742866e+006 1.62482035667882e-002 8.59401226844081e-001 1.56868571382794e+000 1.01757011752976e+003 5.50661496169102e-005 39493 71
2.82230729896226e+004 1.73691813449911e+006 1.62475069660302e-002 2.72347178563799e-001 1.52256904797510e+000 1.01757287355432e+003 5.57174106670780e-005 39715 72
2.82251704002702e+004 1.73699184082751e+006 1.62480248289515e-002 9.91180150761437e-001 1.57050737006745e+000 1.02528834495554e+003 5.57554291658880e-005 40399 73
2.82204109551880e+004 1.73690019909346e+006 1.62461424791845e-002 6.28589739677114e-001 1.56763107074190e+000 1.02536638958995e+003 5.58589721043254e-005 41290 74
2.82278018416083e+004 1.73687766692694e+006 1.62506073484307e-002 7.21549119541002e-001 -1.57069912335582e+000 1.02536763444977e+003 5.59354165102644e-005 41546 75
2.82207823765025e+004 1.73694809144688e+006 1.62459083870952e-002 4.53688161870174e-001 1.55650938001648e+000 1.02966143690078e+003 5.61475552504669e-005 44844 76
2.82262506266987e+004 1.73697094945739e+006 1.62488419554666e-002 3.92864772484512e-001 1.54912687841426e+000 1.03396712464244e+003 5.64386899211989e-005 46636 77
2.82201690152037e+004 1.73691172657024e+006 1.62458954198739e-002 1.08249153111362e-001 1.19735547090060e+000 1.03588508899173e+003 6.10601865357771e-005 47824 78
2.82240964051049e+004 1.73702943063884e+006 1.62470551479808e-002 5.61174352244636e-001 1.56044032242805e+000 1.03588936569685e+003 6.11930765093469e-005 48376 79
2.82204624206688e+004 1.73692334365866e+006 1.62459556592830e-002 6.24378185369427e-001 1.56667230430006e+000 1.03785042571508e+003 6.12981618205436e-005 49420 80
2.82234100934287e+004 1.73701062274014e+006 1.62468360293821e-002 5.72038941618091e-001 1.56159084215827e+000 1.07657448259672e+003 6.14255637440995e-005 50465 81
2.82294117360410e+004 1.73698741357153e+006 1.62505073670871e-002 5.94225898007141e-001 1.56331662175359e+000 1.07670606977066e+003 6.15427360777127e-005 51454 82
2.82274933953764e+004 1.73694998279420e+006 1.62497533602915e-002 1.78289132358776e-001 1.44740175893429e+000 1.07672161316807e+003 6.31861282761354e-005 51951 83
2.82224238625509e+004 1.73702441165004e+006 1.62461394603997e-002 7.22220526749474e-001 1.56571353785821e+000 1.07672270090383e+003 6.32624154389925e-005 52027 84
2.82201173137560e+004 1.73691090878711e+006 1.62458733090556e-002 4.85824152348399e-001 1.56034444578387e+000 1.07677223293301e+003 6.34449112705134e-005 52889 85
2.82207964285722e+004 1.73689152480355e+006 1.62464454748504e-002 4.46241645558031e-001 1.55785165303507e+000 1.07712122788316e+003 6.36649200900073e-005 53321 86
2.82215330288927e+004 1.73691845639169e+006 1.62466175844402e-002 4.32172612689596e-001 1.55555061357463e+000 1.08057685179117e+003 6.39009865508182e-005 54948 87
2.82224423229697e+004 1.73690450611341e+006 1.62472714252401e-002 6.27430036317026e-001 1.56743931745354e+000 1.08062390136588e+003 6.40049509326130e-005 55334 88
2.82277429017812e+004 1.73689821184619e+006 1.62503812367898e-002 7.96929837946715e-001 -1.57002798684652e+000 1.08065674393372e+003 6.40663845903131e-005 55488 89
2.82244996728172e+004 1.73704999564698e+006 1.62470949276337e-002 9.85320596942045e-001 1.56839808389538e+000 1.08068035148263e+003 6.41049021541222e-005 55671 90
2.82205754419785e+004 1.73691168623827e+006 1.62461297292126e-002 1.85796685689871e-001 1.45919458616901e+000 1.08076752876956e+003 6.56078260378486e-005 55980 91
2.82247232281311e+004 1.73694778246256e+006 1.62481795148486e-002 4.98031556138798e-001 1.55986506256294e+000 1.08178312987917e+003 6.57806244119029e-005 57673 92
2.82290059352869e+004 1.73696192078352e+006 1.62505122631125e-002 6.70186468092898e-001 1.56667230430006e+000 1.08178796731478e+003 6.58705527486594e-005 57840 93
2.82279709607670e+004 1.73687143860172e+006 1.62507629562344e-002 7.63756218146306e-001 -1.56964448026978e+000 1.08179983106993e+003 6.59380102011832e-005 58711 94
2.82252770777754e+004 1.73706416924302e+006 1.62474098040413e-002 7.52861110263375e-001 7.14280999176000e-003 1.08184047286589e+003 6.59385075068391e-005 60579 95
2.82281304475664e+004 1.73695602991052e+006 1.62500634643613e-002 6.84224982451857e-001 1.56724756416517e+000 1.08184244271795e+003 6.60244267257315e-005 60865 96
2.82295544907203e+004 1.73698372480653e+006 1.62506240352694e-002 5.51286355174413e-001 1.56159084215827e+000 1.08207588352796e+003 6.61626185523555e-005 62656 97
2.82281262499438e+004 1.73701729608039e+006 1.62494879948948e-002 4.52192754905850e-001 1.55392071062349e+000 1.39246580952353e+003 6.63762951360741e-005 63354 98
2.82291199956971e+004 1.73702465251026e+006 1.62499911346723e-002 3.77269814142277e-001 1.54500418271432e+000 1.39250238568516e+003 6.66945328871574e-005 63583 99
2.82291773535349e+004 1.73704452110367e+006 1.62498383090329e-002 5.42497024445326e-001 1.55900217276528e+000 1.39250572496850e+003 6.68376944052892e-005 63703 100
