5.75105194093604e+003 1.73724725784256e+006 3.31042740548340e-003 1.06753746147038e-001 1.47242556306650e+000 1.09960238922596e-003 5.09311088982068e-006 220 1
5.74964355124121e+003 1.73711752433687e+006 3.30986388342250e-003 4.06811731315043e-002 7.96015838343455e-001 1.18653312850626e-003 3.56361780278614e-005 294 2
5.75284769197366e+003 1.73719019852416e+006 3.31156983692454e-003 1.33976256599628e-001 1.50905044114505e+000 1.61065131394714e-003 3.87353168915726e-005 415 3
5.75262671622793e+003 1.73723225845886e+006 3.31136246297456e-003 6.86544389172033e-001 1.54605882580035e+000 1.88943411555819e-003 3.88205732601192e-005 437 4
5.75453825364359e+003 1.73714397118760e+006 3.31263113471490e-003 9.13449507126072e-001 1.56216610202338e+000 1.80780764297399e+000 3.88660729587635e-005 576 5
5.75705778427457e+003 1.73720290234755e+006 3.31396908274757e-003 8.26593829157384e-001 1.55171554780725e+000 1.80793922993911e+000 3.89227502234146e-005 589 6
5.75003586190185e+003 1.73721059843378e+006 3.30991237841841e-003 9.55473494674520e-001 1.55066090472121e+000 1.98641326308655e+000 3.89639563348399e-005 1084 7
5.75251346672938e+003 1.73714488885765e+006 3.31146381436285e-003 5.68529313028352e-001 1.56044032242805e+000 1.98644119394918e+000 3.90930934589056e-005 1090 8
5.74966537262487e+003 1.73709760685508e+006 3.30991439573477e-003 6.50074770348216e-001 1.56926097369304e+000 1.98658932806783e+000 3.91892570997774e-005 1119 9
5.75555976122674e+003 1.73722737878416e+006 3.31306009398745e-003 7.07144383068331e-001 1.54701759224219e+000 1.98662402536316e+000 3.92691466710217e-005 1144 10
5.75826099669569e+003 1.73728119883545e+006 3.31451230451587e-003 3.58836634418775e-001 1.53292372554704e+000 1.98719791664062e+000 3.96243248317800e-005 1174 11
5.75015778137928e+003 1.73710524289882e+006 3.31018330799256e-003 2.37525559251686e-001 1.55526298364208e+000 1.98969332471715e+000 4.05052023571462e-005 1421 12
5.75731785232808e+003 1.73722388763696e+006 3.31407875261080e-003 6.46443067720572e-001 1.54730522217475e+000 1.99154173091839e+000 4.06025317990342e-005 1548 13
5.75205356178134e+003 1.73714078672813e+006 3.31120688875586e-003 6.39271217993713e-001 1.56168671880245e+000 1.99170659779079e+000 4.07023030323660e-005 1582 14
5.75515936304610e+003 1.73724571183511e+006 3.31279465551895e-003 6.91671498764000e-001 1.54375778633992e+000 1.99184354146824e+000 4.07861702404524e-005 1708 15
5.75277398059222e+003 1.73728496905716e+006 3.31134676038596e-003 9.90539262062441e-001 1.53781343440046e+000 2.02023220672749e+000 4.08242221710338e-005 1848 16
5.75430066164655e+003 1.73716633332824e+006 3.31245172393227e-003 6.59627063814203e-001 1.55737226981414e+000 2.02292503092151e+000 4.09173404492258e-005 2116 17
5.75722966005480e+003 1.73729038668189e+006 3.31390113534806e-003 6.87429425946837e-001 1.53599177816095e+000 2.02292564712042e+000 4.10023300399559e-005 2118 18
5.75224200601496e+003 1.73714929635921e+006 3.31129914635555e-003 8.99716177861873e-001 1.56120733558153e+000 2.02302419042151e+000 4.10493712584453e-005 2135 19
5.75266198460510e+003 1.73712482671659e+006 3.31158755378112e-003 7.33390301217689e-001 1.56494652470473e+000 2.02548461863456e+000 4.11231253140785e-005 2386 20
5.75109696739377e+003 1.73718721256363e+006 3.31056774732284e-003 1.79967650379955e-001 1.53014330286569e+000 2.02864611247862e+000 4.27439794764168e-005 2480 21
5.75187076856758e+003 1.73719901328959e+006 3.31099068440094e-003 6.64510025330363e-001 1.55171554780725e+000 2.02904682156920e+000 4.28355906083346e-005 2555 22
5.75207047106153e+003 1.73721140451364e+006 3.31108202237896e-003 8.12585833307901e-001 1.55018152150029e+000 2.09615708259407e+000 4.28944378436869e-005 2681 23
5.75823428886205e+003 1.73724148141072e+006 3.31457270797140e-003 4.33729056672872e-001 1.54184025345622e+000 2.09620011961040e+000 4.31285736644689e-005 2708 24
5.74982381287508e+003 1.73711269368885e+006 3.30997685728446e-003 1.88970610675375e-001 1.54548356593524e+000 2.09758708852615e+000 4.45851195113284e-005 2839 25
5.75304089962197e+003 1.73717284933861e+006 3.31171412777561e-003 7.34641560106204e-001 1.55660525666066e+000 2.10742260758298e+000 4.46585913446140e-005 2946 26
5.75071435594090e+003 1.73715834312226e+006 3.31040251557085e-003 1.44749290444655e-001 1.52122677495651e+000 2.12907591106720e+000 4.72746094104151e-005 3025 27
5.75780715962603e+003 1.73726029663631e+006 3.31429094908858e-003 8.96511734366894e-001 1.54193613010041e+000 2.13239943017512e+000 4.73220037692757e-005 3068 28
5.74974062662915e+003 1.73710115738326e+006 3.30995095164922e-003 9.82329783013398e-001 1.56974035691397e+000 2.13242067012844e+000 4.73607798907300e-005 3083 29
5.75383088414215e+003 1.73716548851740e+006 3.31218291017866e-003 7.26554155095065e-001 1.55785165303507e+000 2.13416494354492e+000 4.74360642446160e-005 3208 30
5.75032115565229e+003 1.73717669497850e+006 3.31014120216010e-003 6.41407513657033e-001 1.55545473693045e+000 2.13422026863825e+000 4.75350983286047e-005 3219 31
5.75057076335757e+003 1.73711412522057e+006 3.31040411994089e-003 2.75460066530351e-001 1.55746814645833e+000 2.13436774047220e+000 4.81709606533543e-005 3268 32
5.75548159069986e+003 1.73716546629627e+006 3.31313317201343e-003 9.10733359782708e-001 1.55842691290017e+000 2.15940480334711e+000 4.82167576218222e-005 3506 33
5.75110846640047e+003 1.73722200435405e+006 3.31050806533819e-003 1.24607074190497e-001 1.49629884746849e+000 2.15989529583964e+000 5.18486293442552e-005 3601 34
5.74979445652015e+003 1.73709723372781e+006 3.30998941599779e-003 3.95367290261544e-001 1.56600116779077e+000 3.02128304499343e+000 5.21357894349820e-005 3730 35
5.75302715682254e+003 1.73727909551071e+006 3.31150368546590e-003 7.23899044770653e-001 1.53810106433302e+000 3.23261803152828e+000 5.22116484010636e-005 4116 36
5.75818247986541e+003 1.73721989109062e+006 3.31458407886017e-003 2.63740958891568e-001 1.53810106433302e+000 1.83541816016362e+001 5.29110197701756e-005 4171 37
5.75579209706829e+003 1.73717549282066e+006 3.31329278973404e-003 2.41065706350902e-001 1.54347015640736e+000 1.83541817116866e+001 5.37634730269006e-005 4173 38
5.75040193532286e+003 1.73712204467274e+006 3.31029184079458e-003 5.10361033967101e-001 1.56379600497452e+000 1.89985032318741e+001 5.39272261283644e-005 4808 39
5.74971488172202e+003 1.73709418358504e+006 3.30994941928348e-003 4.12457655568102e-001 1.56695993423261e+000 1.89986393548693e+001 5.41888593487936e-005 4846 40
5.75227576735501e+003 1.73713003506299e+006 3.31135529668130e-003 1.11575670644246e-001 1.49907927014985e+000 1.89989655401729e+001 5.88207677404162e-005 4904 41
5.75487813343423e+003 1.73724411918341e+006 3.31263581173114e-003 3.34696493423261e-001 1.53838869426557e+000 1.90045586839336e+001 5.92348341852534e-005 5166 42
5.75246618956943e+003 1.73717656849383e+006 3.31137621138324e-003 9.67589342936491e-001 1.55660525666066e+000 1.90514330387070e+001 5.92749177737033e-005 5293 43
5.75307156415378e+003 1.73713082164215e+006 3.31181190215841e-003 9.70610675374615e-001 1.56456301812799e+000 1.91506233962352e+001 5.93147306099249e-005 5853 44
5.75050473279796e+003 1.73717313920828e+006 3.31025365217747e-003 1.48747215186010e-001 1.52074739173559e+000 1.91506244775734e+001 6.17784944666229e-005 5859 45
5.75119310730199e+003 1.73715694104786e+006 3.31068077915167e-003 5.67125461592456e-001 1.55833103625599e+000 1.91506417958904e+001 6.19083327700030e-005 5895 46
5.75586839618446e+003 1.73721165311218e+006 3.31326774357591e-003 2.35206152531510e-001 1.53647116138188e+000 1.91509721955462e+001 6.28080120247075e-005 5911 47
5.75417127583440e+003 1.73727043280638e+006 3.31217876333993e-003 7.26035340433973e-002 1.38115099780267e+000 6.80821040354277e+001 7.45452680051157e-005 6224 48
5.75416513039788e+003 1.73721777190161e+006 3.31227562838953e-003 6.46931363872189e-001 1.54835986526078e+000 6.80822248670244e+001 7.46424382550565e-005 6283 49
5.75050649915248e+003 1.73713623139354e+006 3.31032499929979e-003 1.87322611163671e-001 1.54097736365856e+000 7.37033595282604e+001 7.61271397247032e-005 6537 50
5.75070388929403e+003 1.73711663752895e+006 3.31047596761051e-003 7.14804528946806e-001 1.56628879772332e+000 7.37040882579570e+001 7.62051791805354e-005 6665 51
5.75491103540953e+003 1.73722131579145e+006 3.31269823348102e-003 1.67241431928465e-001 1.52017213187048e+000 7.37055157201172e+001 7.81089620713742e-005 6681 52
5.75191835049467e+003 1.73713751726425e+006 3.31113528589724e-003 2.81014435254982e-001 1.55382483397931e+000 7.37085222284955e+001 7.87174684868567e-005 6852 53
5.75487861803722e+003 1.73715029135244e+006 3.31281501312679e-003 7.60948515274514e-001 1.56063207571642e+000 7.37085854727768e+001 7.87854712652987e-005 6884 54
5.75420985137010e+003 1.73720381829523e+006 3.31232797592232e-003 9.34690389721366e-001 1.55181142445143e+000 7.37086421058239e+001 7.88287209866641e-005 6916 55
5.75291450410605e+003 1.73726490078707e+006 3.31146589851405e-003 8.09625537888729e-001 1.54088148701437e+000 7.37092000396804e+001 7.88880286896622e-005 6958 56
5.75275838733997e+003 1.73728453384476e+006 3.31133861436707e-003 8.27814569536424e-001 1.53752580446791e+000 7.41775009699141e+001 7.89445012579514e-005 7112 57
5.75107986155530e+003 1.73720557522773e+006 3.31052290746539e-003 6.17481002227851e-001 1.55027739814447e+000 7.42015978291599e+001 7.90521644724715e-005 7370 58
5.75748877733835e+003 1.73718834076595e+006 3.31424495646643e-003 6.25843073824274e-001 1.55334545075838e+000 7.42015984645469e+001 7.91566943813935e-005 7376 59
5.75381844881469e+003 1.73715374045014e+006 3.31219815135815e-003 4.60463270973846e-001 1.55756402310251e+000 7.42257272967478e+001 7.93620297134496e-005 7551 60
5.75402135085229e+003 1.73713851027346e+006 3.31234399166055e-003 4.31623279519028e-001 1.55967330927457e+000 7.42346562138304e+001 7.95987705269508e-005 7908 61
5.75237067568627e+003 1.73718836912566e+006 3.31129873626072e-003 7.89757988219855e-001 1.55411246391186e+000 7.42347544502834e+001 7.96614295166614e-005 7983 62
5.75623997088539e+003 1.73724711818620e+006 3.31341399000989e-003 8.30011902218696e-001 1.54404541627247e+000 7.42348377547859e+001 7.97175846908419e-005 8017 63
5.75117291290806e+003 1.73717866979503e+006 3.31062774454207e-003 3.62865077669607e-001 1.55085265800958e+000 7.42348996615709e+001 8.00643254828151e-005 8029 64
5.75851500297454e+003 1.73709174266157e+006 3.31502002306958e-003 8.58882412182989e-001 -1.57050737006745e+000 7.42358967580239e+001 8.01164301366996e-005 8209 65
5.74967483428763e+003 1.73709414813508e+006 3.30992643281555e-003 1.09653004547258e-001 1.50301021256142e+000 7.42370115971395e+001 8.49302182233150e-005 8273 66
5.75249736066821e+003 1.73714702808172e+006 3.31145046500585e-003 1.31748405407880e-001 1.51499479308451e+000 7.42382648655028e+001 8.81469465184905e-005 8432 67
5.75787876192181e+003 1.73718109496557e+006 3.31448327041204e-003 4.81704153569140e-001 1.55315369747002e+000 7.42382767748596e+001 8.83328751363046e-005 8454 68
5.75024017238423e+003 1.73710547507973e+006 3.31023029509126e-003 4.95193334757530e-001 1.56648055101169e+000 7.42397772370561e+001 8.85078687142112e-005 8498 69
5.75459453469382e+003 1.73714516486767e+006 3.31266125668792e-003 3.50321970274972e-001 1.55622175008393e+000 7.42832308121391e+001 8.88825451173288e-005 8539 70
5.75120585994423e+003 1.73714255198824e+006 3.31071554298692e-003 4.03515732291635e-001 1.55833103625599e+000 7.42836520638109e+001 8.91570840334824e-005 8646 71
5.75222224743696e+003 1.73724397675342e+006 3.31110730733763e-003 8.13409833063753e-001 1.54452479949339e+000 7.42857727116283e+001 8.92157924117442e-005 8808 72
5.75164290006211e+003 1.73713597555232e+006 3.31097966040960e-003 8.93581957457198e-001 1.56350837504196e+000 7.42863736163030e+001 8.92635479231293e-005 8945 73
5.74974531376353e+003 1.73711024242802e+006 3.30993633901886e-003 4.05041657765435e-001 1.56398775826289e+000 7.42890728125332e+001 8.95358314115725e-005 9030 74
5.75035944612293e+003 1.73716774588153e+006 3.31018029602969e-003 3.02316354869228e-001 1.54998976821192e+000 7.42891627507928e+001 9.00539403303561e-005 9046 75
5.75334038770511e+003 1.73716007491744e+006 3.31191087977619e-003 6.71132541886654e-001 1.55852278954436e+000 7.44633789855412e+001 9.01435840210341e-005 9235 76
5.75187153521987e+003 1.73711838178445e+006 3.31114481025547e-003 6.97622608111820e-001 1.56590529114658e+000 7.44633844984222e+001 9.02259144347021e-005 9247 77
5.75047703035146e+003 1.73728142483730e+006 3.31003137821651e-003 5.74571977904599e-001 1.53675879131443e+000 7.44923299603590e+001 9.03520162382098e-005 9737 78
5.75822835839189e+003 1.73727290452307e+006 3.31450934208773e-003 2.63710440382092e-001 1.52889690649129e+000 7.44936955865165e+001 9.10513254591278e-005 9792 79
5.75194860530866e+003 1.73714543845002e+006 3.31113760381271e-003 5.48326059755242e-001 1.56015269249550e+000 7.44938310467345e+001 9.11911619584954e-005 9805 80
5.75097119481672e+003 1.73719698447448e+006 3.31047672624891e-003 9.70336008789331e-001 1.55305782082583e+000 7.45017068174367e+001 9.12309940983869e-005 9850 81
5.75158261744508e+003 1.73711445393154e+006 3.31098597845713e-003 2.44636371959594e-001 1.55449597048860e+000 7.45030601659057e+001 9.20565124558110e-005 10087 82
5.75264509370826e+003 1.73726367154867e+006 3.31131316585943e-003 3.90850550859096e-001 1.53695054460280e+000 7.49749632153142e+001 9.23508585615210e-005 10191 83
5.75090076511033e+003 1.73711126023799e+006 3.31059954917144e-003 5.21866512039552e-001 1.56580941450240e+000 7.49749892152167e+001 9.25067759492104e-005 10208 84
5.75855110417585e+003 1.73720818989132e+006 3.31481859570592e-003 5.44297616504410e-001 1.54922275505844e+000 7.49790191714398e+001 9.26488744417170e-005 10363 85
5.75123669100437e+003 1.73719529485523e+006 3.31063277472717e-003 3.31705679494613e-001 1.54672996230964e+000 7.49981885045496e+001 9.30712983750400e-005 10716 86
5.75057151153959e+003 1.73722939238322e+006 3.31018490310604e-003 2.54982146671957e-001 1.53560827158422e+000 7.49984946882507e+001 9.38245503284988e-005 10831 87
5.75045963686192e+003 1.73715969070502e+006 3.31025331955976e-003 6.28894924771874e-001 1.55833103625599e+000 7.50315139541086e+001 9.39279752392048e-005 10976 88
5.75594635061498e+003 1.73716438686669e+006 3.31340276715621e-003 6.50563066499832e-001 1.55765989974670e+000 7.50617601087646e+001 9.40239719896890e-005 11053 89
5.75161970925563e+003 1.73727083102102e+006 3.31070929899269e-003 4.61989196447645e-001 1.53723817453536e+000 7.50680849606706e+001 9.42277212800541e-005 11095 90
5.75194297988370e+003 1.73717306302600e+006 3.31108171216374e-003 1.91198461867122e-001 1.53551239494003e+000 7.50873392109387e+001 9.56467612632861e-005 11134 91
5.75082308546363e+003 1.73725513877516e+006 3.31028065557690e-003 4.16028321176794e-001 1.53905983077486e+000 7.50932742209075e+001 9.59033523547453e-005 11296 92
5.75485156851244e+003 1.73716294124446e+006 3.31277531870788e-003 3.12906277657399e-001 1.55142791787469e+000 7.50933087285504e+001 9.63836802642324e-005 11313 93
5.75188633691544e+003 1.73714270410319e+006 3.31110697076341e-003 8.62086855677969e-001 1.56226197866756e+000 7.50933810563792e+001 9.64353578988340e-005 11347 94
5.75545891330864e+003 1.73723938361737e+006 3.31297914990149e-003 6.19006927701651e-001 1.54442892284921e+000 7.51068579306132e+001 9.65424234079779e-005 11520 95
5.75262300557056e+003 1.73714401643459e+006 3.31152853358889e-003 7.07174901577807e-001 1.56149496551408e+000 7.51083914620244e+001 9.66223245271555e-005 11684 96
5.75359740482569e+003 1.73715511825689e+006 3.31206828091808e-003 9.23215430158391e-001 1.56024856913968e+000 7.51084026383085e+001 9.66667712572136e-005 11699 97
5.75231835411092e+003 1.73712260669408e+006 3.31139397217697e-003 2.64503921628468e-001 1.55507123035371e+000 7.51126349601727e+001 9.73619977966968e-005 11828 98
5.75065829972974e+003 1.73714404244939e+006 3.31039749873917e-003 1.47648548844874e-001 1.52525359401227e+000 7.51276696298363e+001 9.98668144524699e-005 12224 99
5.75410838071426e+003 1.73718867003955e+006 3.31229844895189e-003 3.77849665822321e-001 1.54960626163518e+000 7.51276832651410e+001 1.00184013073460e-004 12260 100
