1.27399155511777e+004 1.73706260451693e+006 7.33404029216591e-003 2.59743034150212e-001 1.54663408566546e+000 1.09472542689537e-001 7.23447979317164e-007 663 1
1.27400197575867e+004 1.73708795324762e+006 7.33399325877200e-003 6.18182927945799e-001 1.56695993423261e+000 1.19238211661498e-001 8.30864253061294e-007 930 2
1.27431270387165e+004 1.73712801925633e+006 7.33561275983027e-003 8.54976042970061e-001 1.56609704443495e+000 1.20632346198575e-001 8.83493507616926e-007 1120 3
1.27409926774075e+004 1.73719318705962e+006 7.33410902660886e-003 7.51731925412763e-001 1.56024856913968e+000 1.94429794752016e+000 9.53343754719024e-007 1160 4
1.27490813661790e+004 1.73721377127538e+006 7.33867800487267e-003 4.60524307992798e-001 1.55324957411420e+000 3.39284255978221e+000 1.15860558868535e-006 1320 5
1.27408083075753e+004 1.73711789883630e+006 7.33432075220466e-003 3.30668050172430e-001 1.55267431424909e+000 3.41374252554398e+000 1.58400458597841e-006 1505 6
1.27479198873243e+004 1.73717815939985e+006 7.33815987632195e-003 1.60832544938505e-001 1.49371017807550e+000 3.41453905915209e+000 3.65517775347342e-006 1673 7
1.27397704344677e+004 1.73710867209845e+006 7.33376226794252e-003 7.18558305612354e-001 1.56657642765587e+000 3.45912252737559e+000 3.73232321784741e-006 2441 8
1.27406436224831e+004 1.73712159511519e+006 7.33421034832899e-003 9.23795281838435e-001 1.56695993423261e+000 3.56476990670566e+000 3.77671073681811e-006 2692 9
1.27411891451859e+004 1.73711131851987e+006 7.33456775856517e-003 3.95702993865780e-001 1.55823515961180e+000 1.87889071872403e+001 4.06331582215547e-006 3226 10
1.27430817314770e+004 1.73720520698084e+006 7.33526075550457e-003 5.64134647663808e-001 1.55679700994903e+000 1.87893444482106e+001 4.19467064834261e-006 3255 11
1.27419955210493e+004 1.73711518747959e+006 7.33501560241460e-003 3.52336191900388e-001 1.55487947706534e+000 1.88275481933010e+001 4.56464337927054e-006 3930 12
1.27441436859745e+004 1.73720977924742e+006 7.33585271613144e-003 3.74217963194678e-001 1.54912687841426e+000 1.88311564396999e+001 4.88865048469724e-006 4188 13
1.27401086749118e+004 1.73716380072893e+006 7.33372423841350e-003 7.40256965849788e-001 1.56245373195593e+000 1.88313799108467e+001 4.96090651115135e-006 4321 14
1.27488084631795e+004 1.73717911059300e+006 7.33866733593971e-003 4.75692007202368e-001 1.55650938001648e+000 1.88314030304220e+001 5.15205439313496e-006 4344 15
1.27403675499563e+004 1.73707390222874e+006 7.33425278719177e-003 7.34000671407208e-001 1.56945272698141e+000 1.88314444679882e+001 5.22567478023866e-006 4368 16
1.27470220317158e+004 1.73722030926166e+006 7.33746503147010e-003 8.80886257515183e-001 1.55900217276528e+000 1.88395330962251e+001 5.27495547838817e-006 4956 17
1.27483265135488e+004 1.73715475169938e+006 7.33849281592259e-003 8.22107608264412e-001 1.56379600497452e+000 1.88564380615872e+001 5.33232443942964e-006 5269 18
1.27405239774827e+004 1.73716514215669e+006 7.33395763184041e-003 4.16882839442122e-001 1.55516710699789e+000 1.88564811137250e+001 5.58785733086516e-006 5302 19
1.27431364937528e+004 1.73711739421994e+006 7.33566306897132e-003 7.62657551805170e-001 1.56628879772332e+000 2.00135200931658e+001 5.65552811634603e-006 5453 20
1.27413185941280e+004 1.73713916364906e+006 7.33452470923127e-003 6.51173436689352e-001 1.56341249839778e+000 2.00250233748829e+001 5.75133267354431e-006 5566 21
1.27456174042396e+004 1.73714438177892e+006 7.33697718681368e-003 9.37498092593158e-001 1.56523415463729e+000 2.00253946777939e+001 5.79430502432935e-006 5652 22
1.27426534823536e+004 1.73720585921037e+006 7.33501149881339e-003 4.49476607562487e-001 1.55344132740257e+000 2.00855875907624e+001 6.01083083822153e-006 6004 23
1.27433636136840e+004 1.73723907271562e+006 7.33528001707671e-003 1.61870174260689e-001 7.00378885769219e-002 2.00914341849708e+001 6.15416231916529e-006 6271 24
1.27399591886666e+004 1.73706709868109e+006 7.33404643812458e-003 6.82241279335917e-001 1.56945272698141e+000 2.00916089969638e+001 6.24063256978957e-006 6348 25
1.27479135914246e+004 1.73717410297589e+006 7.33817338680326e-003 6.03381450849940e-001 1.55996093920713e+000 2.01017531804603e+001 6.35392552327041e-006 6669 26
1.27429352219371e+004 1.73717626899200e+006 7.33529860913170e-003 7.89452803125095e-001 1.56187847209082e+000 2.01017531804603e+001 6.41664405004398e-006 6669 27
1.27429329868792e+004 1.73709787238142e+006 7.33562835853205e-003 1.11453596606342e-001 1.42161094164861e+000 2.02940111973559e+001 1.10199811343283e-005 7640 28
1.27394285379777e+004 1.73706374413656e+006 7.33375513007886e-003 7.63481551561022e-001 1.57050737006745e+000 2.12251150335088e+001 1.10874920303405e-005 7775 29
1.27471935134672e+004 1.73716314381871e+006 7.33780518772070e-003 2.89681691946165e-001 1.54404541627247e+000 2.12389712165102e+001 1.16565401288198e-005 7971 30
1.27482781946213e+004 1.73706372653741e+006 7.33884953696782e-003 9.62675862910856e-001 -1.56993211020234e+000 2.12393221370216e+001 1.16970792518833e-005 8026 31
1.27435707886343e+004 1.73711864705669e+006 7.33590777387565e-003 1.76030762657552e-001 1.51020096087527e+000 2.32491039715130e+001 1.33970366189711e-005 9735 32
1.27392964056750e+004 1.73705496854606e+006 7.33371611607346e-003 4.03820917386395e-001 1.56312486846522e+000 2.32866186843735e+001 1.36711325134912e-005 10540 33
1.27479614229721e+004 1.73715695237319e+006 7.33827336542051e-003 2.91573839533677e-001 1.54481242942595e+000 2.33806649242248e+001 1.42320994252264e-005 10997 34
1.27411153119129e+004 1.73713323676410e+006 7.33443271746504e-003 1.97027497177038e-001 1.52103502166814e+000 2.34397297198408e+001 1.55595969680503e-005 11504 35
1.27408570265018e+004 1.73715485449060e+006 7.33419277363324e-003 5.88122196111942e-001 1.56120733558153e+000 2.34398144093124e+001 1.56794591207214e-005 11552 36
1.27437892553345e+004 1.73710480006702e+006 7.33609200659308e-003 4.32172612689596e-001 1.56063207571642e+000 2.38146511344925e+001 1.59155408233009e-005 11939 37
1.27409445083911e+004 1.73716420119617e+006 7.33420367018599e-003 4.83748893704031e-001 1.55794752967925e+000 2.38151868464126e+001 1.60997583205204e-005 12077 38
1.27400010518758e+004 1.73708064138316e+006 7.33401336062348e-003 5.26108584856716e-001 1.56571353785821e+000 2.46919057943033e+001 1.62529232127830e-005 12495 39
1.27411877572279e+004 1.73714752954004e+006 7.33441407527979e-003 8.09259315775018e-001 1.56427538819544e+000 2.46989050351752e+001 1.63123152885569e-005 12693 40
1.27393447135749e+004 1.73705627039637e+006 7.33373842867445e-003 6.38050477614673e-001 1.56974035691397e+000 2.47111853601430e+001 1.64125110542587e-005 12957 41
1.27462163754759e+004 1.73715675416140e+006 7.33726971445166e-003 7.65129551072726e-001 1.56322074510941e+000 2.47181457530668e+001 1.64797005351552e-005 13199 42
1.27409027966037e+004 1.73711014675901e+006 7.33440787283327e-003 3.36161381878109e-001 1.55382483397931e+000 2.47204330143506e+001 1.68899640925317e-005 13436 43
1.27485411794985e+004 1.73714271185665e+006 7.33866724345485e-003 1.79387798699912e-001 1.51048859080782e+000 2.47238520150353e+001 1.85207466754479e-005 13573 44
1.27431176791202e+004 1.73717357167995e+006 7.33541502366198e-003 8.95046845912046e-001 1.56274136188849e+000 2.48372563172884e+001 1.85683301245725e-005 13807 45
1.27456271949312e+004 1.73712208352481e+006 7.33707699907019e-003 6.00146488845485e-001 1.56398775826289e+000 2.56059705938683e+001 1.86829749969171e-005 14894 46
1.27415672663459e+004 1.73716035233287e+006 7.33457839194919e-003 1.92266609698782e-001 1.51652881939146e+000 2.56068476342282e+001 2.00835371281826e-005 15034 47
1.27411249461730e+004 1.73712926645814e+006 7.33445502590245e-003 2.14423047578356e-001 1.52870515320292e+000 2.56254508842532e+001 2.11859610962179e-005 15320 48
1.27439810773039e+004 1.73721918520930e+006 7.33571940065936e-003 3.03201391644032e-001 1.54155262352367e+000 2.56254510012391e+001 2.17006399751058e-005 15321 49
1.27476852055761e+004 1.73715240618707e+006 7.33813357195025e-003 5.82873012482070e-001 1.56130321222571e+000 2.56254580975856e+001 2.18228898547880e-005 15327 50
1.27450219628574e+004 1.73723843641619e+006 7.33623724158070e-003 6.07135227515488e-001 1.55497535370952e+000 2.56303180607823e+001 2.19346400751355e-005 15698 51
1.27438471050944e+004 1.73716060319915e+006 7.33588965594286e-003 2.18604083376568e-001 1.52774638676107e+000 2.56332547340360e+001 2.29911654635796e-005 16116 52
1.27437474690620e+004 1.73710511867463e+006 7.33606660728129e-003 4.20514542069765e-001 1.56005681585131e+000 2.56430048921611e+001 2.32418845560284e-005 16613 53
1.27395338877081e+004 1.73707259106067e+006 7.33377842514200e-003 7.94091616565447e-002 1.26408561525315e+000 2.57232823881123e+001 3.25972218314925e-005 16865 54
1.27472616496413e+004 1.73713760421840e+006 7.33795228625178e-003 2.09936826685385e-001 1.52630823709830e+000 2.57855089095807e+001 3.37520192242463e-005 17044 55
1.27395824306677e+004 1.73706063485577e+006 7.33385684575639e-003 3.03292947172460e-001 1.55401658726768e+000 2.57855619953305e+001 3.42665039276668e-005 17069 56
1.27398323986542e+004 1.73706336361703e+006 7.33398922026840e-003 6.81478316599017e-002 1.12161292199469e+000 2.57855622219115e+001 4.66420833177030e-005 17075 57
1.27428304134031e+004 1.73710502352294e+006 7.33553911568877e-003 6.24378185369427e-001 1.56571353785821e+000 2.57856964411830e+001 4.67471681650939e-005 17131 58
1.27482528944459e+004 1.73706469778706e+006 7.33883086960789e-003 8.60652485732597e-001 -1.57050737006745e+000 2.57857059966155e+001 4.67990373539009e-005 17132 59
1.27465951201995e+004 1.73725027309776e+006 7.33709275393895e-003 4.65376750999481e-001 1.55056502807703e+000 2.58095158778339e+001 4.69996099083620e-005 17374 60
1.27419857366355e+004 1.73711754105177e+006 7.33500003250858e-003 8.79299295022431e-001 1.56705581087680e+000 2.58287714391499e+001 4.70490895859797e-005 17712 61
1.27412357411462e+004 1.73724536125546e+006 7.33402867707529e-003 5.54368724631489e-001 1.55344132740257e+000 2.60577829687476e+001 4.71855818699395e-005 18301 62
1.27413367688980e+004 1.73708218416466e+006 7.33477574872953e-003 8.98770104068117e-001 1.56993211020234e+000 2.60578337448548e+001 4.72327342449719e-005 18312 63
1.27440738796858e+004 1.73718171868472e+006 7.33593102586516e-003 2.66731772820215e-001 1.53867632419813e+000 2.60602859815095e+001 4.79149820907295e-005 18460 64
1.27475734270788e+004 1.73706437440888e+006 7.33844109842149e-003 8.40205084383679e-001 -1.57060324671163e+000 2.60603023555707e+001 4.79696689541179e-005 18487 65
1.27468921739548e+004 1.73713004032923e+006 7.33777155463130e-003 7.44193853572192e-001 1.56513827799310e+000 2.61483263466784e+001 4.80410880535272e-005 19022 66
1.27461255357903e+004 1.73715201183797e+006 7.33723745455865e-003 2.65602587969604e-001 1.54078561037019e+000 2.62843283447977e+001 4.87297784511971e-005 20027 67
1.27460709942275e+004 1.73718629962395e+006 7.33706124592433e-003 2.03894161809137e-001 1.51998037858211e+000 2.62852441958094e+001 4.99608383451026e-005 20144 68
1.27415276751154e+004 1.73708759492430e+006 7.33486279710995e-003 2.15948973052156e-001 1.53254021897031e+000 2.70494078099089e+001 5.10463645218974e-005 20848 69
1.27432972303745e+004 1.73711383298763e+006 7.33577063304213e-003 8.80153813287759e-002 1.32391264122440e+000 2.70833636691491e+001 5.86344058494521e-005 21219 70
1.27469722578726e+004 1.73719042790429e+006 7.33756258806440e-003 6.99056978057192e-001 1.55996093920713e+000 2.70886796631337e+001 5.87163612418745e-005 21271 71
1.27411288784438e+004 1.73724295899124e+006 7.33397730872108e-003 6.48518326364940e-002 1.02707855082858e+000 2.70894444315883e+001 7.18283815275890e-005 21421 72
1.27456497741618e+004 1.73713611822642e+006 7.33703072061513e-003 3.59630115665151e-001 1.55382483397931e+000 2.70894592976877e+001 7.21820406218053e-005 21439 73
1.27437851027158e+004 1.73720907602330e+006 7.33564928327817e-003 8.31324198126163e-002 1.28278156086917e+000 2.71136998840512e+001 8.06888787865932e-005 21645 74
1.27452971677781e+004 1.73720622249548e+006 7.33653168595180e-003 6.89657277138584e-001 1.55861866618854e+000 2.71173155990491e+001 8.07733104179780e-005 21718 75
1.27402897432821e+004 1.73706919190542e+006 7.33422788488732e-003 1.13040559099094e-001 1.42822643009735e+000 2.71257793612963e+001 8.52400068155801e-005 21841 76
1.27434467257983e+004 1.73712010076617e+006 7.33583022019599e-003 4.92629779961547e-001 1.56168671880245e+000 2.85056104798950e+001 8.54170043506408e-005 22193 77
1.27416110037460e+004 1.73713052289824e+006 7.33472951100662e-003 1.51158177434614e-001 1.48805345606861e+000 2.86031674225718e+001 8.77899768154112e-005 22334 78
1.27435139469017e+004 1.73710135668792e+006 7.33594806935180e-003 8.74965666676839e-001 1.56830220725120e+000 2.86401191451079e+001 8.78399974408534e-005 22438 79
1.27449215218089e+004 1.73716113212180e+006 7.33650587909673e-003 5.78447828608051e-001 1.56053619907224e+000 2.86401299309902e+001 8.79643133200052e-005 22453 80
1.27419951633153e+004 1.73708308097352e+006 7.33515096471457e-003 4.10992767113254e-001 1.56130321222571e+000 2.86403363453609e+001 8.82279925557731e-005 22496 81
1.27471303283179e+004 1.73721674862696e+006 7.33754240573362e-003 4.35651722769860e-001 1.55200317773980e+000 2.86407791209508e+001 8.84599173813539e-005 22525 82
1.27452039437874e+004 1.73712818876125e+006 7.33680757661441e-003 6.17877742851039e-001 1.56379600497452e+000 2.86439045059257e+001 8.85674485684336e-005 22945 83
1.27439058554514e+004 1.73716304425160e+006 7.33591316585256e-003 1.93823053682058e-001 1.51710407925657e+000 2.86446442882025e+001 8.99434295758792e-005 23101 84
1.27435343575577e+004 1.73714571773293e+006 7.33577248875044e-003 6.02069154942473e-001 1.56216610202338e+000 2.87882258041471e+001 9.00572689473181e-005 23834 85
1.27455077328888e+004 1.73723264333934e+006 7.33654131239685e-003 5.35599841303751e-001 1.55401658726768e+000 2.89417317754578e+001 9.02045071761126e-005 24227 86
1.27451560535057e+004 1.73718754919266e+006 7.33652931757477e-003 7.04947050386059e-001 1.56024856913968e+000 2.89420702950759e+001 9.02849638806793e-005 24238 87
1.27409950447912e+004 1.73715167872211e+006 7.33428562777507e-003 7.51976073488571e-001 1.56350837504196e+000 2.96590934508017e+001 9.03547662736818e-005 24598 88
1.27433866520698e+004 1.73709440468098e+006 7.33590415104249e-003 1.81707205420087e-001 1.51576180623798e+000 2.96921103455878e+001 9.19405864490657e-005 25047 89
1.27445088298865e+004 1.73714436328515e+006 7.33633914024524e-003 4.35132908108768e-001 1.55765989974670e+000 2.97021128192443e+001 9.21731410718251e-005 25262 90
1.27475840452775e+004 1.73720048687987e+006 7.33787225223735e-003 5.30381176183355e-001 1.55641350337230e+000 2.97049957253885e+001 9.23235909872925e-005 25553 91
1.27484112643927e+004 1.73723409864801e+006 7.33820642974770e-003 4.52131717886898e-001 1.55133204123051e+000 2.97052562410161e+001 9.25373209829518e-005 25576 92
1.27398217792861e+004 1.73707813196922e+006 7.33392075711364e-003 9.52482680745872e-002 2.07237366405225e-001 2.97073336210948e+001 9.38906396520539e-005 25779 93
1.27413818998318e+004 1.73718917407264e+006 7.33435000906658e-003 9.52330088198492e-001 1.56178259544664e+000 2.97451707473575e+001 9.39321523097985e-005 25943 94
1.27489635323488e+004 1.73718604274904e+006 7.33872731216264e-003 9.09451582384716e-002 1.33465082537309e+000 2.97451752577382e+001 1.01011483258295e-004 25961 95
1.27455806562362e+004 1.73715100342737e+006 7.33692806778762e-003 1.19144260994293e-001 1.43647182149724e+000 2.97456326185146e+001 1.04994755323708e-004 26115 96
1.27471187526749e+004 1.73714233937430e+006 7.33785002959207e-003 8.34711752677999e-001 1.56485064806055e+000 2.99562633208075e+001 1.05050236116157e-004 26292 97
1.27468005718350e+004 1.73724575755696e+006 7.33723008069713e-003 4.82985930967132e-001 1.55152379451888e+000 2.99800960892574e+001 1.05235075357712e-004 26608 98
1.27445958810759e+004 1.73710657140673e+006 7.33654885138118e-003 9.17783135471663e-001 1.56811045396283e+000 2.99888342717400e+001 1.05280105256112e-004 26904 99
1.27442156925769e+004 1.73715941743280e+006 7.33610683001554e-003 7.04763939329203e-001 1.56245373195593e+000 2.99897126838537e+001 1.05360609633834e-004 27100 100
