4.58192759895393e+003 1.73713128988624e+006 2.63763424213275e-003 2.73293252357555e-001 1.55516710699789e+000 5.21039243821962e-005 6.46984757795199e-007 50 1
4.58121549399478e+003 1.73719793955443e+006 2.63712313363002e-003 5.70360423596912e-001 1.54740109881893e+000 2.18603100414831e-004 7.75183330094672e-007 95 2
4.58453625921893e+003 1.73729216727449e+006 2.63889154842254e-003 5.57359538560137e-001 1.52678762031922e+000 5.20309980268897e-001 9.09959165248188e-007 510 3
4.58199031619730e+003 1.73712791213678e+006 2.63767547457905e-003 2.20923490096744e-001 1.55123616458632e+000 5.22233446869074e-001 1.94299512287573e-006 763 4
4.58129162435795e+003 1.73712007761523e+006 2.63728516065760e-003 3.65306558427686e-002 8.56705754112369e-001 5.26559225208890e-001 4.28716486684540e-005 954 5
4.58306122476192e+003 1.73715604219286e+006 2.63824923046129e-003 7.72820215460677e-001 1.55746814645833e+000 5.26559225208890e-001 4.29373719859016e-005 954 6
4.58142245832667e+003 1.73711129860801e+006 2.63737380535005e-003 5.81194494460891e-001 1.56638467436750e+000 5.26572991827138e-001 4.30604042982636e-005 980 7
4.58131221224901e+003 1.73712919036284e+006 2.63728317746903e-003 5.08011108737449e-001 1.56187847209082e+000 5.28099973181911e-001 4.32258259545121e-005 1068 8
4.58484766553080e+003 1.73720367575228e+006 2.63920522643074e-003 6.71712393566698e-001 1.54672996230964e+000 5.28963550656741e-001 4.33152803155077e-005 1278 9
4.58127206537867e+003 1.73711056431169e+006 2.63728834429759e-003 4.65712454603717e-002 1.24270512359996e+000 5.28970355792054e-001 7.33667043731827e-005 1290 10
4.58300750489286e+003 1.73720653612228e+006 2.63814162411536e-003 6.24134037293619e-001 1.54586707251198e+000 5.45660688973996e-001 7.34718483554939e-005 1549 11
4.58322464413017e+003 1.73724369346234e+006 2.63821018781536e-003 5.83819086275826e-001 1.53752580446791e+000 5.45697826913150e-001 7.35936009005558e-005 1615 12
4.58913676122521e+003 1.73719143435471e+006 2.64169278946827e-003 2.92550431836909e-001 1.54318252647481e+000 5.45776302465477e-001 7.41504319681974e-005 1682 13
4.58247058870260e+003 1.73726020946238e+006 2.63775106105171e-003 7.12271492660298e-001 1.53455362849818e+000 1.16906411724852e+000 7.42290324419337e-005 1886 14
4.58591937528401e+003 1.73716600884258e+006 2.63987937761927e-003 6.56971953489792e-001 1.55487947706534e+000 1.16906452566781e+000 7.43229772218762e-005 1887 15
4.58132334714047e+003 1.73716061670816e+006 2.63724187733084e-003 5.45670949430830e-001 1.55535886028626e+000 1.16906555478275e+000 7.44643061644582e-005 1891 16
4.58824373923017e+003 1.73720369498253e+006 2.64116009176076e-003 8.57600634784997e-001 1.54730522217475e+000 1.17062119950315e+000 7.45165678783772e-005 1984 17
4.58254380067943e+003 1.73718543563322e+006 2.63790674120773e-003 3.42112491225929e-001 1.54653820902127e+000 1.17237941698768e+000 7.49112352751551e-005 2197 18
4.58082652621680e+003 1.73726794194945e+006 2.63679297779221e-003 9.37406537064730e-001 1.53340310876797e+000 1.17273600533202e+000 7.49541874783868e-005 2297 19
4.58737605781526e+003 1.73723846517354e+006 2.64060777347133e-003 2.56569109164708e-001 1.53062268608661e+000 1.17369722482176e+000 7.56970877818983e-005 2434 20
4.58894875634516e+003 1.73718493702515e+006 2.64159444662886e-003 9.91363261818293e-001 1.55161967116306e+000 1.20381865496819e+000 7.57350838475562e-005 2510 21
4.58850827145574e+003 1.73725458100425e+006 2.64123499896026e-003 1.19418927579577e-001 1.49083387874996e+000 1.58469557838080e+000 7.97214740567148e-005 2664 22
4.58233898304981e+003 1.73720610263347e+006 2.63775745922532e-003 8.95321512497330e-001 1.54682583895383e+000 1.59250521627089e+000 7.97690132786870e-005 3048 23
4.58778688009343e+003 1.73717210220453e+006 2.64094513622862e-003 1.31076998199408e-001 1.51672057267983e+000 1.59696207334023e+000 8.30224108200646e-005 3142 24
4.58688299284304e+003 1.73718540682420e+006 2.64040459659996e-003 9.36124759666738e-001 1.55142791787469e+000 1.59697499368569e+000 8.30655145664937e-005 3148 25
4.58892981297549e+003 1.73719778688619e+006 2.64156400265664e-003 4.94705038605915e-002 1.26351035538804e+000 2.21455863949537e+000 1.09558668161485e-004 3273 26
4.58221636672061e+003 1.73719924720215e+006 2.63769728616513e-003 8.22138126773888e-001 1.54816811197241e+000 2.21459726692268e+000 1.09616019157097e-004 3318 27
4.58176815686064e+003 1.73727106070321e+006 2.63733025757939e-003 6.38996551408429e-001 1.53186908246101e+000 2.21556439694752e+000 1.09715813248873e-004 3412 28
4.58373905611570e+003 1.73724979831488e+006 2.63849702198039e-003 3.08053834650716e-001 1.53119794595172e+000 2.21557872984975e+000 1.10212647524487e-004 3424 29
4.58116024400172e+003 1.73714938159057e+006 2.63716504316760e-003 6.07196264534440e-001 1.55823515961180e+000 2.21593714087941e+000 1.10324378201675e-004 3446 30
4.58336367884642e+003 1.73716939772495e+006 2.63840305364101e-003 8.23877681814020e-001 1.55468772377697e+000 2.21593964049401e+000 1.10381470341507e-004 3451 31
4.58095572672629e+003 1.73711351761499e+006 2.63710175595706e-003 4.41022980437635e-001 1.56446714148381e+000 2.21777594385485e+000 1.10607261697657e-004 3671 32
4.58279284945776e+003 1.73717412569614e+006 2.63806727863570e-003 6.32648701437422e-002 1.38680771980956e+000 2.21825440148440e+000 1.26513967558353e-004 3741 33
4.58572810898835e+003 1.73716915093010e+006 2.63976450126645e-003 1.33457441938536e-001 1.51873398220771e+000 2.23584286814500e+000 1.29641398307141e-004 3888 34
4.58517075088572e+003 1.73728498202911e+006 2.63926768028907e-003 7.13980529190954e-001 1.52918453642384e+000 2.23739872156101e+000 1.29719569110658e-004 3925 35
4.58127076641191e+003 1.73716013487118e+006 2.63721234082061e-003 3.81420331431013e-001 1.55315369747002e+000 2.23757551688900e+000 1.30030293007617e-004 3964 36
4.58309081729061e+003 1.73712632277234e+006 2.63831140164353e-003 6.52394177068392e-001 1.56350837504196e+000 2.23766337736424e+000 1.30125703688107e-004 3974 37
4.58249861699580e+003 1.73714489805223e+006 2.63794228832469e-003 7.31101413006989e-001 1.55976918591876e+000 2.23786833083313e+000 1.30199963444143e-004 4058 38
4.58869655054353e+003 1.73726490933223e+006 2.64132767242586e-003 1.64067506942961e-001 1.51039271416364e+000 2.24320039869112e+000 1.32184633220120e-004 4159 39
4.58486248074926e+003 1.73719544875247e+006 2.63922625328488e-003 7.58903775139622e-001 1.54883924848170e+000 2.19192369777533e+001 1.32253026782851e-004 4211 40
4.58221398277841e+003 1.73712723460609e+006 2.63780525904055e-003 4.08795434430982e-001 1.56091970564898e+000 2.19203341009735e+001 1.32519833175470e-004 4234 41
4.58043606872951e+003 1.73710428261986e+006 2.63681662576696e-003 7.18832972197638e-001 1.56858983718375e+000 2.19300574042570e+001 1.32596914303246e-004 4257 42
4.58718537890462e+003 1.73718332406903e+006 2.64058182789143e-003 3.92376476332896e-001 1.54835986526078e+000 2.19300575651026e+001 1.32888841701301e-004 4259 43
4.58321104275345e+003 1.73713521153960e+006 2.63836711025973e-003 3.56730857264931e-001 1.55794752967925e+000 2.19300742733702e+001 1.33248877225266e-004 4295 44
4.58238615619946e+003 1.73720131161284e+006 2.63779188834577e-003 9.59013641773736e-001 1.54797635868404e+000 2.19302398107865e+001 1.33289747078497e-004 4344 45
4.58466498140586e+003 1.73716210960002e+006 2.63916321437255e-003 9.42350535599841e-001 1.55650938001648e+000 2.19334581089756e+001 1.33332230443590e-004 4449 46
4.58377476041231e+003 1.73722561528059e+006 2.63855430332310e-003 5.96758934293649e-001 1.54155262352367e+000 7.65804239802961e+001 1.33448264992857e-004 4635 47
4.58028796312093e+003 1.73709664121893e+006 2.63674296509881e-003 1.18503372295297e-001 1.52467833414716e+000 7.65856648694691e+001 1.37511398813482e-004 4739 48
4.58253182257206e+003 1.73716803424209e+006 2.63792627012453e-003 1.86986907559435e-001 1.53714229789117e+000 7.65865218158497e+001 1.39001789301809e-004 4766 49
4.58097052295265e+003 1.73710732672126e+006 2.63711967198563e-003 3.64391003143406e-002 8.50473772240364e-001 7.65867122913769e+001 1.79933943556195e-004 4871 50
4.58523859686645e+003 1.73726673779605e+006 2.63933444994318e-003 8.32331308938871e-001 1.53349898541215e+000 7.65874672260125e+001 1.79989736187442e-004 4916 51
4.58050310227960e+003 1.73710559233849e+006 2.63685322665780e-003 4.92263557847835e-001 1.56686405758843e+000 8.96251925740486e+001 1.80167029529621e-004 4972 52
4.58791620237169e+003 1.73719034262618e+006 2.64099184938691e-003 5.07431257057405e-001 1.54855161854915e+000 8.96269695273749e+001 1.80332832902449e-004 5119 53
4.58045022169813e+003 1.73712247333442e+006 2.63679716111403e-003 6.79525131992554e-001 1.56446714148381e+000 8.96274317606180e+001 1.80420063700132e-004 5203 54
4.58020644801129e+003 1.73709812789887e+006 2.63669378277787e-003 7.47093111972411e-001 1.57002798684652e+000 8.96289034306504e+001 1.80490875585095e-004 5310 55
4.58451915370832e+003 1.73719398364158e+006 2.63903084741098e-003 1.21036408581805e-001 1.50531125202185e+000 8.96295104847087e+001 1.84365089294008e-004 5396 56
4.58279270924600e+003 1.73728681458549e+006 2.63789608082263e-003 8.24945829645680e-001 1.52908865977966e+000 8.96372511431878e+001 1.84421976800991e-004 5565 57
4.58149108900611e+003 1.73713170031672e+006 2.63738233868083e-003 2.60719626453444e-001 1.55420834055605e+000 8.96417849413148e+001 1.85139587236716e-004 5686 58
4.58248293402385e+003 1.73726854085203e+006 2.63774551740984e-003 9.51292458876309e-001 1.53330723212378e+000 8.96424652432212e+001 1.85181172027267e-004 5828 59
4.58151354320512e+003 1.73727068019901e+006 2.63718427665830e-003 7.67662587359233e-001 1.53244434232612e+000 8.96607597501250e+001 1.85247827589161e-004 6106 60
4.58140812423945e+003 1.73711297621660e+006 2.63736300671564e-003 4.90646076845607e-001 1.56523415463729e+000 8.96609987927253e+001 1.85426407930617e-004 6171 61
4.58206239313508e+003 1.73714076610412e+006 2.63769744861817e-003 4.76271858882412e-001 1.55900217276528e+000 8.96610128507812e+001 1.85617050402726e-004 6200 62
4.58059506837663e+003 1.73716640436708e+006 2.63681386013956e-003 6.79982909634693e-001 1.55487947706534e+000 8.96652460763975e+001 1.85704142767776e-004 6267 63
4.58804105957919e+003 1.73724350579602e+006 2.64098290043491e-003 6.79036835840938e-001 1.53810106433302e+000 8.96653266955351e+001 1.85791466681487e-004 6284 64
4.58591655825468e+003 1.73724650986203e+006 2.63975542917423e-003 5.87023529770806e-001 1.53695054460280e+000 8.96653460793118e+001 1.85911759520818e-004 6299 65
4.58715659146862e+003 1.73727105333938e+006 2.64043191318752e-003 8.17804498428297e-001 1.53254021897031e+000 8.96817538657582e+001 1.85969753635927e-004 6448 66
4.58699173501209e+003 1.73723511504309e+006 2.64039164050180e-003 1.48442030091250e-001 1.51144735724967e+000 8.96817542307439e+001 1.88443414966387e-004 6449 67
4.58446691548657e+003 1.73728052200240e+006 2.63886932243109e-003 5.08529923398541e-001 1.52889690649129e+000 8.96817601306333e+001 1.88608327262523e-004 6462 68
4.58063031285256e+003 1.73710187744479e+006 2.63693209668508e-003 2.82723471785638e-001 1.56216610202338e+000 8.96819280629776e+001 1.89208834737055e-004 6560 69
4.58080658100202e+003 1.73712462722787e+006 2.63699903348792e-003 6.18060853907895e-001 1.56370012833033e+000 8.96819481729289e+001 1.89316295776493e-004 6570 70
4.58408429245195e+003 1.73714044078892e+006 2.63886185840050e-003 7.55912961210975e-001 1.56082382900479e+000 8.96918472416720e+001 1.89385299282316e-004 6618 71
4.58194229707349e+003 1.73715299973589e+006 2.63760973976598e-003 8.12891018402661e-001 1.55823515961180e+000 8.96971538033822e+001 1.89444105780164e-004 6704 72
4.58626918178560e+003 1.73720357887036e+006 2.64002364636590e-003 2.73873104037599e-001 1.53944333735160e+000 8.96972550792968e+001 1.90087842906057e-004 6761 73
4.58915009238326e+003 1.73723634760470e+006 2.64163216709423e-003 8.19666127506333e-001 1.54011447386090e+000 8.97023345904917e+001 1.90145562713130e-004 6911 74
4.58858819353237e+003 1.73720176940013e+006 2.64136129904312e-003 8.86989959410382e-001 1.54778460539567e+000 8.97025491440751e+001 1.90194090953951e-004 6944 75
4.58271439070937e+003 1.73728050558082e+006 2.63786057960681e-003 3.45622119815668e-001 1.52592473052156e+000 8.97025533129797e+001 1.90579720201841e-004 6959 76
4.58079045880923e+003 1.73716749940648e+006 2.63692467367506e-003 2.64015625476852e-001 1.54663408566546e+000 8.97047794592226e+001 1.91277661216737e-004 7076 77
4.58064939747062e+003 1.73710518341465e+006 2.63693806460678e-003 1.12735374004334e-001 1.51787109241005e+000 8.99153784117270e+001 1.95810702784126e-004 7452 78
4.58163704714270e+003 1.73711523407331e+006 2.63749136121183e-003 8.56959746086001e-001 1.56657642765587e+000 8.99153784117270e+001 1.95863064503464e-004 7452 79
4.58693288983329e+003 1.73727345507552e+006 2.64029949784069e-003 7.97540208136235e-001 1.53196495910520e+000 8.99154332386244e+001 1.95924348557825e-004 7521 80
4.58023045655866e+003 1.73709945206274e+006 2.63670559383564e-003 6.93166905728324e-001 1.56954860362560e+000 8.99154724500008e+001 1.96007848688077e-004 7535 81
4.58420114410083e+003 1.73724077235971e+006 2.63877671816350e-003 7.31223487044893e-001 1.53886807748650e+000 8.99154728910492e+001 1.96082047850423e-004 7546 82
4.58717923783144e+003 1.73724992902767e+006 2.64047705536951e-003 3.73363444929350e-001 1.53340310876797e+000 8.99155508400567e+001 1.96407537398945e-004 7624 83
4.58205015804375e+003 1.73720350636361e+006 2.63759514393114e-003 8.51985229041413e-001 1.54730522217475e+000 8.99159997640891e+001 1.96460559912369e-004 7646 84
4.58705382369475e+003 1.73718844002891e+006 2.64049832322540e-003 6.28376110110782e-002 1.38105512115848e+000 9.00057590777314e+001 2.12588629608169e-004 7946 85
4.58762587596680e+003 1.73716990867872e+006 2.64085578972972e-003 2.96487319559313e-001 1.54807223532823e+000 9.00068892965672e+001 2.13129390257726e-004 8066 86
4.58117581031845e+003 1.73711754311802e+006 2.63722233872965e-003 3.27066866054262e-001 1.56082382900479e+000 9.00105200076672e+001 2.13565211796368e-004 8461 87
4.58418870986556e+003 1.73717099043353e+006 2.63887555927908e-003 1.82287057100131e-001 1.53551239494003e+000 9.00105211631495e+001 2.15141361503793e-004 8470 88
4.58194480093107e+003 1.73714181207495e+006 2.63762816796023e-003 6.57887508774071e-001 1.56015269249550e+000 3.32363475639216e+002 2.15235025457214e-004 8703 89
4.58237472322760e+003 1.73715797110574e+006 2.63785111716500e-003 7.24204229865413e-001 1.55689288659322e+000 3.32375865488209e+002 2.15310847309845e-004 8786 90
4.58045582113379e+003 1.73711066983219e+006 2.63681830121424e-003 9.42289498580889e-001 1.56772694738609e+000 3.32379185961263e+002 2.15353340865890e-004 8888 91
4.58126458938962e+003 1.73718390695266e+006 2.63717269693775e-003 4.94705038605914e-001 1.54979801492355e+000 3.32594412457718e+002 2.15528677637865e-004 8932 92
4.58388737591185e+003 1.73713666897654e+006 2.63875423190995e-003 2.38502151554918e-001 1.55123616458632e+000 3.32598533796936e+002 2.16401577743371e-004 9276 93
4.58263941273269e+003 1.73718000737001e+006 2.63797002225699e-003 2.13873714407788e-001 1.53896395413068e+000 3.32598537415059e+002 2.17510661425452e-004 9292 94
4.58604510191347e+003 1.73726768647998e+006 2.63979724307033e-003 1.54240546891690e-001 1.50655764839625e+000 3.32598557235372e+002 2.19783649576758e-004 9333 95
4.58065338367293e+003 1.73720100998005e+006 2.63679490249106e-003 3.08420056764428e-001 1.54184025345622e+000 3.32600062724474e+002 2.20279367764065e-004 9350 96
4.58377479265888e+003 1.73714030121535e+006 2.63868390540263e-003 2.04321420941801e-001 1.54625057908872e+000 3.32602856528447e+002 2.21505985587768e-004 9408 97
4.58240444581604e+003 1.73718305479135e+006 2.63783013817866e-003 1.09927671132542e-001 1.49812050370800e+000 3.32603137932889e+002 2.26291705750412e-004 9459 98
4.58863724003071e+003 1.73719992192280e+006 2.64139234094446e-003 7.58720664082766e-001 1.54788048203986e+000 3.32609627911502e+002 2.26360134159858e-004 9516 99
4.58364092115358e+003 1.73713340716669e+006 2.63861731325608e-003 9.89959410382397e-001 1.56283723853267e+000 3.32668824273416e+002 2.26398254668286e-004 9733 100
4.58576527820893e+003 1.73728519167826e+006 2.63960957571681e-003 8.25525681325724e-002 1.43292438566240e+000 3.32670312627962e+002 2.35322727584101e-004 9804 101
4.58839985841485e+003 1.73729201914850e+006 2.64111567833978e-003 8.37672048097171e-001 1.52803401669362e+000 3.32692254927319e+002 2.35377728591242e-004 10151 102
4.58030500928287e+003 1.73712121802778e+006 2.63671547341684e-003 8.22168645283364e-002 1.46830286736656e+000 3.32692496043196e+002 2.44421125139460e-004 10168 103
