8.70470007952161e+004 1.73492070313203e+006 6.23304856322791e+000 8.09039012651557e-001 -1.56485064806055e+000 1.51513106748882e-003 5.94278743919313e-008 6318 1
8.70418447237874e+004 1.73495478770124e+006 5.01274891345630e-002 6.28319419718836e-001 1.56379600497452e+000 2.02161916812167e-003 1.63066821193977e-007 8577 2
8.70449074205090e+004 1.73496375156028e+006 6.23305100857254e+000 9.68508373760442e-001 -1.55957743263039e+000 2.18864728122926e-003 2.03068288948339e-007 9264 3
8.70438494542749e+004 1.73496531655019e+006 5.01283380253959e-002 5.31277576508368e-001 1.55104441129795e+000 5.20397756828336e-003 3.52946569474976e-007 21983 4
8.70406045879119e+004 1.73494226707411e+006 5.01271372810199e-002 2.76830529203035e-001 1.43023983962523e+000 1.03725659579293e-002 9.75756807781202e-007 43953 5
8.70389691355735e+004 1.73492812950565e+006 5.01266047765041e-002 5.55544653198850e-001 1.55526298364208e+000 1.07049084787174e-002 1.11161835602794e-006 45359 6
8.70476242573979e+004 1.73493599747370e+006 6.23304864596683e+000 8.77473756731806e-001 -1.56216610202338e+000 1.26355036908385e-002 1.16132328076722e-006 53581 7
8.70439953909594e+004 1.73496093255102e+006 5.01285483845388e-002 5.05925494207951e-001 1.54653820902127e+000 1.31024198690962e-002 1.32820641904782e-006 55639 8
8.70398954181108e+004 1.73493688588651e+006 5.01268847660981e-002 4.88565404449001e-001 1.54327840311899e+000 1.33322269297067e-002 1.50839873929346e-006 56648 9
8.70468906485377e+004 1.73493172914456e+006 6.23304894462293e+000 9.62236512063993e-001 -1.55938567934202e+000 1.43327099133183e-002 1.54897596865984e-006 60797 10
8.70398368946671e+004 1.73494113404006e+006 5.01267285840358e-002 6.39407647781336e-001 1.56504240134892e+000 1.49002230521976e-002 1.64870286125827e-006 63330 11
8.70402910505418e+004 1.73496315869851e+006 5.01263544204937e-002 2.19616330942595e-001 2.70228321634571e-001 1.50767071411619e-002 1.92815075265752e-006 64149 12
8.70407055400790e+004 1.73495521340512e+006 5.01268218969473e-002 2.04558570160824e-001 1.27846711188086e+000 1.61910933598816e-002 3.10008893631061e-006 68789 13
8.70464021654929e+004 1.73495605086381e+006 6.23304992706178e+000 9.08594893250898e-001 -1.56130321222571e+000 1.65714990518863e-002 3.14612481994910e-006 70491 14
8.70379510881171e+004 1.73491883556577e+006 5.01262875294251e-002 4.03643867808043e-001 1.51902161214026e+000 1.78435912596380e-002 3.42012569821910e-006 76107 15
8.70416402340809e+004 1.73495631131974e+006 5.01273276183363e-002 1.65101414931261e-001 1.03254351954711e+000 1.98202772362384e-002 5.10385664911994e-006 84478 16
8.70475233620611e+004 1.73494507516292e+006 6.23304896583677e+000 9.81898930800120e-001 -1.55900217276528e+000 1.98213505190321e-002 5.14266753505489e-006 84479 17
8.70392657167630e+004 1.73492920288304e+006 5.01267443337372e-002 6.35993849642762e-001 1.56485064806055e+000 2.03481466569212e-002 5.24357576848841e-006 86650 18
8.70410375642880e+004 1.73494732777038e+006 5.01272402442915e-002 5.17913483020152e-001 1.54893512512589e+000 2.06078909708925e-002 5.40208736159784e-006 87825 19
8.70409515855491e+004 1.73495936249474e+006 5.01268436814881e-002 7.04507984377396e-001 1.57021974013489e+000 2.20726203922824e-002 5.48265888952190e-006 93787 20
8.70460421488437e+004 1.73494412254779e+006 6.23304978996609e+000 7.74398223788044e-001 -1.56686405758843e+000 2.23714938535224e-002 5.54809323622803e-006 95125 21
8.70413985297831e+004 1.73494586132405e+006 5.01274900763333e-002 5.85501393453623e-001 1.55909804940947e+000 2.62062116063097e-002 5.66913619322476e-006 111371 22
8.70475473058187e+004 1.73494004607906e+006 6.23304880699864e+000 9.79755383131713e-001 -1.55900217276528e+000 2.67674502481165e-002 5.70813413080559e-006 113706 23
8.70402106320455e+004 1.73494790455653e+006 5.01267481716340e-002 6.14664227164540e-001 1.56245373195593e+000 2.81780089923340e-002 5.81690487920306e-006 119876 24
8.70461874132811e+004 1.73494575973064e+006 6.23304975367400e+000 8.19386261273126e-001 -1.56465889477218e+000 2.84491013582510e-002 5.87469417784532e-006 120967 25
8.70415600377798e+004 1.73496214379755e+006 5.01271132782303e-002 1.79206487860407e-001 1.15660789712210e+000 3.22795617514486e-002 7.37363301409783e-006 137581 26
8.70423082752348e+004 1.73495056796523e+006 5.01278773636189e-002 3.61381576123528e-001 1.49946277672658e+000 3.47184179857677e-002 7.72269261743606e-006 148010 27
8.70410861349659e+004 1.73495387481298e+006 5.01270793253401e-002 2.34859336584600e-001 1.36187979232154e+000 3.55265785760407e-002 8.60619164921087e-006 151561 28
8.70395014695446e+004 1.73493604542310e+006 5.01266825106616e-002 2.37690936591014e-001 1.36801589754936e+000 3.58612933070314e-002 9.46780412667695e-006 153036 29
8.70436851652841e+004 1.73496143061051e+006 5.01283556586586e-002 4.27143501506133e-001 1.52678762031922e+000 3.70900026222594e-002 9.70982210433813e-006 158435 30
8.70384285587634e+004 1.73492466373814e+006 5.01263939412022e-002 3.19357456402169e-001 1.47242556306650e+000 3.71590737452379e-002 1.01669276302657e-005 158745 31
8.70479807425289e+004 1.73495849582244e+006 6.23304909000857e+000 9.00920463326972e-001 -1.56159084215827e+000 4.06665267502062e-002 1.02138307898631e-005 173667 32
8.70395147776683e+004 1.73494389390897e+006 5.01264637801547e-002 2.73046241343996e-001 1.42544600741600e+000 4.07005423922902e-002 1.08553463514652e-005 173813 33
8.70388406382901e+004 1.73493515964420e+006 5.01263281196781e-002 2.11624338401128e-001 1.30224451963866e+000 4.09425736557237e-002 1.19503957908827e-005 174826 34
8.70469701978763e+004 1.73495435712372e+006 6.23304955162181e+000 8.53100825835476e-001 -1.56331662175359e+000 4.14768761112300e-002 1.20032789935482e-005 177062 35
8.70410665047461e+004 1.73495044384776e+006 5.01271670024120e-002 3.88268544408730e-001 1.51240612369152e+000 4.27349083310801e-002 1.23016104658877e-005 182265 36
8.70385434099137e+004 1.73492407730980e+006 5.01264768895767e-002 6.70581711403351e-001 1.56801457731864e+000 4.33951344691139e-002 1.23914226511368e-005 185112 37
8.70394001721748e+004 1.73493267145638e+006 5.01267215897225e-002 4.12085740724362e-001 1.52199378810999e+000 4.53103048411290e-002 1.26532654416330e-005 193245 38
8.70475343260700e+004 1.73493273964788e+006 6.23304860369417e+000 7.59922661138432e-001 -1.56753519409772e+000 4.59553916785575e-002 1.27214735044079e-005 196130 39
8.70468401555858e+004 1.73493006064773e+006 6.23304892552287e+000 7.32321176963761e-001 -1.56916509704886e+000 4.72321001236391e-002 1.27954658188279e-005 201523 40
8.70424127348356e+004 1.73495472050069e+006 5.01278176433725e-002 4.50034473520601e-001 1.53369073870052e+000 4.83389253931882e-002 1.30112854419864e-005 206126 41
8.70391583741475e+004 1.73494178342990e+006 5.01263197436095e-002 3.75169086435132e-001 1.50655764839625e+000 4.85708377300373e-002 1.33328991086312e-005 207121 42
8.70480901541498e+004 1.73495015121839e+006 6.23304878639238e+000 9.77029637331146e-001 -1.55919392605365e+000 4.89818064950949e-002 1.33721368896493e-005 208892 43
8.70428096026243e+004 1.73495582183081e+006 5.01280140498337e-002 5.38819688674984e-001 1.55238668431654e+000 4.99576761598014e-002 1.35174422016450e-005 213082 44
8.70477213237201e+004 1.73496261668821e+006 6.23304935802831e+000 8.07054246291921e-001 -1.56542590792566e+000 5.12620737291272e-002 1.35771922735790e-005 218360 45
8.70476386302533e+004 1.73494527652856e+006 6.23304890537320e+000 9.93172403722852e-001 -1.55871454283273e+000 5.14669836006200e-002 1.36150404344151e-005 219272 46
8.70392424653493e+004 1.73492950640582e+006 5.01267222105478e-002 5.36332114837574e-001 1.55229080767235e+000 5.16317253615044e-002 1.37618322903006e-005 219950 47
8.70481674766055e+004 1.73495288924411e+006 6.23304882091919e+000 7.69211367701529e-001 -1.56724756416517e+000 5.20874748106277e-002 1.38282413656647e-005 221935 48
8.70395477432709e+004 1.73493348158610e+006 5.01267830672671e-002 4.62525269810577e-001 1.53723817453536e+000 5.43762422015160e-002 1.40314714909721e-005 231809 49
8.70383304110058e+004 1.73492329483699e+006 5.01263769962692e-002 2.65213030111299e-001 1.41509132984405e+000 5.44642724844991e-002 1.47143384027522e-005 232223 50
8.70383669080170e+004 1.73492458074605e+006 5.01263608891371e-002 1.59279433609662e-001 6.55173048036134e-001 5.55947301003880e-002 1.60073666434080e-005 237099 51
8.70472016554051e+004 1.73495450946069e+006 6.23304942294269e+000 8.91314194146334e-001 -1.56187847209082e+000 5.69376925123498e-002 1.60553892373723e-005 242739 52
8.70423591319722e+004 1.73495228950172e+006 5.01278569460969e-002 6.51104537527457e-001 1.56600116779077e+000 6.10177499632395e-002 1.61512176100536e-005 259673 53
8.70466282117209e+004 1.73496661707977e+006 5.01298981108904e-002 1.58564917720193e-001 9.22477132023072e-001 6.25338138211945e-002 1.78596106782837e-005 265849 54
8.70466437270513e+004 1.73494473690721e+006 6.23304946181657e+000 8.12876227613520e-001 -1.56494652470473e+000 6.66228191060260e-002 1.79184231637233e-005 283209 55
8.70465149859357e+004 1.73496599487803e+006 6.23305014903862e+000 7.70190519105616e-001 -1.56734344080935e+000 6.81924327805572e-002 1.79846466645405e-005 289802 56
8.70414486385672e+004 1.73496435969712e+006 5.01269853158294e-002 1.61343590623683e-001 9.78948475447859e-001 6.86020611346409e-002 1.96966654868937e-005 291432 57
8.70395666873235e+004 1.73493670973559e+006 5.01267008456339e-002 1.95428644906498e-001 1.24299275353252e+000 6.96689012783896e-002 2.09777941487345e-005 296062 58
8.70379379684379e+004 1.73491884934201e+006 5.01262795889170e-002 2.58067871216610e-001 1.40454489898373e+000 7.13194567004965e-002 2.17017070642368e-005 303228 59
8.70389719518546e+004 1.73493814055654e+006 5.01263176362362e-002 5.32838926044614e-001 1.55161967116306e+000 7.25816450210762e-002 2.18506225139985e-005 308585 60
8.70406166229590e+004 1.73494660265669e+006 5.01270191438774e-002 4.21374447287458e-001 1.52506184072390e+000 7.63944942040418e-002 2.20999707559761e-005 324536 61
8.70468430797272e+004 1.73491788834885e+006 6.23304857270769e+000 7.33141547059077e-001 -1.56897334376049e+000 7.69730102016934e-002 2.21737810173530e-005 327173 62
8.70412532175649e+004 1.73496766063643e+006 5.01267777503029e-002 5.63430791534470e-001 1.55593412015137e+000 7.70360701950387e-002 2.23054954779130e-005 327439 63
8.70450903242724e+004 1.73495989609396e+006 6.23305079220354e+000 7.31659588177216e-001 -1.56954860362560e+000 7.72461846302266e-002 2.23796351065324e-005 328385 64
8.70473094605723e+004 1.73494280948520e+006 6.23304902346046e+000 9.70334358811308e-001 -1.55928980269784e+000 7.75640577595722e-002 2.24194710256760e-005 329766 65
8.70424476561243e+004 1.73495998456006e+006 5.01276858821923e-002 6.42715591714062e-001 1.56513827799310e+000 7.80634376952232e-002 2.25180722492753e-005 332010 66
8.70381018891504e+004 1.73492190238841e+006 5.01262857722211e-002 1.68488749518373e-001 1.07070242393262e+000 8.08839909903870e-002 2.41637333451034e-005 344267 67
8.70383080568818e+004 1.73492632573551e+006 5.01262767201963e-002 5.79917584095180e-001 1.55861866618854e+000 8.10018215538755e-002 2.42873544671759e-005 344759 68
8.70399686772021e+004 1.73493739960682e+006 5.01269120679957e-002 2.71881845079676e-001 1.42400785775323e+000 8.14327676851871e-002 2.49347929297863e-005 346542 69
8.70466550103048e+004 1.73496599600069e+006 5.01299314336135e-002 1.97466338369058e-001 3.44149214300974e-001 8.15571138525242e-002 2.53810506436590e-005 347131 70
8.70397664429796e+004 1.73493537717295e+006 5.01268541304687e-002 4.59614279149778e-001 1.53647116138188e+000 8.32028969406215e-002 2.55871179383560e-005 354191 71
8.70393018134993e+004 1.73494497918738e+006 5.01263100348760e-002 1.77062940192000e-001 1.14222640049440e+000 8.33864227394918e-002 2.71163790193066e-005 354987 72
8.70406406974569e+004 1.73496600299643e+006 5.01264734046865e-002 1.78809534588480e-001 1.15392335108493e+000 8.50255452811094e-002 2.86208652590771e-005 362094 73
8.70409743971058e+004 1.73494917017812e+006 5.01271507841623e-002 3.31504226523141e-001 1.48115033768731e+000 8.61731364263834e-002 2.90422776640644e-005 367177 74
8.70382344621938e+004 1.73492220049029e+006 5.01263533962858e-002 6.44197550595924e-001 1.56571353785821e+000 8.65099600272396e-002 2.91403808547028e-005 368513 75
8.70392430382960e+004 1.73493968423895e+006 5.01264289693881e-002 6.47399640322803e-001 1.56580941450240e+000 8.67597740754742e-002 2.92374197616198e-005 369537 76
8.70410598534621e+004 1.73494269105743e+006 5.01273868022631e-002 5.53427569081905e-001 1.55478360042116e+000 8.82923476623184e-002 2.93744262945902e-005 375853 77
8.70437321773841e+004 1.73496458978380e+006 5.01282915622874e-002 6.03708316859350e-001 3.42759002960295e-002 8.83276721725407e-002 2.93783043568306e-005 376039 78
8.70439136412254e+004 1.73496514531565e+006 5.01283798678064e-002 1.97016457994207e-001 1.24932061204871e+000 8.87501035275157e-002 3.06395108638724e-005 377800 79
8.70405516850224e+004 1.73494823816492e+006 5.01269346336957e-002 3.02129684400528e-001 1.45737292992950e+000 8.88979295057710e-002 3.11551022347036e-005 378435 80
8.70466678064751e+004 1.73493179874289e+006 6.23304907475237e+000 7.22291490959734e-001 -1.56983623355815e+000 8.93698229968641e-002 3.12313738593527e-005 380312 81
8.70385289722270e+004 1.73492622045926e+006 5.01264067712587e-002 3.29360678854734e-001 1.47990394131291e+000 9.25975769691261e-002 3.16587954193319e-005 393956 82
8.70478514546100e+004 1.73494068584724e+006 6.23304865058613e+000 8.35476100561908e-001 -1.56389188161870e+000 9.54249402483993e-002 3.17141642656245e-005 406215 83
8.70468730738986e+004 1.73493898012660e+006 6.23304916389358e+000 7.80511304175723e-001 -1.56648055101169e+000 9.67972629119787e-002 3.17784763248693e-005 412478 84
8.70379473657782e+004 1.73491950599177e+006 5.01262660513708e-002 1.78835998139941e-001 1.15478624088260e+000 9.78006946217957e-002 3.32830469583275e-005 416670 85
8.70475344958164e+004 1.73494135845291e+006 6.23304885222123e+000 8.79140960473900e-001 -1.56216610202338e+000 9.83875099818372e-002 3.33325447459694e-005 419167 86
8.70384156137962e+004 1.73492382518871e+006 5.01264106858081e-002 3.63313415380240e-001 1.50080504974517e+000 9.92442977576700e-002 3.36775668446626e-005 422728 87
8.70421212774016e+004 1.73496308028089e+006 5.01274089421262e-002 4.23094578132476e-001 1.52544534730064e+000 9.93325956849025e-002 3.39246945975367e-005 423048 88
8.70480210675872e+004 1.73494241595297e+006 6.23304860297661e+000 8.54476930511490e-001 -1.56312486846522e+000 1.00748411667022e-001 3.39773905383475e-005 428984 89
8.70439980454522e+004 1.73496433042785e+006 5.01284518997866e-002 6.97389289034168e-001 1.56964448026978e+000 1.01683684758361e-001 3.40597824929749e-005 432734 90
8.70458769776117e+004 1.73494451462221e+006 6.23304989623943e+000 8.85386358618888e-001 -1.56197434873501e+000 1.03763430753350e-001 3.41085153166726e-005 441987 91
8.70470597790293e+004 1.73493123382973e+006 6.23304883309409e+000 7.43330014371875e-001 -1.56849396053957e+000 1.04672011971777e-001 3.41801180945098e-005 445730 92
8.70469657142023e+004 1.73494400049350e+006 6.23304925545046e+000 9.37440164344274e-001 -1.56024856913968e+000 1.04704785566633e-001 3.42230945615170e-005 445890 93
8.70398388010053e+004 1.73493710329369e+006 5.01268459435605e-002 5.12038574595629e-001 1.54797635868404e+000 1.06139159497243e-001 3.43856313630189e-005 451933 94
8.70424515491715e+004 1.73496103445969e+006 5.01276578368094e-002 2.09083837460794e-001 1.29380737495041e+000 1.07358201307149e-001 3.55075155249430e-005 457197 95
8.70459439700886e+004 1.73494570167367e+006 6.23304989196443e+000 9.44479469033116e-001 -1.56005681585131e+000 1.08613596868775e-001 3.55497903774506e-005 462695 96
8.70395766231001e+004 1.73494133883858e+006 5.01265730359368e-002 1.98339635567298e-001 1.25507321069979e+000 1.10063473222836e-001 3.67949207654016e-005 468972 97
8.70422952217985e+004 1.73495625158574e+006 5.01277059175328e-002 1.64281044835944e-001 1.02218884197516e+000 1.10178065285629e-001 3.84865896995180e-005 469416 98
8.70421406597215e+004 1.73495967950937e+006 5.01275181781489e-002 2.58014944113686e-001 1.40396963911863e+000 1.11372444387875e-001 3.92107593202836e-005 474686 99
8.70379259695045e+004 1.73491873995887e+006 5.01262758452145e-002 3.80117770558491e-001 1.50914631778924e+000 1.11437406784638e-001 3.95232843988365e-005 474932 100
8.70481084806354e+004 1.73494477792483e+006 6.23304862085448e+000 8.17057468744486e-001 -1.56475477141636e+000 1.13124551877978e-001 3.95814367179585e-005 482106 101
8.70431181110628e+004 1.73496580278561e+006 5.01279035267034e-002 6.09530298180949e-001 1.56168671880245e+000 1.13358652832231e-001 3.96922324467008e-005 483096 102
8.70407139212574e+004 1.73494821263094e+006 5.01270286461388e-002 1.61555299035378e-001 6.12699694662313e-001 1.14844637390600e-001 4.08751403117872e-005 489549 103
8.70429344420892e+004 1.73496327978138e+006 5.01278707037122e-002 3.48308581701392e-001 1.49188852183599e+000 1.15854187677590e-001 4.12534574796260e-005 494039 104
8.70402343709721e+004 1.73495449501681e+006 5.01265717255631e-002 2.05617112219296e-001 1.28220630100406e+000 1.16533201633073e-001 4.24134592339154e-005 497043 105
8.70393262218606e+004 1.73493251660956e+006 5.01266835388547e-002 1.82726140204828e-001 1.17904303186132e+000 1.17407497352253e-001 4.38634140001214e-005 500750 106
8.70469370211256e+004 1.73491929409339e+006 6.23304855924796e+000 8.47913969748960e-001 -1.56312486846522e+000 1.18330328086754e-001 4.39170114313660e-005 504906 107
8.70395016856013e+004 1.73494091608465e+006 5.01265421451802e-002 2.53145650644713e-001 1.39639538422803e+000 1.19503796382224e-001 4.46711952711087e-005 509895 108
8.70392423776619e+004 1.73493429113416e+006 5.01265841484588e-002 4.73534107218691e-001 1.53992272057253e+000 1.19975827955416e-001 4.48641924218409e-005 511913 109
8.70397413747057e+004 1.73493551196837e+006 5.01268358295608e-002 1.65022024276875e-001 1.03196825968200e+000 1.20247129756763e-001 4.65491267589302e-005 513135 110
8.70413464280306e+004 1.73495796956883e+006 5.01271108679378e-002 3.93005520120394e-001 1.51432365657521e+000 1.22623053818182e-001 4.68396365521096e-005 523355 111
8.70480378770075e+004 1.73496551108329e+006 5.01307404771129e-002 1.73093407472728e-001 1.11164175099948e+000 1.22846350398557e-001 4.84239047560149e-005 524340 112
8.70465990305201e+004 1.73493296211324e+006 6.23304914785400e+000 8.22508960345620e-001 -1.56437126483963e+000 1.23411035165184e-001 4.84812123700239e-005 526720 113
8.70392946709030e+004 1.73494446122314e+006 5.01263208683651e-002 1.66927399982126e-001 1.05392401120029e+000 1.23550757959975e-001 5.01452918647231e-005 527360 114
8.70379367389188e+004 1.73491860991517e+006 5.01262857880844e-002 3.77841905132775e-001 1.50809167470321e+000 1.27021531279521e-001 5.04619524934784e-005 542259 115
8.70410277668716e+004 1.73494199029145e+006 5.01273885675787e-002 2.49202581476902e-001 1.38968401913511e+000 1.27369578862342e-001 5.12416982819925e-005 543791 116
8.70408835952828e+004 1.73494553185406e+006 5.01272035233430e-002 2.82229093701245e-001 1.43666357478561e+000 1.28807919402164e-001 5.18391298670373e-005 550160 117
8.70387324623185e+004 1.73493149044371e+006 5.01263717589925e-002 5.31224649405444e-001 1.55142791787469e+000 1.33442870462593e-001 5.19890421261866e-005 569597 118
8.70389457270171e+004 1.73493483685469e+006 5.01263978502851e-002 6.56344320716896e-001 1.56667230430006e+000 1.35992396485545e-001 5.20831957828824e-005 580370 119
8.70473948131167e+004 1.73495056744379e+006 6.23304919817700e+000 8.79405595988518e-001 -1.56226197866756e+000 1.38546778303375e-001 5.21326608478282e-005 591337 120
8.70404862192468e+004 1.73494068626478e+006 5.01271148233562e-002 3.56618136860401e-001 1.49696998397778e+000 1.38555616451398e-001 5.24919950491136e-005 591381 121
8.70388954737088e+004 1.73493726928315e+006 5.01262987966281e-002 1.72511209340568e-001 1.10732730201117e+000 1.40305420832365e-001 5.40846304138920e-005 598737 122
8.70456871775104e+004 1.73496770857339e+006 5.01293255951997e-002 2.19166450567745e-001 2.71474718008972e-001 1.40701178810320e-001 5.43666046822665e-005 600430 123
8.70477995806233e+004 1.73495110788869e+006 6.23304898105067e+000 9.49878033531326e-001 -1.55996093920713e+000 1.40766241714807e-001 5.44083527079337e-005 600675 124
8.70391826902753e+004 1.73494288494282e+006 5.01263019520938e-002 1.72855235509572e-001 4.85471387829218e-001 1.45483333618514e-001 5.52355277515977e-005 620845 125
8.70476212219079e+004 1.73494880086345e+006 6.23304901704654e+000 9.39266149395139e-001 -1.56024856913968e+000 1.47188153587561e-001 5.52783206260216e-005 628442 126
8.70468215871646e+004 1.73494576869209e+006 6.23304938932082e+000 9.82190029866200e-001 -1.55900217276528e+000 1.48165189104276e-001 5.53171062105716e-005 632589 127
8.70489051266678e+004 1.73496697289704e+006 6.23304880308025e+000 9.91611054186605e-001 -1.55900217276528e+000 1.50427897751225e-001 5.53550857328079e-005 642296 128
8.70456877329948e+004 1.73496522347523e+006 6.23305060240233e+000 9.11770519426315e-001 -1.56130321222571e+000 1.51415771574121e-001 5.54007696067028e-005 646304 129
8.70386576759249e+004 1.73492566710098e+006 5.01264967301570e-002 2.93343785315206e-001 1.44903166188543e+000 1.52813341424674e-001 5.59504041032328e-005 652243 130
8.70383879478720e+004 1.73492367543211e+006 5.01263990989730e-002 1.56103807434244e-001 7.95919961699271e-001 1.55437862643922e-001 5.75353988187153e-005 663643 131
8.70470791396759e+004 1.73493074357279e+006 6.23304880782044e+000 9.02825839032222e-001 -1.56120733558153e+000 1.56424930995872e-001 5.75820843140863e-005 667873 132
8.70412957104765e+004 1.73495553634197e+006 5.01271518927323e-002 2.95487332983613e-001 1.45085331812494e+000 1.57012905707838e-001 5.81231048053270e-005 670405 133
8.70466222192519e+004 1.73493182897319e+006 6.23304910183452e+000 7.23746986290134e-001 -1.56974035691397e+000 1.57856241822378e-001 5.81990393795331e-005 674039 134
8.70425874318378e+004 1.73495181164587e+006 5.01280019878510e-002 4.42121871633519e-001 1.53148557588427e+000 1.59811218620380e-001 5.84234289375218e-005 682479 135
8.70381837817957e+004 1.73492305318176e+006 5.01262996625396e-002 2.34012502937822e-001 1.36044164265877e+000 1.61259439544778e-001 5.93137045583469e-005 688359 136
8.70386859831896e+004 1.73493078692636e+006 5.01263653283552e-002 6.08471756122476e-001 1.56197434873501e+000 1.62597416635576e-001 5.94249250630005e-005 693985 137
8.70476031232053e+004 1.73495185912433e+006 6.23304911567184e+000 8.20947610809373e-001 -1.56465889477218e+000 1.63827874828708e-001 5.94824728383659e-005 699347 138
8.70469433820279e+004 1.73492102640273e+006 6.23304860556293e+000 7.73048582663491e-001 -1.56667230430006e+000 1.63830616627449e-001 5.95481587251108e-005 699370 139
8.70405251246291e+004 1.73495336780969e+006 5.01267714036238e-002 2.45365366514939e-001 1.38268502410962e+000 1.64312578339819e-001 6.03539300848999e-005 701526 140
8.70472770649830e+004 1.73495822053346e+006 6.23304948663671e+000 7.65109517224947e-001 -1.56753519409772e+000 1.64954085820756e-001 6.04211250071667e-005 704300 141
8.70439227156247e+004 1.73496171272331e+006 5.01284840970770e-002 2.73813684336388e-001 1.42621302056948e+000 1.65654547463382e-001 6.10587629391824e-005 707338 142
8.70385292804752e+004 1.73492523482943e+006 5.01264353781615e-002 5.89788488790436e-001 1.55986506256294e+000 1.65810260724785e-001 6.11778797080127e-005 708017 143
8.70392003848500e+004 1.73493573474556e+006 5.01265183653081e-002 4.98621554004490e-001 1.54538768929105e+000 1.65953904450701e-001 6.13501832415925e-005 708616 144
8.70466256530187e+004 1.73493078683103e+006 6.23304906979798e+000 7.17819150762688e-001 -1.57012386349071e+000 1.66863892379277e-001 6.14275042495152e-005 712435 145
8.70479801119036e+004 1.73495183620084e+006 6.23304889826562e+000 7.90832089245830e-001 -1.56609704443495e+000 1.67620158774028e-001 6.14899841711496e-005 715690 146
8.70383982237621e+004 1.73492377047234e+006 5.01264022657077e-002 3.73740054656194e-001 1.50607826517533e+000 1.67992917430215e-001 6.18142993944786e-005 717290 147
8.70409528142643e+004 1.73494084346902e+006 5.01273785537120e-002 1.76110252339375e-001 1.13541915875729e+000 1.70515795305957e-001 6.33569706566777e-005 727924 148
8.70380940981965e+004 1.73492195782790e+006 5.01262796937244e-002 6.19057176707201e-001 1.56322074510941e+000 1.71727978471288e-001 6.34640511971143e-005 733151 149
8.70394378595107e+004 1.73494872004642e+006 5.01262803527024e-002 5.65997756026266e-001 1.55650938001648e+000 1.72197266028776e-001 6.35944561266905e-005 735087 150
8.70458256174091e+004 1.73496565828800e+006 6.23305053567028e+000 8.13908306120531e-001 -1.56513827799310e+000 1.72811213563267e-001 6.36531047315497e-005 737825 151
8.70391405297215e+004 1.73493590709886e+006 5.01264789806462e-002 6.29007472056843e-001 1.56408363490707e+000 1.73145239975170e-001 6.37564946373814e-005 739260 152
8.70468479211574e+004 1.73491815836871e+006 6.23304857771342e+000 7.60346077961821e-001 -1.56734344080935e+000 1.76141996210440e-001 6.38246191209971e-005 751936 153
8.70468816310646e+004 1.73495635219244e+006 6.23304966009176e+000 7.37111079778349e-001 -1.56916509704886e+000 1.78764162132970e-001 6.38975577591432e-005 762893 154
8.70407743765514e+004 1.73494618437343e+006 5.01271219077104e-002 3.78529957470783e-001 1.50809167470321e+000 1.80591419602929e-001 6.42129534648112e-005 770835 155
8.70404634591631e+004 1.73496160737285e+006 5.01264982898936e-002 4.65727359537457e-001 1.53771755775628e+000 1.82220317727246e-001 6.44131254028012e-005 777839 156
8.70429494146977e+004 1.73495675954893e+006 5.01280673847671e-002 2.68891463764491e-001 1.41978928540910e+000 1.82942066178668e-001 6.50760905394085e-005 780834 157
8.70466803986111e+004 1.73495994949804e+006 6.23304987955467e+000 7.62039745255377e-001 -1.56772694738609e+000 1.83092037224957e-001 6.51438824506015e-005 781480 158
8.70428948494719e+004 1.73496759314419e+006 5.01277235246648e-002 2.27740641241372e-001 2.49614843134861e-001 1.83284043986267e-001 6.53826154963076e-005 782420 159
8.70388552354869e+004 1.73493395774924e+006 5.01263711796816e-002 2.51319665593847e-001 1.39342320825831e+000 1.85611160826765e-001 6.61485023409727e-005 792302 160
8.70384102530005e+004 1.73492361114586e+006 5.01264137775288e-002 3.25497000341309e-001 1.47712351863155e+000 1.86046514406942e-001 6.65870523688771e-005 794109 161
8.70489769158094e+004 1.73496685496329e+006 5.01312415956088e-002 1.87833605636958e-001 3.88540100558489e-001 1.87803507744789e-001 6.71464011263636e-005 801585 162
8.70399961167426e+004 1.73494762954274e+006 5.01266327708716e-002 4.83854892288798e-001 1.54212788338878e+000 1.88939553694936e-001 6.73304693836881e-005 806450 163
8.70470103200712e+004 1.73495185336837e+006 6.23304945633060e+000 8.79802549260445e-001 -1.56226197866756e+000 1.90546499271774e-001 6.73798853626100e-005 813375 164
8.70385162523536e+004 1.73493075858387e+006 5.01262685600022e-002 5.53136470015825e-001 1.55487947706534e+000 1.90944656887570e-001 6.75170507809470e-005 814998 165
8.70432785224120e+004 1.73496008311180e+006 5.01281607336525e-002 6.98024414269251e-001 1.56974035691397e+000 1.91355135128777e-001 6.75992779056093e-005 816719 166
8.70426243007729e+004 1.73495207998167e+006 5.01280154451407e-002 5.15055419462276e-001 1.54835986526078e+000 1.93667408523167e-001 6.77597289912027e-005 826640 167
8.70476938843062e+004 1.73495372166040e+006 6.23304911721715e+000 9.28601338156028e-001 -1.56063207571642e+000 1.99324620257881e-001 6.78036107260397e-005 851214 168
8.70404259247973e+004 1.73496411107866e+006 5.01264044942846e-002 3.01203460099365e-001 1.45631828684347e+000 1.99587956879581e-001 6.83226339485637e-005 852403 169
8.70400896383704e+004 1.73495357749528e+006 5.01265149782032e-002 4.72449101608757e-001 1.53944333735160e+000 2.02242482083118e-001 6.85166046521566e-005 863960 170
8.70409808441354e+004 1.73494543424405e+006 5.01272622510808e-002 2.04902596329827e-001 1.27980938489944e+000 2.02525166332662e-001 6.96846889731120e-005 865181 171
8.70476751861864e+004 1.73495702359232e+006 6.23304922321559e+000 7.99750306088461e-001 -1.56571353785821e+000 2.02917791698259e-001 6.97456462238662e-005 866779 172
8.70471828375266e+004 1.73493114637912e+006 6.23304875981962e+000 8.03508130396038e-001 -1.56523415463729e+000 2.04181998219457e-001 6.98059778970911e-005 872167 173
8.70468825449732e+004 1.73492234568115e+006 6.23304867859836e+000 9.90393730819362e-001 -1.55852278954436e+000 2.04846899902757e-001 6.98440599753277e-005 874855 174
8.70389136517097e+004 1.73493003761114e+006 5.01265178385438e-002 4.56438652974360e-001 1.53570414822840e+000 2.06595264682511e-001 7.00532889940170e-005 882381 175
8.70482671846346e+004 1.73494654227007e+006 6.23304858050480e+000 9.71816317693169e-001 -1.55928980269784e+000 2.06690171634706e-001 7.00929913914200e-005 882851 176
8.70379539050931e+004 1.73491863738868e+006 5.01262948653047e-002 3.32642159235999e-001 1.48230085741752e+000 2.09464481687541e-001 7.05112817481368e-005 894815 177
8.70391195435321e+004 1.73493926049181e+006 5.01263701896039e-002 3.17637325557151e-001 1.47089153675954e+000 2.10426085478092e-001 7.09737802949516e-005 898682 178
8.70405455453631e+004 1.73494424854112e+006 5.01270461810994e-002 2.73125631998381e-001 1.42554188406018e+000 2.11023822300505e-001 7.16148946839975e-005 901145 179
8.70407434805695e+004 1.73495559661164e+006 5.01268326571499e-002 2.96254775976006e-001 1.45162033127842e+000 2.11201203306877e-001 7.21528862269611e-005 901922 180
8.70404968406503e+004 1.73494856727333e+006 5.01268936087019e-002 1.74919392523593e-001 1.12640675420392e+000 2.11792144686961e-001 7.37121298361648e-005 904597 181
8.70423207576134e+004 1.73495914724849e+006 5.01276370754554e-002 6.74339535710929e-001 1.56791870067446e+000 2.12342514964005e-001 7.38008446052885e-005 906968 182
8.70428617121214e+004 1.73496349640264e+006 5.01278226404845e-002 1.84393343946922e-001 1.18824718970305e+000 2.12710539492697e-001 7.52274578636554e-005 908462 183
8.70426668965094e+004 1.73496338217330e+006 5.01277139292507e-002 1.84605052358617e-001 4.05893773155919e-001 2.15803030407951e-001 7.58330999329116e-005 921506 184
8.70480781518630e+004 1.73494261690323e+006 6.23304857595331e+000 9.80840388741647e-001 -1.55900217276528e+000 2.17387613845951e-001 7.58720030265411e-005 928083 185
8.70454490194379e+004 1.73496378257528e+006 5.01293019163178e-002 6.31706754305948e-001 3.13037243263039e-002 2.19999287051393e-001 7.58752087173222e-005 939003 186
8.70397287671970e+004 1.73494330400772e+006 5.01266038264887e-002 4.09518776232566e-001 1.52093914502396e+000 2.20328807761866e-001 7.61406621209470e-005 940544 187
8.70479786125244e+004 1.73495651622914e+006 6.23304903412938e+000 8.37487330473006e-001 -1.56398775826289e+000 2.20708765281725e-001 7.61957388940673e-005 942290 188
8.70441285570826e+004 1.73496650542274e+006 5.01284641982251e-002 1.95904988832811e-001 1.24462265648366e+000 2.23246590633929e-001 7.74707290220237e-005 952832 189
8.70407383821264e+004 1.73494088301897e+006 5.01272541269992e-002 1.73463897193193e-001 1.11509331019013e+000 2.25998099842606e-001 7.90502439278023e-005 964396 190
8.70468457454843e+004 1.73494910044469e+006 6.23304947153963e+000 7.31236171353827e-001 -1.56945272698141e+000 2.26805976364344e-001 7.91244780260058e-005 967867 191
8.70469826777586e+004 1.73493478410601e+006 6.23304897983685e+000 9.81052097153342e-001 -1.55890629612110e+000 2.28743109278359e-001 7.91633626084726e-005 976140 192
8.70469859219895e+004 1.73492166648812e+006 6.23304859956928e+000 8.91499439006566e-001 -1.56149496551408e+000 2.29130122382376e-001 7.92113630844994e-005 977733 193
8.70469998168411e+004 1.73496453641947e+006 6.23304982822318e+000 9.05789756795946e-001 -1.56149496551408e+000 2.37555633839183e-001 7.92577132849187e-005 1013699 194
8.70482812252692e+004 1.73495423560599e+006 6.23304879435864e+000 7.74795177059971e-001 -1.56695993423261e+000 2.37837611065018e-001 7.93230739254270e-005 1014890 195
8.70397029030508e+004 1.73493681209463e+006 5.01267762094248e-002 5.56232705536857e-001 1.55526298364208e+000 2.38373688802734e-001 7.94585660184843e-005 1017052 196
8.70484576865916e+004 1.73495447648128e+006 6.23304869985294e+000 8.88614911897229e-001 -1.56197434873501e+000 2.38639520650923e-001 7.95069101631825e-005 1018220 197
8.70379895169723e+004 1.73492022202226e+006 5.01262696328205e-002 6.05666619667524e-001 1.56178259544664e+000 2.38724606818134e-001 7.96192668815203e-005 1018592 198
8.70398587057127e+004 1.73494006410844e+006 5.01267719853410e-002 3.60084862101899e-001 1.49888751686148e+000 2.38837829025897e-001 7.99710833645160e-005 1019045 199
8.70388794276102e+004 1.73493536787047e+006 5.01263444152676e-002 5.16087497969287e-001 1.54874337183752e+000 2.39097050988128e-001 8.01308307412621e-005 1020015 200
8.70410866821058e+004 1.73495496472712e+006 5.01270482023581e-002 6.93340365660510e-001 1.56945272698141e+000 2.40872348058204e-001 8.02142849098975e-005 1027461 201
8.70487136328488e+004 1.73496032428546e+006 6.23304872138862e+000 7.81543382682733e-001 -1.56667230430006e+000 2.41809349176755e-001 8.02784103269607e-005 1031200 202
8.70383966518437e+004 1.73492436132253e+006 5.01263843193464e-002 5.66050683129190e-001 1.55679700994903e+000 2.42521453594413e-001 8.04087889634694e-005 1034259 203
8.70379140226520e+004 1.73491821313259e+006 5.01262841722738e-002 1.81111863565657e-001 1.16945536744285e+000 2.44317778790314e-001 8.18814039764994e-005 1041795 204
8.70426627153373e+004 1.73496395816122e+006 5.01276949113978e-002 6.71507935704515e-001 1.56763107074190e+000 2.46266469914282e-001 8.19709437497400e-005 1050161 205
8.70418928550907e+004 1.73495181268234e+006 5.01276026195559e-002 5.74810118663050e-001 1.55765989974670e+000 2.46750594121582e-001 8.20969927864449e-005 1052188 206
8.70428095278872e+004 1.73495703728124e+006 5.01279789477254e-002 5.50675359729876e-001 1.55420834055605e+000 2.49573567553996e-001 8.22355089721782e-005 1064342 207
8.70391904147988e+004 1.73493798243508e+006 5.01264478006919e-002 2.45577074926634e-001 1.38326028397473e+000 2.51090898955100e-001 8.30398408439502e-005 1070758 208
8.70467167136739e+004 1.73494121492388e+006 6.23304931825746e+000 7.25387726480766e-001 -1.56974035691397e+000 2.53133365117185e-001 8.31153980700700e-005 1079544 209
8.70466976265953e+004 1.73493188165244e+006 6.23304905999913e+000 7.29648358266118e-001 -1.56935685033723e+000 2.53347248208558e-001 8.31899880178906e-005 1080479 210
8.70475024478676e+004 1.73495435145081e+006 6.23304924544808e+000 9.93781065406474e-001 -1.55881041947691e+000 2.53661012743649e-001 8.32277852431293e-005 1081830 211
8.70380037241874e+004 1.73491951877783e+006 5.01262980857531e-002 1.70579370083856e-001 1.09074064256722e+000 2.53832503928636e-001 8.48466140481918e-005 1082635 212
8.70464620433712e+004 1.73493779716918e+006 6.23304936608820e+000 8.60378302487474e-001 -1.56283723853267e+000 2.58593344875876e-001 8.48985179670954e-005 1102657 213
8.70438474961657e+004 1.73496549988086e+006 5.01283316115123e-002 1.59279433609662e-001 9.39447298043763e-001 2.59300459401646e-001 8.66115982571546e-005 1105656 214
8.70465992951956e+004 1.73493371898085e+006 6.23304916953487e+000 7.14087790006572e-001 -1.57041149342326e+000 2.59763873885928e-001 8.66898109297487e-005 1107492 215
8.70484417329701e+004 1.73494949947172e+006 6.23304856545561e+000 7.35867292859644e-001 -1.56916509704886e+000 2.60692316176481e-001 8.67630210661715e-005 1111434 216
8.70403486713537e+004 1.73493881154991e+006 5.01270898162169e-002 3.82102536918127e-001 1.50981745429853e+000 2.61744675548867e-001 8.70719986137761e-005 1115864 217
8.70438840160396e+004 1.73496602571404e+006 5.01283374405470e-002 6.29616133740465e-001 1.56379600497452e+000 2.61805233696812e-001 8.71751685559734e-005 1116169 218
8.70468440368454e+004 1.73493311631557e+006 6.23304901143735e+000 9.87641521467333e-001 -1.55871454283273e+000 2.65212913278577e-001 8.72134845810837e-005 1130712 219
8.70418254120139e+004 1.73494857281491e+006 5.01276572961695e-002 5.78197453250162e-001 1.55813928296762e+000 2.66169687125113e-001 8.73379155040885e-005 1134825 220
8.70444144889851e+004 1.73496539935251e+006 5.01286604942187e-002 4.26693621131282e-001 1.52659586703085e+000 2.68762733980922e-001 8.75804931566275e-005 1145768 221
8.70400025031834e+004 1.73495053626062e+006 5.01265526016557e-002 6.97812705857557e-001 1.56983623355815e+000 2.72393099606467e-001 8.76627751821296e-005 1160668 222
8.70469743486814e+004 1.73494360282355e+006 6.23304923901482e+000 8.47702261337266e-001 -1.56341249839778e+000 2.73059190413890e-001 8.77164021822823e-005 1163449 223
8.70433401605830e+004 1.73495678247320e+006 5.01282913774375e-002 5.20136421342944e-001 1.54922275505844e+000 2.73128810635812e-001 8.78734282078411e-005 1163758 224
8.70399230714831e+004 1.73494238754218e+006 5.01267419745108e-002 2.18107908509272e-001 1.32122809518723e+000 2.74095464572472e-001 8.89033066000363e-005 1168152 225
8.70381149797555e+004 1.73492252590735e+006 5.01262753137603e-002 2.52034181483316e-001 1.39476548127689e+000 2.75110630511056e-001 8.96646071873540e-005 1172457 226
8.70382187372312e+004 1.73492147401810e+006 5.01263653097638e-002 6.26414044013585e-001 1.56398775826289e+000 2.76421751289312e-001 8.97689410675532e-005 1177853 227
8.70426047215704e+004 1.73495539757095e+006 5.01279084938277e-002 4.55380110915888e-001 1.53512888836329e+000 2.76536235749191e-001 8.99792372842869e-005 1178361 228
8.70455719514275e+004 1.73495956587653e+006 6.23305050577399e+000 9.92034471009994e-001 -1.55890629612110e+000 2.80343532748953e-001 9.00171811099303e-005 1194904 229
8.70460207827123e+004 1.73495356355551e+006 6.23305007458447e+000 9.74753771905430e-001 -1.55928980269784e+000 2.80785274109961e-001 9.00566207651618e-005 1196811 230
8.70458614213581e+004 1.73496685577983e+006 6.23305054962736e+000 8.26928373439743e-001 -1.56456301812799e+000 2.81540825315898e-001 9.01132568066685e-005 1200027 231
8.70388574613589e+004 1.73493721158847e+006 5.01262786058457e-002 4.60064159524629e-001 1.53656703802606e+000 2.84140147667467e-001 9.03188817245461e-005 1211308 232
8.70406010109291e+004 1.73495764125202e+006 5.01266917708833e-002 4.45350424911861e-001 1.53234846568194e+000 2.84152151698842e-001 9.05397155032788e-005 1211348 233
8.70383717838574e+004 1.73492360080203e+006 5.01263919581627e-002 4.03538013602196e-001 1.51892573549608e+000 2.85301262767101e-001 9.08138731672231e-005 1216312 234
8.70409021759742e+004 1.73494191680500e+006 5.01273184798914e-002 3.87818664033879e-001 1.51231024704733e+000 2.85557836278598e-001 9.11129648519085e-005 1217323 235
8.70409866656222e+004 1.73494188152419e+006 5.01273680741148e-002 3.94646260311027e-001 1.51518654637288e+000 2.85589526258377e-001 9.14008380613741e-005 1217439 236
8.70419849155459e+004 1.73496319321662e+006 5.01273272855259e-002 4.03987893977047e-001 1.51863810556352e+000 2.85813409417603e-001 9.16743204152643e-005 1218458 237
8.70387679944987e+004 1.73493445661834e+006 5.01263066316548e-002 1.64386899041792e-001 5.71664490951262e-001 2.86201850502980e-001 9.27454605981912e-005 1220076 238
8.70419318644830e+004 1.73496437258229e+006 5.01272627670045e-002 4.58688054848614e-001 1.53589590151677e+000 2.86581442757774e-001 9.29524403205066e-005 1221732 239
8.70395226873261e+004 1.73494788169292e+006 5.01263533047704e-002 3.77339097655001e-001 1.50751641483810e+000 2.86741366950847e-001 9.32700184644051e-005 1222498 240
8.70468945877497e+004 1.73491922157350e+006 6.23304858155297e+000 9.67370441047585e-001 -1.55909804940947e+000 2.87009119483308e-001 9.33101233044704e-005 1223685 241
8.70410330378960e+004 1.73494192900468e+006 5.01273933658907e-002 2.46873788948263e-001 1.38556132343516e+000 2.87898087164719e-001 9.41055350010323e-005 1227580 242
8.70415407788196e+004 1.73495288850434e+006 5.01273691662944e-002 1.56236125191553e-001 7.71471417432173e-001 2.89128290030169e-001 9.56492358765829e-005 1232653 243
8.70388068776423e+004 1.73492767768621e+006 5.01265245193743e-002 6.78150287121430e-001 1.56858983718375e+000 2.90140157111806e-001 9.57368577525999e-005 1236863 244
8.70382787196892e+004 1.73492419058416e+006 5.01263214394161e-002 5.55888679367854e-001 1.55535886028626e+000 2.92351944056405e-001 9.58725345917882e-005 1246673 245
8.70390965463410e+004 1.73493562089332e+006 5.01264619480248e-002 3.34044727463475e-001 1.48306787057100e+000 2.92783546744195e-001 9.62869989153918e-005 1248583 246
8.70389869407333e+004 1.73493005848522e+006 5.01265593736094e-002 4.82081834340857e-001 1.54193613010041e+000 2.92989320253832e-001 9.64725588103488e-005 1249477 247
8.70392344802563e+004 1.73493513071201e+006 5.01265553910227e-002 2.07734196336241e-001 1.28968467925047e+000 2.93263682905227e-001 9.76091974905397e-005 1250657 248
8.70394711740246e+004 1.73494554776458e+006 5.01263910070877e-002 2.40813635663508e-001 1.37415200277718e+000 2.94518948565917e-001 9.84474614320112e-005 1255968 249
8.70402049335503e+004 1.73494119062937e+006 5.01269385525352e-002 1.85610667314166e-001 1.19534206137272e+000 2.97371597018576e-001 9.98575502552465e-005 1268380 250
8.70474393529314e+004 1.73493551344047e+006 6.23304873831352e+000 8.93298960505970e-001 -1.56159084215827e+000 2.98891124522305e-001 9.99053383009081e-005 1274869 251
8.70417752414924e+004 1.73495924658410e+006 5.01273205737054e-002 1.97598656126367e-001 1.25181340479751e+000 3.00379945335156e-001 1.01159420454195e-004 1281080 252
8.70467777509202e+004 1.73492968272723e+006 6.23304895050032e+000 7.83978029417220e-001 -1.56619292107913e+000 3.01702599734251e-001 1.01223108442399e-004 1286684 253
8.70402740139577e+004 1.73495363368981e+006 5.01266193617303e-002 6.40916070214659e-001 1.56504240134892e+000 3.01964591915255e-001 1.01322319699065e-004 1287776 254
8.70391855480642e+004 1.73493634538859e+006 5.01264922215838e-002 1.91591429944535e-001 1.22573495757927e+000 3.02301797486393e-001 1.02652523508833e-004 1289198 255
8.70469568524089e+004 1.73492219572288e+006 6.23304863154964e+000 8.99941311922885e-001 -1.56120733558153e+000 3.02405821438671e-001 1.02699538841434e-004 1289653 256
8.70391404817371e+004 1.73492902517203e+006 5.01266774563886e-002 3.86151460291785e-001 1.51173498718223e+000 3.03055372714924e-001 1.03001468580891e-004 1292531 257
8.70380106297420e+004 1.73491960087812e+006 5.01262996879740e-002 2.04241007543282e-001 1.27779597537156e+000 3.04296023113047e-001 1.04177181516887e-004 1297773 258
8.70475931947738e+004 1.73493744545006e+006 6.23304870559554e+000 8.07027782740459e-001 -1.56513827799310e+000 3.05573364641949e-001 1.04236935804563e-004 1303357 259
8.70463250618263e+004 1.73495349635154e+006 6.23304989770458e+000 9.97141936442124e-001 -1.55871454283273e+000 3.05984462585262e-001 1.04274453282627e-004 1305040 260
8.70389040386658e+004 1.73493259858245e+006 5.01264384426331e-002 6.49649042197057e-001 1.56609704443495e+000 3.06759730396277e-001 1.04370754667739e-004 1308287 261
8.70382795327041e+004 1.73492300260256e+006 5.01263561731884e-002 2.17710955237345e-001 1.32036520538957e+000 3.08375163854779e-001 1.05404540898161e-004 1315471 262
8.70384398043679e+004 1.73492823652683e+006 5.01262973528861e-002 3.43730387298499e-001 1.48949160573138e+000 3.08633841267327e-001 1.05793957288912e-004 1316503 263
8.70408965153469e+004 1.73494188908930e+006 5.01273160248075e-002 3.68738443429912e-001 1.50339371913816e+000 3.11487283193067e-001 1.06127969929430e-004 1328528 264
8.70385482038425e+004 1.73492989734180e+006 5.01263117720339e-002 4.22512380000316e-001 1.52563710058901e+000 3.13586048327797e-001 1.06375849615963e-004 1337726 265
8.70475953279577e+004 1.73493354980038e+006 6.23304859199191e+000 7.37534496601738e-001 -1.56887746711631e+000 3.13939472380646e-001 1.06448696126066e-004 1339275 266
8.70388685689812e+004 1.73493105054808e+006 5.01264627011734e-002 2.35494461819683e-001 1.36350969527268e+000 3.14793134624349e-001 1.07327263836327e-004 1343038 267
8.70404954224862e+004 1.73494783691796e+006 5.01269138597694e-002 6.76271374967641e-001 1.56820633060701e+000 3.15136605837294e-001 1.07415422099729e-004 1344521 268
8.70380101725336e+004 1.73492010678460e+006 5.01262848326372e-002 2.33774330974665e-001 1.35996225943785e+000 3.15886286743522e-001 1.08307602960239e-004 1347834 269
8.70467955744131e+004 1.73493646856161e+006 6.23304913600141e+000 7.67517700407972e-001 -1.56715168752098e+000 3.16078677488961e-001 1.08374334835636e-004 1348730 270
8.70390788299824e+004 1.73492860963660e+006 5.01266539958055e-002 2.08633957085943e-001 1.29275273186438e+000 3.16678233788628e-001 1.09501209379416e-004 1351172 271
8.70398540740562e+004 1.73493492802010e+006 5.01269174688633e-002 3.98959819199302e-001 1.51700820261238e+000 3.17605859248060e-001 1.09782307537986e-004 1355145 272
8.70471054705002e+004 1.73492392346170e+006 6.23304859594230e+000 8.44553098713310e-001 -1.56331662175359e+000 3.18508568851839e-001 1.09836375404695e-004 1359062 273
8.70469171321887e+004 1.73493526023458e+006 6.23304903125653e+000 7.60425468616206e-001 -1.56753519409772e+000 3.18639347049119e-001 1.09904484285862e-004 1359622 274
8.70491316795272e+004 1.73496405122611e+006 6.23304858854810e+000 7.25017236760301e-001 -1.57002798684652e+000 3.18958636675629e-001 1.09980126500662e-004 1361095 275
8.70386390675759e+004 1.73493286339040e+006 5.01262784609250e-002 6.95060496505528e-001 1.56983623355815e+000 3.19503939128872e-001 1.10063127010592e-004 1363421 276
8.70477055551625e+004 1.73493742628420e+006 6.23304864044193e+000 7.74768713508509e-001 -1.56676818094424e+000 3.20380083127335e-001 1.10128492513424e-004 1367204 277
8.70401552445655e+004 1.73493946207192e+006 5.01269598431825e-002 5.31780383986142e-001 1.55142791787469e+000 3.21966142207881e-001 1.10278060325453e-004 1374016 278
8.70395919303486e+004 1.73494552628558e+006 5.01264610542558e-002 1.78042091596087e-001 1.14903364223151e+000 3.22252166132585e-001 1.11793543756068e-004 1375209 279
8.70468726206830e+004 1.73491890431139e+006 6.23304858503079e+000 8.87900396007760e-001 -1.56159084215827e+000 3.22664588169330e-001 1.11841973362937e-004 1377001 280
8.70409276511670e+004 1.73496342341058e+006 5.01267127886036e-002 5.65838974717495e-001 1.55631762672811e+000 3.23664401007793e-001 1.11972458451237e-004 1381178 281
8.70412683646097e+004 1.73496724365495e+006 5.01267984861174e-002 3.86945366835639e-001 1.51163911053804e+000 3.24442910227941e-001 1.12273025312050e-004 1384500 282
8.70384659820006e+004 1.73492887288164e+006 5.01262940485475e-002 3.11894734889937e-001 1.46628945783868e+000 3.25512657484117e-001 1.12754237984061e-004 1388804 283
8.70463248936447e+004 1.73494164301776e+006 6.23304955587979e+000 9.49401689605013e-001 -1.55986506256294e+000 3.25524019887305e-001 1.12796032061770e-004 1388861 284
8.70468506991065e+004 1.73492229560209e+006 6.23304869546342e+000 7.19221718990164e-001 -1.56993211020234e+000 3.25923400299813e-001 1.12873021719009e-004 1390543 285
8.70397327666632e+004 1.73494347036593e+006 5.01266013275111e-002 5.19263124144704e-001 1.54922275505844e+000 3.26404782958157e-001 1.13030629321230e-004 1392588 286
8.70390177175710e+004 1.73492792778188e+006 5.01266385270859e-002 6.96886481556393e-001 1.57002798684652e+000 3.26437788786572e-001 1.13113152144620e-004 1392750 287
8.70383704508991e+004 1.73492345420788e+006 5.01263954201719e-002 6.84819102089807e-001 1.56916509704886e+000 3.26962617365650e-001 1.13198907887154e-004 1394880 288
8.70383513541032e+004 1.73492474284608e+006 5.01263472708257e-002 3.52913239655748e-001 1.49505245109409e+000 3.27499456905830e-001 1.13566540647782e-004 1397211 289
8.70407282841250e+004 1.73494747755348e+006 5.01270581066058e-002 4.67791516551478e-001 1.53838869426557e+000 3.27940572081812e-001 1.13764778892302e-004 1399080 290
8.70473370397093e+004 1.73493222387920e+006 6.23304870224445e+000 7.59816806932585e-001 -1.56753519409772e+000 3.28300326523571e-001 1.13833007862182e-004 1400630 291
8.70396682349798e+004 1.73494542854728e+006 5.01265077439873e-002 5.23735464341751e-001 1.54998976821192e+000 3.28403682058590e-001 1.13987672247417e-004 1401083 292
8.70389494890420e+004 1.73493879757694e+006 5.01262857703904e-002 3.23935650805062e-001 1.47578124561296e+000 3.29552185864890e-001 1.14430829762155e-004 1405822 293
8.70390735466528e+004 1.73493558165821e+006 5.01264498562090e-002 3.60164252756284e-001 1.49898339350566e+000 3.32171778404834e-001 1.14782478083425e-004 1416748 294
8.70402301289430e+004 1.73495353505903e+006 5.01265969754891e-002 5.18839707321315e-001 1.54903100177007e+000 3.32283576897490e-001 1.14940368134360e-004 1417186 295
8.70402539868890e+004 1.73494800928892e+006 5.01267700771277e-002 2.14879355230931e-001 1.31192806070132e+000 3.33165024195083e-001 1.16002027615451e-004 1420958 296
8.70403498256319e+004 1.73495611407033e+006 5.01265914050700e-002 1.56606614912018e-001 7.42037287667470e-001 3.36088942671583e-001 1.17490568826819e-004 1433384 297
8.70406382040046e+004 1.73495752606481e+006 5.01267164769556e-002 1.88548121526427e-001 1.21058644779809e+000 3.37760584333023e-001 1.18860805182211e-004 1440467 298
8.70470492230322e+004 1.73492168921659e+006 6.23304856383015e+000 7.97342122905436e-001 -1.56542590792566e+000 3.38480973603997e-001 1.18922168110140e-004 1443609 299
8.70384731136727e+004 1.73492714872652e+006 5.01263478805345e-002 4.54506813717648e-001 1.53522476500748e+000 3.38780558055715e-001 1.19133355020230e-004 1444820 300
