1.64309141358585e+005 1.72934492022746e+006 6.18845200501617e+000 8.59928422112624e-001 -1.55555061357463e+000 2.82449083599474e-003 5.19592834428578e-008 11973 1
1.64300326671174e+005 1.72932887886769e+006 9.47238168675019e-002 6.54386017908722e-001 1.56293311517685e+000 3.33182163671817e-003 1.46731806620538e-007 14259 2
1.64302207824052e+005 1.72933707565139e+006 9.47244486297248e-002 2.51637228211389e-001 1.20809365504929e+000 3.59588355529849e-003 8.72186486587860e-007 15386 3
1.64304655064038e+005 1.72935509104897e+006 9.47248701962430e-002 4.42677606214217e-001 1.49687410733360e+000 9.55512249177175e-003 1.09551819907770e-006 41056 4
1.64303726927089e+005 1.72934266142420e+006 9.47250150665251e-002 3.79456181771946e-001 1.45219559114353e+000 1.10530058429437e-002 1.40763237427489e-006 47717 5
1.64308110184457e+005 1.72934828659204e+006 6.18845277925781e+000 9.23440945620975e-001 -1.55133204123051e+000 1.21116923372741e-002 1.45204928414919e-006 52110 6
1.64302116249107e+005 1.72934766147408e+006 9.47238197772372e-002 2.53648458122487e-001 4.01771077455977e-001 1.70953122503994e-002 1.75021038046758e-006 73387 7
1.64308663523874e+005 1.72934649873097e+006 6.18845236480254e+000 7.43938676055497e-001 -1.56628879772332e+000 2.11238802353315e-002 1.82168380317299e-006 90674 8
1.64310769859791e+005 1.72935905902362e+006 6.18845184160894e+000 7.47140765782377e-001 -1.56600116779077e+000 2.27788093336117e-002 1.89248495913699e-006 97870 9
1.64298706212875e+005 1.72931602176522e+006 9.47235882452452e-002 2.65821691794921e-001 3.58338957640309e-001 2.32653574479769e-002 2.13369273117506e-006 100043 10
1.64310559398038e+005 1.72934851948403e+006 6.18845138834555e+000 7.31818369485987e-001 -1.56772694738609e+000 3.12521075241161e-002 2.20779668394257e-006 134172 11
1.64302216061826e+005 1.72933839683747e+006 9.47243814148463e-002 3.97424933214517e-001 1.46724822428053e+000 3.69478785787528e-002 2.49017866567184e-006 158271 12
1.64298974534967e+005 1.72931911498345e+006 9.47235735981621e-002 3.58946929389041e-001 1.43215737250893e+000 3.97414736803764e-002 2.84196339784551e-006 170087 13
1.64308478415016e+005 1.72934888286975e+006 6.18845260069941e+000 9.26722426002240e-001 -1.55114028794214e+000 4.13428312789206e-002 2.88603486535176e-006 176749 14
1.64309667760577e+005 1.72935157419123e+006 6.18845206565173e+000 8.12955618267906e-001 -1.55938567934202e+000 4.22632692132128e-002 2.94483189407050e-006 180861 15
1.64305492452633e+005 1.72935074720126e+006 9.47255865984530e-002 6.73625019821460e-001 1.56590529114658e+000 4.25413253503944e-002 3.03375311951136e-006 182035 16
1.64301039763034e+005 1.72933689978568e+006 9.47237888089566e-002 3.56671063963325e-001 1.42956870311594e+000 4.77893191470984e-002 3.39036502324597e-006 204621 17
1.64306064170703e+005 1.72935712928529e+006 9.47255667452026e-002 4.99441924099806e-001 1.52304843119602e+000 5.97375034690497e-002 3.56190622628244e-006 254972 18
1.64299459896637e+005 1.72932368653211e+006 9.47236028419369e-002 5.78038671941391e-001 1.54740109881893e+000 6.04412904911180e-002 3.68638825655566e-006 257933 19
1.64300949254384e+005 1.72933350354581e+006 9.47239218572237e-002 2.21627560853693e-001 5.99468717764824e-001 6.10245792883322e-002 4.26527619014858e-006 260279 20
1.64302084524722e+005 1.72934003725467e+006 9.47242167161421e-002 6.00400372926623e-001 1.55248256096072e+000 6.14671170255574e-002 4.37979788408048e-006 262072 21
1.64300730822095e+005 1.72932856987184e+006 9.47240653049386e-002 5.48902301781935e-001 1.53963509063997e+000 6.22648055209733e-002 4.51925179267801e-006 265434 22
1.64298843026461e+005 1.72931612729490e+006 9.47236609058877e-002 2.45921101095638e-001 1.18316572756127e+000 6.52060605305326e-002 5.27486673644955e-006 277809 23
1.64301718816581e+005 1.72934577142454e+006 9.47236949245469e-002 5.66818126121582e-001 1.54442892284921e+000 6.53373582108820e-002 5.40482488082122e-006 278328 24
1.64302414086366e+005 1.72934567111813e+006 9.47240988314723e-002 4.74486795071317e-001 1.51278963026826e+000 7.23428108011000e-002 5.59673883121899e-006 308151 25
1.64301646523005e+005 1.72933500328812e+006 9.47242397931615e-002 6.04687468263437e-001 1.55344132740257e+000 7.53298394235134e-002 5.70948379649312e-006 320783 26
1.64300366240569e+005 1.72932558949708e+006 9.47240186436698e-002 5.92276062627846e-001 1.55075678136540e+000 7.68679258192522e-002 5.82748604658750e-006 327305 27
1.64304213781390e+005 1.72935202861953e+006 9.47247840490264e-002 5.96827793479278e-001 1.55161967116306e+000 7.84461689299835e-002 5.94351942790477e-006 333995 28
1.64307929947441e+005 1.72932084186050e+006 6.18845138818340e+000 8.09753528541026e-001 -1.55948155598621e+000 7.86410158127681e-002 6.00282925059568e-006 334837 29
1.64300377982156e+005 1.72932593362511e+006 9.47240066355212e-002 6.32685905710035e-001 1.55909804940947e+000 7.87437141496943e-002 6.10489664440932e-006 335253 30
1.64299807199960e+005 1.72932396009492e+006 9.47237869822737e-002 3.49023097590861e-001 1.42093980513932e+000 7.98541182224485e-002 6.47845348285403e-006 340134 31
1.64298505938966e+005 1.72931392441261e+006 9.47235876671022e-002 2.12259463636211e-001 8.09630321817682e-001 8.09670476603382e-002 7.29537635868827e-006 344943 32
1.64308326474994e+005 1.72932285076058e+006 6.18845127032454e+000 9.82004785005967e-001 -1.54797635868404e+000 8.17689775871232e-002 7.33417063692552e-006 348212 33
1.64304229512609e+005 1.72935405750145e+006 9.47246825964924e-002 2.38034962760017e-001 1.14241815378277e+000 8.36371805563875e-002 8.13178120535117e-006 356174 34
1.64303899509592e+005 1.72936149122726e+006 9.47240887336146e-002 3.91153071518067e-001 1.55751608478042e-001 8.70708993789757e-002 8.17738942092110e-006 370983 35
1.64301917474032e+005 1.72933404307203e+006 9.47244473526918e-002 4.19998342611444e-001 1.48335550050356e+000 8.72013219546886e-002 8.42784091119109e-006 371551 36
1.64308145971512e+005 1.72932676451866e+006 6.18845158687545e+000 7.98532982721217e-001 -1.56053619907224e+000 8.76815032471591e-002 8.48900035751907e-006 373477 37
1.64302964458338e+005 1.72935117620204e+006 9.47241145009326e-002 2.76142476865028e-001 1.29006818582720e+000 8.83887355792890e-002 9.09670842632892e-006 376401 38
1.64298481835101e+005 1.72931366958202e+006 9.47235877284561e-002 6.09503834629487e-001 1.55459184713279e+000 8.90071177254683e-002 9.20750478801172e-006 379154 39
1.64304079631259e+005 1.72934415473344e+006 9.47251358867624e-002 4.69829210014038e-001 1.51068034409619e+000 9.21138389521909e-002 9.40360471646529e-006 392562 40
1.64300272400966e+005 1.72933073110976e+006 9.47236849155665e-002 2.38431916031944e-001 4.73199177373577e-001 9.35113681057230e-002 9.80175095007533e-006 398708 41
1.64304382138899e+005 1.72934566980259e+006 9.47252267553591e-002 2.78233097430511e-001 1.29572490783410e+000 9.64694205944461e-002 1.04004238337011e-005 410941 42
1.64309535130192e+005 1.72934555481909e+006 6.18845181390684e+000 8.77288511871573e-001 -1.55430421720023e+000 1.01191032687305e-001 1.04501469405623e-005 430999 43
1.64309201617076e+005 1.72935355017505e+006 6.18845244037918e+000 8.37037450098155e-001 -1.55737226981414e+000 1.03510294299341e-001 1.05052851686707e-005 440888 44
1.64298924954223e+005 1.72931681990531e+006 9.47236701465302e-002 2.35335680510912e-001 1.12688613742485e+000 1.03724709585120e-001 1.13172616407021e-005 441819 45
1.64311547987948e+005 1.72936055045056e+006 6.18845147689028e+000 7.98691764029988e-001 -1.56072795236061e+000 1.03779560042524e-001 1.13783944604454e-005 442018 46
1.64303255139956e+005 1.72934021448533e+006 9.47248779250725e-002 2.50975639424844e-001 1.20531323236793e+000 1.04776639453890e-001 1.21072902337115e-005 446281 47
1.64300135916765e+005 1.72932480997500e+006 9.47239290914935e-002 2.90406331102945e-001 1.32554254417554e+000 1.05336146449487e-001 1.26564806635926e-005 448531 48
1.64310162113495e+005 1.72935994338235e+006 6.18845223804605e+000 7.42985988202872e-001 -1.56648055101169e+000 1.05646426935231e-001 1.27281559237585e-005 449893 49
1.64298500118058e+005 1.72931370170158e+006 9.47235964574038e-002 5.26355355936470e-001 1.53282784890286e+000 1.08816562341905e-001 1.28810545827427e-005 463679 50
1.64299421211123e+005 1.72932144639138e+006 9.47237026427860e-002 4.54718522129342e-001 1.50348959578234e+000 1.13857568406299e-001 1.30916807925731e-005 485281 51
1.64307459088461e+005 1.72931391407372e+006 6.18845128080304e+000 9.84756994357996e-001 -1.54778460539567e+000 1.14095708277157e-001 1.31302367714132e-005 486301 52
1.64307654033925e+005 1.72933541542205e+006 6.18845233984054e+000 7.16522436741059e-001 -1.56954860362560e+000 1.17481973427768e-001 1.32078659175429e-005 500845 53
1.64305308797544e+005 1.72936057476413e+006 9.47249462605857e-002 4.64933452993602e-001 1.50828342799158e+000 1.19396213913820e-001 1.34085078994118e-005 509013 54
1.64303760499760e+005 1.72936121604765e+006 9.47240240532140e-002 6.96886481556393e-001 1.56926097369304e+000 1.19633023700911e-001 1.34910306498946e-005 510016 55
1.64299007740853e+005 1.72931841716771e+006 9.47236306227995e-002 5.24688152194376e-001 1.53225258903775e+000 1.20506320090016e-001 1.36449967996637e-005 513797 56
1.64300697817946e+005 1.72933412700258e+006 9.47237438171458e-002 6.37105318804158e-001 1.55986506256294e+000 1.23900446919729e-001 1.37455139201390e-005 528269 57
1.64304097479164e+005 1.72935224873683e+006 9.47247054138891e-002 2.12312390739135e-001 7.97453988006226e-001 1.26287526550964e-001 1.45524573777093e-005 538484 58
1.64303339318977e+005 1.72934819509154e+006 9.47244916396135e-002 6.30859920659170e-001 1.55861866618854e+000 1.26710071220753e-001 1.46551752536784e-005 540153 59
1.64301515869076e+005 1.72933142085101e+006 9.47243599738685e-002 2.80773598370845e-001 1.30243627292703e+000 1.27102365486480e-001 1.52430938487617e-005 541878 60
1.64304338363721e+005 1.72934592428914e+006 9.47251878123603e-002 6.72195988042522e-001 1.56571353785821e+000 1.31161292433936e-001 1.53324314051288e-005 558674 61
1.64310236209077e+005 1.72934633781775e+006 6.18845145476683e+000 8.22588351000005e-001 -1.55852278954436e+000 1.41037184031641e-001 1.53897237188879e-005 600866 62
1.64303301911801e+005 1.72934272964452e+006 9.47247677837406e-002 2.43486454361151e-001 1.17127702368236e+000 1.42414066560148e-001 1.61582570684036e-005 606829 63
1.64301927441896e+005 1.72934596333866e+006 9.47238040344268e-002 5.20877400783875e-001 1.53081443937498e+000 1.42983678028074e-001 1.63147033868215e-005 609118 64
1.64299141170536e+005 1.72931820120759e+006 9.47237188485710e-002 2.37293983319086e-001 1.13848721137120e+000 1.44161111120509e-001 1.71163557752796e-005 614378 65
1.64307224375960e+005 1.72936162813318e+006 9.47259866774086e-002 2.34382992658287e-001 4.97264215063936e-001 1.46532373471081e-001 1.75491012015503e-005 624676 66
1.64305401053781e+005 1.72935464789470e+006 9.47253218347570e-002 4.14440996804463e-001 1.47952043473617e+000 1.46881265450264e-001 1.78069119973523e-005 626152 67
1.64308669062750e+005 1.72935832100560e+006 9.47269946596354e-002 2.56480058128901e-001 3.90841140018921e-001 1.47438516165060e-001 1.80903768905418e-005 628591 68
1.64304005644689e+005 1.72934835217638e+006 9.47248649443066e-002 2.73284413307152e-001 1.28211042435987e+000 1.49993959684055e-001 1.87107085500583e-005 639361 69
1.64299049074647e+005 1.72931880048372e+006 9.47236334399485e-002 2.71061474984360e-001 1.27587844248787e+000 1.54856619919946e-001 1.93411060971819e-005 660246 70
1.64308913964299e+005 1.72934223462041e+006 6.18845198910080e+000 8.34999756635596e-001 -1.55746814645833e+000 1.59554832925950e-001 1.93965408546278e-005 680083 71
1.64299112142342e+005 1.72931866754853e+006 9.47236768214400e-002 6.25884772984349e-001 1.55785165303507e+000 1.60658490840566e-001 1.95010626012540e-005 684705 72
1.64307657214552e+005 1.72931784247504e+006 6.18845138116439e+000 9.33311850316231e-001 -1.55056502807703e+000 1.63807804841201e-001 1.95444519261186e-005 698206 73
1.64303549709811e+005 1.72935005670408e+006 9.47245108499154e-002 4.73481180115768e-001 1.51231024704733e+000 1.63835345621861e-001 1.97372583524487e-005 698340 74
1.64303984350393e+005 1.72934813661940e+006 9.47248644775916e-002 5.02326451209144e-001 1.52419895092624e+000 1.64002101160163e-001 1.99066491153155e-005 699048 75
1.64306756846363e+005 1.72935769761005e+006 9.47259327570749e-002 5.34744301749865e-001 1.53522476500748e+000 1.70124181661850e-001 2.00543334083521e-005 725637 76
1.64305655408027e+005 1.72935998915235e+006 9.47251767796844e-002 2.47694159043579e-001 1.19093173574023e+000 1.73566255940408e-001 2.08004357478178e-005 740317 77
1.64301430858766e+005 1.72933070883843e+006 9.47243500234293e-002 4.63345639905894e-001 1.50770816812647e+000 1.80929100522342e-001 2.10025861789733e-005 771256 78
1.64302867292147e+005 1.72934519522080e+006 9.47243844663096e-002 2.89956450728094e-001 1.32439202444533e+000 1.87359283752193e-001 2.15534939064435e-005 799027 79
1.64302947745187e+005 1.72934845962430e+006 9.47242528335379e-002 3.83505105145603e-001 1.45574302697836e+000 1.88131883739828e-001 2.18585315002382e-005 802351 80
1.64304102090535e+005 1.72934466977997e+006 9.47251207144386e-002 2.21151216927381e-001 1.01327231406598e+000 1.88145072605413e-001 2.27333151741070e-005 802427 81
1.64303664982669e+005 1.72935736884421e+006 9.47241787835204e-002 3.73528346244500e-001 1.44663474578082e+000 1.92734738130631e-001 2.30562111640853e-005 821705 82
1.64304259384086e+005 1.72935620439709e+006 9.47245828221073e-002 3.48387972355778e-001 1.41998103869747e+000 1.95714446921114e-001 2.34312133949243e-005 834422 83
1.64303186464862e+005 1.72934364934258e+006 9.47246515476494e-002 5.42656903636947e-001 1.53771755775628e+000 1.97301204392249e-001 2.35742138159653e-005 841562 84
1.64302580746680e+005 1.72934220914958e+006 9.47243828372264e-002 4.24708854771646e-001 1.48632767647328e+000 1.97509952632914e-001 2.38186573864581e-005 842405 85
1.64307781035296e+005 1.72932564779301e+006 6.18845173520918e+000 9.65438601790872e-001 -1.54883924848170e+000 1.99651332004577e-001 2.38589320337314e-005 851444 86
1.64306258407104e+005 1.72935624344956e+006 9.47257262895257e-002 3.12662177882330e-001 1.36897466399121e+000 2.00822440934533e-001 2.43304078103015e-005 856433 87
1.64301058910429e+005 1.72934044006392e+006 9.47236070228308e-002 2.83472880619950e-001 1.30914763801996e+000 2.01391535856149e-001 2.49071300068440e-005 858727 88
1.64309253716785e+005 1.72933773055065e+006 6.18845154914824e+000 8.52968508078167e-001 -1.55602999679556e+000 2.02870584505950e-001 2.49600269714138e-005 865114 89
1.64303003853803e+005 1.72936006925509e+006 9.47236528772048e-002 2.17843272994654e-001 6.45873013550218e-001 2.04619976029628e-001 2.56014357424199e-005 872665 90
1.64307625202396e+005 1.72931517056061e+006 6.18845125402184e+000 8.82925248332939e-001 -1.55372895733512e+000 2.06441424718040e-001 2.56504626813057e-005 880326 91
1.64302952109238e+005 1.72934920569071e+006 9.47242147130737e-002 4.39025636112487e-001 1.49486069780572e+000 2.08620804472492e-001 2.58778674841012e-005 889631 92
1.64310751110683e+005 1.72934799917756e+006 6.18845125014837e+000 8.85862702545200e-001 -1.55372895733512e+000 2.09439166052049e-001 2.59265374811737e-005 893255 93
1.64300645918739e+005 1.72932977477308e+006 9.47239510436343e-002 4.84886970795809e-001 1.51739170918912e+000 2.11502430551780e-001 2.61095589146067e-005 902129 94
1.64309007708888e+005 1.72934963659926e+006 6.18845233841233e+000 8.18327719214654e-001 -1.55890629612110e+000 2.11513734946140e-001 2.61675097923091e-005 902184 95
1.64299342676858e+005 1.72932239261771e+006 9.47236061156158e-002 5.82352230829667e-001 1.54845574190497e+000 2.13908847063330e-001 2.62899752672940e-005 912437 96
1.64308177803088e+005 1.72932335736293e+006 6.18845138311143e+000 7.79373371462865e-001 -1.56235785531175e+000 2.15891992474167e-001 2.63544923902375e-005 921048 97
1.64303013719454e+005 1.72935263716843e+006 9.47240631857830e-002 2.98689422710493e-001 1.34299209341716e+000 2.16815994852078e-001 2.68729095843948e-005 925087 98
1.64304817415264e+005 1.72934903095885e+006 9.47252931949314e-002 2.26311609462434e-001 1.06245703253273e+000 2.19815567719894e-001 2.77288931554180e-005 937764 99
1.64311357593132e+005 1.72935813500785e+006 6.18845145448108e+000 8.85359895067426e-001 -1.55382483397931e+000 2.23674165413574e-001 2.77776240614598e-005 954127 100
1.64302370142333e+005 1.72934422515717e+006 9.47241523769678e-002 3.90623800488831e-001 1.46178325556200e+000 2.28873505621607e-001 2.80707645987617e-005 976452 101
1.64299794627474e+005 1.72932216779112e+006 9.47238773645458e-002 4.02453007992262e-001 1.47117916669210e+000 2.29125152141425e-001 2.83455532878966e-005 977576 102
1.64307361682899e+005 1.72931293407927e+006 6.18845128326347e+000 9.46278990532520e-001 -1.54979801492355e+000 2.33661211947435e-001 2.83876446233937e-005 996733 103
1.64301911718242e+005 1.72934567653437e+006 9.47238106392273e-002 2.36129587054767e-001 4.86526030915250e-001 2.35420467221932e-001 2.88049319139834e-005 1004112 104
1.64300019425871e+005 1.72932294078864e+006 9.47239641055886e-002 4.83193303502253e-001 1.51672057267983e+000 2.35926334440443e-001 2.89893609985296e-005 1006405 105
1.64299080434531e+005 1.72931977618601e+006 9.47235982868958e-002 5.86321763548939e-001 1.54941450834681e+000 2.39148509785007e-001 2.91100123464274e-005 1020320 106
1.64307847131229e+005 1.72931773963809e+006 6.18845126672564e+000 8.96024706306537e-001 -1.55286606753746e+000 2.43412285111156e-001 2.91574755352204e-005 1038393 107
1.64303252367792e+005 1.72934657765267e+006 9.47245298753906e-002 2.26576244977052e-001 5.53256175267800e-001 2.44667190314166e-001 2.96710448651597e-005 1043872 108
1.64308081782997e+005 1.72934487197273e+006 6.18845260961061e+000 9.84677603703610e-001 -1.54797635868404e+000 2.46206822038096e-001 2.97096078527678e-005 1050381 109
1.64302835452258e+005 1.72934350303888e+006 9.47244583548852e-002 5.06640010097420e-001 1.52582885387738e+000 2.46341705510651e-001 2.98758543848418e-005 1050908 110
1.64301512533692e+005 1.72933656883068e+006 9.47240777656983e-002 4.93937505395749e-001 1.52103502166814e+000 2.46667357136889e-001 3.00516120871059e-005 1052467 111
1.64308170728509e+005 1.72932565899133e+006 6.18845151249098e+000 8.14437577149767e-001 -1.55909804940947e+000 2.48992539291626e-001 3.01101738052575e-005 1062446 112
1.64308762235100e+005 1.72935540941935e+006 6.18845279341305e+000 9.87932620533413e-001 -1.54788048203986e+000 2.52336008365808e-001 3.01484577372681e-005 1076707 113
1.64308578483944e+005 1.72935933125606e+006 6.18845311225568e+000 8.22376642588311e-001 -1.55861866618854e+000 2.52725863982267e-001 3.02057825711205e-005 1078225 114
1.64307988754579e+005 1.72932620982246e+006 6.18845164677083e+000 9.21218007298183e-001 -1.55133204123051e+000 2.55950256102700e-001 3.02504356182142e-005 1092102 115
1.64300340506928e+005 1.72932505565991e+006 9.47240329624534e-002 2.28296375822070e-001 1.07866018539995e+000 2.65396967371092e-001 3.10976029572480e-005 1132814 116
1.64302078558142e+005 1.72935143115100e+006 9.47235929292581e-002 4.04120211734356e-001 1.47223380977813e+000 2.65439093164345e-001 3.13699323514810e-005 1132976 117
1.64307532443930e+005 1.72933101755593e+006 6.18845217005832e+000 9.81052097153342e-001 -1.54807223532823e+000 2.66852757521918e-001 3.14088096427491e-005 1139005 118
1.64299025184718e+005 1.72931874046314e+006 9.47236230168872e-002 6.82437382458244e-001 1.56743931745354e+000 2.67878780407012e-001 3.14952248286491e-005 1143446 119
1.64303548457257e+005 1.72935096193275e+006 9.47244608446311e-002 5.38343344748672e-001 1.53637528473769e+000 2.73485975423628e-001 3.16407515681606e-005 1167865 120
1.64300984650299e+005 1.72932949996060e+006 9.47241601288378e-002 3.10624484419770e-001 1.36561898144475e+000 2.74164215313128e-001 3.21187273696191e-005 1170679 121
1.64299040402486e+005 1.72931897335375e+006 9.47236190575898e-002 3.00012600283583e-001 1.34586839274270e+000 2.75211821526918e-001 3.26324679386511e-005 1175113 122
1.64302439269416e+005 1.72934372258739e+006 9.47242193560893e-002 3.63736832203629e-001 1.43704708136235e+000 2.75807999976107e-001 3.29743706337240e-005 1177699 123
1.64300181995272e+005 1.72932890600360e+006 9.47237324782742e-002 2.95222697468995e-001 1.33599309839167e+000 2.82943960332821e-001 3.35053990033245e-005 1208483 124
1.64302853090557e+005 1.72934348943966e+006 9.47244692035082e-002 3.45847471415444e-001 1.41700886272774e+000 2.87895759481847e-001 3.38863144047661e-005 1229519 125
1.64299327736416e+005 1.72932210668036e+006 9.47236131221203e-002 2.90697430169025e-001 1.32621368068484e+000 2.90619390208987e-001 3.44343875999308e-005 1240931 126
1.64298589316503e+005 1.72931458378401e+006 9.47235995484417e-002 2.43830480530154e-001 1.17319455656606e+000 2.92389188717630e-001 3.52011563084941e-005 1248435 127
1.64301604320667e+005 1.72934206311892e+006 9.47238312164672e-002 4.86448320332056e-001 1.51796696905423e+000 2.93060900654197e-001 3.53828934150250e-005 1251236 128
1.64302714879958e+005 1.72934353451045e+006 9.47243875436234e-002 6.08551146776862e-001 1.55420834055605e+000 2.97146813951132e-001 3.54940710301831e-005 1268518 129
1.64308950723046e+005 1.72936043290439e+006 9.47270410821317e-002 3.49181878899632e-001 1.96978565477462e-001 3.01312197101704e-001 3.55679334975433e-005 1286002 130
1.64310582766916e+005 1.72936047598318e+006 9.47279740203281e-002 2.25332458058347e-001 1.05392401120029e+000 3.12283774121221e-001 3.64279813059032e-005 1333167 131
1.64300411330164e+005 1.72932555541851e+006 9.47240463394464e-002 5.85660174762393e-001 1.54922275505844e+000 3.12382889857294e-001 3.65489322041824e-005 1333565 132
1.64302396562681e+005 1.72935358156627e+006 9.47236580870996e-002 2.35732633782840e-001 4.88922947019867e-001 3.12481671910051e-001 3.69696637283857e-005 1334039 133
1.64302186522764e+005 1.72933870703546e+006 9.47243475969069e-002 4.02849961264189e-001 1.47137091998047e+000 3.13321658998503e-001 3.72438623333762e-005 1337614 134
1.64309900757236e+005 1.72933903589025e+006 6.18845124941685e+000 8.00385431323544e-001 -1.56044032242805e+000 3.15146975055185e-001 3.73047107414685e-005 1345259 135
1.64308140415596e+005 1.72932401043834e+006 6.18845144009814e+000 9.91981543907071e-001 -1.54749697546312e+000 3.22593753610329e-001 3.73426514031590e-005 1377103 136
1.64303586798490e+005 1.72934372867135e+006 9.47248766519624e-002 2.94772817094144e-001 1.33493845530564e+000 3.26089413354498e-001 3.78753296820517e-005 1392061 137
1.64304976753342e+005 1.72935245752380e+006 9.47251979386986e-002 2.12418244944982e-001 8.34462372661519e-001 3.26285518507284e-001 3.87099503554568e-005 1392832 138
1.64306622287095e+005 1.72935650053347e+006 9.47259208229331e-002 3.03241153561925e-001 1.35190862132633e+000 3.26341643688556e-001 3.92124187035673e-005 1393108 139
1.64306113460935e+005 1.72935718054427e+006 9.47255922013278e-002 4.99944731577581e-001 1.52324018448439e+000 3.29497036161098e-001 3.93835821491625e-005 1406904 140
1.64304907779594e+005 1.72936124931147e+006 9.47246797197593e-002 6.19877546802517e-001 1.55641350337230e+000 3.29883973848474e-001 3.94903431853491e-005 1408538 141
1.64308871091288e+005 1.72934814856304e+006 6.18845233568234e+000 8.45082369742546e-001 -1.55670113330485e+000 3.30494584676504e-001 3.95443327294477e-005 1411088 142
1.64302634825268e+005 1.72935446153733e+006 9.47237467183059e-002 6.29536743086079e-001 1.55833103625599e+000 3.31413400375784e-001 3.96475258082857e-005 1414989 143
1.64304643654070e+005 1.72936138702097e+006 9.47245208580709e-002 3.56988626580867e-001 1.42976045640431e+000 3.32969962575710e-001 4.00034498805126e-005 1421404 144
1.64307902904376e+005 1.72934631472019e+006 6.18845279067896e+000 7.83686930351140e-001 -1.56207022537919e+000 3.35579818609408e-001 4.00671881738714e-005 1432821 145
1.64311273880563e+005 1.72936153393488e+006 9.47283124755002e-002 3.41851475144710e-001 1.41192740058596e+000 3.38276082301256e-001 4.04576552524176e-005 1444022 146
1.64304498604926e+005 1.72935326944350e+006 9.47248797151670e-002 2.29010891711539e-001 1.08383752418592e+000 3.38721555064011e-001 4.13013426328647e-005 1446027 147
1.64307672573561e+005 1.72932977582383e+006 6.18845202213967e+000 9.03064010995379e-001 -1.55248256096072e+000 3.50334300961062e-001 4.13479953650901e-005 1495281 148
1.64303685279461e+005 1.72935494947380e+006 9.47243221431520e-002 5.00659247467050e-001 1.52352781441694e+000 3.51791961888846e-001 4.15186241924089e-005 1501358 149
1.64301351680529e+005 1.72934216868810e+006 9.47236806850773e-002 5.36596750352192e-001 1.53589590151677e+000 3.58035361799634e-001 4.16651926314669e-005 1527877 150
1.64311054669676e+005 1.72936021988363e+006 9.47282584004979e-002 3.47329430297305e-001 1.99183728293710e-001 3.59058958401787e-001 4.17407501259734e-005 1532196 151
1.64304560283221e+005 1.72935586469040e+006 9.47247737566296e-002 5.26567064348165e-001 1.53263609561449e+000 3.66468255831717e-001 4.18935124602822e-005 1563504 152
1.64306713827948e+005 1.72935979457472e+006 9.47257939285992e-002 7.99088717301915e-001 3.69604463332011e-002 3.70793247219067e-001 4.18957690885296e-005 1582179 153
1.64299489764262e+005 1.72932178139443e+006 9.47237236895487e-002 5.78382698110395e-001 1.54749697546312e+000 3.84395474156728e-001 4.20200885611035e-005 1640650 154
1.64302545165801e+005 1.72934071127897e+006 9.47244440022046e-002 2.29196136571772e-001 5.32642696768090e-001 3.84849517290054e-001 4.25040127853248e-005 1642640 155
1.64308421911277e+005 1.72932570645313e+006 6.18845137112583e+000 8.96765685747467e-001 -1.55286606753746e+000 3.85659726913514e-001 4.25513897375588e-005 1645980 156
1.64308215538252e+005 1.72932242628872e+006 6.18845131078817e+000 8.80781700664532e-001 -1.55392071062349e+000 3.87850545797787e-001 4.26006797160053e-005 1655612 157
1.64308461830620e+005 1.72933828969338e+006 6.18845203340970e+000 9.98015233640364e-001 -1.54730522217475e+000 3.93867240964172e-001 4.26381174091080e-005 1681143 158
1.64307688616717e+005 1.72933557638312e+006 6.18845232878602e+000 7.80114350903795e-001 -1.56235785531175e+000 3.98382846587271e-001 4.27024997915980e-005 1700323 159
1.64298410037631e+005 1.72931281681513e+006 9.47235930135804e-002 3.84351938792381e-001 1.45670179342021e+000 3.98451324782000e-001 4.30060942534840e-005 1700576 160
1.64307898555949e+005 1.72932251176716e+006 6.18845149710117e+000 9.93807528957936e-001 -1.54740109881893e+000 3.99362598971566e-001 4.30438816359451e-005 1704386 161
1.64304791992894e+005 1.72935098887642e+006 9.47251720212561e-002 3.18351841446620e-001 1.37846645176550e+000 4.00008648308326e-001 4.34978776370353e-005 1707168 162
1.64299213466467e+005 1.72931852350833e+006 9.47237427319412e-002 3.99753725743157e-001 1.46916575716422e+000 4.08145462583916e-001 4.37767082247117e-005 1741273 163
1.64308336240356e+005 1.72933462211126e+006 6.18845190568353e+000 7.12050096544012e-001 -1.57012386349071e+000 4.08681682710855e-001 4.38554141424000e-005 1743494 164
1.64307424415197e+005 1.72931327233414e+006 6.18845126573053e+000 8.04963625726438e-001 -1.55986506256294e+000 4.11085541140896e-001 4.39155034200094e-005 1753731 165
1.64307826384212e+005 1.72934942660359e+006 6.18845300397036e+000 9.83301499027596e-001 -1.54807223532823e+000 4.12891299576046e-001 4.39541853211499e-005 1761237 166
1.64298651502406e+005 1.72931572604674e+006 9.47235729925165e-002 3.21474540519114e-001 1.38364379055147e+000 4.14780365163481e-001 4.43989779431517e-005 1769527 167
1.64299856230400e+005 1.72932601812259e+006 9.47237030256701e-002 5.22227041908427e-001 1.53138969924009e+000 4.16355432566464e-001 4.45545396925361e-005 1776377 168
1.64309073292200e+005 1.72933650838842e+006 6.18845158599948e+000 8.91949319381417e-001 -1.55324957411420e+000 4.16415618562803e-001 4.46024816145750e-005 1776643 169
1.64298556644371e+005 1.72931471787977e+006 9.47235735230780e-002 2.18002054303425e-001 9.74825779747917e-001 4.17256225227694e-001 4.54830032734857e-005 1780109 170
1.64309799046099e+005 1.72935171691359e+006 6.18845199818604e+000 7.84030956520144e-001 -1.56207022537919e+000 4.17715948712445e-001 4.55466800538273e-005 1782032 171
1.64304886775974e+005 1.72935068177841e+006 9.47252430602636e-002 4.28651923939457e-001 1.48872459257790e+000 4.18210180947571e-001 4.57862519584621e-005 1784019 172
1.64308852864473e+005 1.72934907021494e+006 6.18845239631112e+000 9.51995117648271e-001 -1.54970213827937e+000 4.23021160723318e-001 4.58277892024963e-005 1804850 173
1.64303553063177e+005 1.72934726364735e+006 9.47246648470464e-002 3.81096921962578e-001 1.45363374080630e+000 4.24496112868062e-001 4.61370074280977e-005 1811027 174
1.64309041734463e+005 1.72934503410030e+006 6.18845206830912e+000 8.74509838968082e-001 -1.55449597048860e+000 4.29802615951447e-001 4.61870789342870e-005 1833619 175
1.64301209911376e+005 1.72933240193767e+006 9.47241312159161e-002 5.95001808428413e-001 1.55133204123051e+000 4.34072503803313e-001 4.63038965109333e-005 1851607 176
1.64300740394597e+005 1.72932753612925e+006 9.47241270760493e-002 6.64812657184676e-001 1.56465889477218e+000 4.34556567197968e-001 4.63954308606438e-005 1853652 177
1.64308083392911e+005 1.72933399410061e+006 6.18845201639107e+000 8.26240321101736e-001 -1.55813928296762e+000 4.36398300781816e-001 4.64521672715596e-005 1861331 178
1.64299025497766e+005 1.72931908808792e+006 9.47236042688048e-002 2.27184906660674e-001 5.48174713126011e-001 4.37856224549660e-001 4.69585071567188e-005 1867821 179
1.64302698578321e+005 1.72935171851987e+006 9.47239326030946e-002 2.14799964576545e-001 9.19600832697531e-001 4.38298625247392e-001 4.78327237442723e-005 1869720 180
1.64301595261968e+005 1.72933088454658e+006 9.47244346735155e-002 5.04866952149478e-001 1.52525359401227e+000 4.45098829230160e-001 4.80002530811461e-005 1899010 181
1.64308827004202e+005 1.72934775900996e+006 6.18845233973679e+000 7.40683659225694e-001 -1.56667230430006e+000 4.47726329215130e-001 4.80724194612918e-005 1910102 182
1.64304531029083e+005 1.72935498818117e+006 9.47248047155376e-002 4.40957475369200e-001 1.49591534089175e+000 4.49251634320405e-001 4.82976561917196e-005 1916637 183
1.64301138369673e+005 1.72934065573516e+006 9.47236408167770e-002 2.31154439379946e-001 1.09946541718802e+000 4.50035113421306e-001 4.91309656105195e-005 1920019 184
1.64298418160751e+005 1.72931296063694e+006 9.47235898380295e-002 2.12444708496444e-001 8.39352081514939e-001 4.52470338240103e-001 4.99690455949190e-005 1930564 185
1.64304167093204e+005 1.72935136231087e+006 9.47247935719935e-002 5.45091550371434e-001 1.53838869426557e+000 4.56536249189277e-001 5.01106477309937e-005 1948026 186
1.64302362955264e+005 1.72933781938030e+006 9.47244970382939e-002 2.66403889927081e-001 1.26149694586016e+000 4.56958595806255e-001 5.07626181655608e-005 1949873 187
1.64305628204561e+005 1.72936102119764e+006 9.47251049976636e-002 2.28508084233765e-001 5.37915912198248e-001 4.58181178893704e-001 5.12541048141834e-005 1955288 188
1.64308036839776e+005 1.72932020076359e+006 6.18845129201638e+000 9.54059274662293e-001 -1.54941450834681e+000 4.58701750072519e-001 5.12954443526768e-005 1957415 189
1.64299494794315e+005 1.72932184827318e+006 9.47237229307985e-002 6.95166350711376e-001 1.56926097369304e+000 4.59780227487621e-001 5.13784170005977e-005 1961973 190
1.64307574631905e+005 1.72933976271250e+006 6.18845262205298e+000 8.04619599557434e-001 -1.56005681585131e+000 4.60989471411392e-001 5.14385629400712e-005 1966891 191
1.64298486445816e+005 1.72931363194052e+006 9.47235924203271e-002 2.13079833731528e-001 7.45584723502304e-001 4.64148311141257e-001 5.21975324634159e-005 1980149 192
1.64305115778283e+005 1.72934905947112e+006 9.47254626281227e-002 2.72252334800141e-001 1.27913824839015e+000 4.64795695249516e-001 5.28224945370333e-005 1983052 193
1.64304329534882e+005 1.72934763713674e+006 9.47250894915592e-002 2.59258731032391e-001 1.23733603152562e+000 4.65474563834560e-001 5.35091045936717e-005 1985833 194
1.64310194210228e+005 1.72935955108523e+006 6.18845219829197e+000 7.65612324702722e-001 -1.56398775826289e+000 4.73054674860228e-001 5.35762012708110e-005 2018514 195
1.64306428347821e+005 1.72935758289417e+006 9.47257507484168e-002 2.65848155346383e-001 1.25957941297647e+000 4.79815458537347e-001 5.42307712873203e-005 2047301 196
1.64309334085333e+005 1.72934174285000e+006 6.18845172156049e+000 7.66406231246576e-001 -1.56379600497452e+000 4.81032004230016e-001 5.42977150615069e-005 2052655 197
1.64298901273605e+005 1.72931655781323e+006 9.47236708458288e-002 4.56359262319975e-001 1.50435248558000e+000 4.88769437237112e-001 5.45066909677725e-005 2085779 198
1.64311536731276e+005 1.72935776324133e+006 6.18845133157877e+000 9.02746448377837e-001 -1.55267431424909e+000 4.89159797932930e-001 5.45533799754043e-005 2087443 199
1.64300755865227e+005 1.72933203428515e+006 9.47238910268154e-002 3.51616525634119e-001 1.42391198110904e+000 4.89330504862465e-001 5.49210653744836e-005 2088155 200
1.64299687933068e+005 1.72932205957466e+006 9.47238221114124e-002 6.74339535710929e-001 1.56619292107913e+000 4.92085461587835e-001 5.50097795709253e-005 2099630 201
1.64303802061142e+005 1.72936168031400e+006 9.47240225931336e-002 3.55771303213623e-001 1.42841818338572e+000 4.95199355097055e-001 5.53683197417759e-005 2112771 202
1.64298744550327e+005 1.72931671299981e+006 9.47235725796537e-002 2.45947564647099e-001 4.34848519699698e-001 4.95785278620283e-001 5.57120682212470e-005 2115362 203
1.64301334026557e+005 1.72933098246082e+006 9.47242796321046e-002 3.68500271466756e-001 1.44193679021577e+000 4.97491344937377e-001 5.60445377153616e-005 2122449 204
1.64304142182962e+005 1.72935278482348e+006 9.47247018440260e-002 3.71093699510013e-001 1.44433370632038e+000 4.99475586998644e-001 5.63720176756644e-005 2130860 205
1.64298488399586e+005 1.72931390537633e+006 9.47235786519321e-002 3.67521120062668e-001 1.44107390041810e+000 5.00659415916820e-001 5.67064014555850e-005 2136092 206
1.64309948260733e+005 1.72936046907945e+006 6.18845238922347e+000 9.73271813023569e-001 -1.54864749519333e+000 5.12296368044086e-001 5.67459662614082e-005 2185847 207
1.64302144844611e+005 1.72933425900375e+006 9.47245658981134e-002 4.33415363202583e-001 1.49169676854762e+000 5.13295436824627e-001 5.69798398491027e-005 2189955 208
1.64307957222089e+005 1.72935380925809e+006 6.18845316762067e+000 7.33670818088313e-001 -1.56753519409772e+000 5.16423856159849e-001 5.70535327487803e-005 2203074 209
1.64302444342547e+005 1.72933753979395e+006 9.47245589028720e-002 5.05237441869943e-001 1.52534947065645e+000 5.17312813352648e-001 5.72207926669069e-005 2206869 210
1.64301118957904e+005 1.72934173524340e+006 9.47235709158992e-002 3.26714323708553e-001 1.39140979873043e+000 5.23223855483185e-001 5.76506607614453e-005 2231569 211
1.64308921030265e+005 1.72933118185446e+006 6.18845138322670e+000 9.79173184999553e-001 -1.54816811197241e+000 5.26257548843974e-001 5.76897024481531e-005 2244920 212
1.64303296200552e+005 1.72936085032286e+006 9.47237778873527e-002 3.71940533156791e-001 1.44510071947386e+000 5.31302119456670e-001 5.80155759958956e-005 2266303 213
1.64301184461751e+005 1.72934124229006e+006 9.47236352949548e-002 3.16658174153064e-001 1.37578190572832e+000 5.31843270854398e-001 5.84746894509213e-005 2268535 214
1.64307534722386e+005 1.72934144234946e+006 6.18845273637973e+000 7.66379767695115e-001 -1.56379600497452e+000 5.38698851151385e-001 5.85416383107521e-005 2297407 215
1.64303535264754e+005 1.72935602346989e+006 9.47241776970198e-002 3.73925299516427e-001 1.44701825235755e+000 5.38959911943653e-001 5.88637960570642e-005 2298476 216
1.64298829683180e+005 1.72931691119281e+006 9.47236105772135e-002 3.12900349845486e-001 1.36964580050050e+000 5.43311586131677e-001 5.93345471961964e-005 2317178 217
1.64302558296361e+005 1.72935387080061e+006 9.47237350251418e-002 3.21633321827885e-001 1.38364379055147e+000 5.46191269074492e-001 5.97788568817957e-005 2329350 218
1.64308915942781e+005 1.72936078028531e+006 6.18845299776400e+000 7.36449490991804e-001 -1.56724756416517e+000 5.51641353867078e-001 5.98519393882902e-005 2352228 219
1.64299237609131e+005 1.72931953311698e+006 9.47237015965751e-002 6.38719595443328e-001 1.56024856913968e+000 5.54102858611799e-001 5.99518988725777e-005 2362788 220
1.64299388032588e+005 1.72932023324665e+006 9.47237496818964e-002 6.93737318932438e-001 1.56906922040468e+000 5.55473966690323e-001 6.00352479736083e-005 2368622 221
1.64307702826702e+005 1.72934243696377e+006 6.18845269419843e+000 9.24446560576524e-001 -1.55123616458632e+000 5.60675382731616e-001 6.00795585729682e-005 2390611 222
1.64304120332303e+005 1.72935468568500e+006 9.47245858246934e-002 4.83431475465410e-001 1.51662469603565e+000 5.61362722543331e-001 6.02637868619651e-005 2393746 223
1.64302535423636e+005 1.72933685403322e+006 9.47246484382283e-002 4.30716080953478e-001 1.49006686559648e+000 5.67792290744289e-001 6.05008661214561e-005 2421251 224
1.64302794009986e+005 1.72934123620261e+006 9.47245580293497e-002 2.83049463796561e-001 1.30809299493393e+000 5.68419284734464e-001 6.10793242805506e-005 2424120 225
1.64301141799838e+005 1.72933146433746e+006 9.47241432326035e-002 2.12577026253753e-001 7.70225021057771e-001 5.72894143800729e-001 6.18623736645899e-005 2442986 226
1.64302030249661e+005 1.72934799216142e+006 9.47237524876891e-002 2.30148824424397e-001 1.09227466887417e+000 5.79233960867798e-001 6.27006094592532e-005 2469526 227
1.64311593602159e+005 1.72935708400605e+006 6.18845126200327e+000 8.54529857614414e-001 -1.55602999679556e+000 5.79387363728420e-001 6.27532940260228e-005 2470177 228
1.64301259592117e+005 1.72933168168047e+006 9.47241989037195e-002 3.30657392876363e-001 1.39716239738151e+000 5.80303335173721e-001 6.31723950229671e-005 2474208 229
1.64299261772667e+005 1.72931978212084e+006 9.47237018866563e-002 2.92338170359658e-001 1.32985699316385e+000 5.81013077676454e-001 6.37142123305303e-005 2477188 230
1.64305847801038e+005 1.72936083298289e+006 9.47252410908111e-002 2.48514529138895e-001 1.19457504821924e+000 5.81739225456907e-001 6.44559794052457e-005 2480284 231
1.64300409362088e+005 1.72932943316122e+006 9.47238340764184e-002 2.74713445086090e-001 3.31781127201148e-001 5.82529777014261e-001 6.46643562002229e-005 2483602 232
1.64299140301140e+005 1.72932077630524e+006 9.47235781413125e-002 2.61772768421264e-001 1.24634843607898e+000 5.83457117728016e-001 6.53386138588679e-005 2487559 233
1.64304605368883e+005 1.72935714005861e+006 9.47247301535643e-002 2.23453545904558e-001 1.03676209189123e+000 5.84381313849483e-001 6.62059773339310e-005 2491442 234
1.64301325467563e+005 1.72932975194330e+006 9.47243417263766e-002 7.05275427369788e-001 1.57060324671163e+000 5.85757253916186e-001 6.62863561176604e-005 2497219 235
1.64308343274643e+005 1.72932438859076e+006 6.18845134443292e+000 9.40695181174077e-001 -1.55018152150029e+000 5.87484809404345e-001 6.63289994155665e-005 2504875 236
1.64299041812920e+005 1.72931957869766e+006 9.47235869061176e-002 2.66694988993161e-001 1.26255158894620e+000 5.87806241451672e-001 6.69796241266254e-005 2506238 237
1.64300419571888e+005 1.72932846302932e+006 9.47238927491203e-002 6.41683513207052e-001 1.56072795236061e+000 5.88631461632661e-001 6.70785711520875e-005 2509682 238
1.64299758197556e+005 1.72932223457436e+006 9.47238528507699e-002 2.71855381528214e-001 1.27817948194830e+000 5.97012419454694e-001 6.77053618317594e-005 2545393 239
1.64299630608972e+005 1.72932261440496e+006 9.47237590502328e-002 5.24185344716602e-001 1.53206083574938e+000 5.98302572579639e-001 6.78596519360615e-005 2551086 240
1.64303321773284e+005 1.72935349094434e+006 9.47241932388926e-002 3.13773647043726e-001 1.37089219687490e+000 5.99810049598902e-001 6.83276439985881e-005 2557821 241
1.64299937407839e+005 1.72932417462432e+006 9.47238499221014e-002 6.39936918810572e-001 1.56044032242805e+000 6.06416984899926e-001 6.84271858331808e-005 2585781 242
1.64303501582735e+005 1.72934890867049e+006 9.47245457769606e-002 4.04623019212130e-001 1.47261731635487e+000 6.06549530850896e-001 6.86987815553862e-005 2586383 243
1.64300522651628e+005 1.72933250409082e+006 9.47237317957729e-002 2.24617942168878e-001 1.04788378261666e+000 6.09988046237706e-001 6.95618703503475e-005 2601302 244
1.64304340768895e+005 1.72935614217916e+006 9.47246328494666e-002 5.57370638249715e-001 1.54184025345622e+000 6.10239727430569e-001 6.96967143451387e-005 2602339 245
1.64300111408610e+005 1.72932671230475e+006 9.47238114681991e-002 2.33403841254200e-001 5.03400320291757e-001 6.11615756327146e-001 7.01383931286603e-005 2608101 246
1.64306161756570e+005 1.72936129776269e+006 9.47253957047560e-002 4.69643965153805e-001 1.51048859080782e+000 6.13024424237267e-001 7.03346609964176e-005 2613972 247
1.64300709774044e+005 1.72932885474674e+006 9.47240377317318e-002 6.38507887031634e-001 1.56015269249550e+000 6.13646435442489e-001 7.04346933088644e-005 2616503 248
1.64308978960919e+005 1.72936152636683e+006 9.47269977270012e-002 3.83716813557298e-001 1.45583890362255e+000 6.24186748934100e-001 7.07393641424493e-005 2661519 249
1.64309061436769e+005 1.72934987175396e+006 6.18845232042605e+000 7.92869782708389e-001 -1.56120733558153e+000 6.25830242617694e-001 7.08014891738335e-005 2668530 250
1.64309123419394e+005 1.72934005509421e+006 6.18845175039098e+000 9.80258190609487e-001 -1.54816811197241e+000 6.28477663045759e-001 7.08404358538352e-005 2680041 251
1.64309128968044e+005 1.72933617359354e+006 6.18845153586294e+000 9.35243689572943e-001 -1.55056502807703e+000 6.28964588447199e-001 7.08836282480712e-005 2682085 252
1.64300837750861e+005 1.72933396250819e+006 9.47238329668386e-002 5.80658563536111e-001 1.54797635868404e+000 6.30221019983158e-001 7.10068796214225e-005 2687740 253
1.64299548613586e+005 1.72932279510693e+006 9.47237022207973e-002 2.50737467461688e-001 1.20445034257027e+000 6.31375305838040e-001 7.17370580102537e-005 2692429 254
1.64307743152003e+005 1.72932466395209e+006 6.18845170334897e+000 9.34026366205700e-001 -1.55056502807703e+000 6.32668377610266e-001 7.17803743458592e-005 2697800 255
1.64298795166765e+005 1.72931618584576e+006 9.47236302899768e-002 5.22332896114275e-001 1.53148557588427e+000 6.33605476715371e-001 7.19358673343924e-005 2701784 256
1.64308032391396e+005 1.72933290401012e+006 6.18845198626372e+000 8.78929252062205e-001 -1.55411246391186e+000 6.33974483631379e-001 7.19853863072023e-005 2703324 257
1.64307683077840e+005 1.72931624085108e+006 6.18845127913244e+000 9.48369611098003e-001 -1.54970213827937e+000 6.35477870542849e-001 7.20272736952378e-005 2709733 258
1.64303806482246e+005 1.72935057878526e+006 9.47246295746992e-002 4.97589475497479e-001 1.52237729468673e+000 6.40584890302425e-001 7.22002174189162e-005 2731537 259
1.64309229486609e+005 1.72933898690572e+006 6.18845163144284e+000 8.28913139799379e-001 -1.55794752967925e+000 6.44672638208313e-001 7.22565519899110e-005 2748839 260
1.64308673267655e+005 1.72934535061536e+006 6.18845229670427e+000 9.01555588562056e-001 -1.55267431424909e+000 6.44673254702054e-001 7.23033767818383e-005 2748847 261
1.64307478462412e+005 1.72931366582068e+006 6.18845125618236e+000 9.34529173683474e-001 -1.55046915143284e+000 6.46407756618890e-001 7.23466417775092e-005 2756165 262
1.64307786198672e+005 1.72934814192647e+006 6.18845295705043e+000 8.29574728585924e-001 -1.55794752967925e+000 6.47276777008240e-001 7.24028775563523e-005 2759947 263
1.64310981966317e+005 1.72935274005566e+006 6.18845137599047e+000 9.50671940075181e-001 -1.54979801492355e+000 6.47366965360960e-001 7.24445421791876e-005 2760294 264
1.64303465494954e+005 1.72934084676988e+006 9.47249640490518e-002 4.58000002510607e-001 1.50502362208930e+000 6.50104770957708e-001 7.26518838386058e-005 2772018 265
1.64307761014863e+005 1.72933076443747e+006 6.18845202528545e+000 7.81755091094428e-001 -1.56216610202338e+000 6.50195894001329e-001 7.27159692152190e-005 2772418 266
1.64300608314628e+005 1.72932765372703e+006 9.47240449798451e-002 4.04702409866516e-001 1.47280906964324e+000 6.51226808344194e-001 7.29874528596875e-005 2776707 267
1.64309148213721e+005 1.72934620712111e+006 6.18845207115856e+000 7.40604268571309e-001 -1.56667230430006e+000 6.52054197716655e-001 7.30596362601919e-005 2780174 268
1.64298605255045e+005 1.72931497070166e+006 9.47235876157194e-002 6.31812608511795e-001 1.55900217276528e+000 6.52483168636714e-001 7.31620141688061e-005 2782016 269
1.64307829355010e+005 1.72931770346807e+006 6.18845127494350e+000 8.52624481909163e-001 -1.55593412015137e+000 6.58291256821569e-001 7.32149580251095e-005 2807086 270
1.64301332044490e+005 1.72933295136301e+006 9.47241712934776e-002 6.66215225412152e-001 1.56485064806055e+000 6.58780404349461e-001 7.33060690642718e-005 2809202 271
1.64309818571909e+005 1.72934700648517e+006 6.18845173051505e+000 8.03005322918264e-001 -1.56024856913968e+000 6.62306893867745e-001 7.33664814521627e-005 2824229 272
1.64301525261748e+005 1.72933741560356e+006 9.47240389550824e-002 2.17975590751963e-001 9.74154643238624e-001 6.67210830160310e-001 7.42468371995430e-005 2845497 273
1.64300772069018e+005 1.72933631892970e+006 9.47236670241239e-002 5.37417120447508e-001 1.53618353144932e+000 6.68096975218935e-001 7.43929153278080e-005 2849274 274
1.64302119660788e+005 1.72935122582420e+006 9.47236276637363e-002 6.36628974877845e-001 1.55967330927457e+000 6.69098526733690e-001 7.44935977711655e-005 2853496 275
1.64298626028754e+005 1.72931528738224e+006 9.47235822782686e-002 6.77197599268805e-001 1.56667230430006e+000 6.72950661955783e-001 7.45814905306288e-005 2870118 276
1.64308200362861e+005 1.72932964953223e+006 6.18845171279479e+000 8.44870661330852e-001 -1.55660525666066e+000 6.76667074213255e-001 7.46355097691889e-005 2885978 277
1.64303505082514e+005 1.72934744664369e+006 9.47246273865625e-002 6.83628242274025e-001 1.56743931745354e+000 6.77947071687299e-001 7.47215941293488e-005 2891505 278
1.64308774653176e+005 1.72932891464535e+006 6.18845134366247e+000 8.12479274341593e-001 -1.55928980269784e+000 6.78733827980561e-001 7.47804669579829e-005 2894801 279
1.64299038327204e+005 1.72931806443802e+006 9.47236673569720e-002 6.91620234815493e-001 1.56878159047212e+000 6.80226647777483e-001 7.48643783436501e-005 2901070 280
1.64303733593873e+005 1.72936142199131e+006 9.47239974211163e-002 3.73554809795962e-001 1.44663474578082e+000 6.80727313403293e-001 7.51872240113071e-005 2903227 281
1.64307840207544e+005 1.72933446537867e+006 6.18845218141775e+000 8.48946048255971e-001 -1.55631762672811e+000 6.84210672229939e-001 7.52406741665995e-005 2917960 282
1.64309969266931e+005 1.72936085919094e+006 6.18845239842652e+000 9.94654362604714e-001 -1.54759285210730e+000 6.85729322110454e-001 7.52783909762223e-005 2924276 283
1.64304726602751e+005 1.72936166948086e+006 9.47245530147412e-002 5.60096384050282e-001 7.53111040070803e-002 6.90082174869141e-001 7.52884325319660e-005 2943066 284
1.64304025215935e+005 1.72936028199512e+006 9.47242266119163e-002 2.27767104792834e-001 5.43668510849330e-001 6.90636834543220e-001 7.57882085028217e-005 2945358 285
1.64302056435281e+005 1.72933637319280e+006 9.47244001187619e-002 4.49002395013591e-001 1.50042154316843e+000 6.92504487696703e-001 7.60047331368889e-005 2953300 286
1.64302769018963e+005 1.72934108510729e+006 9.47245519342661e-002 2.19722185148443e-001 6.21136839350566e-001 6.93085587452145e-001 7.66132901255303e-005 2955747 287
1.64300403928349e+005 1.72932599871676e+006 9.47240179608335e-002 3.64186712578480e-001 1.43762234122745e+000 6.93906937518220e-001 7.69542906687591e-005 2959009 288
1.64307591563262e+005 1.72931554517395e+006 6.18845129369818e+000 7.49892975134405e-001 -1.56542590792566e+000 6.95437985159368e-001 7.70245212081798e-005 2965263 289
1.64307397012784e+005 1.72931290116709e+006 6.18845126122413e+000 7.06704459148726e-001 -1.57069912335582e+000 6.95719895341946e-001 7.71045428509592e-005 2966488 290
1.64308189414031e+005 1.72932777605430e+006 6.18845161705776e+000 9.21376788606953e-001 -1.55133204123051e+000 7.03613442044070e-001 7.71491789706246e-005 3000613 291
1.64307343653485e+005 1.72931257063541e+006 6.18845127380603e+000 9.96480347655579e-001 -1.54720934553056e+000 7.04131406659012e-001 7.71867435604090e-005 3002666 292
1.64305254517887e+005 1.72935685333120e+006 9.47251177772698e-002 6.00876716852936e-001 1.55248256096072e+000 7.05241508372804e-001 7.73010656182349e-005 3007497 293
1.64310154608703e+005 1.72935638775896e+006 6.18845204874598e+000 9.70890093392006e-001 -1.54874337183752e+000 7.06116401850342e-001 7.73408443494461e-005 3011236 294
1.64309567499203e+005 1.72933702501774e+006 6.18845133090851e+000 8.97824227805940e-001 -1.55286606753746e+000 7.09838669459607e-001 7.73880985014188e-005 3027284 295
1.64310592720915e+005 1.72934981660829e+006 6.18845143987722e+000 7.12764612433481e-001 -1.57012386349071e+000 7.11666165034448e-001 7.74666309450437e-005 3035279 296
1.64308023464253e+005 1.72932102738310e+006 6.18845134469188e+000 7.80193741558181e-001 -1.56226197866756e+000 7.13692725329941e-001 7.75309988629647e-005 3043860 297
1.64302068550427e+005 1.72934859541382e+006 9.47237415916800e-002 3.04167377863088e-001 1.35373027756584e+000 7.18534098877081e-001 7.80303086244743e-005 3064276 298
1.64300938037664e+005 1.72933096544313e+006 9.47240536232753e-002 6.61981057178262e-001 1.56417951155126e+000 7.20581609266878e-001 7.81227062797551e-005 3072806 299
1.64308791652591e+005 1.72933358260912e+006 6.18845158809306e+000 7.96918706082047e-001 -1.56072795236061e+000 7.22926619716309e-001 7.81841387296206e-005 3082559 300
