# 80 rows of flux data
# 12 columns of flux data
# 
# total cross-sectional flux  1.038224e+00 /m^2/yr
#
#                             +x ram      -x wake      +y port -y starboard    +z zenith     -z nadir        Earth          Sun     anti-Sun      rot (x)      rot (y)      rot (z) 
# average speed (km/s)         37.03        38.32        34.38        41.29        31.71        46.36        37.09        28.07        27.95        34.02        34.15        37.23 
# total flux (#/m2/yr)  2.560839e-01 2.149445e-01 3.129352e-01 1.739514e-01 6.051994e-01 2.221399e-04 1.981165e-01 1.682739e-01 1.673543e-01 8.604519e-01 8.388556e-01 7.518205e-01 
# velocity (km/s)
     0.5                0.000000e+00 0.000000e+00 0.000000e+00 0.000000e+00 0.000000e+00 0.000000e+00 0.000000e+00 0.000000e+00 0.000000e+00 0.000000e+00 0.000000e+00 0.000000e+00 
     1.5                0.000000e+00 0.000000e+00 0.000000e+00 0.000000e+00 0.000000e+00 0.000000e+00 0.000000e+00 0.000000e+00 0.000000e+00 0.000000e+00 0.000000e+00 0.000000e+00 
     2.5                3.213258e-05 1.192812e-04 8.912009e-05 8.706621e-05 1.552270e-04 7.207345e-08 6.257330e-05 8.377700e-05 8.358040e-05 2.599253e-04 2.416244e-04 2.576165e-04 
     3.5                3.656960e-04 4.738001e-04 4.196256e-04 4.659493e-04 7.558204e-04 4.654105e-07 2.973929e-04 4.492320e-04 4.359759e-04 1.290697e-03 1.255502e-03 1.355222e-03 
     4.5                9.585671e-04 8.440420e-04 8.834676e-04 9.375510e-04 1.643914e-03 1.100941e-06 6.141830e-04 9.808829e-04 9.660402e-04 2.727830e-03 2.712656e-03 2.846942e-03 
     5.5                1.612787e-03 1.250813e-03 1.431457e-03 1.405042e-03 2.743333e-03 1.685892e-06 9.704809e-04 1.608162e-03 1.595711e-03 4.395130e-03 4.404171e-03 4.478264e-03 
     6.5                2.274454e-03 1.617865e-03 2.077418e-03 1.809588e-03 4.080552e-03 2.173741e-06 1.356655e-03 2.238731e-03 2.233911e-03 6.278310e-03 6.263324e-03 6.110733e-03 
     7.5                2.835030e-03 1.980446e-03 2.736793e-03 2.117644e-03 5.505229e-03 2.581137e-06 1.730873e-03 2.816895e-03 2.820138e-03 8.168985e-03 8.114594e-03 7.596522e-03 
     8.5                3.344275e-03 2.317014e-03 3.368031e-03 2.377008e-03 6.907427e-03 2.854732e-06 2.067512e-03 3.351933e-03 3.359293e-03 9.974843e-03 9.883512e-03 8.957876e-03 
     9.5                3.763625e-03 2.572269e-03 3.961890e-03 2.565792e-03 8.255780e-03 3.042330e-06 2.374940e-03 3.829406e-03 3.832952e-03 1.166257e-02 1.149083e-02 1.010099e-02 
    10.5                4.093620e-03 2.872276e-03 4.539927e-03 2.681727e-03 9.582681e-03 3.140144e-06 2.659889e-03 4.278804e-03 4.277206e-03 1.325725e-02 1.304399e-02 1.114057e-02 
    11.5                4.459522e-03 3.097170e-03 5.192718e-03 2.790597e-03 1.114533e-02 3.205909e-06 2.950684e-03 4.737793e-03 4.733295e-03 1.509745e-02 1.477250e-02 1.220023e-02 
    12.5                4.723802e-03 3.272474e-03 5.677105e-03 2.823294e-03 1.232996e-02 3.160231e-06 3.174846e-03 5.057824e-03 5.051205e-03 1.644206e-02 1.606417e-02 1.295364e-02 
    13.5                4.887349e-03 3.306199e-03 6.039858e-03 2.784329e-03 1.336587e-02 3.048438e-06 3.263099e-03 5.188697e-03 5.180612e-03 1.752236e-02 1.709339e-02 1.336517e-02 
    14.5                4.792770e-03 3.429932e-03 6.250658e-03 2.728082e-03 1.393776e-02 2.993809e-06 3.319424e-03 5.246915e-03 5.236259e-03 1.810188e-02 1.760900e-02 1.350723e-02 
    15.5                4.946807e-03 3.489281e-03 6.662918e-03 2.669901e-03 1.503660e-02 2.827952e-06 3.464096e-03 5.357714e-03 5.348308e-03 1.925775e-02 1.868419e-02 1.395276e-02 
    16.5                4.903316e-03 3.540103e-03 6.774371e-03 2.606981e-03 1.531944e-02 2.778283e-06 3.493558e-03 5.373603e-03 5.364844e-03 1.952150e-02 1.891941e-02 1.399424e-02 
    17.5                4.917308e-03 3.552094e-03 6.935683e-03 2.547758e-03 1.575258e-02 2.632365e-06 3.544487e-03 5.338841e-03 5.329631e-03 1.993995e-02 1.929554e-02 1.409711e-02 
    18.5                4.885155e-03 3.611741e-03 7.098507e-03 2.466749e-03 1.621506e-02 2.480088e-06 3.594970e-03 5.298558e-03 5.289151e-03 2.037314e-02 1.969387e-02 1.418238e-02 
    19.5                4.841609e-03 3.592314e-03 7.155111e-03 2.383925e-03 1.632678e-02 2.277512e-06 3.638764e-03 5.183446e-03 5.174275e-03 2.044158e-02 1.970257e-02 1.410849e-02 
    20.5                4.764305e-03 3.538674e-03 7.055730e-03 2.250580e-03 1.612936e-02 2.110276e-06 3.586197e-03 4.995747e-03 4.987697e-03 2.010038e-02 1.941169e-02 1.382187e-02 
    21.5                4.615590e-03 3.586158e-03 7.102848e-03 2.182766e-03 1.623767e-02 1.990534e-06 3.595931e-03 4.856332e-03 4.848472e-03 2.016037e-02 1.941311e-02 1.372570e-02 
    22.5                4.678520e-03 3.511056e-03 7.203065e-03 2.113642e-03 1.648869e-02 1.855892e-06 3.649061e-03 4.732229e-03 4.725188e-03 2.038398e-02 1.959698e-02 1.374396e-02 
    23.5                4.459831e-03 3.369214e-03 6.823746e-03 1.968384e-03 1.561329e-02 1.698361e-06 3.466887e-03 4.430776e-03 4.424897e-03 1.927638e-02 1.856659e-02 1.304046e-02 
    24.5                4.203102e-03 3.287955e-03 6.555268e-03 1.858694e-03 1.496700e-02 1.542126e-06 3.358545e-03 4.165378e-03 4.159037e-03 1.846353e-02 1.775468e-02 1.247695e-02 
    25.5                4.109146e-03 3.201468e-03 6.399129e-03 1.764737e-03 1.461934e-02 1.409087e-06 3.287998e-03 3.937893e-03 3.932243e-03 1.799519e-02 1.730603e-02 1.213730e-02 
    26.5                3.934647e-03 3.174222e-03 6.205041e-03 1.708857e-03 1.408026e-02 1.331095e-06 3.237100e-03 3.730644e-03 3.724994e-03 1.736542e-02 1.667612e-02 1.178195e-02 
    27.5                3.869901e-03 3.046918e-03 5.997827e-03 1.626830e-03 1.351620e-02 1.229294e-06 3.179311e-03 3.523692e-03 3.518737e-03 1.668374e-02 1.602066e-02 1.140361e-02 
    28.5                3.692082e-03 2.978448e-03 5.765200e-03 1.532406e-03 1.292478e-02 1.087630e-06 3.084551e-03 3.261419e-03 3.257479e-03 1.594616e-02 1.531947e-02 1.095422e-02 
    29.5                3.551306e-03 2.762115e-03 5.470964e-03 1.424644e-03 1.223306e-02 9.079492e-07 2.944403e-03 2.954336e-03 2.950789e-03 1.507498e-02 1.447161e-02 1.035683e-02 
    30.5                3.288217e-03 2.690325e-03 5.209396e-03 1.301040e-03 1.165703e-02 7.562685e-07 2.797892e-03 2.734678e-03 2.731687e-03 1.431581e-02 1.374600e-02 9.789168e-03 
    31.5                3.177713e-03 2.681483e-03 5.088612e-03 1.261849e-03 1.129452e-02 6.644343e-07 2.781227e-03 2.569123e-03 2.566773e-03 1.388844e-02 1.332326e-02 9.573575e-03 
    32.5                3.090851e-03 2.574855e-03 4.832068e-03 1.228618e-03 1.060730e-02 5.976167e-07 2.685452e-03 2.358258e-03 2.355507e-03 1.310100e-02 1.257646e-02 9.194731e-03 
    33.5                2.999325e-03 2.631755e-03 4.726710e-03 1.233454e-03 1.024850e-02 4.989417e-07 2.681925e-03 2.177769e-03 2.175220e-03 1.272045e-02 1.221821e-02 9.089240e-03 
    34.5                3.053844e-03 2.633332e-03 4.789750e-03 1.225210e-03 1.031330e-02 4.320189e-07 2.745790e-03 2.090868e-03 2.089062e-03 1.280313e-02 1.228987e-02 9.178791e-03 
    35.5                2.939468e-03 2.540266e-03 4.507587e-03 1.210237e-03 9.492549e-03 4.166461e-07 2.647168e-03 1.954660e-03 1.953292e-03 1.190060e-02 1.143535e-02 8.782480e-03 
    36.5                2.843898e-03 2.592568e-03 4.454884e-03 1.219681e-03 9.256901e-03 3.524030e-07 2.656449e-03 1.824340e-03 1.823176e-03 1.166652e-02 1.119566e-02 8.718465e-03 
    37.5                2.964145e-03 2.668780e-03 4.546032e-03 1.246722e-03 9.349780e-03 3.028360e-07 2.739027e-03 1.766023e-03 1.765221e-03 1.182250e-02 1.139398e-02 8.968458e-03 
    38.5                2.879782e-03 2.867119e-03 4.561428e-03 1.334614e-03 9.133850e-03 3.608656e-07 2.817619e-03 1.694728e-03 1.693912e-03 1.171555e-02 1.127078e-02 9.133984e-03 
    39.5                3.105654e-03 2.758957e-03 4.621148e-03 1.411345e-03 9.056061e-03 3.454711e-07 2.911939e-03 1.643831e-03 1.642900e-03 1.174196e-02 1.127928e-02 9.335550e-03 
    40.5                3.049774e-03 2.844483e-03 4.558696e-03 1.399624e-03 8.882211e-03 2.509137e-07 2.890008e-03 1.575881e-03 1.575121e-03 1.153606e-02 1.115070e-02 9.307491e-03 
    41.5                3.085323e-03 3.147706e-03 4.697093e-03 1.591422e-03 8.915841e-03 4.737037e-07 3.047107e-03 1.558595e-03 1.556508e-03 1.180461e-02 1.139998e-02 9.828394e-03 
    42.5                3.365313e-03 3.055851e-03 4.718283e-03 1.764277e-03 8.690831e-03 5.813921e-07 3.137886e-03 1.552913e-03 1.549263e-03 1.176394e-02 1.135607e-02 1.013194e-02 
    43.5                3.273277e-03 3.233521e-03 4.588262e-03 1.805998e-03 8.282880e-03 6.522690e-07 3.095569e-03 1.507182e-03 1.502844e-03 1.137447e-02 1.109512e-02 1.012682e-02 
    44.5                3.430173e-03 3.551158e-03 4.951429e-03 2.014739e-03 8.622096e-03 7.080733e-07 3.418491e-03 1.554606e-03 1.551171e-03 1.207307e-02 1.169748e-02 1.095366e-02 
    45.5                3.777427e-03 3.536471e-03 5.091423e-03 2.092475e-03 8.647596e-03 7.228251e-07 3.566029e-03 1.556675e-03 1.554407e-03 1.225183e-02 1.195701e-02 1.138230e-02 
    46.5                3.695949e-03 3.635732e-03 5.006371e-03 2.224282e-03 8.428518e-03 8.258499e-07 3.539901e-03 1.523585e-03 1.518544e-03 1.211694e-02 1.181542e-02 1.143541e-02 
    47.5                3.852492e-03 3.888357e-03 5.066772e-03 2.504582e-03 8.374928e-03 1.632474e-06 3.631223e-03 1.551667e-03 1.542475e-03 1.236571e-02 1.211418e-02 1.202491e-02 
    48.5                3.952415e-03 4.264538e-03 5.270032e-03 2.825460e-03 8.351325e-03 1.984225e-06 3.866278e-03 1.602844e-03 1.592594e-03 1.277865e-02 1.248041e-02 1.281007e-02 
    49.5                4.384417e-03 4.684528e-03 5.630950e-03 3.149892e-03 8.622967e-03 2.489329e-06 4.205176e-03 1.666748e-03 1.655246e-03 1.354042e-02 1.336450e-02 1.401487e-02 
    50.5                4.668065e-03 5.398278e-03 6.101594e-03 3.728840e-03 8.942749e-03 3.859807e-06 4.658479e-03 1.759449e-03 1.744025e-03 1.465374e-02 1.442781e-02 1.562945e-02 
    51.5                5.365961e-03 5.994526e-03 6.516302e-03 4.793892e-03 9.276970e-03 6.904746e-06 5.081720e-03 1.862135e-03 1.833870e-03 1.616729e-02 1.577696e-02 1.781190e-02 
    52.5                6.092235e-03 6.025189e-03 6.495771e-03 5.510087e-03 9.146604e-03 8.847337e-06 5.137199e-03 1.925605e-03 1.886158e-03 1.667900e-02 1.636538e-02 1.894124e-02 
    53.5                6.233447e-03 6.143198e-03 6.267316e-03 5.957456e-03 8.792539e-03 1.032682e-05 5.005955e-03 1.954657e-03 1.907562e-03 1.662077e-02 1.638130e-02 1.931391e-02 
    54.5                6.370414e-03 5.784700e-03 5.956549e-03 6.088922e-03 8.352577e-03 1.014831e-05 4.791285e-03 1.942299e-03 1.891176e-03 1.614863e-02 1.591360e-02 1.900001e-02 
    55.5                6.312733e-03 5.849294e-03 5.706362e-03 6.073898e-03 7.986269e-03 1.035883e-05 4.609542e-03 1.922872e-03 1.871411e-03 1.566461e-02 1.567770e-02 1.878084e-02 
    56.5                6.188864e-03 5.570630e-03 5.516097e-03 6.034464e-03 7.615323e-03 1.017818e-05 4.490731e-03 1.884786e-03 1.834421e-03 1.519781e-02 1.510427e-02 1.828920e-02 
    57.5                5.948421e-03 5.090533e-03 5.067927e-03 5.696943e-03 6.930083e-03 9.581235e-06 4.149654e-03 1.792946e-03 1.746063e-03 1.404748e-02 1.403921e-02 1.711914e-02 
    58.5                5.488852e-03 4.895746e-03 4.657079e-03 5.486857e-03 6.277426e-03 9.817578e-06 3.846273e-03 1.666346e-03 1.620813e-03 1.307579e-02 1.306051e-02 1.611020e-02 
    59.5                5.198824e-03 4.690246e-03 4.371478e-03 5.352228e-03 5.790394e-03 1.016270e-05 3.641926e-03 1.534869e-03 1.490623e-03 1.238583e-02 1.233842e-02 1.538531e-02 
    60.5                5.032760e-03 4.277559e-03 3.939369e-03 5.199429e-03 5.258312e-03 1.033126e-05 3.297248e-03 1.378639e-03 1.333888e-03 1.152525e-02 1.150361e-02 1.447496e-02 
    61.5                4.570894e-03 3.748262e-03 3.376346e-03 4.904961e-03 4.539266e-03 9.811091e-06 2.850380e-03 1.213609e-03 1.169486e-03 1.029200e-02 1.020601e-02 1.302594e-02 
    62.5                4.233934e-03 3.072082e-03 2.785451e-03 4.333133e-03 3.786142e-03 9.020811e-06 2.361786e-03 1.040304e-03 1.000544e-03 8.775400e-03 8.836987e-03 1.130975e-02 
    63.5                3.468785e-03 2.514691e-03 2.223707e-03 3.609235e-03 2.999746e-03 7.670241e-06 1.899533e-03 8.583932e-04 8.255743e-04 7.121949e-03 7.190945e-03 9.264229e-03 
    64.5                2.859014e-03 2.014393e-03 1.758123e-03 2.978114e-03 2.385206e-03 6.317852e-06 1.507464e-03 6.828806e-04 6.557279e-04 5.750021e-03 5.823111e-03 7.535090e-03 
    65.5                2.276086e-03 1.544848e-03 1.314939e-03 2.430744e-03 1.816343e-03 5.196680e-06 1.134756e-03 5.180704e-04 4.953234e-04 4.501144e-03 4.540855e-03 5.932722e-03 
    66.5                1.829736e-03 1.103514e-03 9.519527e-04 1.907343e-03 1.336400e-03 4.191327e-06 8.265010e-04 3.732995e-04 3.551693e-04 3.403948e-03 3.455137e-03 4.540333e-03 
    67.5                1.347884e-03 7.146380e-04 6.048251e-04 1.383608e-03 8.915141e-04 3.154223e-06 5.279657e-04 2.443359e-04 2.307119e-04 2.343247e-03 2.405655e-03 3.174729e-03 
    68.5                9.107401e-04 4.044947e-04 3.247971e-04 9.263578e-04 5.398376e-04 1.996067e-06 2.845906e-04 1.412068e-04 1.314745e-04 1.458222e-03 1.519927e-03 2.009386e-03 
    69.5                5.587017e-04 1.792393e-04 1.453979e-04 5.280221e-04 2.850907e-04 1.005842e-06 1.274870e-04 6.883595e-05 6.303483e-05 7.779788e-04 8.423552e-04 1.103067e-03 
    70.5                2.806819e-04 4.533147e-05 4.941963e-05 2.292184e-04 1.167557e-04 3.853713e-07 4.320161e-05 2.614835e-05 2.355250e-05 3.192005e-04 3.668370e-04 4.729603e-04 
    71.5                1.018233e-04 5.858519e-06 1.245790e-05 6.238197e-05 3.153656e-05 1.186695e-07 1.089491e-05 6.624485e-06 5.931108e-06 8.547982e-05 1.170086e-04 1.431001e-04 
    72.5                1.792851e-05 1.236348e-07 1.450130e-06 8.780761e-06 4.208413e-06 2.096102e-08 1.288951e-06 9.359512e-07 8.407844e-07 1.154580e-05 1.909138e-05 2.238594e-05 
    73.5                1.422654e-06 0.000000e+00 5.001010e-08 4.529268e-07 1.905715e-07 2.184737e-09 4.797608e-08 4.069066e-08 3.581610e-08 5.529867e-07 1.446328e-06 1.557838e-06 
    74.5                0.000000e+00 0.000000e+00 0.000000e+00 0.000000e+00 0.000000e+00 0.000000e+00 0.000000e+00 0.000000e+00 0.000000e+00 0.000000e+00 0.000000e+00 0.000000e+00 
    75.5                0.000000e+00 0.000000e+00 0.000000e+00 0.000000e+00 0.000000e+00 0.000000e+00 0.000000e+00 0.000000e+00 0.000000e+00 0.000000e+00 0.000000e+00 0.000000e+00 
    76.5                0.000000e+00 0.000000e+00 0.000000e+00 0.000000e+00 0.000000e+00 0.000000e+00 0.000000e+00 0.000000e+00 0.000000e+00 0.000000e+00 0.000000e+00 0.000000e+00 
    77.5                0.000000e+00 0.000000e+00 0.000000e+00 0.000000e+00 0.000000e+00 0.000000e+00 0.000000e+00 0.000000e+00 0.000000e+00 0.000000e+00 0.000000e+00 0.000000e+00 
    78.5                0.000000e+00 0.000000e+00 0.000000e+00 0.000000e+00 0.000000e+00 0.000000e+00 0.000000e+00 0.000000e+00 0.000000e+00 0.000000e+00 0.000000e+00 0.000000e+00 
    79.5                0.000000e+00 0.000000e+00 0.000000e+00 0.000000e+00 0.000000e+00 0.000000e+00 0.000000e+00 0.000000e+00 0.000000e+00 0.000000e+00 0.000000e+00 0.000000e+00 


