4.14388764420183e+004 1.73665419553599e+006 2.38568015707417e-002 1.77553370519904e-001 1.38862937604907e+000 7.81837528937581e-003 1.64346655251433e-006 2022 1
4.14388902328154e+004 1.73663570077744e+006 2.38570634802115e-002 5.25117774351893e-001 1.56044032242805e+000 1.34527091044852e-002 1.79726169706803e-006 4138 2
4.14360928561714e+004 1.73660655733800e+006 2.38558537809015e-002 6.84776972854509e-001 1.57002798684652e+000 5.01116700573146e-002 1.88302913583273e-006 13836 3
4.14432739636764e+004 1.73665504011116e+006 6.25932067928889e+000 7.95713315231658e-001 -1.56945272698141e+000 5.42109969711386e-002 1.94466957530644e-006 14974 4
4.14454208759342e+004 1.73663650705881e+006 6.25931918921975e+000 9.11829095960833e-001 -1.56676818094424e+000 5.62622889208312e-002 1.99034868065774e-006 15737 5
4.14449069372199e+004 1.73665509876646e+006 6.25931974033150e+000 9.94067736306108e-001 -1.56609704443495e+000 6.41939082077702e-002 2.02812422633251e-006 18347 6
4.14421549434730e+004 1.73665514002999e+006 6.25932132464811e+000 8.44677075466523e-001 -1.56839808389538e+000 6.47946794655567e-002 2.08217599244190e-006 18520 7
4.14386032188900e+004 1.73663963410067e+006 2.38568442910749e-002 2.57684099907959e-001 1.49198439848018e+000 6.60527212537779e-002 2.81633098584755e-006 18787 8
4.14377111253690e+004 1.73662697672903e+006 2.38565047043277e-002 1.56956069166493e-001 1.33119926618244e+000 6.90103631860841e-002 4.94560718271008e-006 19208 9
4.14386324157193e+004 1.73663320645319e+006 2.38569493595615e-002 1.20971017825371e-001 1.11183350428785e+000 7.52400267548713e-002 8.43048930175762e-006 20709 10
4.14383433825093e+004 1.73662956877961e+006 2.38568329744258e-002 6.06754154423676e-001 1.56600116779077e+000 7.58341783623842e-002 8.54240670696282e-006 20751 11
4.14454344236441e+004 1.73663326053861e+006 6.25931913683378e+000 7.97881452216227e-001 -1.56887746711631e+000 8.97431424380382e-002 8.60367919026454e-006 24835 12
4.14461808276703e+004 1.73665287142020e+006 6.25931897662665e+000 9.25018595950299e-001 -1.56695993423261e+000 1.02921197119940e-001 8.64793766863894e-006 29074 13
4.14373864670986e+004 1.73662425975038e+006 2.38563551725522e-002 4.12374651154270e-001 1.54730522217475e+000 1.23314001179019e-001 8.90961646897038e-006 34261 14
4.14377407202525e+004 1.73664350216029e+006 2.38562948101148e-002 1.09196829478611e-001 7.07138189184240e-001 1.31901121081950e-001 1.20730251686604e-005 36591 15
4.14368713499724e+004 1.73661492730790e+006 2.38561868736318e-002 2.87495983445792e-001 1.51039271416364e+000 1.35065424128559e-001 1.26507858856222e-005 37774 16
4.14440152748663e+004 1.73665508467238e+006 6.25932025328233e+000 7.91738397426613e-001 -1.56954860362560e+000 1.35908507208450e-001 1.27131092083599e-005 38068 17
4.14374667685328e+004 1.73664713218957e+006 2.38560873056495e-002 3.49197548465003e-001 1.53292372554704e+000 1.37630042065514e-001 1.30902144325846e-005 38545 18
4.14404958068944e+004 1.73665316425809e+006 2.38577476646706e-002 5.16475339427289e-001 1.55928980269784e+000 1.46652928564555e-001 1.32497262437064e-005 41093 19
4.14434279256710e+004 1.73663241012144e+006 6.25932027989196e+000 7.81108503599487e-001 -1.56926097369304e+000 1.54448707795868e-001 1.33139307007748e-005 43355 20
4.14443648132545e+004 1.73662725683921e+006 6.25931966993751e+000 7.91738397426613e-001 -1.56887746711631e+000 1.74964441108448e-001 1.33762539572874e-005 49776 21
4.14380875356250e+004 1.73663208538893e+006 2.38566511760752e-002 5.01268267521626e-001 1.55842691290017e+000 1.85478310489606e-001 1.35466042960503e-005 52633 22
4.14398013763170e+004 1.73664037715862e+006 2.38575236230370e-002 4.65102538098457e-001 1.55440009384442e+000 1.90679622933244e-001 1.37474512057333e-005 53750 23
4.14382118575079e+004 1.73664228113287e+006 2.38565827147181e-002 4.70432541518858e-001 1.55497535370952e+000 2.09741748017265e-001 1.39433276252154e-005 58201 24
4.14369628036172e+004 1.73661936987041e+006 2.38561785005891e-002 4.04033346366411e-001 1.54596294915616e+000 2.14111362098573e-001 1.42170302130149e-005 59323 25
4.14374543983630e+004 1.73665492998831e+006 2.38559731105240e-002 6.12927322226964e-001 1.56571353785821e+000 2.14702261661625e-001 1.43264826223446e-005 59522 26
4.14375871857070e+004 1.73662190945647e+006 2.38565029609502e-002 5.54929657889726e-001 1.56302899182104e+000 2.16710473234613e-001 1.44626879622108e-005 60131 27
4.14448855740191e+004 1.73661679375645e+006 6.25931922653387e+000 7.23171065289597e-001 -1.57050737006745e+000 2.34812416552989e-001 1.45387556798018e-005 65240 28
4.14404437238622e+004 1.73665047820935e+006 2.38577545776138e-002 2.58888620454942e-001 1.49255965834529e+000 2.86896007448500e-001 1.52654498370088e-005 79622 29
4.14373195671834e+004 1.73663507699925e+006 2.38561681303326e-002 1.57708894508357e-001 1.33359618228706e+000 2.98058476988426e-001 1.73736566515011e-005 82435 30
4.14434129420508e+004 1.73663806375332e+006 6.25932036616093e+000 7.98694503585441e-001 -1.56897334376049e+000 2.98252382183730e-001 1.74347920070373e-005 82657 31
4.14363669222836e+004 1.73661795526167e+006 2.38558549936725e-002 4.96691089443090e-001 1.55833103625599e+000 3.15034351283777e-001 1.76086148868978e-005 87162 32
4.14390115867805e+004 1.73665227606747e+006 2.38569057037728e-002 7.25790897479286e-001 1.57031561677908e+000 3.15045399723072e-001 1.76840798399998e-005 87193 33
4.14366960774886e+004 1.73661951318714e+006 2.38560230306948e-002 1.72464271208901e-001 1.37731593203528e+000 3.15505286786118e-001 1.94323660391278e-005 87300 34
4.14363137770106e+004 1.73661083535714e+006 2.38559221773727e-002 1.30456617132863e-001 1.19821836069826e+000 3.24745083604603e-001 2.24988292416870e-005 89599 35
4.14362610343817e+004 1.73660977135924e+006 2.38559064342870e-002 1.90321288317926e-001 1.41576246635334e+000 3.32731904743945e-001 2.39159869980753e-005 92309 36
4.14373272511003e+004 1.73662312995790e+006 2.38563366079037e-002 1.54547028072526e-001 1.32266624485000e+000 3.32886958789636e-001 2.61142939024124e-005 92466 37
4.14368651791261e+004 1.73661776807526e+006 2.38561443130272e-002 4.92746284651720e-001 1.55794752967925e+000 3.33117680971138e-001 2.62911921195634e-005 92633 38
4.14445623964801e+004 1.73662031667248e+006 6.25931946090933e+000 8.13660671381707e-001 -1.56820633060701e+000 3.41536402693388e-001 2.63498807430528e-005 94979 39
4.14375493757461e+004 1.73662923303275e+006 2.38563806336977e-002 1.20519322620252e-001 1.10684791879025e+000 3.44899300197130e-001 2.98548615587140e-005 96110 40
4.14362731066020e+004 1.73661014427852e+006 2.38559082610635e-002 3.04208706035183e-001 1.51825459898679e+000 3.48896721897785e-001 3.03653117245054e-005 96885 41
4.14373994129339e+004 1.73662051556310e+006 2.38564140381723e-002 1.26361247273121e-001 1.16523679509873e+000 3.55931302385647e-001 3.36104988867516e-005 98458 42
4.14361992630694e+004 1.73660777283319e+006 2.38558983279080e-002 2.39556065675862e-001 1.47846579165014e+000 3.63480912806348e-001 3.44714552012841e-005 100515 43
4.14439326734271e+004 1.73662761786600e+006 6.25931992359281e+000 7.96134897423102e-001 -1.56878159047212e+000 3.67796862012221e-001 3.45330237843403e-005 101498 44
4.14442525796835e+004 1.73662548154504e+006 6.25931971014575e+000 9.01138976106358e-001 -1.56667230430006e+000 3.70736179558538e-001 3.45799035139408e-005 102213 45
4.14388995828095e+004 1.73663739561804e+006 2.38570455870659e-002 2.56931274566094e-001 1.49150501525925e+000 3.99234935406517e-001 3.53187712377976e-005 109612 46
4.14362906669308e+004 1.73661156836760e+006 2.38558988117925e-002 6.40872198916973e-001 1.56811045396283e+000 4.05330877712770e-001 3.54179987212103e-005 111760 47
4.14361438771353e+004 1.73660712102644e+006 2.38558754033889e-002 3.02251360146335e-001 1.51748758583331e+000 4.13382085946826e-001 3.59357284787758e-005 113829 48
4.14361894757830e+004 1.73660976187555e+006 2.38558653820440e-002 5.66191925004018e-001 1.56408363490707e+000 4.21125196295620e-001 3.60660454065988e-005 116464 49
4.14363771802884e+004 1.73661699352736e+006 2.38558741035044e-002 5.42613435296823e-001 1.56226197866756e+000 4.25076007347115e-001 3.62091441051900e-005 117420 50
4.14374168738973e+004 1.73662542410450e+006 2.38563566828313e-002 6.46232315351049e-001 1.56801457731864e+000 4.49547669352245e-001 3.63065698953901e-005 124098 51
4.14450748392672e+004 1.73662706987849e+006 6.25931925874900e+000 9.69405178106628e-001 -1.56571353785821e+000 4.51866350180104e-001 3.63464919925334e-005 124817 52
4.14368003768539e+004 1.73661403791681e+006 2.38561582413035e-002 3.71601630638890e-001 1.53944333735160e+000 4.53291773264083e-001 3.66754545408338e-005 125452 53
4.14371634356949e+004 1.73662610626492e+006 2.38562014613476e-002 5.16656017509336e-001 1.55996093920713e+000 4.86103874939103e-001 3.68348448515614e-005 135479 54
4.14377503562463e+004 1.73663467317128e+006 2.38564215941598e-002 4.53810157970490e-001 1.55315369747002e+000 4.99020194438071e-001 3.70468467905568e-005 138814 55
4.14364210989303e+004 1.73661781453349e+006 2.38558881050097e-002 5.83055212661782e-001 1.56494652470473e+000 5.06129515843791e-001 3.71690160559098e-005 140906 56
4.14361001463119e+004 1.73660623856948e+006 2.38558623537158e-002 6.16179527703819e-001 1.56705581087680e+000 5.13547060023251e-001 3.72772022077537e-005 143155 57
4.14363693024000e+004 1.73661142823916e+006 2.38559459912283e-002 5.48636038031739e-001 1.56283723853267e+000 5.16882880670040e-001 3.74168684373977e-005 144394 58
4.14399822662742e+004 1.73665301074585e+006 2.38574542339702e-002 6.13921051678226e-001 1.56580941450240e+000 5.17990572536940e-001 3.75259315121514e-005 144972 59
4.14442424675176e+004 1.73662052523169e+006 6.25931964789393e+000 8.05319366593848e-001 -1.56839808389538e+000 5.21548327026346e-001 3.75859658230992e-005 146145 60
4.14360998232102e+004 1.73660657363678e+006 2.38558575666759e-002 2.42175897865551e-001 1.48076683111057e+000 5.24350431977922e-001 3.84267417048553e-005 146845 61
4.14383442825760e+004 1.73665011387116e+006 2.38565513659956e-002 5.70889555137252e-001 1.56341249839778e+000 5.24401772990667e-001 3.85547105472019e-005 146855 62
4.14365323242737e+004 1.73661232207606e+006 2.38560275372804e-002 1.08534343177770e-001 7.55460017853328e-001 5.26211314057367e-001 4.19382298644582e-005 147363 63
4.14376884842571e+004 1.73662781817097e+006 2.38564801196262e-002 1.31751476720870e-001 1.20703901196326e+000 5.39106891858945e-001 4.49490088487322e-005 151136 64
4.14381505870332e+004 1.73662509529817e+006 2.38567834512685e-002 1.44820524655637e-001 1.28211042435987e+000 5.43096195479564e-001 4.74571408411849e-005 152575 65
4.14436989193792e+004 1.73665509422329e+006 6.25932043547350e+000 9.92742763704426e-001 -1.56609704443495e+000 5.45979575503545e-001 4.74950273940902e-005 153357 66
4.14384702837086e+004 1.73663186383403e+006 2.38568744898623e-002 5.58422767475977e-001 1.56302899182104e+000 5.49028333573335e-001 4.76293653503720e-005 154668 67
4.14378065851813e+004 1.73663419403444e+006 2.38564605333296e-002 1.08444004136746e-001 8.03877723166601e-001 5.52773916425420e-001 5.11893043283956e-005 155825 68
4.14362797623815e+004 1.73660978699968e+006 2.38559169976089e-002 1.85563432157342e-001 1.40675006179998e+000 5.53942341585339e-001 5.26854618988861e-005 156217 69
4.14368231795405e+004 1.73663278511005e+006 2.38559139313745e-002 2.24559784865922e-001 1.18839100466933e-001 5.55782803975812e-001 5.28036399890981e-005 156856 70
4.14434506434781e+004 1.73663543690991e+006 6.25932030838732e+000 7.65299171420333e-001 -1.56974035691397e+000 5.57648219854747e-001 5.28707986019773e-005 157297 71
4.14376771952268e+004 1.73662172989728e+006 2.38565572274204e-002 3.37995507378060e-001 1.53023917950987e+000 5.61262009773872e-001 5.32759052534568e-005 158358 72
4.14450765401288e+004 1.73661169639817e+006 6.25931904662137e+000 8.92616993236452e-001 -1.56648055101169e+000 5.67143941281550e-001 5.33237752414808e-005 160402 73
4.14364246698788e+004 1.73661391851600e+006 2.38559436594504e-002 6.08651274285174e-001 1.56648055101169e+000 6.09831081813235e-001 5.34349268806208e-005 172502 74
4.14395328638250e+004 1.73663645764152e+006 2.38574229196368e-002 1.52559569170004e-001 1.31480436002686e+000 6.10117716469289e-001 5.56921559590582e-005 172557 75
4.14362453780396e+004 1.73660834790537e+006 2.38559169706100e-002 4.93348544925212e-001 1.55823515961180e+000 6.10572843975444e-001 5.58685800782394e-005 172696 76
4.14378407160290e+004 1.73663409709950e+006 2.38564815067020e-002 4.51461342903873e-001 1.55286606753746e+000 6.28291345835673e-001 5.60830150560111e-005 178304 77
4.14364061611690e+004 1.73661735389435e+006 2.38558858336546e-002 1.52228326019584e-001 1.31403734687338e+000 6.41548305166093e-001 5.83506078792010e-005 181849 78
4.14372938050378e+004 1.73662177282256e+006 2.38563359957748e-002 1.76409076000270e-001 1.38680771980956e+000 6.49543525365829e-001 6.00170567024975e-005 183777 79
4.14368269393707e+004 1.73661562629968e+006 2.38561517165809e-002 4.80189157949421e-001 1.55670113330485e+000 6.61517197703916e-001 6.02042888339667e-005 187158 80
4.14363886246940e+004 1.73661106508841e+006 2.38559620980690e-002 5.41981062009657e-001 1.56235785531175e+000 6.64002088293621e-001 6.03477552291642e-005 188133 81
4.14433856212459e+004 1.73663331868581e+006 6.25932031671621e+000 7.78157428259378e-001 -1.56935685033723e+000 6.66048159679678e-001 6.04124965888127e-005 188808 82
4.14408380482594e+004 1.73665399857176e+006 2.38579331646648e-002 6.08862065380896e-001 1.56552178456984e+000 6.75103667136058e-001 6.05235630761526e-005 191093 83
4.14439566632092e+004 1.73663395315896e+006 6.25931999679597e+000 8.38323229581187e-001 -1.56801457731864e+000 6.77721686617239e-001 6.05785201642033e-005 191971 84
4.14394266138555e+004 1.73664767421348e+006 2.38572077427270e-002 3.13784644383699e-001 1.52122677495651e+000 6.82859485923071e-001 6.10553980721859e-005 193499 85
4.14449362422373e+004 1.73661031560847e+006 6.25931910839895e+000 8.24682034386602e-001 -1.56772694738609e+000 6.86358866017799e-001 6.11123749011221e-005 194479 86
4.14446707255531e+004 1.73661950689686e+006 6.25931938744375e+000 8.08481233029679e-001 -1.56830220725120e+000 6.96326472979960e-001 6.11718938795617e-005 196718 87
4.14450291746274e+004 1.73660675277599e+006 6.25931900598107e+000 8.11884003574906e-001 -1.56791870067446e+000 7.10763890191742e-001 6.12308653735137e-005 200216 88
4.14373153154070e+004 1.73663443213318e+006 2.38561745386130e-002 7.24255133781882e-001 1.57069912335582e+000 7.13696377418759e-001 6.13066828301102e-005 201025 89
4.14444891145742e+004 1.73662483615632e+006 6.25931956515556e+000 9.88165585625891e-001 -1.56542590792566e+000 7.32478473765842e-001 6.13449564057191e-005 206088 90
4.14454479080670e+004 1.73662821260078e+006 6.25931905974233e+000 8.31577914518081e-001 -1.56801457731864e+000 7.45610198955666e-001 6.14008989908787e-005 209387 91
4.14374388712796e+004 1.73662926742429e+006 2.38563165660605e-002 2.87616435500490e-001 1.51010508423109e+000 7.56618386530145e-001 6.19781174587368e-005 212868 92
4.14373328243376e+004 1.73663300834490e+006 2.38562041661874e-002 2.88369260842354e-001 1.51039271416364e+000 7.58149762854411e-001 6.25520359375873e-005 213165 93
4.14449901571849e+004 1.73660991077814e+006 6.25931907181030e+000 8.78885459000844e-001 -1.56667230430006e+000 7.58570000076328e-001 6.26015668110901e-005 213316 94
4.14390244033648e+004 1.73663268030957e+006 2.38571821733328e-002 5.70317407877435e-001 1.56379600497452e+000 7.59351433177944e-001 6.27298186119446e-005 213736 95
4.14406604864845e+004 1.73665167543629e+006 2.38578628819785e-002 5.34753938727758e-001 1.56082382900479e+000 7.61387112588701e-001 6.28775831825725e-005 214146 96
4.14368705240600e+004 1.73663214242287e+006 2.38559500032937e-002 2.41784428687781e-001 1.47980806466872e+000 7.79423735346322e-001 6.37212833865033e-005 218836 97
4.14365473838206e+004 1.73662474061371e+006 2.38558656752479e-002 6.27140664681366e-001 1.56715168752098e+000 7.84085549220470e-001 6.38253532281462e-005 220508 98
4.14368992265500e+004 1.73662552023106e+006 2.38560574558800e-002 5.11024883952190e-001 1.55948155598621e+000 7.87635006721537e-001 6.39886322490964e-005 221599 99
4.14392718876391e+004 1.73663798780615e+006 2.38572517154998e-002 1.35425264389169e-001 1.23100817300943e+000 7.96518145915483e-001 6.68476878167372e-005 223693 100
4.14361188838851e+004 1.73660762767118e+006 2.38558540624152e-002 5.98744092786238e-001 1.56609704443495e+000 8.03916648197783e-001 6.69629256721492e-005 226226 101
4.14371418297682e+004 1.73663756494556e+006 2.38560316789306e-002 7.17570044746126e-001 1.57041149342326e+000 8.21312164362318e-001 6.70403057568852e-005 231180 102
4.14391015012097e+004 1.73664424157576e+006 2.38570677799460e-002 4.70854123710302e-001 1.55497535370952e+000 8.24313039765714e-001 6.72357965494342e-005 232322 103
4.14450824272087e+004 1.73661456732470e+006 6.25931908266467e+000 8.07457390564743e-001 -1.56820633060701e+000 8.25390150593285e-001 6.72954816716052e-005 232536 104
4.14430412493591e+004 1.73664223821179e+006 6.25932063739952e+000 8.58408609702131e-001 -1.56782282403027e+000 8.40134139957164e-001 6.73476493886691e-005 236459 105
4.14369937725266e+004 1.73661874036704e+006 2.38562049676162e-002 1.80474332846339e-001 1.39601187765130e+000 8.47063590626774e-001 6.89352779345969e-005 238438 106
4.14371176451920e+004 1.73662300343679e+006 2.38562177165530e-002 7.12661623517169e-001 1.57060324671163e+000 8.67921829752445e-001 6.90138353644058e-005 244620 107
4.14362598120482e+004 1.73661112500300e+006 2.38558871428141e-002 4.12193973072222e-001 1.54759285210730e+000 8.78680956388388e-001 6.92757683356030e-005 246407 108
4.14385832580471e+004 1.73664352936008e+006 2.38567793135341e-002 4.93228092870514e-001 1.55737226981414e+000 8.82763097827729e-001 6.94522852762073e-005 247624 109
4.14375928728605e+004 1.73664638973149e+006 2.38561700732180e-002 6.34126883853868e-001 1.56695993423261e+000 9.22607961070643e-001 6.95538493083767e-005 258434 110
4.14366628094894e+004 1.73661344600445e+006 2.38560871986140e-002 5.01569397658372e-001 1.55890629612110e+000 9.28188942402773e-001 6.97239757141902e-005 260074 111
4.14363069639251e+004 1.73661091348389e+006 2.38559171835728e-002 4.22703414844650e-001 1.54931863170263e+000 9.41967425143474e-001 6.99718045602365e-005 263360 112
4.14387956625116e+004 1.73663941447459e+006 2.38569580577604e-002 6.60927466024243e-001 1.56830220725120e+000 9.42191949358926e-001 7.00645283093903e-005 263425 113
4.14386564692567e+004 1.73664606301764e+006 2.38567866538741e-002 6.10668846201371e-001 1.56580941450240e+000 9.48558877269712e-001 7.01748732974264e-005 264898 114
4.14367883901758e+004 1.73662652883392e+006 2.38559798194592e-002 1.69031387649999e-001 1.36820765083773e+000 9.63474063957675e-001 7.19988894375521e-005 268260 115
4.14371074790194e+004 1.73662043996050e+006 2.38562470673882e-002 5.76249671571327e-001 1.56446714148381e+000 9.65453256019255e-001 7.21242550642057e-005 268656 116
4.14404498717608e+004 1.73664853092508e+006 2.38577848569720e-002 6.45870959186954e-001 1.56743931745354e+000 9.89838447442997e-001 7.22218006409657e-005 275574 117
4.14376161947087e+004 1.73662206274161e+006 2.38565175507883e-002 3.85574068983895e-001 1.54231963667714e+000 1.00268404283500e+000 7.25251320484637e-005 279562 118
4.14376280104024e+004 1.73662194282297e+006 2.38565259974891e-002 3.52901449146977e-001 1.53455362849818e+000 1.00384700307706e+000 7.28936068809361e-005 279774 119
4.14367473840125e+004 1.73662267382872e+006 2.38560091564063e-002 1.96795586257960e-001 1.42659652714621e+000 1.02243093062635e+000 7.42123673235862e-005 284791 120
4.14377586245341e+004 1.73663273405178e+006 2.38564529804651e-002 4.21800024434413e-001 1.54864749519333e+000 1.03417249112086e+000 7.44613617572555e-005 288306 121
4.14402680490048e+004 1.73664648775220e+006 2.38577082770806e-002 3.78919092961813e-001 1.54030622714927e+000 1.03638520231856e+000 7.47765184375573e-005 289385 122
4.14398304853319e+004 1.73664805761149e+006 2.38574349034983e-002 3.21252671774994e-001 1.52400719763787e+000 1.06163733191690e+000 7.52294079783997e-005 296218 123
4.14425227942743e+004 1.73665116354646e+006 6.25932105834301e+000 9.84853154121687e-001 -1.56609704443495e+000 1.07565362892438e+000 7.52679654584760e-005 300239 124
4.14440853748270e+004 1.73662281903851e+006 6.25931976980500e+000 7.24736942000675e-001 -1.57060324671163e+000 1.08634720997123e+000 7.53436720699557e-005 303239 125
4.14449639804854e+004 1.73661394489944e+006 6.25931914228258e+000 8.24290565208833e-001 -1.56782282403027e+000 1.08772736228842e+000 7.54007084626960e-005 303520 126
4.14382153708138e+004 1.73663831861533e+006 2.38566391499408e-002 5.07019853133471e-001 1.55881041947691e+000 1.08812392082951e+000 7.55668371275153e-005 303660 127
4.14380173142495e+004 1.73662432506644e+006 2.38567173295029e-002 3.93945486785428e-001 1.54394953962828e+000 1.09107767431602e+000 7.58561812615376e-005 304553 128
4.14450319717608e+004 1.73661000970549e+006 6.25931904910447e+000 8.47899167929703e-001 -1.56724756416517e+000 1.09463510494405e+000 7.59097819909603e-005 305477 129
4.14382007873748e+004 1.73664207134467e+006 2.38565792247053e-002 3.49107209423980e-001 1.53301960219123e+000 1.10513781045739e+000 7.62871033026175e-005 308624 130
4.14371810469447e+004 1.73664089583379e+006 2.38560085096222e-002 2.12032771177297e-001 1.44826464873196e+000 1.11709846890230e+000 7.74095757136007e-005 312099 131
4.14368347329719e+004 1.73661426206599e+006 2.38561749354307e-002 6.74508435191478e-001 1.56945272698141e+000 1.15156234345438e+000 7.74982419052094e-005 321022 132
4.14448310998772e+004 1.73661718142242e+006 6.25931926320841e+000 8.77951955576932e-001 -1.56686405758843e+000 1.16764820108533e+000 7.75478887537319e-005 325367 133
4.14452634267988e+004 1.73662566407296e+006 6.25931913090854e+000 7.82313024146470e-001 -1.56906922040468e+000 1.19121533314589e+000 7.76118759105822e-005 332389 134
4.14365138154458e+004 1.73661167105390e+006 2.38560258251040e-002 7.04470883797684e-001 1.57060324671163e+000 1.19299607995470e+000 7.76924567858574e-005 332790 135
4.14361466845385e+004 1.73660791228651e+006 2.38558661536125e-002 2.47445675258602e-001 1.48508128009888e+000 1.19333133241290e+000 7.84946475029711e-005 332978 136
4.14360880071940e+004 1.73660633261508e+006 2.38558540761353e-002 1.26421473300470e-001 1.16619556154057e+000 1.21168750034548e+000 8.17377675043551e-005 338260 137
4.14449119570810e+004 1.73661823820514e+006 6.25931923118921e+000 8.58258044633758e-001 -1.56724756416517e+000 1.21374762050000e+000 8.17899552596704e-005 339084 138
4.14360809829215e+004 1.73660577889690e+006 2.38558576371816e-002 3.31069514232907e-001 1.52841752327036e+000 1.21632565666526e+000 8.22139088990531e-005 339704 139
4.14370191228402e+004 1.73662267761703e+006 2.38561654908079e-002 6.34187109881217e-001 1.56753519409772e+000 1.21718528269226e+000 8.23154519205080e-005 340159 140
4.14374036171275e+004 1.73663629059515e+006 2.38561998360818e-002 2.97583843026775e-001 1.51470716315195e+000 1.23444428330005e+000 8.28511333937906e-005 344855 141
4.14365780610988e+004 1.73661974653316e+006 2.38559519075631e-002 5.01147815466928e-001 1.55871454283273e+000 1.25370204356707e+000 8.30215744219487e-005 350295 142
4.14371406800653e+004 1.73661857196409e+006 2.38562918259973e-002 2.14170795148192e-001 1.45152445463424e+000 1.25508287844534e+000 8.41199774101202e-005 350927 143
4.14368262311686e+004 1.73663233129935e+006 2.38559219191641e-002 5.21805342847689e-001 1.56024856913968e+000 1.26447711956892e+000 8.42759282750450e-005 354004 144
4.14397712315892e+004 1.73665188024200e+006 2.38573483095283e-002 7.34915140622683e-001 1.57060324671163e+000 1.29884501055492e+000 8.43493473414853e-005 364273 145
4.14449905820770e+004 1.73660824748966e+006 6.25931904872093e+000 9.94850674661647e-001 -1.56494652470473e+000 1.29940020410412e+000 8.43870572853800e-005 364452 146
4.14449863241051e+004 1.73663886330009e+006 6.25931947166475e+000 7.75898952233785e-001 -1.56954860362560e+000 1.30228055356709e+000 8.44522139721942e-005 365501 147
4.14367747205936e+004 1.73662784951236e+006 2.38559538173827e-002 6.58789442053348e-001 1.56849396053957e+000 1.32065114988241e+000 8.45456010866510e-005 370577 148
4.14362384456058e+004 1.73661145316137e+006 2.38558703400779e-002 4.06713404583449e-001 1.54663408566546e+000 1.32164871431572e+000 8.48153559224161e-005 370828 149
4.14376417697741e+004 1.73663269939469e+006 2.38563862065378e-002 3.57478627225513e-001 1.53551239494003e+000 1.32210241341272e+000 8.51735431704699e-005 370987 150
4.14363466509567e+004 1.73660996028033e+006 2.38559531129811e-002 4.31978223056421e-001 1.55075678136540e+000 1.32861541626007e+000 8.54098234129483e-005 373073 151
4.14442858073140e+004 1.73664161224604e+006 6.25931991256427e+000 9.59979804826485e-001 -1.56619292107913e+000 1.33654810062131e+000 8.54506130160750e-005 375374 152
4.14446957289658e+004 1.73664340506520e+006 6.25931970127868e+000 8.00139928241821e-001 -1.56906922040468e+000 1.34125578815151e+000 8.55115056797716e-005 376909 153
4.14452567816306e+004 1.73662145124223e+006 6.25931907687128e+000 8.10589143986900e-001 -1.56830220725120e+000 1.34812642401125e+000 8.55706846796005e-005 378642 154
4.14362864784710e+004 1.73661443994455e+006 2.38558569693798e-002 1.87249760923119e-001 1.40991399105808e+000 1.35714719821191e+000 8.70381202175586e-005 380980 155
4.14369939731680e+004 1.73664210135624e+006 2.38558842955567e-002 4.20806294983152e-001 1.54826398861660e+000 1.35820799920501e+000 8.72884079344052e-005 381492 156
4.14374728542570e+004 1.73664636022536e+006 2.38561014083024e-002 3.40886356690820e-001 1.53052680944243e+000 1.36831805111012e+000 8.76859996277635e-005 385564 157
4.14439194087976e+004 1.73664403680248e+006 6.25932015672377e+000 9.71362523995476e-001 -1.56609704443495e+000 1.38661609773821e+000 8.77257450341902e-005 390734 158
4.14363609139676e+004 1.73661692606447e+006 2.38558656685470e-002 3.53865065584563e-001 1.53493713507492e+000 1.39517624669896e+000 8.80920210577221e-005 393172 159
4.14368202451959e+004 1.73661696571353e+006 2.38561294713163e-002 1.09106490437587e-001 8.71950140537736e-001 1.43306149626030e+000 9.18266960362250e-005 404429 160
4.14369074591728e+004 1.73661912322547e+006 2.38561500365588e-002 2.17242322542999e-001 1.45526364375744e+000 1.44174628011106e+000 9.28916921512019e-005 406628 161
4.14377146963374e+004 1.73664004015308e+006 2.38563273731235e-002 1.33257127404599e-001 1.21701018295846e+000 1.44906732218167e+000 9.58391384681227e-005 409102 162
4.14361364633019e+004 1.73660776982221e+006 2.38558622275096e-002 3.34472284778134e-001 1.52947216635640e+000 1.46623552842787e+000 9.62536794468722e-005 413470 163
4.14392157532552e+004 1.73663634027988e+006 2.38572420347721e-002 4.84013510686093e-001 1.55660525666066e+000 1.49652440263936e+000 9.64376721060975e-005 422567 164
4.14366204242734e+004 1.73661756644405e+006 2.38560062243239e-002 1.51716404787116e-001 1.31202393734550e+000 1.49676082057049e+000 9.87209196313238e-005 422617 165
4.14366490057562e+004 1.73662316065591e+006 2.38559458544593e-002 6.60686561914846e-001 1.56868571382794e+000 1.50165599121967e+000 9.88137178597554e-005 424082 166
4.14451795266627e+004 1.73664799065553e+006 6.25931948583474e+000 7.88636757018132e-001 -1.56945272698141e+000 1.50942402140911e+000 9.88765816944719e-005 426241 167
4.14443548122165e+004 1.73665235794179e+006 6.25932002043290e+000 8.51121260392882e-001 -1.56820633060701e+000 1.52756078883294e+000 9.89297371778711e-005 431724 168
4.14360610578580e+004 1.73660577012514e+006 2.38558462905950e-002 5.89499397588142e-001 1.56561766121403e+000 1.53702270010280e+000 9.90489880232568e-005 434073 169
4.14451009151833e+004 1.73660812430769e+006 6.25931898353154e+000 8.99000952135463e-001 -1.56628879772332e+000 1.53709439729059e+000 9.90961133038146e-005 434105 170
4.14369130957391e+004 1.73662069814437e+006 2.38561316537943e-002 2.18326391035284e-001 1.45651004013184e+000 1.54044508245899e+000 1.00149661826564e-004 434865 171
4.14366509217378e+004 1.73661329484976e+006 2.38560824327885e-002 4.93589449034609e-001 1.55813928296762e+000 1.54327212887841e+000 1.00325896353695e-004 435410 172
4.14363422439841e+004 1.73661055322135e+006 2.38559424345525e-002 1.08504230164095e-001 8.23340681936094e-001 1.54657745875864e+000 1.03947502850619e-004 436210 173
4.14397585379963e+004 1.73663817996796e+006 2.38575291427227e-002 1.85442980102644e-001 1.40579129535813e+000 1.57745021797312e+000 1.05445560754646e-004 445155 174
4.14381133237583e+004 1.73665271508411e+006 2.38563827313445e-002 7.17028010499983e-001 1.57002798684652e+000 1.58230893656252e+000 1.05523069569929e-004 446865 175
4.14413934768898e+004 1.73665152162183e+006 2.38582868251493e-002 1.12418921941791e-001 6.02536770378735e-001 1.60109500954932e+000 1.08111660995420e-004 452373 176
4.14385046676755e+004 1.73662805692485e+006 2.38569465553217e-002 7.07692976260864e-001 1.57031561677908e+000 1.60619882674806e+000 1.08191436929247e-004 453756 177
4.14390338457491e+004 1.73663812844999e+006 2.38571127916049e-002 6.67251198895905e-001 1.56858983718375e+000 1.62243987672885e+000 1.08282238432637e-004 458450 178
4.14382980573525e+004 1.73663650637406e+006 2.38567116216817e-002 2.76655298522943e-001 1.50406485564745e+000 1.62330743435852e+000 1.08910726761124e-004 458795 179
4.14373504133846e+004 1.73664969371368e+006 2.38559851700817e-002 2.51842175255090e-001 1.48747819620350e+000 1.62600243826446e+000 1.09682587435011e-004 459338 180
4.14367424646154e+004 1.73661454310296e+006 2.38561179753072e-002 1.88875863661546e-001 1.41298204367199e+000 1.62860396074495e+000 1.11123082414582e-004 460168 181
4.14371312942659e+004 1.73661715996451e+006 2.38563058140177e-002 3.97528935412702e-001 1.54481242942595e+000 1.66644546887109e+000 1.11406725909415e-004 470766 182
4.14374323378572e+004 1.73662055751039e+006 2.38564324105541e-002 5.27677380514232e-001 1.56101558229316e+000 1.67683894877025e+000 1.11558885478431e-004 474266 183
4.14370248903315e+004 1.73663982975922e+006 2.38559332809410e-002 5.08465277789851e-001 1.55890629612110e+000 1.69723126797582e+000 1.11723977137791e-004 480807 184
4.14384421747321e+004 1.73664241521224e+006 2.38567134202119e-002 3.08394414935949e-001 1.51921336542863e+000 1.70138737709480e+000 1.12219334181461e-004 481947 185
4.14365406644008e+004 1.73661194576046e+006 2.38560375046028e-002 1.72885853400345e-001 1.37856232840968e+000 1.70845663397432e+000 1.13958678376886e-004 484193 186
4.14361913395877e+004 1.73660756963509e+006 2.38558965581707e-002 5.93594767447885e-001 1.56580941450240e+000 1.70871253509495e+000 1.14076126790045e-004 484342 187
4.14361438300678e+004 1.73660908887887e+006 2.38558483540809e-002 4.77840342882804e-001 1.55660525666066e+000 1.71027887481913e+000 1.14265389377468e-004 484749 188
4.14362682289444e+004 1.73661105950334e+006 2.38558928862227e-002 1.69242178745721e-001 1.36916641727958e+000 1.72080675017410e+000 1.16084768662909e-004 488550 189
4.14362914686542e+004 1.73661274467242e+006 2.38558831203863e-002 5.71762832533815e-001 1.56437126483963e+000 1.72501342321746e+000 1.16212308748742e-004 490101 190
4.14372446415181e+004 1.73662440031081e+006 2.38562716214591e-002 6.00882116757133e-001 1.56580941450240e+000 1.72505758098683e+000 1.16326646298372e-004 490129 191
4.14366230265721e+004 1.73662272070436e+006 2.38559369446812e-002 1.84569702706081e-001 1.40444902233955e+000 1.72693514472836e+000 1.17840002269717e-004 490679 192
4.14439180482686e+004 1.73664201507377e+006 6.25932012974062e+000 9.02072479530270e-001 -1.56705581087680e+000 1.72779657437158e+000 1.17886775407162e-004 490920 193
4.14369926596268e+004 1.73662086081692e+006 2.38561752092712e-002 2.29709110204275e-001 1.46887812723167e+000 1.72950819242230e+000 1.18830139013988e-004 491257 194
4.14414542561440e+004 1.73665217952977e+006 2.38583127682046e-002 1.80293654764291e-001 1.39476548127689e+000 1.74718238918508e+000 1.20420918456614e-004 495876 195
4.14386373542281e+004 1.73663128284808e+006 2.38569786171465e-002 2.68223654694061e-001 1.49917514679403e+000 1.76742756831926e+000 1.21093464926149e-004 501642 196
4.14402479729563e+004 1.73665424301671e+006 2.38575902240701e-002 5.17890651069994e-001 1.55938567934202e+000 1.78777480626893e+000 1.21252019459565e-004 507905 197
4.14419544955566e+004 1.73665105287848e+006 6.25932138387522e+000 7.54398260470135e-001 -1.57041149342326e+000 1.79051281399158e+000 1.21321331577575e-004 508668 198
4.14362294123065e+004 1.73660889648693e+006 2.38559002491707e-002 5.46467901047169e-001 1.56274136188849e+000 1.81175642812748e+000 1.21462219692978e-004 514894 199
4.14364568944469e+004 1.73661997411783e+006 2.38558790505767e-002 3.33599007381572e-001 1.52889690649129e+000 1.81656988444655e+000 1.21879141794467e-004 516325 200
4.14362389404917e+004 1.73660959337175e+006 2.38558961631952e-002 6.03110479769052e-001 1.56628879772332e+000 1.82387889696300e+000 1.21992552266400e-004 518073 201
4.14369036623427e+004 1.73663973171714e+006 2.38558648608707e-002 7.19196147484553e-001 1.57041149342326e+000 1.83577943089662e+000 1.22069547969142e-004 521870 202
4.14362134381839e+004 1.73661133089975e+006 2.38558576270190e-002 3.76359486799473e-001 1.54059385708182e+000 1.83736993956036e+000 1.22389442102977e-004 522491 203
4.14383237838578e+004 1.73664545572168e+006 2.38566035344843e-002 4.53599366874768e-001 1.55286606753746e+000 1.84405856925412e+000 1.22601659758233e-004 524178 204
4.14374602218611e+004 1.73662026660309e+006 2.38564524526528e-002 3.47240202576156e-001 1.53301960219123e+000 1.84549609727603e+000 1.22983458710309e-004 524536 205
4.14438335240892e+004 1.73663741840808e+006 6.25932011525392e+000 7.93966760438532e-001 -1.56906922040468e+000 1.86492213629795e+000 1.23045397817437e-004 529983 206
4.14361349519230e+004 1.73660675822296e+006 2.38558752488216e-002 6.67461989991627e-001 1.56935685033723e+000 1.86603957242728e+000 1.23136136372428e-004 530312 207
4.14384626340606e+004 1.73664789707165e+006 2.38566499175022e-002 2.63465798533478e-001 1.49572358760338e+000 1.87402393019262e+000 1.23835515035736e-004 532627 208
4.14403592258438e+004 1.73664298516783e+006 2.38578088486337e-002 5.21474099697269e-001 1.55996093920713e+000 1.87739617258837e+000 1.23991683437273e-004 533563 209
4.14387554261150e+004 1.73663844047337e+006 2.38569482770200e-002 5.65077743498059e-001 1.56331662175359e+000 1.90809642547780e+000 1.24122565611495e-004 541573 210
4.14395884530717e+004 1.73663748686282e+006 2.38574407773425e-002 6.01424151003275e-001 1.56552178456984e+000 1.91572354250146e+000 1.24236676412225e-004 544222 211
4.14381919466385e+004 1.73663654703835e+006 2.38566499967656e-002 6.66287582458318e-001 1.56858983718375e+000 1.92107408914322e+000 1.24327767073428e-004 546036 212
4.14458319744898e+004 1.73664339462527e+006 6.25931904723090e+000 9.49018667848938e-001 -1.56638467436750e+000 1.95440889516732e+000 1.24369600361995e-004 555608 213
4.14361155444650e+004 1.73660614769230e+006 2.38558724633903e-002 1.29884469873046e-001 1.19409566499832e+000 1.96543968578790e+000 1.27460844304230e-004 559153 214
4.14386478905118e+004 1.73662933777168e+006 2.38570113911688e-002 5.07802791489010e-001 1.55909804940947e+000 1.97676491235517e+000 1.27626410546706e-004 561640 215
4.14386370303784e+004 1.73663020651812e+006 2.38569932112571e-002 4.89072496983422e-001 1.55727639316996e+000 1.97713704262687e+000 1.27806243746236e-004 561703 216
4.14444284837707e+004 1.73663979842838e+006 6.25931980554342e+000 8.17605476173076e-001 -1.56858983718375e+000 1.99816175033321e+000 1.27864311268577e-004 567901 217
4.14443605133611e+004 1.73665010396197e+006 6.25931998619607e+000 9.75277215773171e-001 -1.56619292107913e+000 2.01137836221126e+000 1.27903706560252e-004 571500 218
4.14374794162773e+004 1.73662630831556e+006 2.38563805340998e-002 2.72108233458082e-001 1.50166793954283e+000 2.01289109414336e+000 1.28555425700237e-004 572043 219
4.14397909742965e+004 1.73665540670946e+006 2.38573112447372e-002 2.19922380760037e-001 1.24016439252907e-001 2.01520345346626e+000 1.28684518907741e-004 572768 220
4.14402378104219e+004 1.73665140300197e+006 2.38576233760598e-002 2.04173274608232e-001 1.43723883465072e+000 2.01523197091439e+000 1.29902521381573e-004 572788 221
4.14370788783715e+004 1.73662199815419e+006 2.38562092106034e-002 5.67787914728771e-001 1.56389188161870e+000 2.01588515485787e+000 1.30032033624600e-004 573075 222
4.14369472418031e+004 1.73663362034704e+006 2.38559738598979e-002 5.04731264094203e-001 1.55871454283273e+000 2.02772836416169e+000 1.30199823805461e-004 576242 223
4.14407851624117e+004 1.73664978913645e+006 2.38579605360847e-002 2.23355264318939e-001 1.46149562562944e+000 2.04111684558360e+000 1.31202451525607e-004 579885 224
4.14390698148964e+004 1.73664545597648e+006 2.38570328681968e-002 1.35846846580613e-001 1.23340508911405e+000 2.05912705861315e+000 1.34044421343009e-004 585599 225
4.14364194309049e+004 1.73661326530744e+006 2.38559496141454e-002 4.23064771008745e-001 1.54931863170263e+000 2.08945692957483e+000 1.34291784731025e-004 594483 226
4.14406275071292e+004 1.73664907061454e+006 2.38578796736920e-002 4.73594407954688e-001 1.55516710699789e+000 2.09004524972447e+000 1.34484796239335e-004 594651 227
4.14450651372161e+004 1.73661171823749e+006 6.25931905348378e+000 7.69093411143330e-001 -1.56906922040468e+000 2.09352899842934e+000 1.34551228043478e-004 595527 228
4.14360804117051e+004 1.73660600726909e+006 2.38558541724698e-002 4.42758681951920e-001 1.55238668431654e+000 2.09750020557620e+000 1.34775043207059e-004 596469 229
4.14380647298878e+004 1.73662718960914e+006 2.38567052808595e-002 4.27099914841139e-001 1.54960626163518e+000 2.10657946509553e+000 1.35017295734812e-004 599303 230
4.14403766971428e+004 1.73664334425905e+006 2.38578139720099e-002 6.11271106474863e-001 1.56590529114658e+000 2.12514045751284e+000 1.35127401735941e-004 603915 231
4.14370334509057e+004 1.73663207971675e+006 2.38560446286832e-002 7.04862352975453e-001 1.57012386349071e+000 2.12592868388689e+000 1.35207884170028e-004 604250 232
4.14460554865817e+004 1.73665334618111e+006 6.25931905528007e+000 9.66604667834892e-001 -1.56638467436750e+000 2.12703549923184e+000 1.35248061300415e-004 604424 233
4.14448974531702e+004 1.73663874571740e+006 6.25931952119481e+000 8.25374633701118e-001 -1.56839808389538e+000 2.12738892142580e+000 1.35304933102117e-004 604619 234
4.14389246384611e+004 1.73665097116612e+006 2.38568735846278e-002 4.29629407989803e-001 1.54941450834681e+000 2.13019745108251e+000 1.35544057896071e-004 605451 235
4.14389242838851e+004 1.73665235576834e+006 2.38568543671246e-002 4.24209065528379e-001 1.54855161854915e+000 2.13868876227825e+000 1.35789951569825e-004 607712 236
4.14449041293795e+004 1.73661426380194e+006 6.25931918110723e+000 8.58258044633758e-001 -1.56715168752098e+000 2.14540902540487e+000 1.35842139307144e-004 609112 237
4.14366712321220e+004 1.73662562777057e+006 2.38559247679875e-002 2.66778230037681e-001 1.49840813364055e+000 2.15753695622030e+000 1.36522690791763e-004 612966 238
4.14446866568431e+004 1.73663061144575e+006 6.25931953078947e+000 8.58830191893575e-001 -1.56753519409772e+000 2.15838464799006e+000 1.36574802140949e-004 613187 239
4.14370963843844e+004 1.73661864526630e+006 2.38562653270698e-002 5.55170561999122e-001 1.56312486846522e+000 2.16898974693105e+000 1.36710877588066e-004 616462 240
4.14379943881043e+004 1.73663324036360e+006 2.38565817095416e-002 1.80956141065132e-001 1.39668301416059e+000 2.16906557348650e+000 1.38289407912392e-004 616517 241
4.14376779127199e+004 1.73662163716975e+006 2.38565589136858e-002 2.42838384166391e-001 1.48095858439894e+000 2.17029267110016e+000 1.39125160326819e-004 616778 242
4.14366989921240e+004 1.73661291425603e+006 2.38561153238632e-002 7.08204897493331e-001 1.57069912335582e+000 2.17289134258905e+000 1.39204809460377e-004 617601 243
4.14449672013665e+004 1.73661275921501e+006 6.25931912414396e+000 7.45484808422460e-001 -1.56974035691397e+000 2.17624159855185e+000 1.39275957853695e-004 618443 244
4.14381875038234e+004 1.73665043457086e+006 2.38564567370336e-002 1.42170579452274e-001 1.26849594088565e+000 2.20534415554771e+000 1.41877287235456e-004 627356 245
4.14443406116796e+004 1.73662563427513e+006 6.25931966158083e+000 8.57535332305568e-001 -1.56743931745354e+000 2.22802092250720e+000 1.41929571836300e-004 633411 246
4.14411340678387e+004 1.73665310711241e+006 2.38581157638389e-002 1.43796682190702e-001 1.27645370235298e+000 2.23250077873521e+000 1.44472838967868e-004 634483 247
4.14362503073840e+004 1.73661076708265e+006 2.38558865877169e-002 2.98758250560084e-001 1.51585768288217e+000 2.23530883617316e+000 1.45003932682860e-004 635404 248
4.14361530913716e+004 1.73660792706979e+006 2.38558696377918e-002 3.08454640963298e-001 1.52007625522629e+000 2.24134713509940e+000 1.45499098844230e-004 636796 249
4.14362472470281e+004 1.73661077571753e+006 2.38558847078892e-002 2.42296349920249e-001 1.48076683111057e+000 2.24403886446748e+000 1.46338955461013e-004 637713 250
4.14366602227781e+004 1.73661802544295e+006 2.38560228256330e-002 2.40278778004052e-001 1.47884929822687e+000 2.25266179338342e+000 1.47194255262928e-004 640201 251
4.14381166283124e+004 1.73663692104624e+006 2.38566015153260e-002 5.49208185291556e-001 1.56226197866756e+000 2.26007857727848e+000 1.47333600932129e-004 642391 252
4.14452233132618e+004 1.73661348063769e+006 6.25931898665864e+000 7.36240113224364e-001 -1.57002798684652e+000 2.26973139033178e+000 1.47406729609635e-004 644701 253
4.14443462603607e+004 1.73664771953768e+006 6.25931996165113e+000 9.97831863015430e-001 -1.56590529114658e+000 2.27924665116838e+000 1.47444192328275e-004 646777 254
4.14447085395680e+004 1.73664688493877e+006 6.25931974169910e+000 9.03427565145626e-001 -1.56715168752098e+000 2.29805382522739e+000 1.47490811276111e-004 652263 255
4.14379778272303e+004 1.73663609619746e+006 2.38565329624050e-002 3.76901521045616e-001 1.54011447386090e+000 2.30560390529253e+000 1.47809689518001e-004 654976 256
4.14368451969386e+004 1.73662289606139e+006 2.38560623963452e-002 6.77429397517912e-001 1.56935685033723e+000 2.30674633721220e+000 1.47897516782897e-004 655481 257
4.14380052640754e+004 1.73662455820535e+006 2.38567071930944e-002 1.94747901328089e-001 1.42314496795556e+000 2.31032875058787e+000 1.49246290991154e-004 656786 258
4.14361364340639e+004 1.73660843239577e+006 2.38558531123351e-002 5.61373842816085e-001 1.56379600497452e+000 2.33281191544794e+000 1.49379080961202e-004 663529 259
4.14375511763487e+004 1.73663406838496e+006 2.38563152712446e-002 5.40445298312253e-001 1.56168671880245e+000 2.33894237889762e+000 1.49523444938877e-004 665224 260
4.14391466732485e+004 1.73663641997221e+006 2.38572011849930e-002 4.58748692213121e-001 1.55372895733512e+000 2.34344406049523e+000 1.49730460404265e-004 666416 261
4.14438769860941e+004 1.73664290030594e+006 6.25932016552939e+000 7.99597893995678e-001 -1.56906922040468e+000 2.34984607700589e+000 1.49791443916794e-004 667861 262
4.14364341032178e+004 1.73661500745040e+006 2.38559341353296e-002 3.68439764203059e-001 1.53867632419813e+000 2.35041770770975e+000 1.50126641080993e-004 668064 263
4.14372415224018e+004 1.73663210060136e+006 2.38561640869535e-002 2.56208562237904e-001 1.49112150868252e+000 2.35099014372989e+000 1.50870079087627e-004 668438 264
4.14372295211184e+004 1.73661813959854e+006 2.38563488916380e-002 3.90753507335922e-001 1.54347015640736e+000 2.35968547664327e+000 1.51164644790634e-004 670771 265
4.14388161279047e+004 1.73665311137998e+006 2.38567817480666e-002 2.51450706077321e-001 1.48709468962676e+000 2.36295916904646e+000 1.51939126736321e-004 671841 266
4.14449583978668e+004 1.73661048889362e+006 6.25931909802826e+000 8.38805037799980e-001 -1.56743931745354e+000 2.36800000975365e+000 1.51994014303418e-004 673011 267
4.14446063968035e+004 1.73661971154294e+006 6.25931942727588e+000 8.98489030902995e-001 -1.56657642765587e+000 2.37068387805347e+000 1.52041198733396e-004 673965 268
4.14446035454083e+004 1.73661550976586e+006 6.25931937120763e+000 8.59854034358510e-001 -1.56715168752098e+000 2.38036335372991e+000 1.52093173601609e-004 676434 269
4.14362681910022e+004 1.73660952308103e+006 2.38559139622909e-002 6.92004096136408e-001 1.57021974013489e+000 2.38788936936645e+000 1.52176982775330e-004 678818 270
4.14396269678054e+004 1.73665388784299e+006 2.38572377178012e-002 4.78111360005875e-001 1.55555061357463e+000 2.40476393395584e+000 1.52366006485206e-004 683972 271
4.14363593364646e+004 1.73660996666835e+006 2.38559603258589e-002 5.78357582528548e-001 1.56485064806055e+000 2.40666994166397e+000 1.52490369391806e-004 684382 272
4.14400612661625e+004 1.73664358842046e+006 2.38576290898480e-002 4.25323247034339e-001 1.54893512512589e+000 2.42857813832720e+000 1.52734850239803e-004 690996 273
4.14419573288802e+004 1.73665457969984e+006 6.25932143067868e+000 8.58920530934598e-001 -1.56811045396283e+000 2.43762583934921e+000 1.52786949620806e-004 693741 274
4.14443760360361e+004 1.73665173256566e+006 2.38600003700795e-002 1.92880894480265e-001 1.62367096926786e-001 2.43762634073771e+000 1.53012105116796e-004 693743 275
4.14371569771967e+004 1.73662030373087e+006 2.38562774244598e-002 3.71842534748287e-001 1.53934746070742e+000 2.43786912964372e+000 1.53340597986076e-004 693931 276
4.14410855986339e+004 1.73665444068386e+006 2.38580695565745e-002 1.69302404773070e-001 1.36820765083773e+000 2.45729838213861e+000 1.55158196599594e-004 699244 277
4.14363275520829e+004 1.73661568995618e+006 2.38558634425766e-002 6.96189805037175e-001 1.57021974013489e+000 2.46454367587951e+000 1.55240901219874e-004 701211 278
4.14360677148155e+004 1.73660594383027e+006 2.38558477364375e-002 1.09558185642706e-001 6.87483477126377e-001 2.47447775566648e+000 1.58308568395709e-004 703943 279
4.14362821323460e+004 1.73661014236933e+006 2.38559134816576e-002 4.42788794965594e-001 1.55229080767235e+000 2.47516343254252e+000 1.58532349678093e-004 704325 280
4.14373124976492e+004 1.73665086624515e+006 2.38559472491360e-002 2.42657706084344e-001 1.48009569460128e+000 2.47930502488130e+000 1.59369406349635e-004 705220 281
4.14449319842265e+004 1.73661278522463e+006 6.25931914476887e+000 7.17118349541007e-001 -1.57060324671163e+000 2.48081674690428e+000 1.59446893706776e-004 705527 282
4.14370416806288e+004 1.73662504233478e+006 2.38561460008531e-002 3.19445890954520e-001 1.52391132099368e+000 2.49819625295655e+000 1.59905435697465e-004 710088 283
4.14451053168053e+004 1.73660954589287e+006 6.25931900052354e+000 7.36270226238039e-001 -1.56993211020234e+000 2.50930553568305e+000 1.59978557789387e-004 713001 284
4.14371663353630e+004 1.73663111323827e+006 2.38561343751186e-002 3.34743301901206e-001 1.52899278313547e+000 2.51352881736725e+000 1.60392352505501e-004 714239 285
4.14374492734911e+004 1.73663018351815e+006 2.38563099728077e-002 1.69031387649999e-001 1.36811177419355e+000 2.51522564300526e+000 1.62216332715642e-004 714668 286
4.14451753996934e+004 1.73663004048045e+006 6.25931924167609e+000 8.29078534383091e-001 -1.56811045396283e+000 2.51812396376394e+000 1.62272647010674e-004 715779 287
4.14366602213820e+004 1.73661274056847e+006 2.38560953961372e-002 6.37288750289699e-001 1.56791870067446e+000 2.51991547617106e+000 1.62373106077938e-004 716463 288
4.14377993769032e+004 1.73662551114025e+006 2.38565756187979e-002 2.80841007423710e-001 1.50665352504044e+000 2.52097190764413e+000 1.62981274019715e-004 716808 289
4.14380023674526e+004 1.73663252154228e+006 2.38565961725446e-002 6.83602565321201e-001 1.56935685033723e+000 2.54032288501406e+000 1.63067365889503e-004 721819 290
4.14404159492976e+004 1.73664361886025e+006 2.38578327904467e-002 1.46386401366715e-001 1.28882178945280e+000 2.56058781507947e+000 1.65521679271270e-004 728934 291
4.14450439775633e+004 1.73660724054789e+006 6.25931900416131e+000 8.39678315196543e-001 -1.56734344080935e+000 2.56653736599538e+000 1.65576441314379e-004 730464 292
4.14451415412698e+004 1.73663057683757e+006 6.25931926852819e+000 8.07577842619442e-001 -1.56858983718375e+000 2.56803222444682e+000 1.65636106908405e-004 730994 293
4.14362551511762e+004 1.73660961015667e+006 2.38559052620699e-002 4.95607020950805e-001 1.55842691290017e+000 2.57161950714825e+000 1.65810767561323e-004 732200 294
4.14392116804502e+004 1.73663763824337e+006 2.38572218667375e-002 7.03206137223352e-001 1.56993211020234e+000 2.58862764628525e+000 1.65891667594004e-004 736286 295
4.14427940092315e+004 1.73664451438277e+006 6.25932081094499e+000 7.62709452244319e-001 -1.57002798684652e+000 2.60278990678259e+000 1.65959328916676e-004 740396 296
4.14361435318112e+004 1.73660758181783e+006 2.38558688771365e-002 2.53287599911470e-001 1.48958748237556e+000 2.60361608920848e+000 1.66721664892337e-004 740654 297
4.14395959444510e+004 1.73664325113606e+006 2.38573659309312e-002 4.05659449104839e-001 1.54567531922361e+000 2.62680436813461e+000 1.66992957608463e-004 747054 298
4.14448023997031e+004 1.73661277578803e+006 6.25931921921591e+000 7.62799791285343e-001 -1.56926097369304e+000 2.62837926541137e+000 1.67060601243610e-004 747449 299
4.14435837951415e+004 1.73664636081362e+006 6.25932038178521e+000 8.79788849411081e-001 -1.56753519409772e+000 2.67449327957066e+000 1.67110020452370e-004 761084 300
