4.96445796835609e+003 1.73712109144945e+006 2.85785745006361e-003 2.41182168414289e-001 1.55430421720023e+000 2.20581660519245e-004 8.51750113129582e-007 108 1
4.96494727302844e+003 1.73711995405252e+006 2.85814099477512e-003 6.79326517379411e-001 1.56523415463729e+000 1.27550197040041e-003 9.39037426773262e-007 275 2
4.96420117966867e+003 1.73710622288770e+006 2.85773408708857e-003 2.34617531433231e-001 1.55660525666066e+000 4.23421039660916e-003 1.84413197370874e-006 1238 3
4.96423156537430e+003 1.73710747614072e+006 2.85774951734460e-003 5.12229404499173e-001 1.56657642765587e+000 5.00600207226493e-003 2.00657643772574e-006 1468 4
4.96424425844602e+003 1.73712359716927e+006 2.85773030360372e-003 1.19917062346761e-001 1.51643294274728e+000 5.53556089030014e-003 5.96343446581680e-006 1751 5
4.96611223509519e+003 1.73712656506279e+006 2.85880073798241e-003 1.60328726698045e-001 1.53771755775628e+000 6.76197365162724e-003 8.05402072634438e-006 2010 6
4.96570333907930e+003 1.73711640109363e+006 2.85858207901986e-003 9.31342328821960e-001 1.56667230430006e+000 7.31462072458732e-003 8.09762072234507e-006 2058 7
4.96376361373927e+003 1.73712233640221e+006 2.85745568974420e-003 7.84059578939596e-001 1.56513827799310e+000 7.51654699420121e-003 8.16129379379322e-006 2095 8
4.96471077013059e+003 1.73713713750690e+006 2.85797657860569e-003 2.00951182145052e-001 1.54567531922361e+000 9.66795393007689e-003 9.43360807561799e-006 2680 9
4.96410242173378e+003 1.73712270171110e+006 2.85765012700491e-003 6.54904863289327e-001 1.56456301812799e+000 1.02017822192256e-002 9.52821658136832e-006 2961 10
4.96597083752237e+003 1.73712776409496e+006 2.85871736806822e-003 3.24173634101429e-001 1.55842691290017e+000 1.02966227342064e-002 9.97262937458520e-006 2985 11
4.96430930520443e+003 1.73710920940413e+006 2.85779141798570e-003 7.37233842675626e-001 1.56763107074190e+000 1.17174779595074e-002 1.00455410268069e-005 3462 12
4.96549929351116e+003 1.73713457265316e+006 2.85843471650899e-003 8.45369674781038e-001 1.56283723853267e+000 1.23415109149581e-002 1.00994938625939e-005 3634 13
4.96385913026503e+003 1.73710700857785e+006 2.85753588865288e-003 1.05643493865010e-001 1.50540712866604e+000 1.23696577457489e-002 1.53252303046687e-005 3652 14
4.96366179927851e+003 1.73709352563274e+006 2.85744447067042e-003 6.15246024279907e-001 1.57021974013489e+000 1.43432561418176e-002 1.54337786548787e-005 4122 15
4.96483435006682e+003 1.73713069562686e+006 2.85805831659418e-003 8.02639308376811e-001 1.56350837504196e+000 1.48271613980731e-002 1.54942534249376e-005 4386 16
4.96477847405887e+003 1.73711018292284e+006 2.85805990004789e-003 4.00272370681032e-002 1.01998367915891e+000 1.60537842031097e-002 5.32374470731500e-005 4599 17
4.96366973228057e+003 1.73709757156518e+006 2.85744238211355e-003 3.60580267633994e-001 1.56580941450240e+000 1.74299430302207e-002 5.35891054679198e-005 5059 18
4.96492505488888e+003 1.73712400264826e+006 2.85812154345649e-003 4.62004048713918e-002 1.19984826364940e+000 1.85816328433006e-002 8.36996406652881e-005 5298 19
4.96677148364970e+003 1.73713907610108e+006 2.85915964810306e-003 7.57289109782895e-001 1.56168671880245e+000 2.04024243504700e-002 8.37683691721676e-005 5994 20
4.96515896242203e+003 1.73711637706593e+006 2.85826874162243e-003 7.38739493359355e-001 1.56619292107913e+000 2.09958924571419e-002 8.38409538903401e-005 6126 21
4.96455519830513e+003 1.73712059079013e+006 2.85791424517653e-003 9.21073791158929e-001 1.56580941450240e+000 2.15306338638482e-002 8.38856302274861e-005 6248 22
4.96380756518629e+003 1.73711937581195e+006 2.85748586084142e-003 7.76983020726070e-001 1.56571353785821e+000 2.15729674843952e-002 8.39505862946437e-005 6288 23
4.96401522956045e+003 1.73713607893720e+006 2.85757792846699e-003 3.04299045076207e-001 1.55583824350719e+000 2.34357348885741e-002 8.44613509189992e-005 6747 24
4.96374785473917e+003 1.73709686647448e+006 2.85748851458167e-003 8.79608171329034e-001 1.57050737006745e+000 2.41485711266421e-002 8.45107927237173e-005 6882 25
4.96435944244782e+003 1.73711924764787e+006 2.85780376589062e-003 2.69096932090624e-001 1.55708463988159e+000 2.45198272138803e-002 8.51802003024769e-005 6984 26
4.96411417322589e+003 1.73712591951885e+006 2.85765159844544e-003 3.83285479944627e-001 1.56072795236061e+000 2.45330634899152e-002 8.54876396669730e-005 6998 27
4.96365054424216e+003 1.73709557571277e+006 2.85743461922491e-003 5.90312448957356e-001 1.56964448026978e+000 2.55805283094364e-002 8.56065309828660e-005 7393 28
4.96520811857775e+003 1.73714227875202e+006 2.85825442050282e-003 1.69995004087585e-001 1.53762168111209e+000 2.59514854190908e-002 8.74444743256022e-005 7473 29
4.96579640909093e+003 1.73713152549311e+006 2.85861076720414e-003 4.68836551794105e-001 1.56120733558153e+000 2.88520401465842e-002 8.76418363125918e-005 8133 30
4.96402082584164e+003 1.73712163970767e+006 2.85760490253340e-003 1.19555706182666e-001 1.51652881939146e+000 3.07604090038283e-002 9.16250738863911e-005 8574 31
4.96559442314250e+003 1.73713005483259e+006 2.85849691258842e-003 4.11441147730358e-001 1.56053619907224e+000 3.10287938490583e-002 9.18881193671297e-005 8705 32
4.96523802778895e+003 1.73712667399994e+006 2.85829731379129e-003 8.22423558361009e-001 1.56437126483963e+000 3.21038810981613e-002 9.19454400739976e-005 9253 33
4.96418744381180e+003 1.73711918923878e+006 2.85770484906809e-003 5.59838079118682e-001 1.56465889477218e+000 3.29400517180110e-002 9.20790335216545e-005 9598 34
4.96435406272067e+003 1.73710770464831e+006 2.85781965883999e-003 5.07592000393288e-001 1.56648055101169e+000 3.39197186236806e-002 9.22447608609817e-005 9817 35
4.96369979301223e+003 1.73710137853902e+006 2.85745342484097e-003 8.17304346036331e-001 1.56945272698141e+000 3.47622816517380e-002 9.23028755508101e-005 10073 36
4.96365797930122e+003 1.73709339912166e+006 2.85744247972987e-003 2.55365397855016e-001 1.56120733558153e+000 3.50405091525189e-002 9.30540731966339e-005 10113 37
4.96651307337120e+003 1.73714251438124e+006 2.85900523434469e-003 7.95803654272681e-001 1.56111145893735e+000 4.12264377275635e-002 9.31156954084594e-005 11341 38
4.96639119373354e+003 1.73712470854981e+006 2.85896437835246e-003 8.17304346036331e-001 1.56475477141636e+000 4.27029301047502e-002 9.31738090901418e-005 11869 39
4.96549214973171e+003 1.73711811800422e+006 2.85845768015324e-003 5.56856890764899e-001 1.56485064806055e+000 4.28420216087922e-002 9.33089812029493e-005 11995 40
4.96491164952538e+003 1.73712288699313e+006 2.85811566212622e-003 6.82759400938313e-001 1.56465889477218e+000 4.36698389440345e-002 9.33953056091862e-005 12125 41
4.96505648308689e+003 1.73712814438139e+006 2.85819038674392e-003 9.13997232945403e-001 1.56427538819544e+000 4.44225290944969e-002 9.34407460695537e-005 12361 42
4.96444902259917e+003 1.73710852852629e+006 2.85787296847468e-003 4.66728640836884e-001 1.56580941450240e+000 4.77341126582062e-002 9.36400810414651e-005 13196 43
4.96386499653936e+003 1.73710000720474e+006 2.85755078289749e-003 1.85021397911200e-001 1.54998976821192e+000 5.07895305487215e-002 9.51660593999397e-005 14027 44
4.96427655656271e+003 1.73713791482269e+006 2.85772534261801e-003 8.46875325464767e-001 1.56216610202338e+000 5.18523455162303e-002 9.52198011328444e-005 14321 45
4.96388372711089e+003 1.73709981410774e+006 2.85756188312323e-003 6.03291157851099e-001 1.56887746711631e+000 5.18527915436456e-002 9.53331378379187e-005 14325 46
4.96380812664866e+003 1.73710132123733e+006 2.85751588319419e-003 4.09724705950907e-001 1.56628879772332e+000 5.35627647538575e-002 9.55986250137319e-005 14946 47
4.96449639443464e+003 1.73710494303689e+006 2.85790613760831e-003 5.28129075719351e-001 1.56724756416517e+000 5.44952933774150e-002 9.57505047339516e-005 15260 48
4.96608509306008e+003 1.73712232286755e+006 2.85879209478656e-003 6.40149486588784e-001 1.56456301812799e+000 5.62529249283772e-002 9.58499772662473e-005 15772 49
4.96381391193100e+003 1.73710845765681e+006 2.85750747434336e-003 4.15630007655067e-002 1.08393340083010e+000 5.68465797000611e-002 1.31885591696301e-004 16017 50
4.96785305594070e+003 1.73713774267627e+006 2.85978445514884e-003 8.30554072053145e-001 1.56216610202338e+000 5.86631152776232e-002 1.31941684237415e-004 16639 51
4.96479648742364e+003 1.73713669458323e+006 2.85802665091822e-003 7.58011822111085e-001 1.56216610202338e+000 5.86773537853650e-002 1.32010268956966e-004 16658 52
4.96618068436069e+003 1.73712220768322e+006 2.85884731243630e-003 3.73107281322619e-001 1.56120733558153e+000 5.93358006782862e-002 1.32336463381625e-004 16802 53
4.96588483138874e+003 1.73712332054472e+006 2.85867517034694e-003 4.62606308987410e-002 1.20109466002380e+000 5.98874702724738e-002 1.62375357151246e-004 16916 54
4.96510503169456e+003 1.73711052539178e+006 2.85824732403262e-003 1.57166860262215e-001 1.53982684392834e+000 6.01627556051094e-002 1.64559737411428e-004 17042 55
4.96429861889760e+003 1.73711246271379e+006 2.85777991415404e-003 3.71451065570517e-001 1.56312486846522e+000 6.04848974133539e-002 1.64889145588877e-004 17175 56
4.96486961917922e+003 1.73711984753806e+006 2.85809646774765e-003 3.25016798484317e-001 1.56005681585131e+000 6.15848857789239e-002 1.65331034263676e-004 17422 57
4.96418124710713e+003 1.73710833722822e+006 2.85771913431432e-003 9.62783466122163e-002 1.49198439848018e+000 6.15918954241604e-002 1.71734536316860e-004 17427 58
4.96668515742999e+003 1.73712937152328e+006 2.85912592653406e-003 6.54724185207280e-001 1.56322074510941e+000 6.26927842900883e-002 1.71829201392865e-004 17835 59
4.96532281731127e+003 1.73713001796712e+006 2.85834062133215e-003 7.04681674893406e-001 1.56331662175359e+000 6.36660064191692e-002 1.71909726997502e-004 17979 60
4.96423679994997e+003 1.73712455474658e+006 2.85772443475690e-003 7.17570044746126e-001 1.56446714148381e+000 6.45422769621693e-002 1.71987105538105e-004 18422 61
4.96381564460335e+003 1.73709940463612e+006 2.85752336381495e-003 8.95297051453490e-001 1.57002798684652e+000 6.48787574513698e-002 1.72034661265299e-004 18468 62
4.96432424426266e+003 1.73712917608856e+006 2.85776717029412e-003 3.98733455959686e-001 1.56044032242805e+000 6.62495230593052e-002 1.72316503138408e-004 18939 63
4.96591071405540e+003 1.73712926124408e+006 2.85868029375261e-003 3.62447274481818e-001 1.55948155598621e+000 6.64414929030054e-002 1.72664170762376e-004 18991 64
4.96370438542370e+003 1.73710958882239e+006 2.85744256311942e-003 1.03023661675322e-001 1.50157206289865e+000 6.65524301152714e-002 1.78185300260494e-004 19080 65
4.96418677059158e+003 1.73713104683721e+006 2.85768495503257e-003 9.19538027461525e-001 1.56370012833033e+000 6.68547132280489e-002 1.78230140346045e-004 19113 66
4.96617627714047e+003 1.73713162980748e+006 2.85882926921405e-003 9.89701349323294e-001 1.56370012833033e+000 6.80105560265434e-002 1.78268282973183e-004 19347 67
4.97260538637561e+003 1.73714256436218e+006 2.86251221205361e-003 5.98416000659760e-002 1.35699008346812e+000 6.83401416911796e-002 1.96138121221954e-004 19617 68
4.96392787900166e+003 1.73709921122253e+006 2.85758829169124e-003 8.76295739824830e-001 1.57002798684652e+000 7.00248955177904e-002 1.96187975109018e-004 19951 69
4.96493228494223e+003 1.73711631774412e+006 2.85813834962222e-003 3.46878846412061e-001 1.56159084215827e+000 7.18211543486999e-002 1.96570906612821e-004 20457 70
4.96478624522024e+003 1.73711482390850e+006 2.85805673788220e-003 2.19018990349799e-001 1.55296194418165e+000 7.43730632849948e-002 1.97623842005791e-004 21068 71
4.96514063221248e+003 1.73713345480934e+006 2.85823009026037e-003 3.46878846412061e-001 1.55813928296762e+000 7.55338606074859e-002 1.98006759061308e-004 21346 72
4.96409864338492e+003 1.73712108804668e+006 2.85765060650242e-003 2.33955045132390e-001 1.55353720404675e+000 7.57578367862506e-002 1.98917457716054e-004 21509 73
4.96441373034124e+003 1.73711635548064e+006 2.85783977536762e-003 4.76936952472567e-001 1.56437126483963e+000 8.12598163987756e-002 1.99107525097351e-004 22682 74
4.96370139727074e+003 1.73710834348976e+006 2.85744289143431e-003 4.28304435388122e-001 1.56523415463729e+000 8.36225489217680e-002 1.99348331659926e-004 23153 75
4.96367061641548e+003 1.73709548429076e+006 2.85744632453450e-003 6.33524623580376e-001 1.56993211020234e+000 8.42832558609606e-002 1.99450108938324e-004 23362 76
4.96476472651660e+003 1.73712258426264e+006 2.85803158252475e-003 9.90634852747206e-001 1.56552178456984e+000 8.49448236116066e-002 1.99488172964717e-004 23640 77
4.96384583569790e+003 1.73710137456181e+006 2.85753750332940e-003 5.92902168133369e-001 1.56849396053957e+000 8.62644514048692e-002 1.99605924576034e-004 23799 78
4.96405537096959e+003 1.73710166197150e+006 2.85765765305105e-003 7.15130890638485e-001 1.56906922040468e+000 8.72375513626382e-002 1.99683886376967e-004 24140 79
4.96377408507281e+003 1.73709976237465e+006 2.85749885086944e-003 8.40461253552082e-001 1.56983623355815e+000 8.77889438369707e-002 1.99738536552559e-004 24212 80
4.96369917682999e+003 1.73709665654837e+006 2.85746083756475e-003 5.34031226399568e-001 1.56897334376049e+000 8.85065269231752e-002 1.99886748542351e-004 24667 81
4.96454094158807e+003 1.73711341299532e+006 2.85791784701949e-003 5.07531774365939e-001 1.56533003128147e+000 9.06577816142126e-002 2.00052518217034e-004 25131 82
4.96397167287714e+003 1.73710721220952e+006 2.85760034052475e-003 6.73096274572716e-002 1.40943460783715e+000 9.11055546818305e-002 2.13986722770585e-004 25421 83
4.96403397627335e+003 1.73710413051629e+006 2.85764127594474e-003 9.43929568537934e-001 1.56916509704886e+000 9.13045219951512e-002 2.14029054208169e-004 25563 84
4.96490827355344e+003 1.73711574360406e+006 2.85812547182180e-003 5.25087661338218e-001 1.56504240134892e+000 9.18569956255493e-002 2.14182874459312e-004 25716 85
4.96389223842605e+003 1.73712976408983e+006 2.85751751555943e-003 8.85329643927204e-001 1.56389188161870e+000 9.40582040560842e-002 2.14231614886262e-004 26275 86
4.96388088945290e+003 1.73712224708303e+006 2.85752334760792e-003 3.85818124117234e-002 9.23052391888180e-001 9.43720019873338e-002 2.52530912418855e-004 26355 87
4.96382243967343e+003 1.73711314224816e+006 2.85750467745637e-003 5.75797976366209e-001 1.56600116779077e+000 9.49158614719891e-002 2.52656495578664e-004 26566 88
4.96672195539621e+003 1.73713270966153e+006 2.85914161535256e-003 8.10016996727082e-001 1.56312486846522e+000 9.50234110351732e-002 2.52715765018801e-004 26602 89
4.96554228366000e+003 1.73714265128134e+006 2.85844617077390e-003 4.39687154557113e-001 1.55852278954436e+000 9.52647890023800e-002 2.52943055721466e-004 26659 90
4.96496874168225e+003 1.73712950375099e+006 2.85813764110599e-003 3.37965394364386e-001 1.55861866618854e+000 9.63102626032963e-002 2.53348545189226e-004 26849 91
4.96408095529591e+003 1.73713117809938e+006 2.85762382577716e-003 3.07581363566736e-001 1.55698876323740e+000 9.76318176503909e-002 2.53847403549514e-004 27140 92
4.96562886459300e+003 1.73711819835716e+006 2.85853624939517e-003 4.60799528166935e-002 1.19879362056337e+000 9.92726579710067e-002 2.84118929123440e-004 27287 93
4.96540530408910e+003 1.73711654630469e+006 2.85841027267153e-003 6.21087948932775e-001 1.56561766121403e+000 9.97734507406984e-002 2.84225242532631e-004 27456 94
4.96423437154245e+003 1.73710465682766e+006 2.85775577084917e-003 4.35109976478577e-001 1.56609704443495e+000 1.01440643699386e-001 2.84457841621146e-004 27808 95
4.96456136838936e+003 1.73711371591081e+006 2.85792910761307e-003 1.58401493822872e-001 1.53963509063997e+000 1.02007472820480e-001 2.86604927447409e-004 28052 96
4.96448060335894e+003 1.73710960548906e+006 2.85788937659062e-003 2.85960219748388e-001 1.56015269249550e+000 1.02378485158232e-001 2.87190571483998e-004 28160 97
4.96449891916265e+003 1.73710515839324e+006 2.85790723670269e-003 1.62858219846710e-001 1.54289489654225e+000 1.02733669428114e-001 2.89210706154487e-004 28179 98
4.96465255603391e+003 1.73711036146872e+006 2.85798711981971e-003 8.96290780904751e-001 1.56782282403027e+000 1.04555261082140e-001 2.89258145766657e-004 28554 99
4.96454326430085e+003 1.73711279692645e+006 2.85792019767769e-003 1.61442908204005e-001 1.54088148701437e+000 1.06139928491071e-001 2.91317327144014e-004 28777 100
4.96448244467201e+003 1.73710643216158e+006 2.85789565730396e-003 2.40429343072425e-001 1.55718051652577e+000 1.08816266395641e-001 2.92174992766336e-004 29528 101
4.96565769154196e+003 1.73713486736565e+006 2.85852541431701e-003 1.23018702755242e-001 1.51662469603565e+000 1.09211420924927e-001 2.95915725112931e-004 29669 102
4.96602525345693e+003 1.73712486181997e+006 2.85875346923168e-003 7.93575291260762e-001 1.56465889477218e+000 1.09350961356089e-001 2.95977730384382e-004 29679 103
4.96435825072706e+003 1.73711453765814e+006 2.85781082843130e-003 3.79795521382318e-002 8.53829454786828e-001 1.09695662275743e-001 3.33455909887962e-004 29737 104
4.96485546137127e+003 1.73711836053765e+006 2.85809076420719e-003 9.99006270548739e-001 1.56638467436750e+000 1.11222477169148e-001 3.33493275869676e-004 30055 105
4.96619718817185e+003 1.73714000017174e+006 2.85882753161578e-003 5.42706925361789e-002 1.30972289788507e+000 1.11993017631943e-001 3.55396852129320e-004 30287 106
4.97258029864080e+003 1.73709403505589e+006 6.28031742226044e+000 9.59648561676064e-001 -1.57041149342326e+000 1.13361650957713e-001 3.55437673143046e-004 30572 107
4.96373971806006e+003 1.73709836516138e+006 2.85748136526288e-003 7.16907558445285e-001 1.56974035691397e+000 1.15366425033373e-001 3.55515210590889e-004 31540 108
4.96500448445615e+003 1.73711226521904e+006 2.85818657997558e-003 8.51362164502279e-001 1.56734344080935e+000 1.15784802837647e-001 3.55568332851113e-004 31715 109
4.96712168057947e+003 1.73713288158041e+006 2.85937143679102e-003 6.82157140664821e-001 1.56264548524430e+000 1.16166222558836e-001 3.55654823772324e-004 31849 110
4.96674535127590e+003 1.73713501390769e+006 2.85915129079985e-003 8.85028513790458e-001 1.56283723853267e+000 1.16467977064379e-001 3.55703600308958e-004 31954 111
4.96411214195093e+003 1.73711655963396e+006 2.85766582655576e-003 4.59200387418240e-001 1.56408363490707e+000 1.17745251131687e-001 3.55910193483412e-004 32339 112
4.96367212740475e+003 1.73709502325698e+006 2.85744795274079e-003 5.74864472942297e-001 1.56964448026978e+000 1.22172616389210e-001 3.56036227092521e-004 33371 113
4.96454902641150e+003 1.73710933814754e+006 2.85792920512674e-003 3.59737103251106e-001 1.56341249839778e+000 1.22391712520438e-001 3.56389696101459e-004 33438 114
4.96626576635815e+003 1.73713790408105e+006 2.85887045852142e-003 7.73760928262890e-001 1.56197434873501e+000 1.23166405579456e-001 3.56455247029314e-004 33706 115
4.96389168811361e+003 1.73710592207672e+006 2.85755641836344e-003 5.86759113343755e-001 1.56753519409772e+000 1.23175548742940e-001 3.56575727520411e-004 33722 116
4.96424797115319e+003 1.73710193103516e+006 2.85776808394728e-003 5.95311209227336e-001 1.56839808389538e+000 1.23943668419813e-001 3.56692433340152e-004 34132 117
4.96592208023090e+003 1.73712238339788e+006 2.85869815521083e-003 5.24545627092076e-001 1.56370012833033e+000 1.25159177873773e-001 3.56846602165646e-004 34471 118
4.96593837430075e+003 1.73712581347927e+006 2.85870189035929e-003 4.32068562097444e-001 1.56178259544664e+000 1.29345341115887e-001 3.57082811569142e-004 35445 119
4.96456064996796e+003 1.73712300671365e+006 2.85791340882450e-003 7.97459870024783e-001 1.56504240134892e+000 1.29725361469421e-001 3.57144154435097e-004 35517 120
4.96444545140775e+003 1.73714070578198e+006 2.85781797628522e-003 9.35046229503933e-001 1.56178259544664e+000 1.31405553554734e-001 3.57187373987845e-004 35970 121
4.96720008245812e+003 1.73713598350768e+006 2.85941146343511e-003 3.99368980270794e-002 1.00656094897305e+000 1.32026043321155e-001 3.94802517181673e-004 36253 122
4.96394699272148e+003 1.73710480595241e+006 2.85759009136170e-003 5.82121709237870e-001 1.56772694738609e+000 1.34050190509778e-001 3.94925119391410e-004 36729 123
4.96475724007999e+003 1.73712455684221e+006 2.85802402748824e-003 7.43828592670358e-001 1.56456301812799e+000 1.34255316569922e-001 3.94996615424595e-004 36816 124
4.96658869798817e+003 1.73713392169734e+006 2.85906291003218e-003 9.20049948693993e-001 1.56312486846522e+000 1.37594718950869e-001 3.95041400449801e-004 37590 125
4.96411275924996e+003 1.73710234454706e+006 2.85768956668886e-003 3.02642829324105e-001 1.56254960860012e+000 1.37873406242981e-001 3.95558374890452e-004 37613 126
4.96647976821400e+003 1.73713623454064e+006 2.85899639745248e-003 4.82477746988689e-001 1.56044032242805e+000 1.39190807876851e-001 3.95743667190937e-004 37920 127
4.96561851837674e+003 1.73712493344132e+006 2.85851921060395e-003 1.71862010935409e-001 1.54164850016785e+000 1.39649611988005e-001 3.97538195959112e-004 38194 128
4.96364025660299e+003 1.73709733711432e+006 2.85742579955935e-003 3.19807247118615e-001 1.56437126483963e+000 1.41755763071389e-001 3.97996092611011e-004 38583 129
4.96418311549587e+003 1.73710319094394e+006 2.85772867602062e-003 5.25241377430534e-002 1.29888883709220e+000 1.42533288368489e-001 4.21464560154110e-004 38824 130
4.96454019724266e+003 1.73711050384881e+006 2.85792220466808e-003 1.72765401345646e-001 1.54481242942595e+000 1.43413514788871e-001 4.23238664528582e-004 39044 131
4.96624111853310e+003 1.73712701710867e+006 2.85887418689045e-003 1.26331134259446e-001 1.52065151509140e+000 1.43427366978319e-001 4.26767745137122e-004 39082 132
4.96381858026421e+003 1.73709715205909e+006 2.85752875924913e-003 8.21730959046494e-001 1.57031561677908e+000 1.43435087247170e-001 4.26825173365050e-004 39091 133
4.96407536991473e+003 1.73710006004219e+006 2.85767180106880e-003 6.11090428392815e-001 1.56887746711631e+000 1.44027406471001e-001 4.26935352113796e-004 39259 134
4.96381973591196e+003 1.73709691544527e+006 2.85752981374726e-003 5.29423935307358e-001 1.56887746711631e+000 1.44784936853602e-001 4.27086416481327e-004 39446 135
4.96382138246822e+003 1.73709910238709e+006 2.85752716411453e-003 6.83421887239153e-001 1.56945272698141e+000 1.45851141497547e-001 4.27172558443296e-004 39771 136
4.96418047240129e+003 1.73713788693683e+006 2.85767007717951e-003 4.86241873698012e-001 1.56015269249550e+000 1.46111162019310e-001 4.27354709170862e-004 39895 137
4.96650798482784e+003 1.73712741014750e+006 2.85902716385084e-003 8.05530157689570e-001 1.56417951155126e+000 1.46655460334129e-001 4.27414707784815e-004 40012 138
4.96477828388857e+003 1.73711258137149e+006 2.85805584444355e-003 3.87049606653949e-001 1.56350837504196e+000 1.47278816675246e-001 4.27715614980867e-004 40113 139
4.96492191877521e+003 1.73714265433045e+006 2.85808905068896e-003 7.44250174861802e-001 1.56091970564898e+000 1.47422539973296e-001 4.27787019850757e-004 40194 140
4.96365869121243e+003 1.73709749837753e+006 2.85743614651097e-003 5.21835455861364e-001 1.56868571382794e+000 1.47623411882559e-001 4.27942959245063e-004 40274 141
4.96466041026183e+003 1.73711553956050e+006 2.85798312199969e-003 5.20962178464801e-001 1.56504240134892e+000 1.48326467073315e-001 4.28099472050595e-004 40448 142
4.96380242129040e+003 1.73712024565268e+006 2.85748146886110e-003 3.00083223161765e-001 1.55881041947691e+000 1.48336452479678e-001 4.28626177392441e-004 40472 143
4.96677375088143e+003 1.73713866832569e+006 2.85916162439999e-003 7.26396308776720e-002 1.36863909573656e-001 1.51412263631826e-001 4.30255026888185e-004 41449 144
4.96646769904362e+003 1.73713835261053e+006 2.85898596386042e-003 1.39279730139515e-001 1.52630823709830e+000 1.52391426020315e-001 4.33103075254535e-004 41800 145
4.96386902644341e+003 1.73710947441331e+006 2.85753752926486e-003 1.49367589720499e-001 1.53695054460280e+000 1.55159193643272e-001 4.35546043804909e-004 42310 146
4.96694891556256e+003 1.73713081111221e+006 2.85927539140514e-003 1.33528144527670e-001 1.52458245750298e+000 1.55885190305113e-001 4.38670731174840e-004 42501 147
4.96469961888767e+003 1.73710648106869e+006 2.85802059649077e-003 8.89003431595503e-001 1.56858983718375e+000 1.56577244851722e-001 4.38719030612575e-004 42795 148
4.96687311420819e+003 1.73714051296864e+006 2.85921578720960e-003 8.64551664491745e-001 1.56168671880245e+000 1.57034018839544e-001 4.38770384412115e-004 42907 149
4.96444070951305e+003 1.73710874399487e+006 2.85786782844142e-003 1.07480387699160e-001 1.50722878490555e+000 1.57949235641741e-001 4.43802242145876e-004 43152 150
4.96387079574094e+003 1.73710026948573e+006 2.85755368985523e-003 7.72405842647534e-001 1.56954860362560e+000 1.58237444830285e-001 4.43868048850892e-004 43171 151
4.96613438697492e+003 1.73712877083393e+006 2.85880985985820e-003 3.75877678580680e-001 1.55996093920713e+000 1.58491922075528e-001 4.44188973311908e-004 43203 152
4.96731988463954e+003 1.73713416243087e+006 2.85948342585695e-003 4.52575524409832e-001 1.56044032242805e+000 1.60160907131303e-001 4.44402271450964e-004 43516 153
4.96368676508699e+003 1.73709924854980e+006 2.85744942880735e-003 5.38668630505453e-001 1.56849396053957e+000 1.61542859662611e-001 4.44547690679491e-004 43913 154
4.96481374794130e+003 1.73710998521491e+006 2.85808053124143e-003 6.24641284546376e-001 1.56695993423261e+000 1.61864630284183e-001 4.44652678759138e-004 44063 155
4.96514422034034e+003 1.73714224701918e+006 2.85821768947779e-003 3.02341699187359e-001 1.55449597048860e+000 1.61893582990055e-001 4.45170735449381e-004 44095 156
4.96570118316838e+003 1.73711669066182e+006 2.85858036143620e-003 9.10745027468548e-001 1.56657642765587e+000 1.62018913397869e-001 4.45216534222956e-004 44160 157
4.96532687814659e+003 1.73712341771646e+006 2.85835381927982e-003 3.84914733706997e-002 9.13560604113895e-001 1.62672741147738e-001 4.83435647308733e-004 44330 158
4.96419339125414e+003 1.73710342510868e+006 2.85773420620297e-003 9.17761359654725e-001 1.56926097369304e+000 1.63264196554935e-001 4.83480679667061e-004 44616 159
4.96467393337555e+003 1.73714267692449e+006 2.85794625991374e-003 4.23787483336935e-001 1.55823515961180e+000 1.63636593669801e-001 4.83727153350339e-004 44757 160
4.96381927349562e+003 1.73710296837885e+006 2.85751959054408e-003 3.61664336126279e-001 1.56475477141636e+000 1.63636593669801e-001 4.84076494915479e-004 44757 161
4.96512651118088e+003 1.73713242170698e+006 2.85822366122368e-003 5.25418904488638e-001 1.56168671880245e+000 1.64476714489755e-001 4.84230098074026e-004 44799 162
4.96401008620012e+003 1.73711727299521e+006 2.85760590345442e-003 6.28529014334339e-002 1.84514601733451e-001 1.64979631585774e-001 4.87241568477732e-004 44951 163
4.96365707502118e+003 1.73709628977858e+006 2.85743720419413e-003 9.28755760669889e-002 1.48862871593371e+000 1.64983399035886e-001 4.94170713063018e-004 44957 164
4.96365096717541e+003 1.73710015920668e+006 2.85742732313836e-003 8.75904270647061e-001 1.56983623355815e+000 1.65250895938633e-001 4.94220615973753e-004 45059 165
4.96407497897981e+003 1.73711973420204e+006 2.85763921096210e-003 9.31974702109127e-001 1.56600116779077e+000 1.65619257047277e-001 4.94264150781307e-004 45180 166
4.96376711968176e+003 1.73713332861843e+006 2.85743962667897e-003 8.36308808688932e-002 1.46149562562944e+000 1.66188338444119e-001 5.02968266485822e-004 45472 167
4.96430214992569e+003 1.73710918819558e+006 2.85778733383771e-003 2.92675421797819e-001 1.56063207571642e+000 1.66374962786689e-001 5.03524757945525e-004 45590 168
4.96521537452932e+003 1.73712624693954e+006 2.85828497593406e-003 4.82718651098086e-001 1.56245373195593e+000 1.66763469472885e-001 5.03709850354054e-004 45615 169
4.96442000071058e+003 1.73710339836027e+006 2.85786470162734e-003 9.71211958927103e-001 1.56935685033723e+000 1.67838284545761e-001 5.03749609715191e-004 46040 170
4.96375790315045e+003 1.73713525318519e+006 2.85743115539880e-003 3.02913846447176e-001 1.55593412015137e+000 1.68432588999439e-001 5.04265527680848e-004 46137 171
4.96512262532258e+003 1.73711832005990e+006 2.85824462675887e-003 7.69966688539893e-001 1.56590529114658e+000 1.70471308653839e-001 5.04331793144277e-004 46675 172
4.96368286526286e+003 1.73710352365132e+006 2.85744015151790e-003 7.99778572077726e-001 1.56897334376049e+000 1.70485836350852e-001 5.04392746341595e-004 46702 173
4.96636202367581e+003 1.73713212345138e+006 2.85893538306618e-003 6.91221157780869e-001 1.56283723853267e+000 1.70887536329021e-001 5.04476761855426e-004 46802 174
4.96809864805399e+003 1.73714004510087e+006 2.85992204089108e-003 6.43582370147686e-001 1.56101558229316e+000 1.71283722892640e-001 5.04575068034349e-004 46878 175
4.96374867321991e+003 1.73709563402527e+006 2.85749101309945e-003 6.57313904383294e-001 1.57002798684652e+000 1.71315071931455e-001 5.04668917188803e-004 46899 176
4.96424179356675e+003 1.73710192581766e+006 2.85776453629958e-003 3.64284168315967e-001 1.56504240134892e+000 1.71471534945494e-001 5.05012755963937e-004 46958 177
4.96530578513125e+003 1.73711554043556e+006 2.85835463850587e-003 5.30661719891958e-002 1.30224451963866e+000 1.71793574312232e-001 5.27978419833000e-004 47077 178
4.96367860249963e+003 1.73709693291159e+006 2.85744853896774e-003 1.16785308924604e-001 1.51911748878445e+000 1.71928612011590e-001 5.32173076600310e-004 47094 179
4.96587317079597e+003 1.73713161785226e+006 2.85865480362577e-003 1.21211921934768e-001 1.51585768288217e+000 1.71934475863871e-001 5.36037415586647e-004 47095 180
4.96491889858265e+003 1.73711172859528e+006 2.85813819424974e-003 8.90117613101462e-001 1.56753519409772e+000 1.72509362271818e-001 5.36085581978757e-004 47316 181
4.96372802844382e+003 1.73712821331862e+006 2.85742553771436e-003 4.83772606576696e-001 1.56207022537919e+000 1.72520829340517e-001 5.36269787803601e-004 47355 182
4.96394507030780e+003 1.73710222524689e+006 2.85759323001428e-003 6.19702750303745e-001 1.56849396053957e+000 1.73270042442876e-001 5.36376625868061e-004 47490 183
4.96629071835405e+003 1.73713963005733e+006 2.85888198176108e-003 8.71357205582199e-001 1.56187847209082e+000 1.74350757659326e-001 5.36427101495454e-004 47933 184
4.97260344420382e+003 1.73709460811872e+006 6.28031740988060e+000 8.62835222712294e-001 -1.57069912335582e+000 1.74960467755731e-001 5.36478682451579e-004 48300 185
4.96391678388092e+003 1.73711243115173e+006 2.85756015768074e-003 2.95777062206301e-001 1.56015269249550e+000 1.74980286228952e-001 5.37022413601166e-004 48322 186
4.96378094106143e+003 1.73711903883640e+006 2.85747108867598e-003 3.14657921780262e-001 1.55976918591876e+000 1.75765181631520e-001 5.37496938729613e-004 48616 187
4.96566916909713e+003 1.73713668700582e+006 2.85852902715997e-003 7.88245287840362e-001 1.56226197866756e+000 1.77964898164197e-001 5.37559869034423e-004 49195 188
4.96404600209774e+003 1.73709970892749e+006 2.85765547258061e-003 7.99266650845258e-001 1.56974035691397e+000 1.77964898164197e-001 5.37620908219773e-004 49195 189
4.96397701212944e+003 1.73709900240121e+006 2.85761691956370e-003 9.56938390445352e-001 1.57021974013489e+000 1.78110786547578e-001 5.37661984004659e-004 49247 190
4.96617042453491e+003 1.73713202787504e+006 2.85882524501865e-003 2.67621394420570e-001 1.55440009384442e+000 1.80640242466342e-001 5.38339510823045e-004 49752 191
4.96445860451548e+003 1.73710486810542e+006 2.85788450652245e-003 9.19417575406827e-001 1.56897334376049e+000 1.81908263243916e-001 5.38384364888223e-004 50181 192
4.96531753476236e+003 1.73713962999233e+006 2.85832176458762e-003 1.25457856862883e-001 1.51748758583331e+000 1.86681773510239e-001 5.41967127277510e-004 51109 193
4.96436065471025e+003 1.73711348290180e+006 2.85781394753738e-003 6.14222181814971e-001 1.56619292107913e+000 1.86882079646465e-001 5.42076072954223e-004 51162 194
4.96385538986548e+003 1.73709879591351e+006 2.85754724522417e-003 3.83315592958301e-001 1.56619292107913e+000 1.88780790536830e-001 5.42383471510060e-004 51674 195
4.96655058146660e+003 1.73713456606981e+006 2.85903990749560e-003 7.43979157738731e-001 1.56254960860012e+000 1.92231486981110e-001 5.42454934673053e-004 52641 196
4.96616733526340e+003 1.73712399521191e+006 2.85883668611831e-003 7.12902527626566e-001 1.56456301812799e+000 1.92284483354402e-001 5.42533432189665e-004 52660 197
4.96424602563990e+003 1.73710164257662e+006 2.85776743853066e-003 3.65609140917649e-001 1.56513827799310e+000 1.93596793964611e-001 5.42874535742535e-004 53020 198
4.96381175757884e+003 1.73710150981075e+006 2.85751766320065e-003 5.70196955822737e-001 1.56830220725120e+000 1.94011846093548e-001 5.43002849899837e-004 53114 199
4.96368295641535e+003 1.73709565050343e+006 2.85745315487680e-003 8.55216630252625e-001 1.57069912335582e+000 1.97889689331344e-001 5.43055447168250e-004 53985 200
4.96498634944519e+003 1.73714280464794e+006 2.85812589309769e-003 5.14186750388021e-001 1.55948155598621e+000 1.99149892837177e-001 5.43216525437474e-004 54464 201
4.96429299480728e+003 1.73713380423900e+006 2.85774156760051e-003 4.74467685351251e-001 1.56082382900479e+000 1.99306373276129e-001 5.43408770189203e-004 54631 202
4.96457604164927e+003 1.73711739618582e+006 2.85793149964039e-003 6.52104353017591e-001 1.56561766121403e+000 2.02261608153447e-001 5.43504275440676e-004 55562 203
4.96515789346850e+003 1.73712523413302e+006 2.85825355291616e-003 3.51847493668366e-001 1.55996093920713e+000 2.02445115262422e-001 5.43875404861468e-004 55615 204
4.96369985750708e+003 1.73710021278421e+006 2.85745537957349e-003 9.90664965760881e-001 1.57002798684652e+000 2.02711007557571e-001 5.43913466860678e-004 55753 205
4.96473384264529e+003 1.73710927410337e+006 2.85803570260487e-003 9.33118996628761e-001 1.56811045396283e+000 2.03289372645031e-001 5.43956884645290e-004 55891 206
4.96417712070539e+003 1.73713582641276e+006 2.85767153739773e-003 9.21736277459770e-001 1.56274136188849e+000 2.03549182428246e-001 5.44001489477270e-004 56015 207
4.96389444990775e+003 1.73710041532575e+006 2.85756706687710e-003 7.51748315266773e-001 1.56945272698141e+000 2.05429690491200e-001 5.44071340196588e-004 56573 208
4.96674344969694e+003 1.73713387311400e+006 2.85915207376803e-003 2.54341555390080e-001 1.55296194418165e+000 2.07200822440482e-001 5.44829120850572e-004 56915 209
4.96507618542834e+003 1.73713603879473e+006 2.85818873953099e-003 8.93279479537293e-001 1.56264548524430e+000 2.08804796078090e-001 5.44876911626466e-004 57441 210
4.96423888752045e+003 1.73712784288570e+006 2.85772022724221e-003 8.83462637079380e-001 1.56427538819544e+000 2.08821550801097e-001 5.44925879071974e-004 57462 211
4.96408527536224e+003 1.73712473274584e+006 2.85763691541097e-003 7.02513537908836e-001 1.56437126483963e+000 2.10048727214208e-001 5.45006953033609e-004 57758 212
4.96446587281095e+003 1.73712691182606e+006 2.85785242491219e-003 9.36190524023568e-001 1.56456301812799e+000 2.14885233579749e-001 5.45050057366419e-004 59182 213
4.96664822180646e+003 1.73713650661598e+006 2.85909292087288e-003 3.96143736783672e-001 1.55890629612110e+000 2.15735328932639e-001 5.45335963747514e-004 59758 214
4.96414353481080e+003 1.73711051927318e+006 2.85769383504547e-003 6.43913613298106e-001 1.56695993423261e+000 2.17266286815428e-001 5.45434162679293e-004 60065 215
4.96397877167251e+003 1.73711946903626e+006 2.85758426437992e-003 3.57508740239187e-001 1.56130321222571e+000 2.19185761083617e-001 5.45792490447658e-004 60729 216
4.96427027031546e+003 1.73710979096673e+006 2.85776799025192e-003 3.95661928564879e-001 1.56427538819544e+000 2.19255702310037e-001 5.46079177501075e-004 60786 217
4.96542742736772e+003 1.73712197633703e+006 2.85841407316584e-003 1.54396463004153e-001 1.53647116138188e+000 2.19302172966108e-001 5.48350467738011e-004 60799 218
4.96381344465392e+003 1.73711594804856e+006 2.85749488393037e-003 6.70804534509505e-001 1.56600116779077e+000 2.20888090363352e-001 5.48440213618790e-004 61005 219
4.96497623782133e+003 1.73713427913800e+006 2.85813409931809e-003 2.27932442397475e-001 1.55018152150029e+000 2.22137343113347e-001 5.49404630690832e-004 61480 220
4.96434259093831e+003 1.73710874294631e+006 2.85781134678641e-003 4.92117062388497e-002 1.25449795083468e+000 2.23745134220285e-001 5.76127527764933e-004 61949 221
4.96469681388998e+003 1.73713394262972e+006 2.85797380087390e-003 8.32902887119762e-001 1.56293311517685e+000 2.23826503277437e-001 5.76183273244969e-004 61962 222
4.96542690892311e+003 1.73711459011818e+006 2.85842592863966e-003 5.02954596287403e-001 1.56504240134892e+000 2.24543596845236e-001 5.76352379700280e-004 62035 223
4.96711426322845e+003 1.73713407839533e+006 2.85936519696748e-003 9.37425157584225e-001 1.56312486846522e+000 2.25655092059481e-001 5.76395358807029e-004 62299 224
4.96436016417372e+003 1.73710848625957e+006 2.85782188536261e-003 1.80444219832664e-001 1.54720934553056e+000 2.28095018798066e-001 5.78007693985350e-004 62660 225
4.96450545213699e+003 1.73710955214124e+006 2.85790376891054e-003 1.96735360230611e-001 1.55046915143284e+000 2.28418265602101e-001 5.79340907261336e-004 62712 226
4.96505603969459e+003 1.73711424628472e+006 2.85821299884404e-003 4.66818979877908e-001 1.56465889477218e+000 2.29857746932600e-001 5.79540156102126e-004 63119 227
4.96480810595356e+003 1.73711754585095e+006 2.85806484391462e-003 6.58036616711483e-001 1.56561766121403e+000 2.31143817411633e-001 5.79633777417180e-004 63462 228
4.96864026717106e+003 1.73714289023232e+006 2.86022914163671e-003 1.91405356810211e-001 1.54270314325388e+000 2.32080586709909e-001 5.81049767786827e-004 63690 229
4.96373477025954e+003 1.73710092362450e+006 2.85747430840116e-003 3.63922812151872e-001 1.56523415463729e+000 2.35611273268853e-001 5.81394358493649e-004 64818 230
4.96452704092657e+003 1.73713122981065e+006 2.85788053304798e-003 4.45619418251005e-001 1.56091970564898e+000 2.37881047850355e-001 5.81615051451716e-004 65276 231
4.96412277327985e+003 1.73710527975104e+006 2.85769050278180e-003 9.68321109614343e-001 1.56897334376049e+000 2.41240728319379e-001 5.81655072392504e-004 66034 232
4.96431151738731e+003 1.73711406140966e+006 2.85778470928435e-003 1.49969849993990e-001 1.53627940809351e+000 2.43773530909463e-001 5.84076453917601e-004 66591 233
4.96712133018825e+003 1.73713141404169e+006 2.85937365068631e-003 4.20384712791708e-001 1.56044032242805e+000 2.45700643345620e-001 5.84327344404057e-004 67084 234
4.96477936637436e+003 1.73710837697680e+006 2.85806338502449e-003 2.85056829338151e-001 1.56034444578387e+000 2.54163910605575e-001 5.84917080597217e-004 69208 235
4.96399166086983e+003 1.73709904732027e+006 2.85762527847681e-003 1.77794274629301e-001 1.54845574190497e+000 2.57490457525499e-001 5.86582805234608e-004 70059 236
4.96375966587174e+003 1.73710737241392e+006 2.85747803198166e-003 6.91672852985988e-001 1.56782282403027e+000 2.57733861088955e-001 5.86666702376690e-004 70153 237
4.96447488443957e+003 1.73712759995346e+006 2.85785648045719e-003 7.55030633757302e-001 1.56398775826289e+000 2.57733861088955e-001 5.86735885245754e-004 70153 238
4.96523728090419e+003 1.73711442628932e+006 2.85831703645809e-003 5.00033633960969e-001 1.56504240134892e+000 2.59405147513288e-001 5.86907172570676e-004 70587 239
4.96508160612976e+003 1.73712725244623e+006 2.85820631657532e-003 7.94569020712024e-001 1.56417951155126e+000 2.59737979558111e-001 5.86969007177642e-004 70826 240
4.96371913685883e+003 1.73709700111095e+006 2.85747176113272e-003 3.22698096431374e-001 1.56456301812799e+000 2.59777219840350e-001 5.87417928433878e-004 70859 241
4.96679372663532e+003 1.73714012523020e+006 2.85917072561617e-003 2.38411771156228e-001 1.55018152150029e+000 2.59978953942178e-001 5.88291538198790e-004 70901 242
4.96389880055536e+003 1.73712817588919e+006 2.85752390562454e-003 7.08084445438633e-001 1.56370012833033e+000 2.61207525387332e-001 5.88371215137621e-004 71163 243
4.96561911484084e+003 1.73712620003118e+006 2.85851746974454e-003 4.97775157935375e-001 1.56264548524430e+000 2.61296390326368e-001 5.88544213975775e-004 71193 244
4.96403442608791e+003 1.73711967748227e+006 2.85761595955490e-003 5.37885692149914e-001 1.56437126483963e+000 2.61711446712703e-001 5.88690096660638e-004 71384 245
4.96365202990627e+003 1.73709376880137e+006 2.85743844674141e-003 6.78995274228990e-001 1.57050737006745e+000 2.61827761794854e-001 5.88777479031287e-004 71492 246
4.96386015337189e+003 1.73711784967619e+006 2.85751864424978e-003 4.93378657938887e-001 1.56427538819544e+000 2.64754194123537e-001 5.88953889628526e-004 71965 247
4.96381255369285e+003 1.73710041661204e+006 2.85751991979162e-003 7.87224596399369e-002 1.45478426053652e+000 2.66431018204127e-001 5.98889270792703e-004 72537 248
4.96569435331430e+003 1.73713347464497e+006 2.85854881066458e-003 2.83099483449303e-001 1.55516710699789e+000 2.67924682154892e-001 5.99487974131302e-004 72859 249
4.96394691740680e+003 1.73714200252149e+006 2.85752886016555e-003 1.02120271265085e-001 1.49380605471969e+000 2.68244642031997e-001 6.05113925434352e-004 72933 250
4.96453866567316e+003 1.73713560690914e+006 2.85788002387367e-003 7.79994322093527e-001 1.56245373195593e+000 2.69103847353383e-001 6.05178329667017e-004 73113 251
4.96366898881277e+003 1.73709307595213e+006 2.85744934916890e-003 4.08219055267178e-001 1.56791870067446e+000 2.72282255108925e-001 6.05445977477583e-004 73988 252
4.96464454350410e+003 1.73712643928425e+006 2.85795605564233e-003 8.04747219334031e-001 1.56437126483963e+000 2.72285487730019e-001 6.05506104661488e-004 74002 253
4.96480390752474e+003 1.73710780501690e+006 2.85807845354158e-003 2.11159493780734e-001 1.55324957411420e+000 2.72895161528810e-001 6.06647196205578e-004 74206 254
4.96463944646900e+003 1.73713886045099e+006 2.85793268621009e-003 5.76159332530304e-001 1.56082382900479e+000 2.72931001540501e-001 6.06772601356933e-004 74230 255
4.96440242640593e+003 1.73710489978583e+006 2.85785211458735e-003 6.13710260582503e-001 1.56791870067446e+000 2.73182155111310e-001 6.06881747765743e-004 74363 256
4.96568308902169e+003 1.73713079795831e+006 2.85854673091170e-003 5.76851931844819e-001 1.56245373195593e+000 2.73827121025332e-001 6.07006823772714e-004 74506 257
4.96369864270291e+003 1.73709920631992e+006 2.85745633583256e-003 3.49829921752170e-001 1.56513827799310e+000 2.74808975229698e-001 6.07382694449851e-004 74810 258
4.96514710240120e+003 1.73711197834294e+006 2.85826915192414e-003 3.55280377227268e-001 1.56274136188849e+000 2.74998261993961e-001 6.07745989866185e-004 74850 259
4.96416566767111e+003 1.73710308990012e+006 2.85771879812211e-003 3.20018038214337e-001 1.56322074510941e+000 2.75108815290294e-001 6.08203219556415e-004 74981 260
4.96373053555895e+003 1.73710765422909e+006 2.85746079911120e-003 5.57067681860621e-001 1.56695993423261e+000 2.77437782016409e-001 6.08338280561833e-004 75830 261
4.96725377013775e+003 1.73713293834750e+006 2.85944738156074e-003 6.84686633813486e-001 1.56264548524430e+000 2.77743148187603e-001 6.08424070074001e-004 76023 262
4.96764980641346e+003 1.73714209286287e+006 2.85966029236782e-003 4.84675996986933e-001 1.55928980269784e+000 2.77773950207466e-001 6.08607516230249e-004 76085 263
4.96423234632311e+003 1.73711194853499e+006 2.85774260934391e-003 5.57338698983692e-001 1.56609704443495e+000 2.77776526948682e-001 6.08742432293494e-004 76092 264
4.96377085439020e+003 1.73710690373011e+006 2.85748524378508e-003 8.83793880229800e-001 1.56849396053957e+000 2.81537697870516e-001 6.08791360282417e-004 77054 265
4.96471396496102e+003 1.73711835255771e+006 2.85800932332727e-003 6.17835743455921e-001 1.56523415463729e+000 2.81773439658535e-001 6.08898908523206e-004 77202 266
4.96784961318172e+003 1.73713750479748e+006 2.85978286491636e-003 6.97575003666205e-001 1.56178259544664e+000 2.81927020215685e-001 6.08981248937818e-004 77273 267
4.96370166348073e+003 1.73709621912103e+006 2.85746298859996e-003 8.04087884057133e-002 1.46053685918760e+000 2.82583206292160e-001 6.18470188847094e-004 77653 268
4.96593056545100e+003 1.73713476162531e+006 2.85868266978452e-003 4.10899113484215e-001 1.55957743263039e+000 2.82583243007770e-001 6.18733995603148e-004 77654 269
4.96524846367205e+003 1.73711213113103e+006 2.85832725049695e-003 7.40937743357599e-001 1.56705581087680e+000 2.82588831257534e-001 6.18806107658819e-004 77681 270
4.97257722688736e+003 1.73714153622955e+006 2.86249769611989e-003 5.26144767840771e-002 2.71378841364788e-001 2.83011458358781e-001 6.25312365313274e-004 77806 271
4.96488223053741e+003 1.73712065469948e+006 2.85810239958808e-003 6.49213503704832e-001 1.56494652470473e+000 2.85946365525645e-001 6.25408808303099e-004 78628 272
4.96622199110218e+003 1.73714041740698e+006 2.85884112287775e-003 7.00736870102036e-001 1.56120733558153e+000 2.86485643554142e-001 6.25490333113211e-004 78791 273
4.96406841361893e+003 1.73710950270122e+006 2.85765226279992e-003 1.53101603416146e-001 1.53848457090976e+000 2.87687054167996e-001 6.27804254055146e-004 79070 274
4.96363991235492e+003 1.73709557806319e+006 2.85742849491218e-003 6.96551161201270e-001 1.57021974013489e+000 2.88296617405753e-001 6.27886864312869e-004 79434 275
4.96741432723662e+003 1.73713554921380e+006 2.85953550950909e-003 2.95054349878111e-001 1.55545473693045e+000 2.88679435711124e-001 6.28433496418911e-004 79509 276
4.96424400818639e+003 1.73710896505953e+006 2.85775423079482e-003 7.50724472801837e-001 1.56772694738609e+000 2.91240423868327e-001 6.28503556621165e-004 80281 277
4.96528058970785e+003 1.73711376613339e+006 2.85834305396792e-003 6.40691520834926e-001 1.56628879772332e+000 2.93007695286939e-001 6.28602845026234e-004 80577 278
4.96472165290645e+003 1.73711796805881e+006 2.85801438157793e-003 2.45488329369754e-001 1.55535886028626e+000 2.93012561605125e-001 6.29422084881257e-004 80586 279
4.96633610203317e+003 1.73712584676053e+006 2.85893079107014e-003 9.22428876774285e-001 1.56475477141636e+000 2.95428647576710e-001 6.29466616697686e-004 81247 280
4.96792965292265e+003 1.73714081586488e+006 2.85982348925925e-003 4.29328277853058e-001 1.55871454283273e+000 2.95585674975767e-001 6.29706147908159e-004 81311 281
4.96479971575405e+003 1.73712626971402e+006 2.85804566087530e-003 3.79494391245572e-002 7.29093940702536e-001 2.99479751396440e-001 6.62886404423519e-004 82552 282
4.96460440087308e+003 1.73713698104020e+006 2.85791560401698e-003 1.06787788384644e-001 1.50070917310099e+000 3.00538244398003e-001 6.67988112972360e-004 82628 283
4.96604529180417e+003 1.73712017038385e+006 2.85877272510716e-003 8.77409921330790e-001 1.56580941450240e+000 3.04012628881578e-001 6.68037827086398e-004 83586 284
4.96451537559758e+003 1.73710912914402e+006 2.85791017740735e-003 7.92220205645406e-001 1.56782282403027e+000 3.04323853103687e-001 6.68100066825239e-004 83688 285
4.96450912466943e+003 1.73712252375957e+006 2.85788454232626e-003 2.68946367022251e-001 1.55641350337230e+000 3.05128540938542e-001 6.68770292826149e-004 84093 286
4.96577171508429e+003 1.73711970205674e+006 2.85861600841666e-003 7.38227572126887e-001 1.56552178456984e+000 3.05364223695963e-001 6.68842988083371e-004 84162 287
4.96536648497754e+003 1.73711909179611e+006 2.85838373746516e-003 6.73698534846207e-002 1.40722944502091e+000 3.05911529961970e-001 6.82744777079403e-004 84305 288
4.96641127814558e+003 1.73713997876470e+006 2.85895080862583e-003 9.60401387017929e-001 1.56197434873501e+000 3.06360371198184e-001 6.82785526147518e-004 84536 289
4.96445759658956e+003 1.73710461612796e+006 2.85788434084496e-003 4.58598127144748e-001 1.56648055101169e+000 3.07959296000929e-001 6.82992719415747e-004 84862 290
4.96739624344024e+003 1.73714244337539e+006 2.85951375099350e-003 1.29402661654253e-001 4.26171683400983e-002 3.08386782945203e-001 6.83135513019227e-004 84982 291
4.96442012178331e+003 1.73710595547447e+006 2.85786056441575e-003 1.41267189042037e-001 1.53388249198889e+000 3.08833022085299e-001 6.85897005517381e-004 85060 292
4.96376932267873e+003 1.73709728740350e+006 2.85750018057822e-003 4.32429918261539e-001 1.56753519409772e+000 3.10707310262489e-001 6.86132789213423e-004 85498 293
4.96629517233642e+003 1.73712144712354e+006 2.85891447029237e-003 5.83359493822471e-002 1.35027871837519e+000 3.11083475536174e-001 7.05005085821859e-004 85659 294
4.96446581700945e+003 1.73711540381619e+006 2.85787132533396e-003 5.99707709223824e-001 1.56571353785821e+000 3.11767912878560e-001 7.05119916490784e-004 85811 295
4.96534348658138e+003 1.73713251079669e+006 2.85834841796478e-003 7.64094650873350e-001 1.56302899182104e+000 3.12287812551212e-001 7.05187306240422e-004 86069 296
4.96408343955576e+003 1.73710247878874e+006 2.85767246748253e-003 6.12355174967147e-001 1.56839808389538e+000 3.14830195261087e-001 7.05296984861651e-004 86626 297
4.96398932907664e+003 1.73709964465109e+006 2.85762295350224e-003 7.94659359753047e-001 1.56974035691397e+000 3.15333839773469e-001 7.05358805323561e-004 86730 298
4.96374595009435e+003 1.73712387100001e+006 2.85744299719968e-003 4.98738774372962e-001 1.56312486846522e+000 3.15687836330419e-001 7.05531070312595e-004 86899 299
4.96779626566936e+003 1.73714246450259e+006 2.85974399033941e-003 3.93647507672624e-002 9.71757727134007e-001 3.17202258904499e-001 7.43480925320094e-004 87316 300
4.96387165209664e+003 1.73710785235066e+006 2.85754170903495e-003 8.03091003581929e-001 1.56811045396283e+000 3.18710633016390e-001 7.43541326671299e-004 87585 301
4.96692082048519e+003 1.73713745180232e+006 2.85924828801966e-003 8.08421007002330e-001 1.56216610202338e+000 3.19406398023855e-001 7.43600853373406e-004 87783 302
4.96548919738580e+003 1.73712934788682e+006 2.85843750186823e-003 1.62828106833035e-001 1.53800518768883e+000 3.20216636623135e-001 7.45621510102823e-004 87916 303
4.96570449194130e+003 1.73713838974437e+006 2.85854655901275e-003 8.89906822005740e-001 1.56216610202338e+000 3.20983739503654e-001 7.45669700060138e-004 88147 304
4.96603499466348e+003 1.73712474368682e+006 2.85875927125522e-003 4.60435020978897e-001 1.56245373195593e+000 3.22620383565559e-001 7.45875073942699e-004 88496 305
4.96362490605686e+003 1.73709311458840e+006 2.85742390850818e-003 4.18096123752440e-001 1.56811045396283e+000 3.25777076242693e-001 7.46129008389234e-004 89099 306
4.96401781882450e+003 1.73710235224695e+006 2.85763489998842e-003 4.25232907993315e-001 1.56638467436750e+000 3.27018251751668e-001 7.46373659595891e-004 89334 307
4.96411915911228e+003 1.73710845985752e+006 2.85768319071756e-003 9.30261411353618e-002 1.48642355311747e+000 3.29808524591098e-001 7.53276884508108e-004 90124 308
4.96413654425466e+003 1.73710608639838e+006 2.85769710325747e-003 7.22538692002431e-001 1.56820633060701e+000 3.29819985484135e-001 7.53353098515719e-004 90136 309
4.96456287875558e+003 1.73712411191320e+006 2.85791287358469e-003 5.21052517505825e-001 1.56331662175359e+000 3.30617121806309e-001 7.53509549841953e-004 90352 310
4.96440967165088e+003 1.73710931946679e+006 2.85784901429884e-003 8.87286989816052e-001 1.56801457731864e+000 3.31489454622542e-001 7.53558055004504e-004 90605 311
4.96561296873619e+003 1.73712620475883e+006 2.85851392390634e-003 8.63106239835365e-001 1.56456301812799e+000 3.31931476787832e-001 7.53609599333857e-004 90743 312
4.96559895453399e+003 1.73712818567339e+006 2.85850259686160e-003 3.75064627211467e-001 1.56005681585131e+000 3.32243273081775e-001 7.53932056633613e-004 90829 313
4.96390222384218e+003 1.73710983982847e+006 2.85755603871377e-003 9.43718777442212e-001 1.56801457731864e+000 3.32645687559461e-001 7.53974408768003e-004 90911 314
4.96546001829546e+003 1.73713499665049e+006 2.85841140982474e-003 2.26758034864166e-001 1.54989389156774e+000 3.35403302683516e-001 7.54949842807876e-004 91600 315
4.96657698138259e+003 1.73713198622154e+006 2.85905935077879e-003 8.27843900822433e-001 1.56331662175359e+000 3.35633773391896e-001 7.55006340661389e-004 91737 316
4.96743420422886e+003 1.73714092741003e+006 2.85953809868903e-003 7.26483496793801e-001 1.56120733558153e+000 3.39957712556466e-001 7.55081643972207e-004 92958 317
4.96556144870411e+003 1.73714132788501e+006 2.85845938082407e-003 1.78908456135260e-001 1.54021035050508e+000 3.41122107254901e-001 7.56724273447110e-004 93388 318
4.96380441951783e+003 1.73709782815197e+006 2.85751949519110e-003 4.38753651133201e-001 1.56753519409772e+000 3.42278988247338e-001 7.56952645391410e-004 93836 319
4.96389777527125e+003 1.73711071022773e+006 2.85755204602886e-003 1.28619723298714e-001 1.52554122394482e+000 3.42525706470752e-001 7.60345843089283e-004 93923 320
4.96407367637841e+003 1.73710108856807e+006 2.85766913415670e-003 9.80396428097849e-001 1.56983623355815e+000 3.44296226547724e-001 7.60384787641045e-004 94410 321
4.96483958149443e+003 1.73711630321036e+006 2.85808500768358e-003 3.44018110112976e-001 1.56149496551408e+000 3.44366106344915e-001 7.60774759290235e-004 94492 322
4.96454219418495e+003 1.73712090138637e+006 2.85790624822793e-003 6.23557216054091e-001 1.56475477141636e+000 3.46410502947020e-001 7.60880148194159e-004 95091 323
4.96408781826013e+003 1.73710140110383e+006 2.85767676102712e-003 3.67235243656076e-001 1.56523415463729e+000 3.49172538995996e-001 7.61217937890334e-004 95942 324
4.96582343003320e+003 1.73712872800663e+006 2.85863092552765e-003 1.40514363700173e-001 1.52889690649129e+000 3.54762344528107e-001 7.64011535054541e-004 97442 325
4.96649726307601e+003 1.73713098797411e+006 2.85901510332573e-003 8.64702229560118e-001 1.56360425168615e+000 3.57480099232255e-001 7.64062869986289e-004 98313 326
4.96558311563228e+003 1.73711682182023e+006 2.85851217863199e-003 4.27340818950535e-001 1.56350837504196e+000 3.58535698343542e-001 7.64304870077276e-004 98583 327
4.96541002870876e+003 1.73713042262961e+006 2.85839015936734e-003 4.02380281638252e-002 1.02353111499374e+000 3.59912266519265e-001 8.01695502504599e-004 98833 328
4.96580901188247e+003 1.73713546689231e+006 2.85861153618489e-003 9.93856945210386e-001 1.56293311517685e+000 3.60011082852681e-001 8.01733294927760e-004 98944 329
4.96767415768807e+003 1.73713773527118e+006 2.85968148368658e-003 1.85623658184692e-001 1.54251138996551e+000 3.60853390456753e-001 8.03248123978674e-004 99067 330
4.96367933769122e+003 1.73709424616309e+006 2.85745338176161e-003 2.31064195819631e-001 1.55861866618854e+000 3.61733407275982e-001 8.04184147258271e-004 99258 331
4.96413102080670e+003 1.73710524962911e+006 2.85769530015271e-003 4.67481466178749e-001 1.56648055101169e+000 3.62733270057897e-001 8.04382777319043e-004 99463 332
4.96365350521707e+003 1.73709652828344e+006 2.85743475684371e-003 5.41679931872911e-001 1.56906922040468e+000 3.64957300683977e-001 8.04526424135403e-004 99958 333
4.96388810799829e+003 1.73709831918001e+006 2.85756686423270e-003 5.50051349674444e-001 1.56878159047212e+000 3.64958599543433e-001 8.04665305091225e-004 99974 334
4.96553984051859e+003 1.73713052574756e+006 2.85846471680419e-003 2.30461935546139e-001 1.55123616458632e+000 3.67342485308957e-001 8.05606607906602e-004 100668 335
4.96427856759833e+003 1.73711783948998e+006 2.85775952596041e-003 7.40817291302900e-001 1.56590529114658e+000 3.69105123208940e-001 8.05678745401483e-004 101240 336
4.96464560379304e+003 1.73713351017842e+006 2.85794503293487e-003 3.36459743680657e-001 1.55775577639088e+000 3.69483746380003e-001 8.06088233161511e-004 101397 337
4.96459723903440e+003 1.73713838317030e+006 2.85790917451892e-003 9.69709459267316e-002 1.48699881298257e+000 3.71612676399060e-001 8.12388986860390e-004 102173 338
4.96539482495004e+003 1.73712216845932e+006 2.85839498912329e-003 9.75129801728741e-002 1.49112150868252e+000 3.72757772039871e-001 8.18615048577700e-004 102502 339
4.96401582995196e+003 1.73711315621247e+006 2.85761598212056e-003 3.37062003954148e-001 1.56187847209082e+000 3.73074694739231e-001 8.19022946852285e-004 102690 340
4.96556214359470e+003 1.73712084568151e+006 2.85849348444608e-003 1.12991069201608e-001 1.51068034409619e+000 3.76052132898223e-001 8.23531616400524e-004 103384 341
4.96431012176929e+003 1.73711904408316e+006 2.85777570878592e-003 8.21610506991795e-001 1.56590529114658e+000 3.76534582438283e-001 8.23589062471953e-004 103545 342
4.96364691430160e+003 1.73709362254105e+006 2.85743574243390e-003 2.25222271166763e-001 1.55804340632344e+000 3.76618254793255e-001 8.24579325223183e-004 103604 343
4.96433124645818e+003 1.73712845880209e+006 2.85777238117237e-003 3.42753363538644e-001 1.55900217276528e+000 3.76899452936570e-001 8.24972459302124e-004 103632 344
4.96737524378276e+003 1.73713443756098e+006 2.85951484079161e-003 2.36665216363103e-001 1.55114028794214e+000 3.78780494809492e-001 8.25860332692480e-004 104098 345
4.96370738069580e+003 1.73709888313825e+006 2.85746189763112e-003 2.86682932076578e-001 1.56235785531175e+000 3.80298048759638e-001 8.26442745865084e-004 104620 346
4.96370565864117e+003 1.73710586398745e+006 2.85744942317975e-003 5.72063962670561e-001 1.56743931745354e+000 3.82193942635726e-001 8.26570140209743e-004 105209 347
4.96507972622251e+003 1.73713500683618e+006 2.85819247572965e-003 6.92787034491947e-001 1.56226197866756e+000 3.84082415003886e-001 8.26653738120825e-004 105709 348
4.96387693115779e+003 1.73710076255808e+006 2.85755641070702e-003 4.71456383983793e-001 1.56743931745354e+000 3.85384597197372e-001 8.26848703231844e-004 106282 349
4.96397634714206e+003 1.73710835052827e+006 2.85760115877217e-003 2.74637726606746e-001 1.55967330927457e+000 3.87089660945792e-001 8.27488779017826e-004 106723 350
4.96368285145829e+003 1.73709763797892e+006 2.85744982515989e-003 1.14255815775940e-001 1.51662469603565e+000 3.87545956931490e-001 8.31889875158299e-004 106739 351
4.96614805791483e+003 1.73713183896576e+006 2.85881268041008e-003 8.16461181653442e-001 1.56331662175359e+000 3.87966066953693e-001 8.31948120387047e-004 106848 352
4.96526853285857e+003 1.73712765769034e+006 2.85831325571471e-003 5.46016205842050e-001 1.56283723853267e+000 3.90555928988889e-001 8.32089265149284e-004 107090 353
4.96381640908938e+003 1.73711021475919e+006 2.85750602148916e-003 5.19185510658001e-001 1.56609704443495e+000 3.91169060825196e-001 8.32246959544871e-004 107366 354
4.96432997018064e+003 1.73710310799265e+006 2.85781335178669e-003 6.92576243396225e-001 1.56868571382794e+000 3.93455300449752e-001 8.32330616302523e-004 108068 355
4.96603034525651e+003 1.73712188733222e+006 2.85876129541757e-003 5.44661120226694e-001 1.56398775826289e+000 3.99859172663613e-001 8.32472535976002e-004 109865 356
4.96436973661478e+003 1.73711311986745e+006 2.85781977289741e-003 8.86564277487862e-001 1.56724756416517e+000 4.02569856416786e-001 8.32521128052439e-004 110439 357
4.96382095452138e+003 1.73710668288896e+006 2.85751444796090e-003 1.62617315737313e-001 1.54251138996551e+000 4.03477723475528e-001 8.34547830591688e-004 110728 358
4.97258458370371e+003 1.73709339256384e+006 6.28031741873489e+000 8.40009558346963e-001 -1.57050737006745e+000 4.06523063031505e-001 8.34602545462110e-004 111173 359
4.96398894024049e+003 1.73709928244445e+006 2.85762332550826e-003 8.83161506942634e-001 1.57002798684652e+000 4.06798109824028e-001 8.34651550674550e-004 111246 360
4.96649027722902e+003 1.73712525330554e+006 2.85902052010544e-003 4.60886716184016e-001 1.56235785531175e+000 4.07582299510177e-001 8.34856481840822e-004 111586 361
4.96575756169904e+003 1.73712474433975e+006 2.85859956334436e-003 7.85474890582301e-001 1.56465889477218e+000 4.10479785384050e-001 8.34919902600631e-004 112126 362
4.96503577266545e+003 1.73713478072140e+006 2.85816754564222e-003 5.68902096234730e-001 1.56159084215827e+000 4.10509055391856e-001 8.35048855086349e-004 112167 363
4.96422979986191e+003 1.73711785959967e+006 2.85773141917064e-003 8.84637044612689e-001 1.56628879772332e+000 4.11001551247575e-001 8.35097680172104e-004 112353 364
4.96440102919551e+003 1.73710482531182e+006 2.85785143278366e-003 9.14750058287268e-001 1.56897334376049e+000 4.11018945928432e-001 8.35143039289145e-004 112390 365
4.96377744133651e+003 1.73711776940543e+006 2.85747116215758e-003 7.11336650915488e-001 1.56580941450240e+000 4.11933339904139e-001 8.35221918014730e-004 112707 366
4.96615102861173e+003 1.73713038523223e+006 2.85881678292414e-003 2.37990188964784e-001 1.55209905438398e+000 4.12478286389228e-001 8.36098969037900e-004 112847 367
4.96391692398728e+003 1.73711308451071e+006 2.85755916356168e-003 4.03912894311713e-001 1.56379600497452e+000 4.12733121461863e-001 8.36372928985518e-004 113031 368
4.96563788064844e+003 1.73712356530044e+006 2.85853260800967e-003 9.94158075347132e-001 1.56533003128147e+000 4.13327938840263e-001 8.36410696832510e-004 113279 369
4.96454736831422e+003 1.73710513110762e+006 2.85793517210759e-003 8.96862928164568e-001 1.56887746711631e+000 4.14481576189721e-001 8.36458070012108e-004 113709 370
4.96363942062260e+003 1.73709484468032e+006 2.85742941820626e-003 1.63520706147551e-001 1.54519593600269e+000 4.14806719247276e-001 8.38460366134677e-004 113761 371
4.96440901051102e+003 1.73712709853736e+006 2.85781938448238e-003 5.33639757221798e-001 1.56283723853267e+000 4.15908885528166e-001 8.38608812971294e-004 113961 372
4.96433837855470e+003 1.73710806348745e+006 2.85781003967455e-003 5.80074024307999e-001 1.56705581087680e+000 4.17065798194381e-001 8.38732369055557e-004 114331 373
4.96435666247095e+003 1.73710479898973e+006 2.85782593568180e-003 7.57861257042712e-001 1.56858983718375e+000 4.19522425823903e-001 8.38800986143715e-004 114873 374
4.96480951895558e+003 1.73711457113414e+006 2.85807055158520e-003 5.51707565426546e-001 1.56552178456984e+000 4.25371228172284e-001 8.38938949892505e-004 116487 375
4.96581028914868e+003 1.73712061472443e+006 2.85863671210104e-003 9.18216205883787e-002 1.48172559755242e+000 4.26812720749966e-001 8.46040068323535e-004 116831 376
4.96595399289688e+003 1.73712784571598e+006 2.85870753700252e-003 5.61915877062228e-001 1.56293311517685e+000 4.26851693959196e-001 8.46172575805359e-004 116845 377
4.96391193048162e+003 1.73709952947636e+006 2.85757858711014e-003 6.60897353010568e-001 1.56926097369304e+000 4.26957873277102e-001 8.46265309028564e-004 116894 378
4.96400187128746e+003 1.73710019654161e+006 2.85762926575871e-003 9.88466715762636e-001 1.57002798684652e+000 4.26987198983077e-001 8.46303557497574e-004 116913 379
4.96484759070744e+003 1.73711016404168e+006 2.85809971908102e-003 6.14643764006415e-001 1.56686405758843e+000 4.27586801725333e-001 8.46412339157444e-004 116978 380
4.96596164447076e+003 1.73713633901955e+006 2.85869796479628e-003 5.59988644187055e-001 1.56120733558153e+000 4.28570740671892e-001 8.46545849971314e-004 117238 381
4.96372081387025e+003 1.73711061345390e+006 2.85745033493461e-003 7.10463373518925e-001 1.56724756416517e+000 4.29405657416482e-001 8.46624942640775e-004 117477 382
4.96660036903438e+003 1.73713119783228e+006 2.85907411160979e-003 2.34195949241787e-001 1.55152379451888e+000 4.30555348403337e-001 8.47533548222565e-004 117774 383
4.96498484562978e+003 1.73712636985762e+006 2.85815206772816e-003 9.87412760284026e-001 1.56475477141636e+000 4.30602007168173e-001 8.47571885878093e-004 117828 384
4.96371564258240e+003 1.73709679858847e+006 2.85747008272954e-003 5.08314712721478e-001 1.56868571382794e+000 4.35168328947153e-001 8.47737096448560e-004 118942 385
4.96392278214682e+003 1.73710047887431e+006 2.85758327228075e-003 3.57809870375933e-001 1.56513827799310e+000 4.35454734297094e-001 8.48094771498267e-004 119153 386
4.96596542785587e+003 1.73713370511193e+006 2.85870447716750e-003 7.49550065268528e-001 1.56274136188849e+000 4.36210056030132e-001 8.48165071475340e-004 119232 387
4.96715856146942e+003 1.73713481248408e+006 2.85938948918827e-003 5.25449017502313e-001 1.56120733558153e+000 4.36412989372307e-001 8.48318654579897e-004 119330 388
4.96390678350448e+003 1.73709785419463e+006 2.85757838003374e-003 2.16459384187460e-001 1.55602999679556e+000 4.36687381306360e-001 8.49399230347668e-004 119435 389
4.96380998276375e+003 1.73711989341459e+006 2.85748640111705e-003 5.80047062318267e-002 1.34807355555895e+000 4.36698546895392e-001 8.68499946479227e-004 119458 390
4.96465141576416e+003 1.73710787073574e+006 2.85799056127759e-003 4.33754890863221e-001 1.56542590792566e+000 4.44518828800347e-001 8.68734146422268e-004 121666 391
4.96447685736274e+003 1.73711996993089e+006 2.85787016880237e-003 2.59792010865179e-001 1.55622175008393e+000 4.46079592204850e-001 8.69457428702659e-004 122114 392
4.96371949366799e+003 1.73709870712499e+006 2.85746916021308e-003 9.22278311705912e-001 1.57021974013489e+000 4.47391083667529e-001 8.69501977320203e-004 122347 393
4.96592274914463e+003 1.73713861038992e+006 2.85867183669431e-003 9.07676651097684e-002 1.47606887554552e+000 4.47517699744087e-001 8.76781965726218e-004 122396 394
4.96568004892557e+003 1.73712560145619e+006 2.85855353196970e-003 8.96652137068846e-001 1.56475477141636e+000 4.51006466658928e-001 8.76829362632498e-004 123078 395
4.96507976436691e+003 1.73711571927119e+006 2.85822423263356e-003 6.42528414669075e-001 1.56590529114658e+000 4.51790923972973e-001 8.76928027458764e-004 123272 396
4.96635524892699e+003 1.73712650359401e+006 2.85894073214585e-003 8.91292020634771e-001 1.56456301812799e+000 4.52217659341022e-001 8.76976053657833e-004 123325 397
4.96379076931279e+003 1.73709814556900e+006 2.85751111505781e-003 1.73458000660162e-001 1.54749697546312e+000 4.53581753420325e-001 8.78734727335815e-004 123535 398
4.96599661825907e+003 1.73714185377812e+006 2.85870902236148e-003 9.57088955513725e-001 1.56159084215827e+000 4.55306044819214e-001 8.78775787172981e-004 123863 399
4.96597605740143e+003 1.73712058816915e+006 2.85873218204751e-003 3.36098387516562e-001 1.56034444578387e+000 4.55455647908719e-001 8.79186256613071e-004 124061 400
4.96507952123967e+003 1.73711632803398e+006 2.85822309103106e-003 7.35969096101293e-001 1.56619292107913e+000 4.55898639679883e-001 8.79259443794230e-004 124101 401
4.96499007564976e+003 1.73713299706029e+006 2.85814417456591e-003 5.08766407926596e-001 1.56139908886990e+000 4.56351433365259e-001 8.79424324931882e-004 124243 402
4.96405227234795e+003 1.73710290940169e+006 2.85765381717850e-003 9.69525630161326e-001 1.56945272698141e+000 4.57132045223280e-001 8.79464236597704e-004 124423 403
4.96424868816392e+003 1.73710168189450e+006 2.85776890657456e-003 3.62627952563866e-001 1.56504240134892e+000 4.59939446360257e-001 8.79811539724891e-004 125154 404
4.96502360622436e+003 1.73711347026585e+006 2.85819560493706e-003 9.23121476088800e-001 1.56724756416517e+000 4.60702722712318e-001 8.79855998600941e-004 125345 405
4.96398090212467e+003 1.73710325778362e+006 2.85761215863595e-003 2.02486945842456e-001 1.55277019089328e+000 4.61582460792809e-001 8.81107371268168e-004 125655 406
4.96400025544387e+003 1.73711442319214e+006 2.85760493224250e-003 9.23452719239221e-001 1.56705581087680e+000 4.62116145990023e-001 8.81151795036374e-004 125802 407
4.96491732530853e+003 1.73712644405524e+006 2.85811307699330e-003 3.91506332677787e-001 1.56082382900479e+000 4.64726020095806e-001 8.81445211013192e-004 126880 408
4.96471111985489e+003 1.73711207954432e+006 2.85801800621562e-003 8.35643171364149e-001 1.56734344080935e+000 4.65884425245907e-001 8.81500556497816e-004 127075 409
4.96597900556718e+003 1.73713713319905e+006 2.85870665187534e-003 7.86047037842118e-001 1.56216610202338e+000 4.66316354554334e-001 8.81563874578660e-004 127153 410
4.96386903023812e+003 1.73711096706879e+006 2.85753507605303e-003 5.81398996909680e-001 1.56648055101169e+000 4.66320981033899e-001 8.81686811756158e-004 127165 411
4.96523522097239e+003 1.73711985742077e+006 2.85830691411340e-003 6.96761952296992e-001 1.56533003128147e+000 4.69222077859202e-001 8.81769365821693e-004 127865 412
4.96665829947413e+003 1.73713671502494e+006 2.85909837912374e-003 6.83331548198130e-001 1.56187847209082e+000 4.69475721737109e-001 8.81855529491347e-004 127889 413
4.96424563725844e+003 1.73711724665839e+006 2.85774154449708e-003 4.43391055239086e-001 1.56370012833033e+000 4.69653872889032e-001 8.82078675189558e-004 127998 414
4.96436903291032e+003 1.73710444091867e+006 2.85783364600550e-003 4.62753723031840e-001 1.56657642765587e+000 4.71214348873152e-001 8.82281797206495e-004 128426 415
4.96433821014070e+003 1.73711310203968e+006 2.85780165360034e-003 8.84817722694736e-001 1.56724756416517e+000 4.71784811136535e-001 8.82330600549443e-004 128519 416
4.96369921273905e+003 1.73710281556561e+006 2.85745072696806e-003 7.52982948827430e-001 1.56897334376049e+000 4.74561254869431e-001 8.82400199495149e-004 129389 417
4.96605145148478e+003 1.73712769842671e+006 2.85876388222469e-003 1.54908384236621e-001 1.53551239494003e+000 4.75111989269788e-001 8.84654934288873e-004 129622 418
4.96447778577503e+003 1.73710440329492e+006 2.85789631322234e-003 6.86433188606611e-001 1.56839808389538e+000 4.76544375404408e-001 8.84740246901974e-004 129855 419
4.96952341829786e+003 1.73713781576233e+006 2.86074588703257e-003 7.35430212879093e-002 1.33508227027192e-001 4.76851109290692e-001 8.86286770497710e-004 130019 420
4.96386622319196e+003 1.73713645261763e+006 2.85749153746029e-003 4.44538500782663e-002 1.15948419644765e+000 4.78618761024287e-001 9.18520346707025e-004 130419 421
4.96453812130887e+003 1.73710788816034e+006 2.85792531298198e-003 5.11024883952190e-001 1.56648055101169e+000 4.79745906883426e-001 9.18683634659647e-004 130759 422
4.96446754280620e+003 1.73711709828855e+006 2.85786953111125e-003 6.59211024244792e-001 1.56571353785821e+000 4.80007231682171e-001 9.18776889475519e-004 130809 423
4.96499606200996e+003 1.73711083020325e+006 2.85818409259437e-003 5.65077743498059e-001 1.56638467436750e+000 4.80011684435374e-001 9.18907774037300e-004 130818 424
4.96566413182413e+003 1.73712079752989e+006 2.85855227427611e-003 3.25016798484317e-001 1.55986506256294e+000 4.80197156728854e-001 9.19349661793942e-004 130898 425
4.96423197978249e+003 1.73712352733949e+006 2.85772335014908e-003 6.32199650978695e-001 1.56427538819544e+000 4.80380807869829e-001 9.19451906800450e-004 130965 426
4.96424479487896e+003 1.73711052057504e+006 2.85775212467052e-003 3.67777277902219e-001 1.56341249839778e+000 4.81716528200659e-001 9.19788598250764e-004 131476 427
4.96393247714336e+003 1.73711722807307e+006 2.85756130079163e-003 4.31887884015397e-001 1.56350837504196e+000 4.82899028122596e-001 9.20025028432023e-004 131714 428
4.96433823885147e+003 1.73710257548318e+006 2.85781898784286e-003 4.38633199078502e-001 1.56657642765587e+000 4.94111709836656e-001 9.20253537547482e-004 134810 429
4.96558883388160e+003 1.73714105498250e+006 2.85847559426288e-003 7.94087212493230e-001 1.56139908886990e+000 4.97525596117016e-001 9.20315453345231e-004 135419 430
4.96381867556217e+003 1.73712324851088e+006 2.85748588626446e-003 9.00205472682446e-001 1.56523415463729e+000 4.98728808943114e-001 9.20362439764420e-004 135671 431
4.96395623260317e+003 1.73709874596578e+006 2.85760537930647e-003 1.09166716464936e-001 1.51115972731712e+000 5.00083918105661e-001 9.25226057146401e-004 136019 432
4.96378018630432e+003 1.73710313785454e+006 2.85749681057854e-003 5.02412562041260e-001 1.56734344080935e+000 5.01618024366465e-001 9.25395567030982e-004 136396 433
4.96435842258216e+003 1.73710451451404e+006 2.85782741692510e-003 8.01979973099913e-002 1.45823581972716e+000 5.03308698307872e-001 9.34937006227781e-004 136929 434
4.96414674134626e+003 1.73710076272204e+006 2.85771173129777e-003 3.00203675216464e-001 1.56274136188849e+000 5.04003947960954e-001 9.35463267480052e-004 137105 435
4.96474826317618e+003 1.73711491015422e+006 2.85803473114713e-003 1.60449178752744e-001 1.54011447386090e+000 5.04045455199751e-001 9.37550562074494e-004 137137 436
4.96412817495949e+003 1.73710950607455e+006 2.85768665971765e-003 2.75239986880238e-001 1.55948155598621e+000 5.04879186836259e-001 9.38187559285979e-004 137548 437
4.96457434143445e+003 1.73711188411997e+006 2.85793958940135e-003 8.59823921344836e-001 1.56743931745354e+000 5.11692615168534e-001 9.38239538211232e-004 139413 438
4.96409612031950e+003 1.73712897637747e+006 2.85763617751315e-003 3.30166123822670e-001 1.55842691290017e+000 5.11746991483591e-001 9.38666398688025e-004 139437 439
4.96553137164906e+003 1.73713425402288e+006 2.85845370678255e-003 8.59131322030320e-001 1.56293311517685e+000 5.12348437667760e-001 9.38718468529091e-004 139662 440
4.96496998638611e+003 1.73713279681318e+006 2.85813293951952e-003 9.33272712721076e-002 1.48201322748497e+000 5.12475382134549e-001 9.45570162256829e-004 139779 441
4.96421806948993e+003 1.73711086173080e+006 2.85773617859323e-003 2.93548699194382e-001 1.56034444578387e+000 5.12990262166700e-001 9.46123016465411e-004 140017 442
4.96634571505151e+003 1.73712421371930e+006 2.85893901251227e-003 5.79020068829389e-001 1.56379600497452e+000 5.13318016854940e-001 9.46247065702195e-004 140125 443
4.96418847915575e+003 1.73710156865112e+006 2.85773443254270e-003 3.65097219685181e-001 1.56513827799310e+000 5.13318069343157e-001 9.46589222353067e-004 140126 444
4.96452996646183e+003 1.73712262536637e+006 2.85789637294947e-003 5.62427798294696e-001 1.56398775826289e+000 5.13747152572465e-001 9.46721465664940e-004 140209 445
4.96445656038868e+003 1.73710631871841e+006 2.85788094325643e-003 2.94331637549921e-001 1.56130321222571e+000 5.17165447553760e-001 9.47271094921909e-004 140974 446
4.96494755096924e+003 1.73714141827503e+006 2.85810583960526e-003 4.13220966561101e-002 1.06571683843501e+000 5.17334559086381e-001 9.83412504181954e-004 141038 447
4.96458525782926e+003 1.73711393059954e+006 2.85794250666684e-003 5.84410298277138e-001 1.56590529114658e+000 5.17447178867254e-001 9.83534051731336e-004 141085 448
4.96583457747756e+003 1.73711722197231e+006 2.85865627711535e-003 7.68253397784385e-002 1.44538834940642e+000 5.18247297652965e-001 9.94005258083796e-004 141210 449
4.96596579237791e+003 1.73713243456602e+006 2.85870677786402e-003 8.25886554933586e-001 1.56322074510941e+000 5.19247112187445e-001 9.94062050894295e-004 141502 450
4.96600846252047e+003 1.73712486076343e+006 2.85874380511413e-003 3.15169843012729e-001 1.55861866618854e+000 5.19986223636448e-001 9.94534875696852e-004 141548 451
4.96518834521339e+003 1.73711997683002e+006 2.85827973309937e-003 9.10386822328396e-002 1.48038332453383e+000 5.21774018854358e-001 1.00177016798428e-003 142182 452
4.96609486439904e+003 1.73714176678033e+006 2.85876572126709e-003 8.05593534740862e-002 1.45162033127842e+000 5.22017799957153e-001 1.01121043118653e-003 142234 453
4.96365270461359e+003 1.73709383113156e+006 2.85743873262009e-003 4.36495175107607e-001 1.56830220725120e+000 5.22173297069008e-001 1.01144141128342e-003 142374 454
4.96419110505780e+003 1.73712434888637e+006 2.85769846872258e-003 1.95259822560557e-001 1.54720934553056e+000 5.22328396741941e-001 1.01279679266518e-003 142423 455
4.96504791082998e+003 1.73712044255908e+006 2.85819812424294e-003 9.59377544552993e-001 1.56590529114658e+000 5.24030093582230e-001 1.01283763856727e-003 142942 456
4.96546832245904e+003 1.73712574772550e+006 2.85843140905881e-003 7.30247623503123e-001 1.56427538819544e+000 5.25088009758469e-001 1.01291209241139e-003 143316 457
4.96489594992379e+003 1.73710876731056e+006 2.85812985582166e-003 8.37269274102576e-001 1.56801457731864e+000 5.26290492910343e-001 1.01296720181049e-003 143776 458
4.96549653746323e+003 1.73711788562751e+006 2.85846058837905e-003 3.24745781361245e-001 1.56044032242805e+000 5.28279301108095e-001 1.01340990399603e-003 144367 459
4.96364219567179e+003 1.73709527283483e+006 2.85743031142837e-003 8.23628078907992e-001 1.57069912335582e+000 5.28331746934835e-001 1.01346704161986e-003 144385 460
4.96410144241901e+003 1.73711368049231e+006 2.85766440358346e-003 3.84369548436912e-001 1.56322074510941e+000 5.29271108633973e-001 1.01377258331987e-003 144778 461
4.96451496475731e+003 1.73711554041310e+006 2.85789939311127e-003 8.90569308306581e-001 1.56676818094424e+000 5.31515420254795e-001 1.01382069584804e-003 145334 462
4.96399996449200e+003 1.73710816361721e+006 2.85761506191991e-003 7.91286702221494e-001 1.56801457731864e+000 5.32044837208027e-001 1.01388309727284e-003 145463 463
4.96507468992681e+003 1.73712825396277e+006 2.85820068735839e-003 6.30904791390688e-001 1.56331662175359e+000 5.32214377773562e-001 1.01398580382006e-003 145610 464
4.97261935785295e+003 1.73709414585290e+006 6.28031739995783e+000 9.61093986332444e-001 -1.57041149342326e+000 5.32589190666991e-001 1.01402648989275e-003 145807 465
4.96406736412540e+003 1.73711539819821e+006 2.85764196027564e-003 4.12434877181619e-001 1.56350837504196e+000 5.32767480122927e-001 1.01428814988020e-003 145850 466
4.96423650236011e+003 1.73714211345185e+006 2.85769537826523e-003 5.10181719569302e-001 1.55957743263039e+000 5.35661428430996e-001 1.01445202333053e-003 146677 467
4.96578565539860e+003 1.73713030062961e+006 2.85860659237883e-003 4.94583178485870e-001 1.56178259544664e+000 5.36280472896785e-001 1.01462748671447e-003 146756 468
4.96456830255453e+003 1.73714218964863e+006 2.85788625483285e-003 7.45063226231016e-001 1.56101558229316e+000 5.36729604794149e-001 1.01469872033825e-003 146847 469
4.96417832550332e+003 1.73710346336018e+006 2.85772547043096e-003 6.29579818789006e-001 1.56830220725120e+000 5.37073193236076e-001 1.01480190558036e-003 146920 470
4.96604152930048e+003 1.73712085573006e+006 2.85876943131714e-003 5.78357582528548e-001 1.56446714148381e+000 5.41340441192570e-001 1.01492626819424e-003 147768 471
4.97256078515003e+003 1.73709478118019e+006 6.28031743472329e+000 8.79156476123915e-001 -1.57069912335582e+000 5.42216181540826e-001 1.01497576590315e-003 148152 472
4.96405260446593e+003 1.73710328883160e+006 2.85765338418287e-003 4.35802575793092e-001 1.56638467436750e+000 5.43103752893269e-001 1.01520755282286e-003 148329 473
4.96761152203461e+003 1.73713920792452e+006 2.85964300292610e-003 4.50046031261168e-001 1.55938567934202e+000 5.44894228676444e-001 1.01542349484355e-003 148761 474
4.96452844129020e+003 1.73710572450832e+006 2.85792330019869e-003 3.46156134083871e-001 1.56370012833033e+000 5.46678727293396e-001 1.01580819404906e-003 149159 475
4.96364153764068e+003 1.73709439871344e+006 2.85743137049668e-003 2.26487017741095e-001 1.55804340632344e+000 5.46996166323578e-001 1.01678633195198e-003 149309 476
4.96443312142928e+003 1.73710562431669e+006 2.85786859267680e-003 6.77158380394841e-001 1.56811045396283e+000 5.48242145944133e-001 1.01687423634132e-003 149805 477
4.96366481847118e+003 1.73709656013369e+006 2.85744121713640e-003 7.78850027573894e-001 1.57031561677908e+000 5.49490887582319e-001 1.01693885117000e-003 149963 478
4.96570021307027e+003 1.73713144612439e+006 2.85855552190202e-003 6.43070448915218e-001 1.56274136188849e+000 5.49513005071521e-001 1.01703733111310e-003 150005 479
4.96365916662882e+003 1.73709743563823e+006 2.85743652339546e-003 3.76449825840497e-001 1.56628879772332e+000 5.49948599437479e-001 1.01735719901469e-003 150262 480
4.96635975294575e+003 1.73713342448656e+006 2.85893193470310e-003 2.54401781417430e-001 1.55305782082583e+000 5.50083944409678e-001 1.01811458634995e-003 150347 481
4.96378639390131e+003 1.73709774706829e+006 2.85750925179955e-003 7.63251486490462e-001 1.57002798684652e+000 5.51510525420797e-001 1.01818214200616e-003 150569 482
4.96401341207730e+003 1.73710407861318e+006 2.85762952321862e-003 3.13754531370024e-001 1.56274136188849e+000 5.53067515961774e-001 1.01865969172129e-003 150959 483
4.96439332064438e+003 1.73712275449564e+006 2.85781749899705e-003 5.53905815424790e-001 1.56389188161870e+000 5.55750373836886e-001 1.01879645241912e-003 151849 484
4.96432079393685e+003 1.73712021007014e+006 2.85777993415226e-003 1.28198141107270e-001 1.52333606112857e+000 5.55893249229720e-001 1.02221389786331e-003 151975 485
4.96393987052907e+003 1.73711444599637e+006 2.85757013339146e-003 3.65277897767229e-001 1.56254960860012e+000 5.56926349904878e-001 1.02255567614193e-003 152494 486
4.96525272319490e+003 1.73713324272974e+006 2.85829496509719e-003 2.41694089646757e-001 1.55190730109561e+000 5.56951223351662e-001 1.02340342642987e-003 152518 487
4.96515686313510e+003 1.73711818273877e+006 2.85826456209107e-003 1.67525736966270e-001 1.54174437681204e+000 5.59997521507297e-001 1.02530174025787e-003 153230 488
4.96405010050407e+003 1.73712089016632e+006 2.85762298780595e-003 2.36213521157984e-001 1.55382483397931e+000 5.60905811210426e-001 1.02619339698077e-003 153470 489
4.96569641836536e+003 1.73711767371085e+006 2.85857600083730e-003 5.82543291429314e-001 1.56513827799310e+000 5.60966226207835e-001 1.02631580269467e-003 153479 490
4.96474394122607e+003 1.73713266385196e+006 2.85800303390004e-003 4.23606805254888e-001 1.56024856913968e+000 5.63515336187176e-001 1.02656251345555e-003 154089 491
4.96399244240000e+003 1.73710527933433e+006 2.85761547645711e-003 5.45895753787352e-001 1.56734344080935e+000 5.63715742537751e-001 1.02670373037386e-003 154219 492
4.96376977939297e+003 1.73710762580511e+006 2.85748343716365e-003 4.67421240151400e-001 1.56600116779077e+000 5.63814342659423e-001 1.02690241630963e-003 154295 493
4.96419525345444e+003 1.73711975297011e+006 2.85770841739427e-003 6.51231075621029e-001 1.56513827799310e+000 5.65195179601027e-001 1.02699820329103e-003 154769 494
4.96366443507746e+003 1.73709529689133e+006 2.85744307439235e-003 5.82362613347267e-001 1.56964448026978e+000 5.66744204252652e-001 1.02712069444797e-003 155168 495
4.96463966141611e+003 1.73713976416247e+006 2.85793132317230e-003 2.20735432129250e-001 1.54816811197241e+000 5.68734782168612e-001 1.02815560063995e-003 155591 496
4.96533435415673e+003 1.73711527316290e+006 2.85837152440194e-003 5.80348192455013e-002 1.34922407528916e+000 5.68735055473520e-001 1.04723947823395e-003 155594 497
4.96605624057892e+003 1.73712051849717e+006 2.85877845499966e-003 2.46873527998785e-001 1.55497535370952e+000 5.70933550140574e-001 1.04804863447449e-003 156297 498
4.96441156256671e+003 1.73710369117946e+006 2.85785936233294e-003 5.31832976401324e-001 1.56753519409772e+000 5.72552612085225e-001 1.04819819700618e-003 156611 499
4.96501607131775e+003 1.73711868376241e+006 2.85818268932164e-003 4.44237370645917e-002 1.16303163228248e+000 5.72819784717174e-001 1.08052961058817e-003 156872 500
4.96382778695552e+003 1.73710090470897e+006 2.85752788616775e-003 4.53478914820070e-001 1.56715168752098e+000 5.74178867935749e-001 1.08074198500185e-003 157221 501
4.96530849893841e+003 1.73711981255827e+006 2.85834917118566e-003 8.45309448753689e-001 1.56580941450240e+000 5.74646801955921e-001 1.08079594733297e-003 157291 502
4.96567661181695e+003 1.73711723631841e+006 2.85856531872935e-003 8.70212911062565e-001 1.56638467436750e+000 5.75010058297120e-001 1.08084657061740e-003 157481 503
4.96586409174047e+003 1.73712354508708e+006 2.85866286185627e-003 9.91237113020698e-001 1.56533003128147e+000 5.78997714459195e-001 1.08088458374355e-003 158861 504
4.96389128442011e+003 1.73713920896176e+006 2.85750143006779e-003 7.99085972763210e-001 1.56178259544664e+000 5.80143740760363e-001 1.08094565084912e-003 159412 505
4.96592725970136e+003 1.73712615648667e+006 2.85869492767607e-003 3.51666815586319e-001 1.55976918591876e+000 5.80315625622603e-001 1.08131719911092e-003 159489 506
4.96429357985867e+003 1.73711889216668e+006 2.85776643617093e-003 3.29714428617551e-001 1.56044032242805e+000 5.83261941332404e-001 1.08174535695976e-003 160386 507
4.96458158292986e+003 1.73711048343990e+006 2.85794606249193e-003 9.64195626740926e-001 1.56791870067446e+000 5.84457545077248e-001 1.08178575548861e-003 160625 508
4.96457071616224e+003 1.73711475423169e+006 2.85793278052254e-003 1.77432918465206e-001 1.54519593600269e+000 5.84481412691126e-001 1.08345882172047e-003 160669 509
4.96593170702554e+003 1.73713957216156e+006 2.85867541063464e-003 2.33834593077692e-001 1.54979801492355e+000 5.85963802093245e-001 1.08437048753110e-003 161148 510
4.96497577758322e+003 1.73712461050371e+006 2.85814974233432e-003 3.60008120374177e-001 1.56034444578387e+000 5.90989899370257e-001 1.08472336174151e-003 162575 511
4.96451091856893e+003 1.73710959641285e+006 2.85790684290427e-003 8.04991274467371e-002 1.45804406643880e+000 5.92488560059353e-001 1.09418624835316e-003 162995 512
4.96789066354168e+003 1.73713839600549e+006 2.85980502859476e-003 5.63541979800655e-001 1.56082382900479e+000 5.95249926428420e-001 1.09431791364231e-003 163837 513
4.96365964493604e+003 1.73710216189066e+006 2.85742902436070e-003 6.92817147505622e-001 1.56887746711631e+000 5.96150137154500e-001 1.09440150645013e-003 164174 514
4.96398288034648e+003 1.73711165287286e+006 2.85759948727265e-003 8.02579082349462e-001 1.56734344080935e+000 5.97938729351812e-001 1.09446199245014e-003 164465 515
4.96363465488619e+003 1.73709343297992e+006 2.85742899687877e-003 2.31305099929028e-001 1.55881041947691e+000 5.99969240876270e-001 1.09539587452473e-003 165070 516
4.96533204063368e+003 1.73711574908794e+006 2.85836940947820e-003 1.15610901391296e-001 1.51422777993103e+000 6.00652391964537e-001 1.09968371007072e-003 165338 517
4.96364263647803e+003 1.73709830648330e+006 2.85742557503019e-003 6.90558671480028e-001 1.56964448026978e+000 6.08761142559186e-001 1.09976790561784e-003 167154 518
4.96403592024311e+003 1.73712480699919e+006 2.85760838153484e-003 4.82568086029713e-001 1.56274136188849e+000 6.08761142559186e-001 1.09995312553761e-003 167154 519
4.96592464764534e+003 1.73711892399224e+006 2.85870532612811e-003 8.95357277480839e-001 1.56609704443495e+000 6.09064752269766e-001 1.10000067371669e-003 167382 520
4.96422723623964e+003 1.73710299241669e+006 2.85775440144829e-003 2.26547243768444e-001 1.55631762672811e+000 6.09067278492600e-001 1.10097821667025e-003 167395 521
4.96370125692381e+003 1.73709869758269e+006 2.85745867760282e-003 7.63161147449438e-001 1.56983623355815e+000 6.09514232048991e-001 1.10104578990967e-003 167569 522
4.96395251468717e+003 1.73711107415773e+006 2.85758295886251e-003 1.34702552060979e-001 1.52928041306803e+000 6.10056746327619e-001 1.10411148886319e-003 167740 523
4.96371213743683e+003 1.73709554848624e+006 2.85747012129583e-003 1.46687531503461e-001 1.53858044755394e+000 6.10965424951936e-001 1.10665386759001e-003 168188 524
4.96492878221811e+003 1.73711168262384e+006 2.85814395953635e-003 3.56424671746902e-001 1.56283723853267e+000 6.11250727226734e-001 1.10701460224863e-003 168241 525
4.96483668029521e+003 1.73710786441408e+006 2.85809722194540e-003 4.74651514457241e-002 1.22678960066530e+000 6.11995592555818e-001 1.13567519747536e-003 168476 526
4.96467223160707e+003 1.73710590092990e+006 2.85800578506373e-003 1.83515747227471e-001 1.54845574190497e+000 6.12763171266873e-001 1.13722880375097e-003 168550 527
4.96481137543441e+003 1.73711445043521e+006 2.85807181887524e-003 6.88782003673228e-001 1.56638467436750e+000 6.14323512748172e-001 1.13731347705897e-003 169029 528
4.96372712401872e+003 1.73709650092571e+006 2.85747718187479e-003 4.99946445943888e-002 1.26849594088565e+000 6.15323892965436e-001 1.16324004868908e-003 169320 529
