1.32964106262209e+005 1.73202428093384e+006 7.66177627705625e-002 1.94506997218692e-001 9.25545184636982e-001 3.25406348222470e-002 1.09242621804135e-006 8998 1
1.32962977189932e+005 1.73201390292099e+006 7.66175719953681e-002 3.02010456036939e-001 1.39486135792108e+000 5.31661402897695e-002 1.60378532367887e-006 14963 2
1.32964468632598e+005 1.73201962147495e+006 7.66181760737020e-002 3.83074688848905e-001 1.47798640842921e+000 1.64714764893915e-001 1.91028778013783e-006 45753 3
1.32971568538841e+005 1.73201056178654e+006 6.20655734951385e+000 8.13359541244961e-001 -1.56139908886990e+000 1.83054667412027e-001 1.96902182005186e-006 51042 4
1.32966125881920e+005 1.73203645831120e+006 7.66183854079972e-002 2.06130620497080e-001 1.07185294366283e+000 2.18869168046711e-001 3.02573112179538e-006 61052 5
1.32972911964908e+005 1.73202827859437e+006 6.20655735912541e+000 7.72586520729581e-001 -1.56465889477218e+000 2.34923289897603e-001 3.09150278678382e-006 65849 6
1.32969763225105e+005 1.73205048621386e+006 7.66198550176924e-002 6.17173257155080e-001 1.55861866618854e+000 2.92429116360409e-001 3.19929884326022e-006 81730 7
1.32973640647640e+005 1.73205163656799e+006 6.20655797015789e+000 9.15141527465037e-001 -1.55564649021882e+000 3.27229928928867e-001 3.24461015909496e-006 91120 8
1.32962987736235e+005 1.73201381249105e+006 7.66175820333683e-002 2.90567510840599e-001 1.37654891888180e+000 3.84584314513597e-001 3.79941688318465e-006 106783 9
1.32963099820919e+005 1.73201235159819e+006 7.66177107394689e-002 5.42583322283148e-001 1.54414129291665e+000 4.01290060262349e-001 3.94248742639275e-006 111258 10
1.32965538660872e+005 1.73202544944777e+006 7.66185334448503e-002 6.97002856406388e-001 1.56964448026978e+000 5.96045986221666e-001 4.02497990997499e-006 166130 11
1.32962336581746e+005 1.73200651255419e+006 7.66175299421797e-002 3.47450993671878e-001 1.44912753852962e+000 6.34173045936513e-001 4.40372098714145e-006 176133 12
1.32968144068747e+005 1.73204092721302e+006 7.66193468753177e-002 6.27592359886484e-001 1.56034444578387e+000 6.35451167148245e-001 4.50762113053350e-006 176471 13
1.32971576844750e+005 1.73201159741640e+006 6.20655739038265e+000 7.09198626944593e-001 -1.57050737006745e+000 6.42288132585417e-001 4.58702493786614e-006 178180 14
1.32968125573742e+005 1.73204471608455e+006 7.66191693090612e-002 1.92971233521289e-001 8.84701734214301e-001 6.46288678267459e-001 5.66357507569530e-006 179739 15
1.32963585534913e+005 1.73201769733966e+006 7.66177539785373e-002 4.50136370302192e-001 1.51451540986358e+000 7.21643973701754e-001 5.87909403331842e-006 201024 16
1.32971913608686e+005 1.73202681612759e+006 6.20655786771243e+000 7.19437051593950e-001 -1.56954860362560e+000 8.28374633793854e-001 5.95603297269458e-006 231704 17
1.32965455791607e+005 1.73202710401809e+006 7.66184129739028e-002 5.83175664716481e-001 1.55277019089328e+000 8.58964524216743e-001 6.07812898100469e-006 240538 18
1.32971618367642e+005 1.73204227480284e+006 6.20655871835985e+000 9.94097849319782e-001 -1.55209905438398e+000 8.70139463809565e-001 6.11589582398913e-006 243273 19
1.32966946177853e+005 1.73203741859713e+006 7.66188139217917e-002 2.65182240312929e-001 1.32525491424299e+000 8.89211731576466e-001 6.78656337549346e-006 248247 20
1.32966003187806e+005 1.73205266706353e+006 7.66176007844868e-002 7.02272633799440e-001 1.57002798684652e+000 9.34275879593588e-001 6.86770018514642e-006 260194 21
1.32971753821422e+005 1.73201573382341e+006 6.20655747107682e+000 9.13575650753959e-001 -1.55545473693045e+000 9.53794925595337e-001 6.91318240452910e-006 265138 22
1.32967452819977e+005 1.73204656380282e+006 7.66187017527248e-002 3.95541476510180e-001 1.48604004654073e+000 9.65234156260870e-001 7.19903783803349e-006 268245 23
1.32963419424231e+005 1.73201717516819e+006 7.66176816430798e-002 3.94878990209339e-001 1.48584829325236e+000 1.01182379995134e+000 7.48594472604556e-006 279914 24
1.32967862188450e+005 1.73205229233770e+006 7.66186843010695e-002 5.07953356557383e-001 1.53464950514237e+000 1.04102442245793e+000 7.65130625294702e-006 288824 25
1.32971887906317e+005 1.73201462925334e+006 6.20655734544088e+000 7.90473650852281e-001 -1.56312486846522e+000 1.04668975928508e+000 7.71384737077463e-006 290534 26
1.32971704289405e+005 1.73204155414179e+006 6.20655863728764e+000 8.22182654251612e-001 -1.56101558229316e+000 1.13513792120542e+000 7.77120347415701e-006 315661 27
1.32966143953707e+005 1.73203037295170e+006 7.66186639214426e-002 3.21011767665598e-001 1.42046042191839e+000 1.18670208400917e+000 8.22021581693042e-006 330983 28
1.32965243651192e+005 1.73202891444237e+006 7.66182114373591e-002 3.03576332748017e-001 1.39706652073733e+000 1.20441972632930e+000 8.72598703053845e-006 335725 29
1.32971997067119e+005 1.73202815388318e+006 6.20655787875819e+000 8.89605691868994e-001 -1.55679700994903e+000 1.22035627060244e+000 8.77420995227152e-006 340298 30
1.32971187341577e+005 1.73200584526494e+006 6.20655736047459e+000 8.08842589193774e-001 -1.56168671880245e+000 1.22705588963346e+000 8.83366816502231e-006 342073 31
1.32969390433723e+005 1.73205045343258e+006 7.66196424919666e-002 5.03075048342101e-001 1.53321135547960e+000 1.27199760518145e+000 9.00256898686774e-006 354188 32
1.32962790190939e+005 1.73200959355869e+006 7.66176545462108e-002 6.08380257162103e-001 1.55746814645833e+000 1.27472329827491e+000 9.11382074234149e-006 355026 33
1.32966038613130e+005 1.73202979155971e+006 7.66186290767507e-002 3.21794706021137e-001 1.42141918836024e+000 1.27822953583233e+000 9.56049783080669e-006 356199 34
1.32971556483781e+005 1.73202593631613e+006 6.20655803392406e+000 7.26965305012594e-001 -1.56878159047212e+000 1.31214055531921e+000 9.63569469105754e-006 365346 35
1.32972303720351e+005 1.73203433241499e+006 6.20655797500631e+000 7.43587688560962e-001 -1.56724756416517e+000 1.35287910402141e+000 9.70724263209156e-006 375914 36
1.32972613886514e+005 1.73203701199938e+006 6.20655791505596e+000 7.87703253594220e-001 -1.56350837504196e+000 1.39327688535498e+000 9.77026886561467e-006 387434 37
1.32964718617861e+005 1.73203535475663e+006 7.66176263027862e-002 3.54376986817031e-001 1.45526364375744e+000 1.41585862203210e+000 1.01331811431448e-005 393713 38
1.32962779598698e+005 1.73201006512994e+006 7.66176276874557e-002 6.24852075642098e-001 1.56015269249550e+000 1.42611187710052e+000 1.02380861501459e-005 396749 39
1.32966273728569e+005 1.73203117614958e+006 7.66187030172349e-002 3.78738414879765e-001 1.47482247917112e+000 1.48600899399668e+000 1.05522678548249e-005 413552 40
1.32971284586830e+005 1.73200917219778e+006 6.20655745126300e+000 8.34257972735118e-001 -1.55996093920713e+000 1.53315094696033e+000 1.06078127811426e-005 427937 41
1.32967795348112e+005 1.73204264008853e+006 7.66190712447759e-002 2.23776846510383e-001 1.18479563051241e+000 1.62019027277751e+000 1.15383768832434e-005 451710 42
1.32964672697605e+005 1.73202628410898e+006 7.66179996248745e-002 5.76309897598676e-001 1.55142791787469e+000 1.64333001193439e+000 1.16636926909460e-005 458105 43
1.32962939459967e+005 1.73201075925920e+006 7.66176888591454e-002 2.12635031450789e-001 1.12122941541795e+000 1.65621449140021e+000 1.26759317965846e-005 461452 44
1.32964703884713e+005 1.73202211026091e+006 7.66182014388231e-002 5.18974719562279e-001 1.53800518768883e+000 1.66684542733157e+000 1.28336840300671e-005 463834 45
1.32966133151942e+005 1.73203542488284e+006 7.66184351168699e-002 5.65017517470710e-001 1.54903100177007e+000 1.67719982376751e+000 1.29645695521040e-005 465999 46
1.32971465853976e+005 1.73201153059412e+006 6.20655745114457e+000 7.30729431721917e-001 -1.56830220725120e+000 1.67925681415751e+000 1.30389167875161e-005 466352 47
1.32973278710577e+005 1.73204228549544e+006 6.20655776584371e+000 8.54825161074856e-001 -1.55890629612110e+000 1.69464641933033e+000 1.30915633406156e-005 470944 48
1.32963191620850e+005 1.73201748506767e+006 7.66175372336265e-002 3.27817308756053e-001 1.80391906033509e-001 1.69787329589189e+000 1.31693669295857e-005 472086 49
1.32962650650395e+005 1.73201085957603e+006 7.66175186676604e-002 1.97066603381031e-001 6.37435868861965e-001 1.71638169661910e+000 1.39600434321506e-005 477437 50
1.32962329035504e+005 1.73200749925524e+006 7.66174821334260e-002 5.30839246950063e-001 1.54126499359111e+000 1.72549927151015e+000 1.41101579304784e-005 480171 51
1.32971154102404e+005 1.73202983803220e+006 6.20655843681094e+000 7.31151013913361e-001 -1.56839808389538e+000 1.72589691014704e+000 1.41844109048611e-005 480225 52
1.32966355432948e+005 1.73205185974786e+006 7.66178385338425e-002 6.09133082503967e-001 1.55727639316996e+000 1.72730517980950e+000 1.42953601086117e-005 480505 53
1.32971506784172e+005 1.73201141365890e+006 6.20655742249856e+000 7.35667965964547e-001 -1.56782282403027e+000 1.79963416484777e+000 1.43686136650630e-005 500629 54
1.32964309622674e+005 1.73202481117443e+006 7.66178561306399e-002 2.73252527977716e-001 1.34347147663808e+000 1.83964110345921e+000 1.49992370201797e-005 512153 55
1.32962885377570e+005 1.73201429331405e+006 7.66175020949614e-002 3.67175017628727e-001 1.46619358119449e+000 1.86540512073852e+000 1.53353068358837e-005 519549 56
1.32966645775058e+005 1.73204792826433e+006 7.66181784120515e-002 6.46744236583516e-001 1.56312486846522e+000 1.88660872213180e+000 1.54325605659143e-005 525891 57
1.32965078595216e+005 1.73202745012232e+006 7.66181812219529e-002 1.91857052015329e-001 7.81250835139012e-001 1.90401763101720e+000 1.64248901902220e-005 530975 58
1.32963244253701e+005 1.73201658983939e+006 7.66176068903268e-002 6.30754226322315e-001 1.56101558229316e+000 1.91508950955231e+000 1.65276486412318e-005 534157 59
1.32971110659425e+005 1.73202413193830e+006 6.20655821030590e+000 8.18900335761083e-001 -1.56111145893735e+000 1.94885050681998e+000 1.65855117840171e-005 544467 60
1.32970932131337e+005 1.73202405408305e+006 6.20655830934605e+000 8.17515137132053e-001 -1.56120733558153e+000 1.96414896049088e+000 1.66435908952090e-005 548813 61
1.32962290206174e+005 1.73200601347182e+006 7.66175253146663e-002 4.87175377121923e-001 1.52851339991455e+000 2.00778690249990e+000 1.68248227882695e-005 560697 62
1.32963573111685e+005 1.73202040168139e+006 7.66176276860857e-002 4.02557808696357e-001 1.49054624881741e+000 2.00780929899392e+000 1.70999341867362e-005 560724 63
1.32968030166235e+005 1.73204945660562e+006 7.66189056656225e-002 7.02935120100280e-001 1.57012386349071e+000 2.07671247463093e+000 1.71809028675611e-005 580739 64
1.32971530037002e+005 1.73201018832484e+006 6.20655735515613e+000 8.04024507005841e-001 -1.56207022537919e+000 2.08859944668033e+000 1.72411479675449e-005 583225 65
1.32966763398961e+005 1.73204305313920e+006 7.66184607363643e-002 2.33924932118716e-001 1.22966589999084e+000 2.11347650304751e+000 1.80997404525721e-005 590307 66
1.32965236424944e+005 1.73203075868468e+006 7.66181260265719e-002 2.21488257471115e-001 1.17329043321024e+000 2.18843345902132e+000 1.90470761437057e-005 610635 67
1.32971158366508e+005 1.73204255370698e+006 6.20655899467655e+000 7.96978061805990e-001 -1.56283723853267e+000 2.19978152341760e+000 1.91084996963272e-005 613782 68
1.32967559870090e+005 1.73204496262455e+006 7.66188337490381e-002 6.74779452314549e-001 1.56686405758843e+000 2.34347666955101e+000 1.91970869560907e-005 654081 69
1.32971973385126e+005 1.73202559766844e+006 6.20655777971019e+000 9.22850458965729e-001 -1.55507123035371e+000 2.40123435201798e+000 1.92415693411047e-005 669962 70
1.32965307924441e+005 1.73202764789648e+006 7.66183041367057e-002 3.58592808731472e-001 1.45900283288064e+000 2.47478605505424e+000 1.95953122119672e-005 690575 71
1.32967670281226e+005 1.73205328799351e+006 7.66185302812770e-002 6.37077959193977e-001 1.56168671880245e+000 2.50646031764890e+000 1.96958406646178e-005 699732 72
1.32965493715633e+005 1.73203783058406e+006 7.66179620957389e-002 4.78352264115272e-001 1.52525359401227e+000 2.54407151252637e+000 1.98844811521883e-005 710234 73
1.32966823410639e+005 1.73204221128910e+006 7.66185322757281e-002 2.92404404674748e-001 1.37942521820734e+000 2.59320871177714e+000 2.04319564257792e-005 724701 74
1.32969335402702e+005 1.73204840530489e+006 7.66197011535930e-002 2.91410675223487e-001 1.37769943861202e+000 2.60202278139944e+000 2.09833620940087e-005 727090 75
1.32972200567882e+005 1.73205058047780e+006 6.20655875018033e+000 8.57414880250869e-001 -1.55881041947691e+000 2.61806468627998e+000 2.10356593933194e-005 732059 76
1.32966292518614e+005 1.73204791609039e+006 7.66179761903552e-002 1.93272363658035e-001 8.94097645344401e-001 2.63321985890888e+000 2.21167292255000e-005 736202 77
1.32973239183927e+005 1.73203756359350e+006 6.20655758045905e+000 9.69465404133977e-001 -1.55305782082583e+000 2.63371564964901e+000 2.21566401024062e-005 736391 78
1.32965198431211e+005 1.73204437228731e+006 7.66175043665947e-002 2.10045312274775e-001 1.10272522309030e+000 2.68620444063508e+000 2.31870766014919e-005 751865 79
1.32966870193708e+005 1.73203296351286e+006 7.66189666151850e-002 3.08002945758180e-001 1.40339437925352e+000 2.73850937629526e+000 2.36775281815088e-005 766672 80
1.32971686661482e+005 1.73204761837093e+006 6.20655891462279e+000 9.38479113062836e-001 -1.55449597048860e+000 2.74093514853231e+000 2.37203967370920e-005 767680 81
1.32970362726949e+005 1.73205193105651e+006 7.66201354471593e-002 3.41518729977986e-001 1.44299143330180e+000 2.75619332725209e+000 2.41134597100680e-005 772170 82
1.32971988148477e+005 1.73202950005986e+006 6.20655794319708e+000 7.13173544749637e-001 -1.57021974013489e+000 2.83441691311585e+000 2.41918931257016e-005 794506 83
1.32965952400004e+005 1.73203414629151e+006 7.66183877089116e-002 3.99245377192153e-001 1.48843696264534e+000 2.83945015619626e+000 2.44720029433718e-005 795568 84
1.32962367442988e+005 1.73200755330522e+006 7.66175017970108e-002 2.35761825952865e-001 1.23714427823725e+000 2.85352603083242e+000 2.53181641182486e-005 799878 85
1.32970763564698e+005 1.73204388579233e+006 6.20655927997837e+000 9.10142767195057e-001 -1.55583824350719e+000 2.87397105239230e+000 2.53640248688454e-005 806157 86
1.32962775214781e+005 1.73201185812249e+006 7.66175461660257e-002 4.72450113435054e-001 1.52333606112857e+000 2.90071069998194e+000 2.55578715120781e-005 812031 87
1.32971598184763e+005 1.73201580955172e+006 6.20655756374602e+000 9.15502883629132e-001 -1.55535886028626e+000 2.90502828445958e+000 2.56031432916589e-005 813528 88
1.32962856130349e+005 1.73201004395292e+006 7.66176725483150e-002 4.97383688757606e-001 1.53177320581683e+000 2.95091907647580e+000 2.57763156423814e-005 825860 89
1.32968232868300e+005 1.73204304028187e+006 7.66193047344515e-002 4.09965610060304e-001 1.49466894451735e+000 3.07775106579770e+000 2.60406944784012e-005 858819 90
1.32965238340450e+005 1.73202490352466e+006 7.66183851233408e-002 6.59451928354189e-001 1.56504240134892e+000 3.13805608823901e+000 2.61338740247217e-005 876540 91
1.32963510955843e+005 1.73201668355315e+006 7.66177558424325e-002 6.25785579066010e-001 1.56024856913968e+000 3.20690870625099e+000 2.62384351680667e-005 895322 92
1.32968071182750e+005 1.73204124978216e+006 7.66192908273580e-002 6.49123164663808e-001 1.56350837504196e+000 3.22483168364331e+000 2.63349067774923e-005 899747 93
1.32966352318147e+005 1.73204138707356e+006 7.66182981998689e-002 4.02347017600635e-001 1.49025861888485e+000 3.29550498960144e+000 2.66103289831710e-005 920205 94
1.32970920241435e+005 1.73203393133019e+006 6.20655875141188e+000 7.75417144014992e-001 -1.56446714148381e+000 3.30309287070681e+000 2.66755735149056e-005 921820 95
1.32962165451239e+005 1.73200499257795e+006 7.66174986915266e-002 1.96765473244286e-001 6.42037947782830e-001 3.30757834391751e+000 2.74738361972858e-005 923171 96
1.32964160856474e+005 1.73202375251555e+006 7.66178173901232e-002 3.09117127264139e-001 1.40502428220466e+000 3.31474028980175e+000 2.79605404310655e-005 925122 97
1.32962984846432e+005 1.73201073628564e+006 7.66177159224048e-002 5.20058788054563e-001 1.53838869426557e+000 3.40239490176755e+000 2.81175720932019e-005 950884 98
1.32968292117420e+005 1.73204479705907e+006 7.66192613320547e-002 5.41619705845562e-001 1.54366190969573e+000 3.43952491170811e+000 2.82612013750764e-005 962103 99
1.32972491531814e+005 1.73203584330452e+006 6.20655793378537e+000 8.68466356269440e-001 -1.55804340632344e+000 3.46165519205303e+000 2.83120452661740e-005 967792 100
1.32971712025809e+005 1.73205156073604e+006 6.20655907378187e+000 8.89304561732248e-001 -1.55698876323740e+000 3.47076694210661e+000 2.83603042474779e-005 970352 101
1.32964308058152e+005 1.73202787184794e+006 7.66177203701534e-002 5.24455288051052e-001 1.53944333735160e+000 3.52078665196256e+000 2.85144595863883e-005 984240 102
1.32972339241469e+005 1.73205208209149e+006 6.20655873675388e+000 9.81450383576459e-001 -1.55267431424909e+000 3.54518938003014e+000 2.85533058282518e-005 990926 103
1.32970481413056e+005 1.73204679459560e+006 6.20655957009859e+000 7.68491150869838e-001 -1.56513827799310e+000 3.55120464594760e+000 2.86198512568583e-005 992579 104
1.32971210947571e+005 1.73202395006790e+006 6.20655814472870e+000 7.42744524178073e-001 -1.56724756416517e+000 3.60625852766937e+000 2.86915780064680e-005 1007641 105
1.32972657672179e+005 1.73203636302795e+006 6.20655786132715e+000 9.62479184961475e-001 -1.55334545075838e+000 3.68502827811610e+000 2.87321291962794e-005 1029456 106
1.32966308264922e+005 1.73204103938420e+006 7.66182882348120e-002 4.14603014166188e-001 1.49725761391034e+000 3.74063464334100e+000 2.89900960539810e-005 1044882 107
1.32963988442035e+005 1.73201836328053e+006 7.66179558950538e-002 6.95677883804707e-001 1.56954860362560e+000 3.79553901846911e+000 2.90729345724368e-005 1059365 108
1.32963884080757e+005 1.73201716085949e+006 7.66179489765771e-002 5.83777924989972e-001 1.55296194418165e+000 3.79602564687928e+000 2.91947540557291e-005 1059459 109
1.32964523998712e+005 1.73202080942318e+006 7.66181555076062e-002 6.57073000273897e-001 1.56475477141636e+000 3.80206574193355e+000 2.92886772382818e-005 1061102 110
1.32970883280459e+005 1.73202572633753e+006 6.20655841107358e+000 7.09288965985617e-001 -1.57060324671163e+000 3.83303344323135e+000 2.93680587998527e-005 1069361 111
1.32971155447630e+005 1.73200606862424e+006 6.20655738862376e+000 7.34252654321842e-001 -1.56791870067446e+000 3.84253537348179e+000 2.94416233766594e-005 1071764 112
1.32971244269398e+005 1.73201077772322e+006 6.20655754515370e+000 7.22960274193875e-001 -1.56906922040468e+000 3.90650852783641e+000 2.95177397858193e-005 1090241 113
1.32973019298472e+005 1.73202945496247e+006 6.20655734935619e+000 9.41791544567039e-001 -1.55420834055605e+000 4.05378925083273e+000 2.95602771337761e-005 1132208 114
1.32964654896494e+005 1.73203772734966e+006 7.66174851858174e-002 5.58874462681096e-001 1.54768872875149e+000 4.05742556172037e+000 2.96943445847608e-005 1133272 115
1.32966702401426e+005 1.73203583322595e+006 7.66187438575845e-002 6.36837055084580e-001 1.56178259544664e+000 4.08529686904008e+000 2.97949568056840e-005 1141652 116
1.32962425110632e+005 1.73200692875438e+006 7.66175624170111e-002 3.64013151192896e-001 1.46370078844569e+000 4.10525803003145e+000 3.01373915281742e-005 1147694 117
1.32964178159117e+005 1.73202652234755e+006 7.66177052742502e-002 1.92911007493940e-001 8.83263584551530e-001 4.13524697675560e+000 3.12134115421487e-005 1155219 118
1.32963170861143e+005 1.73201574693219e+006 7.66176019056843e-002 3.69011911462876e-001 1.46763173085726e+000 4.15731241818799e+000 3.15458617833275e-005 1161157 119
1.32964535963509e+005 1.73203479910963e+006 7.66175459474273e-002 6.71858489988115e-001 1.56657642765587e+000 4.23662244323835e+000 3.16352984586625e-005 1183558 120
1.32971160007904e+005 1.73201805224973e+006 6.20655791407641e+000 9.19718705543573e-001 -1.55516710699789e+000 4.27811262694995e+000 3.16801148213919e-005 1195736 121
1.32972171867174e+005 1.73203031463847e+006 6.20655787364199e+000 8.89906822005740e-001 -1.55679700994903e+000 4.28948651343046e+000 3.17283018511213e-005 1199002 122
1.32965153480630e+005 1.73203120437217e+006 7.66180587803161e-002 4.67933161383868e-001 1.52151440488907e+000 4.34597854670267e+000 3.19262715312492e-005 1214490 123
1.32964731009572e+005 1.73202813421750e+006 7.66179515730069e-002 4.41524048391262e-001 1.51068034409619e+000 4.39674194130163e+000 3.21510971861346e-005 1229395 124
1.32964050023600e+005 1.73202702758465e+006 7.66176094653580e-002 2.13237291724280e-001 1.12506448118534e+000 4.41088403666336e+000 3.31589114197659e-005 1233171 125
1.32972923738755e+005 1.73203726496106e+006 6.20655774835632e+000 7.60932784437519e-001 -1.56571353785821e+000 4.56166168044725e+000 3.32269199256299e-005 1275482 126
1.32962243190176e+005 1.73200564979291e+006 7.66175143532229e-002 6.30212192076173e-001 1.56101558229316e+000 4.56581223013788e+000 3.33298729145417e-005 1276671 127
1.32967978521186e+005 1.73204776937560e+006 7.66189503675759e-002 5.11807822307729e-001 1.53580002487259e+000 4.58416538675272e+000 3.34925137021370e-005 1282408 128
1.32964137166525e+005 1.73202195734258e+006 7.66178828935866e-002 2.42687819098018e-001 1.26188045243690e+000 4.61305310746782e+000 3.42930200364171e-005 1290567 129
1.32963547088871e+005 1.73202220793727e+006 7.66175331604881e-002 1.91857052015329e-001 8.28230390789514e-001 4.62784794203193e+000 3.53312450054658e-005 1294345 130
1.32971248114582e+005 1.73200896436666e+006 6.20655746303906e+000 7.31512370077456e-001 -1.56820633060701e+000 4.62977019571472e+000 3.54054172726038e-005 1294805 131
1.32967736052600e+005 1.73204017315389e+006 7.66191459123701e-002 6.53218534523551e-001 1.56408363490707e+000 4.68868409149603e+000 3.55005636399964e-005 1310800 132
1.32965346650254e+005 1.73202524123086e+006 7.66184324101039e-002 3.40735791622447e-001 1.44241617343669e+000 4.73776805439196e+000 3.58955870687574e-005 1326141 133
1.32968395593808e+005 1.73204463538824e+006 7.66193278481199e-002 5.82874534579735e-001 1.55257843760491e+000 4.73794303613585e+000 3.60178214677387e-005 1326253 134
1.32972156594473e+005 1.73201816985430e+006 6.20655734723987e+000 8.15527678229530e-001 -1.56130321222571e+000 4.79562642190120e+000 3.60762124758952e-005 1341768 135
1.32972237309193e+005 1.73201964997168e+006 6.20655736613422e+000 9.12250678152278e-001 -1.55555061357463e+000 4.81298306274085e+000 3.61218402194368e-005 1346265 136
1.32962350868350e+005 1.73200689595156e+006 7.66175212486614e-002 1.93573493794780e-001 9.03589433118686e-001 4.84488637592612e+000 3.72073788384024e-005 1354927 137
1.32965500662130e+005 1.73202512394247e+006 7.66185259773716e-002 6.09645003736435e-001 1.55756402310251e+000 4.84695392077362e+000 3.73181236096803e-005 1355748 138
1.32967968536532e+005 1.73205082066367e+006 7.66188101876458e-002 2.76444507427221e-001 1.34989521179846e+000 4.85392980303009e+000 3.79337392638632e-005 1358023 139
1.32964529047814e+005 1.73202350780201e+006 7.66180395062173e-002 2.90838527963670e-001 1.37693242545854e+000 4.86934262475284e+000 3.84874509661309e-005 1362828 140
1.32963420700657e+005 1.73201976076839e+006 7.66175684461151e-002 5.79441651020833e-001 1.55209905438398e+000 4.88242610649968e+000 3.86112831171194e-005 1366278 141
1.32971673240210e+005 1.73201217847605e+006 6.20655736065863e+000 9.14960849382989e-001 -1.55535886028626e+000 4.90965917868029e+000 3.86566139207236e-005 1374313 142
1.32971142931826e+005 1.73200881934159e+006 6.20655751702128e+000 7.57379448823919e-001 -1.56580941450240e+000 4.94578377933174e+000 3.87253263903117e-005 1384285 143
1.32970450633905e+005 1.73204976039647e+006 6.20655971844965e+000 8.30162602875376e-001 -1.56053619907224e+000 4.97508446848739e+000 3.87814762753011e-005 1393049 144
1.32965310523468e+005 1.73202699133111e+006 7.66183345589128e-002 1.95410387628930e-001 9.43569993743706e-001 4.99334553268567e+000 3.98773177836709e-005 1398108 145
1.32966835410318e+005 1.73204869993573e+006 7.66182532547905e-002 1.99565983516022e-001 6.03687290108951e-001 5.02114918635954e+000 4.06108942486349e-005 1405830 146
1.32963743523287e+005 1.73202483252758e+006 7.66175302621219e-002 2.11852093095250e-001 1.11576444669942e+000 5.02639193221131e+000 4.16286754104030e-005 1407300 147
1.32963132267780e+005 1.73201292611895e+006 7.66177040480408e-002 4.12464990195293e-001 1.49629884746849e+000 5.06557612699771e+000 4.18895746637869e-005 1418841 148
1.32964045122531e+005 1.73202724991851e+006 7.66175968555932e-002 3.36851212858426e-001 1.70516611682485e-001 5.09622104199077e+000 4.19588896125271e-005 1428377 149
1.32974421283399e+005 1.73205011752874e+006 6.20655745516212e+000 7.57650465946990e-001 -1.56609704443495e+000 5.12139245090144e+000 4.20275481156653e-005 1435239 150
1.32967828463065e+005 1.73204820988193e+006 7.66188448288673e-002 6.95135849558564e-001 1.56926097369304e+000 5.13397545599879e+000 4.21105287732747e-005 1438768 151
1.32962236900808e+005 1.73200535351372e+006 7.66175237982993e-002 4.38813877160550e-001 1.50962570101016e+000 5.17615653416973e+000 4.23384059753392e-005 1449959 152
1.32972356743182e+005 1.73202182146003e+006 6.20655739327044e+000 8.21429828909748e-001 -1.56091970564898e+000 5.27133579732051e+000 4.23958777329497e-005 1476714 153
1.32965763084083e+005 1.73202876038950e+006 7.66185163668824e-002 2.79425695781004e-001 1.35603131702628e+000 5.27697885928861e+000 4.29979534177876e-005 1477883 154
1.32964889035214e+005 1.73202947598799e+006 7.66179831532687e-002 3.52299188873485e-001 1.45344198751793e+000 5.27935730521340e+000 4.33655128981876e-005 1478681 155
1.32968065135017e+005 1.73204457216276e+006 7.66191409607428e-002 4.74196668228180e-001 1.52371956770531e+000 5.29193221334837e+000 4.35577957586261e-005 1482817 156
1.32963079830959e+005 1.73201227210213e+006 7.66177027684831e-002 3.03485993706993e-001 1.39706652073733e+000 5.29525033188719e+000 4.40638982491487e-005 1483931 157
1.32973358243295e+005 1.73203737841501e+006 6.20655750396238e+000 9.71723880159571e-001 -1.55296194418165e+000 5.35529040435397e+000 4.41036052693999e-005 1501715 158
1.32964320930114e+005 1.73202549683818e+006 7.66178324083896e-002 2.84876151256103e-001 1.36638599459822e+000 5.36019874157320e+000 4.46819012864263e-005 1503297 159
1.32964071477568e+005 1.73202328451678e+006 7.66177867101832e-002 6.52977630414154e-001 1.56417951155126e+000 5.43205244772269e+000 4.47771249572743e-005 1523108 160
1.32972077115587e+005 1.73201989692521e+006 6.20655746896398e+000 8.79788849411081e-001 -1.55727639316996e+000 5.43660770680741e+000 4.48265399122326e-005 1524438 161
1.32972684325999e+005 1.73203174517607e+006 6.20655764254128e+000 8.79668397356383e-001 -1.55737226981414e+000 5.45246344319079e+000 4.48759698182054e-005 1529005 162
1.32962471773040e+005 1.73200871730061e+006 7.66175103910745e-002 3.08273962881251e-001 1.40396963911863e+000 5.45275157007981e+000 4.53655208115354e-005 1529075 163
1.32968770719663e+005 1.73204512732362e+006 7.66195214825399e-002 5.77514418145660e-001 1.55152379451888e+000 5.46886211588248e+000 4.54902625538339e-005 1533509 164
1.32967406272058e+005 1.73204162418150e+006 7.66188926908222e-002 2.74457048524699e-001 1.34586839274270e+000 5.47394273217082e+000 4.61151576212108e-005 1534956 165
1.32971003923459e+005 1.73202557124735e+006 6.20655833499335e+000 9.53957202091569e-001 -1.55363308069094e+000 5.48662644984811e+000 4.61565102539353e-005 1538765 166
1.32967985744410e+005 1.73205266368120e+006 7.66187388556581e-002 4.44535349758720e-001 1.51183086382641e+000 5.57768211722295e+000 4.63780141589960e-005 1562422 167
1.32963093211614e+005 1.73201303893702e+006 7.66176766594383e-002 5.62427798294696e-001 1.54864749519333e+000 5.58275102447807e+000 4.65102280993274e-005 1564108 168
1.32966354936671e+005 1.73203258032545e+006 7.66186877558193e-002 4.73413729872641e-001 1.52352781441694e+000 5.58318654638403e+000 4.67032095074100e-005 1564273 169
1.32971619657883e+005 1.73202120316983e+006 6.20655778909500e+000 7.54097130333390e-001 -1.56619292107913e+000 5.61673247770477e+000 4.67725818018895e-005 1574069 170
1.32972419051640e+005 1.73202479339089e+006 6.20655748846740e+000 7.93966760438532e-001 -1.56293311517685e+000 5.66231992081047e+000 4.68345190865524e-005 1586036 171
1.32967209272668e+005 1.73205188360404e+006 7.66183275587630e-002 4.86783907944154e-001 1.52803401669362e+000 5.69903308753766e+000 4.70160680719720e-005 1596709 172
1.32971392907054e+005 1.73200830360752e+006 6.20655735081375e+000 8.05138688511801e-001 -1.56197434873501e+000 5.81311488595874e+000 4.70761298608951e-005 1627285 173
1.32966979746714e+005 1.73203815814852e+006 7.66188006022999e-002 2.76866089618665e-001 1.35085397824030e+000 5.83160663213010e+000 4.76898169525209e-005 1633216 174
1.32971150769671e+005 1.73200642712137e+006 6.20655740710646e+000 8.08902815221123e-001 -1.56168671880245e+000 5.83524997474202e+000 4.77492654265266e-005 1634283 175
1.32963538082933e+005 1.73201678226295e+006 7.66177670633381e-002 5.85765383892494e-001 1.55334545075838e+000 5.84434020409240e+000 4.78701782647067e-005 1636794 176
1.32971282781007e+005 1.73202907920509e+006 6.20655832951491e+000 7.64666798133167e-001 -1.56533003128147e+000 5.99314327366696e+000 4.79374581577333e-005 1678950 177
1.32971120464218e+005 1.73200531109770e+006 6.20655737532223e+000 7.98363260435020e-001 -1.56245373195593e+000 5.99355329864249e+000 4.79986473029353e-005 1678997 178
1.32969360095077e+005 1.73205310013825e+006 7.66195084557734e-002 3.84279209395888e-001 1.47856166829432e+000 6.02901935474733e+000 4.83030563758817e-005 1689078 179
1.32963858818439e+005 1.73202109332470e+006 7.66177611994308e-002 2.95927627274674e-001 1.38536957014679e+000 6.04195825322858e+000 4.88368989366547e-005 1692903 180
1.32972157477348e+005 1.73204956952460e+006 7.66212696341291e-002 2.40790699236520e-001 3.53641002075259e-001 6.06390366955217e+000 4.91329697687109e-005 1699423 181
1.32965070882993e+005 1.73204252713045e+006 7.66175124597936e-002 3.39260253952392e-001 1.44078627048555e+000 6.07307095597094e+000 4.95316983701888e-005 1702164 182
1.32964977706632e+005 1.73202894345568e+006 7.66180575134380e-002 2.98698024532735e-001 1.38968401913511e+000 6.07809435097611e+000 5.00551269693837e-005 1703658 183
1.32964209340066e+005 1.73202548261666e+006 7.66177689850150e-002 4.89072496983422e-001 1.52899278313547e+000 6.08566641269034e+000 5.02348194818983e-005 1705684 184
1.32963497355180e+005 1.73202106631090e+006 7.66175549179470e-002 6.99261332431982e-001 1.56993211020234e+000 6.10798573686690e+000 5.03167269691324e-005 1712474 185
1.32963262654965e+005 1.73201338248736e+006 7.66177587785952e-002 2.33352784858899e-001 1.22765249046297e+000 6.17806694069823e+000 5.11793388180020e-005 1732054 186
1.32971938578810e+005 1.73204052678500e+006 6.20655845754221e+000 8.43833911083634e-001 -1.55957743263039e+000 6.18509795232188e+000 5.12335062216391e-005 1734341 187
1.32971306870588e+005 1.73200723678993e+006 6.20655735318644e+000 9.84973606176385e-001 -1.55219493102817e+000 6.20549188948492e+000 5.12720470859468e-005 1739798 188
1.32966395486718e+005 1.73203684291234e+006 7.66185232069588e-002 2.56810822511396e-001 1.30416205252235e+000 6.22645487109235e+000 5.19877900527880e-005 1745585 189
1.32971325336322e+005 1.73204148936500e+006 6.20655885194115e+000 9.27307184989567e-001 -1.55497535370952e+000 6.23666200561272e+000 5.20318033966654e-005 1748232 190
1.32972046744191e+005 1.73201676956644e+006 6.20655734858645e+000 7.42172376918257e-001 -1.56724756416517e+000 6.26163969784794e+000 5.21036518510766e-005 1755444 191
1.32971504389496e+005 1.73205317149594e+006 7.66207360651001e-002 2.16609949255833e-001 1.14586971297342e+000 6.27374624462209e+000 5.30867332471456e-005 1758825 192
1.32966813279452e+005 1.73205060173717e+006 7.66181567539596e-002 4.46914277839012e-001 1.51288550691244e+000 6.27598659721275e+000 5.33056649945399e-005 1759412 193
1.32963557783538e+005 1.73201693776730e+006 7.66177715190445e-002 2.41242394441639e-001 1.25699074358348e+000 6.29328508700305e+000 5.41154857651027e-005 1764179 194
1.32962763596612e+005 1.73201280237925e+006 7.66174978904352e-002 6.03501948946821e-001 1.55660525666066e+000 6.30840757414043e+000 5.42287242039096e-005 1767977 195
1.32968613946921e+005 1.73204488641125e+006 7.66194421152162e-002 1.99084175297228e-001 9.99082570726646e-001 6.34096207838577e+000 5.53212530712600e-005 1776511 196
1.32964647301215e+005 1.73202918567071e+006 7.66178571963001e-002 3.48655514218861e-001 1.45008630497147e+000 6.34230811338153e+000 5.56971653950858e-005 1776996 197
1.32965640069498e+005 1.73202660015726e+006 7.66185409467257e-002 4.38542860037479e-001 1.50933807107761e+000 6.35212735546554e+000 5.59253485018825e-005 1780384 198
1.32965147934434e+005 1.73204057640255e+006 7.66176426390229e-002 2.20885997197623e-001 1.17003062730796e+000 6.35746712073334e+000 5.68770666097783e-005 1781807 199
1.32972795185158e+005 1.73204299911383e+006 6.20655807481843e+000 7.40184918015734e-001 -1.56763107074190e+000 6.41923022672732e+000 5.69493402632706e-005 1800232 200
1.32964371640386e+005 1.73202214639978e+006 7.66180091457698e-002 2.45307651287707e-001 1.27050935041353e+000 6.44851777195116e+000 5.77332825295371e-005 1808084 201
1.32973463743559e+005 1.73204771148889e+006 6.20655789873706e+000 7.18172305019617e-001 -1.56983623355815e+000 6.47682872032033e+000 5.78105198959241e-005 1816102 202
1.32971847083660e+005 1.73201659754769e+006 6.20655745560714e+000 7.85745907705372e-001 -1.56350837504196e+000 6.51294702096337e+000 5.78738920514783e-005 1826818 203
1.32964090984514e+005 1.73201942260403e+006 7.66179680749178e-002 4.09303123759463e-001 1.49447719122898e+000 6.51913362242585e+000 5.81392093316043e-005 1828779 204
1.32971735274067e+005 1.73202980419446e+006 6.20655810174228e+000 9.06197962403687e-001 -1.55593412015137e+000 6.56416811944753e+000 5.81855104998652e-005 1842017 205
1.32965809854735e+005 1.73204669387907e+006 7.66177530100399e-002 6.84325277649391e-001 1.56801457731864e+000 6.61710614521260e+000 5.82714022264819e-005 1857350 206
1.32963021054753e+005 1.73201300867832e+006 7.66176365761245e-002 5.57158020901645e-001 1.54749697546312e+000 6.71369968269341e+000 5.84063794069075e-005 1882148 207
1.32966336772233e+005 1.73203458161284e+006 7.66185891465670e-002 3.94487521031570e-001 1.48546478667562e+000 6.71557716853412e+000 5.86939036225273e-005 1882683 208
1.32963546292054e+005 1.73202127873991e+006 7.66175736463504e-002 6.65805774239525e-001 1.56590529114658e+000 6.80683241893225e+000 5.87851384959361e-005 1908659 209
1.32965490844343e+005 1.73202520027637e+006 7.66185169786603e-002 3.44018110112976e-001 1.44567597933897e+000 6.86595457807905e+000 5.91720783404909e-005 1924750 210
1.32962804168085e+005 1.73201317740716e+006 7.66175046527347e-002 2.88369260842354e-001 2.36287989593188e-001 6.92110818999456e+000 5.93066754757704e-005 1941785 211
1.32974740060139e+005 1.73205292115174e+006 6.20655739573672e+000 9.52120308257420e-001 -1.55392071062349e+000 6.92892699028767e+000 5.93482040315554e-005 1944523 212
1.32962351302560e+005 1.73200727173416e+006 7.66175049396524e-002 2.62381730041193e-001 1.31873530243843e+000 6.94162364715913e+000 6.00335845884308e-005 1947724 213
1.32972043158619e+005 1.73203149441895e+006 6.20655799950476e+000 7.61535044711011e-001 -1.56561766121403e+000 6.95650396699307e+000 6.01014747910273e-005 1952435 214
1.32965254690840e+005 1.73203506135119e+006 7.66179469223846e-002 6.60746787942196e-001 1.56513827799310e+000 6.97554112673389e+000 6.01942531335221e-005 1958097 215
1.32972027638406e+005 1.73201889187135e+006 6.20655745307418e+000 9.87171856174629e-001 -1.55219493102817e+000 7.03995315242524e+000 6.02326054385596e-005 1975551 216
1.32965337379586e+005 1.73202759135859e+006 7.66183235344765e-002 3.47119750521458e-001 1.44864815530869e+000 7.08411576644846e+000 6.06121198006586e-005 1987246 217
1.32966622750558e+005 1.73204002555096e+006 7.66185134129913e-002 3.46216360111220e-001 1.44768938886685e+000 7.09399803776556e+000 6.09937710804812e-005 1990515 218
1.32972846980230e+005 1.73203002678563e+006 6.20655747346018e+000 8.50217869982645e-001 -1.55909804940947e+000 7.10734313141124e+000 6.10470474317794e-005 1994070 219
1.32971358980473e+005 1.73200788710734e+006 6.20655735193338e+000 7.18985356388831e-001 -1.56945272698141e+000 7.14384154143352e+000 6.11240927410963e-005 2005253 220
1.32969360445272e+005 1.73205074984162e+006 7.66196122187651e-002 6.93630198874836e-001 1.56906922040468e+000 7.22472753525647e+000 6.12074701630006e-005 2025601 221
1.32971005410318e+005 1.73200356381128e+006 6.20655736436467e+000 8.39497637114495e-001 -1.55957743263039e+000 7.23047706269317e+000 6.12622550173241e-005 2027347 222
1.32970715213107e+005 1.73203492409880e+006 6.20655891283865e+000 9.08817794593375e-001 -1.55583824350719e+000 7.23560717696743e+000 6.13082629902495e-005 2029092 223
1.32971307525276e+005 1.73202277658783e+006 6.20655803758546e+000 9.10805253495898e-001 -1.55564649021882e+000 7.31092098770479e+000 6.13540502543525e-005 2050812 224
1.32966324512834e+005 1.73203359574951e+006 7.66186255503738e-002 2.50336524571361e-001 1.28594549012726e+000 7.31848988359594e+000 6.21072575683159e-005 2053176 225
1.32971218831011e+005 1.73202768160717e+006 6.20655830463519e+000 7.83156188529358e-001 -1.56379600497452e+000 7.32541441083213e+000 6.21710917959817e-005 2055527 226
1.32964251195462e+005 1.73202278200731e+006 7.66179120062395e-002 2.12454353368741e-001 1.11988714239937e+000 7.32748291711512e+000 6.31845679757210e-005 2056020 227
1.32967422902621e+005 1.73204790072809e+006 7.66186256721866e-002 5.50262140770166e-001 1.54567531922361e+000 7.33031540932412e+000 6.33232884140674e-005 2056836 228
1.32966352372423e+005 1.73203969254876e+006 7.66183728968032e-002 1.94326319136645e-001 9.21230735648671e-001 7.40135671311987e+000 6.44143851652829e-005 2077382 229
1.32963973790287e+005 1.73202572928841e+006 7.66176229159934e-002 6.98719298185839e-001 1.56983623355815e+000 7.47280708612959e+000 6.44964324985322e-005 2097292 230
1.32971624709388e+005 1.73202360201939e+006 6.20655789190231e+000 7.12751962558193e-001 -1.57021974013489e+000 7.48888031358845e+000 6.45749680132273e-005 2101718 231
1.32968503054919e+005 1.73204231658413e+006 7.66194917021940e-002 6.30784339335990e-001 1.56082382900479e+000 7.51248998425557e+000 6.46777154776604e-005 2107619 232
1.32968720488985e+005 1.73205112875639e+006 7.66192282084154e-002 3.59706990237431e-001 1.45976984603412e+000 7.58724946026170e+000 6.50290824192425e-005 2127886 233
1.32963882844361e+005 1.73201599873463e+006 7.66179994740433e-002 5.36801623657629e-001 1.54270314325388e+000 7.60430922651512e+000 6.51755592341439e-005 2132405 234
1.32966011438369e+005 1.73203073577635e+006 7.66185718737617e-002 6.79356630393085e-001 1.56753519409772e+000 7.62141961913463e+000 6.52628389220529e-005 2136875 235
1.32971542940257e+005 1.73201459936303e+006 6.20655754212709e+000 9.37274592515852e-001 -1.55430421720023e+000 7.62337801406293e+000 6.53058286376794e-005 2137432 236
1.32964251220361e+005 1.73202159613291e+006 7.66179642739539e-002 2.98969041655806e-001 1.39016340235603e+000 7.64761935088523e+000 6.58282597215687e-005 2144539 237
1.32971021358834e+005 1.73200324389226e+006 6.20655734111283e+000 9.06047397335314e-001 -1.55574236686300e+000 7.72598538514422e+000 6.58745776859649e-005 2163811 238
1.32963542574626e+005 1.73202196061086e+006 7.66175414673520e-002 3.26733240263768e-001 1.81638302407910e-001 7.74180215414629e+000 6.59534858827079e-005 2168188 239
1.32966897563690e+005 1.73204494946085e+006 7.66184541853650e-002 3.66392079273188e-001 1.46533069139683e+000 7.76901478827317e+000 6.62911069252020e-005 2175959 240
1.32963619835826e+005 1.73202384684686e+006 7.66175027003856e-002 5.04791490121552e-001 7.50234740745262e-002 7.78200229477138e+000 6.63036809388744e-005 2180224 241
1.32962121385668e+005 1.73200432815524e+006 7.66175026753602e-002 2.76775750577642e-001 1.35094985488449e+000 7.78855364727502e+000 6.69178219509192e-005 2181813 242
1.32973009842916e+005 1.73204191314481e+006 6.20655790375806e+000 9.06107623362663e-001 -1.55602999679556e+000 7.80511437045663e+000 6.69641333412811e-005 2186619 243
1.32963675950796e+005 1.73202200875464e+006 7.66176159008800e-002 1.96163212970794e-001 9.56992723929563e-001 7.80793729610409e+000 6.80612182083374e-005 2187510 244
1.32965744826242e+005 1.73203590780664e+006 7.66181909494296e-002 2.03811918444137e-001 1.05095183523057e+000 7.83631461816149e+000 6.91319816409498e-005 2195158 245
1.32971105621287e+005 1.73201433830687e+006 6.20655778163546e+000 9.07673500073742e-001 -1.55574236686300e+000 7.88143749651275e+000 6.91781172479213e-005 2207681 246
1.32963138888586e+005 1.73201720732640e+006 7.66175192045637e-002 1.91917278042679e-001 8.34654125949889e-001 7.88833470742041e+000 7.02217210074937e-005 2209851 247
1.32964334428235e+005 1.73202344344249e+006 7.66179306349952e-002 4.63506548373705e-001 1.51988450193793e+000 7.89325464384440e+000 7.04238574784766e-005 2211080 248
1.32971806735125e+005 1.73202266403173e+006 6.20655774609084e+000 8.52416119980889e-001 -1.55890629612110e+000 7.91324599780910e+000 7.04768319162494e-005 2216214 249
1.32971278815504e+005 1.73200879660186e+006 6.20655743802456e+000 9.68863143860486e-001 -1.55286606753746e+000 7.91698167936325e+000 7.05167972571015e-005 2217639 250
1.32972420282148e+005 1.73202169064987e+006 6.20655735103627e+000 8.53861544637269e-001 -1.55881041947691e+000 7.96020293360939e+000 7.05695745484709e-005 2229825 251
1.32971478522496e+005 1.73202083447695e+006 6.20655785385680e+000 8.79909301465780e-001 -1.55727639316996e+000 7.97823937510716e+000 7.06189746227855e-005 2234720 252
1.32967320053771e+005 1.73203896293389e+006 7.66189604673846e-002 2.85568750570619e-001 1.36753651432844e+000 7.99437245542861e+000 7.11943263097699e-005 2238743 253
1.32972425021032e+005 1.73204211471617e+006 6.20655824831065e+000 8.48591767244218e-001 -1.55928980269784e+000 8.00428387573256e+000 7.12478276365922e-005 2241613 254
1.32971171510334e+005 1.73205296850450e+006 6.20655944605184e+000 9.47784034288280e-001 -1.55411246391186e+000 8.02509720931361e+000 7.12897754756951e-005 2246517 255
1.32972559910387e+005 1.73202572795070e+006 6.20655744879997e+000 8.51241712447581e-001 -1.55900217276528e+000 8.02639730991479e+000 7.13429108954044e-005 2246865 256
1.32963382660722e+005 1.73201787635833e+006 7.66176296449550e-002 5.81820579101125e-001 1.55257843760491e+000 8.11677197378170e+000 7.14656329588830e-005 2271817 257
1.32962118238409e+005 1.73200410420042e+006 7.66175107371001e-002 6.87276352989500e-001 1.56868571382794e+000 8.11894105069889e+000 7.15507155375472e-005 2272445 258
1.32968568588086e+005 1.73205100581381e+006 7.66191464394806e-002 5.22738846271601e-001 6.99420119327372e-002 8.17577111986332e+000 7.15615719957883e-005 2288962 259
1.32968736243535e+005 1.73204341016603e+006 7.66195773583616e-002 3.78075928578925e-001 1.47424721930601e+000 8.19904748171384e+000 7.18769486150479e-005 2295910 260
1.32962813673591e+005 1.73201067486222e+006 7.66176203789694e-002 3.13212497123882e-001 1.41068100421155e+000 8.26159744737387e+000 7.23502020531880e-005 2313538 261
1.32964255838324e+005 1.73202905386145e+006 7.66176383143362e-002 2.59822123878854e-001 1.31211981398968e+000 8.26930818298294e+000 7.30493162586176e-005 2315749 262
1.32971195614045e+005 1.73201183691519e+006 6.20655761975531e+000 7.95201393999190e-001 -1.56274136188849e+000 8.28783611340029e+000 7.31110420850495e-005 2321068 263
1.32963312808264e+005 1.73201257859656e+006 7.66178229877196e-002 5.83597246907925e-001 1.55296194418165e+000 8.29375173376819e+000 7.32329445557762e-005 2322910 264
1.32966615365683e+005 1.73203509727042e+006 7.66187263300881e-002 2.26547243768444e-001 1.19812248405408e+000 8.29410104452151e+000 7.41434815745568e-005 2322996 265
1.32966958714551e+005 1.73204347412519e+006 7.66185542917753e-002 6.08199579080056e-001 1.55718051652577e+000 8.30739349005383e+000 7.42548056207123e-005 2327204 266
1.32965642389564e+005 1.73203968622194e+006 7.66179656657709e-002 3.38959123815647e-001 1.44049864055300e+000 8.30959909540914e+000 7.46542989009191e-005 2328019 267
1.32971954572614e+005 1.73204616987479e+006 6.20655869702304e+000 7.82493702228517e-001 -1.56398775826289e+000 8.31337710088442e+000 7.47182521710533e-005 2328873 268
1.32971678533501e+005 1.73202297710194e+006 6.20655783347120e+000 8.18779883706385e-001 -1.56111145893735e+000 8.32257978092818e+000 7.47761340426442e-005 2331473 269
1.32964248197522e+005 1.73202573798510e+006 7.66177800359589e-002 5.94889627035892e-001 1.55497535370952e+000 8.43740694493464e+000 7.48930076012326e-005 2363638 270
1.32971766310133e+005 1.73203000499232e+006 6.20655809277659e+000 8.32270513832596e-001 -1.56024856913968e+000 8.44327660029160e+000 7.49488449278122e-005 2365475 271
1.32970738279569e+005 1.73203520617372e+006 6.20655891202867e+000 8.37239161088902e-001 -1.55996093920713e+000 8.50333697588226e+000 7.50039556656052e-005 2383282 272
1.32972755985440e+005 1.73203356452136e+006 6.20655768158094e+000 9.61967263729007e-001 -1.55334545075838e+000 8.52339691499593e+000 7.50445543460305e-005 2389100 273
1.32971647069280e+005 1.73203034490085e+006 6.20655817619591e+000 7.85836246746396e-001 -1.56360425168615e+000 8.52643063084401e+000 7.51079105192141e-005 2389951 274
1.32962745314240e+005 1.73201018923986e+006 7.66176025401261e-002 6.61499613284060e-001 1.56542590792566e+000 8.52926468721322e+000 7.52004568752743e-005 2391041 275
1.32966548590382e+005 1.73205343855665e+006 7.66178798337733e-002 3.54858795035824e-001 1.45555127368999e+000 8.53732379185882e+000 7.55622980642966e-005 2393470 276
1.32963487600241e+005 1.73201614928067e+006 7.66177659785855e-002 2.08087966385927e-001 1.08815197317423e+000 8.54716438843664e+000 7.66063177494544e-005 2396125 277
1.32974153274227e+005 1.73205245223229e+006 6.20655771186933e+000 9.63051332221292e-001 -1.55344132740257e+000 8.60382878144326e+000 7.66468160246636e-005 2411687 278
1.32965288816534e+005 1.73203790818907e+006 7.66178410699078e-002 5.72003736643212e-001 1.55046915143284e+000 8.64270616876983e+000 7.67742142738115e-005 2422863 279
1.32963991839948e+005 1.73202138365043e+006 7.66178247581181e-002 6.40661407821251e-001 1.56245373195593e+000 8.74094917931464e+000 7.68735104994695e-005 2452674 280
1.32963701468701e+005 1.73201763447212e+006 7.66178232922053e-002 1.91766712974306e-001 8.14040647450178e-001 8.77895038423133e+000 7.78991723411273e-005 2463705 281
1.32967673372640e+005 1.73204007209156e+006 7.66191143890362e-002 5.28460318869771e-001 1.54040210379345e+000 8.78377089078088e+000 7.80507736041792e-005 2464917 282
1.32965840239859e+005 1.73203465686100e+006 7.66183008347224e-002 2.15104298572104e-001 4.71952780999176e-001 8.79295072507483e+000 7.85489204735347e-005 2467374 283
1.32971517023673e+005 1.73204997912522e+006 6.20655911601438e+000 8.82107551464024e-001 -1.55737226981414e+000 8.83010683084104e+000 7.85980501805580e-005 2477248 284
1.32962060114352e+005 1.73200400544555e+006 7.66174817263440e-002 1.99325079406625e-001 1.00272588320566e+000 8.88731242922513e+000 7.96902231290815e-005 2493448 285
1.32963463453205e+005 1.73201340768358e+006 7.66178729225549e-002 4.35019637437553e-001 1.50780404477065e+000 8.90445151425288e+000 7.99224695239226e-005 2498471 286
1.32971146718449e+005 1.73201094527187e+006 6.20655760852925e+000 8.66900479558362e-001 -1.55794752967925e+000 8.98801881084111e+000 7.99735156171457e-005 2522354 287
1.32963205275296e+005 1.73201863488565e+006 7.66174944064807e-002 2.08569774604721e-001 1.09189116229743e+000 8.99275038576123e+000 8.10142646602696e-005 2523760 288
1.32966850721377e+005 1.73204284548251e+006 7.66185200068053e-002 2.16670175283182e-001 4.62460993224891e-001 9.00225482651405e+000 8.14953868456948e-005 2526350 289
1.32967977261358e+005 1.73204494114095e+006 7.66190742655415e-002 6.36656377002533e-001 1.56168671880245e+000 9.01833786431956e+000 8.15960618063538e-005 2530537 290
1.32971654570283e+005 1.73201756875619e+006 6.20655760890286e+000 7.94508794684674e-001 -1.56283723853267e+000 9.02159298893248e+000 8.16579061207140e-005 2531490 291
1.32971383202186e+005 1.73201047357861e+006 6.20655745200651e+000 7.86378280992538e-001 -1.56341249839778e+000 9.03401585080288e+000 8.17211661710094e-005 2535205 292
1.32972387466470e+005 1.73204487978280e+006 6.20655839170793e+000 9.27849219235709e-001 -1.55497535370952e+000 9.06855574669242e+000 8.17651229685962e-005 2545219 293
1.32966468465514e+005 1.73203339357342e+006 7.66187170839272e-002 3.03666671789040e-001 1.39716239738151e+000 9.12979646503455e+000 8.22705717229467e-005 2563026 294
1.32969857079609e+005 1.73205045817651e+006 7.66199101225638e-002 3.12158541645272e-001 1.40895522461623e+000 9.14769951668449e+000 8.27472140010555e-005 2567539 295
1.32974148407138e+005 1.73204708205635e+006 6.20655747802581e+000 7.74302962509032e-001 -1.56465889477218e+000 9.15859949662859e+000 8.28126653330014e-005 2570901 296
1.32962475094983e+005 1.73200749820849e+006 7.66175660150701e-002 5.63572092814330e-001 1.54893512512589e+000 9.19966554573447e+000 8.29442902329931e-005 2582441 297
1.32965692551154e+005 1.73203175293822e+006 7.66183440212811e-002 4.99461486701152e-001 1.53225258903775e+000 9.24398249559434e+000 8.31158848280252e-005 2594323 298
1.32970417050585e+005 1.73204447402797e+006 6.20655950478706e+000 8.32451191914644e-001 -1.56034444578387e+000 9.24767637471838e+000 8.31716955521852e-005 2595427 299
1.32964328315949e+005 1.73202680591906e+006 7.66177789656171e-002 2.64820884148834e-001 1.32448790108951e+000 9.26664869915310e+000 8.38442485785651e-005 2601059 300
