3.81298748631409e+005 1.69476382915571e+006 6.06187853838857e+000 7.40576387193504e-001 -1.56072795236061e+000 8.30429683792234e-002 7.21863341967678e-008 21495 1
3.81295182531112e+005 1.69478181016230e+006 2.21297186806178e-001 6.62101873557552e-001 1.55545473693045e+000 2.19613076614324e-001 1.64538053859222e-007 58241 2
3.81293941877767e+005 1.69477658217876e+006 2.21297150608690e-001 4.46462582633893e-001 1.39725827402570e+000 2.48007778953088e-001 3.81024628695822e-007 65956 3
3.81284262436689e+005 1.69473940789665e+006 2.21296411553871e-001 6.28134394132627e-001 1.54145674687948e+000 2.87711949899364e-001 4.84688657075478e-007 77689 4
3.81299018120812e+005 1.69477021698427e+006 6.06187919418600e+000 9.96537003427424e-001 -1.51576180623798e+000 3.34719447703256e-001 5.22202117024258e-007 90983 5
3.81296758238990e+005 1.69478444678248e+006 2.21297738605050e-001 3.36459743680657e-001 1.10656028885769e+000 6.21416366244014e-001 8.88382417596888e-007 171448 6
3.81291569094679e+005 1.69476940903946e+006 2.21296724360764e-001 6.95467092708985e-001 1.56734344080935e+000 7.55269655387242e-001 9.71275753551986e-007 209125 7
3.81288883285915e+005 1.69475477862281e+006 2.21297064574085e-001 4.54382305230307e-001 1.40790058153020e+000 8.51617291818266e-001 1.17992456725045e-006 237253 8
3.81297578166132e+005 1.69477044271097e+006 6.06188003141840e+000 8.09535188508289e-001 -1.54433304620502e+000 9.58950400458023e-001 1.23925260694529e-006 265619 9
3.81294940573443e+005 1.69478368889073e+006 2.21296813533460e-001 4.08490072390249e-001 1.33532196188238e+000 1.19426877995443e+000 1.49913569512470e-006 333320 10
3.81296355740868e+005 1.69478338932196e+006 2.21297646169363e-001 4.95245664786711e-001 1.45344198751793e+000 1.22864260228021e+000 1.67288686703308e-006 342513 11
3.81288889682417e+005 1.69475710614001e+006 2.21296774071018e-001 5.39602133929365e-001 1.49064212546159e+000 1.23513932730389e+000 1.81728848002038e-006 344805 12
3.81292241485253e+005 1.69477150165400e+006 2.21296837578967e-001 3.50070825861566e-001 1.17252342005676e+000 1.24830488891909e+000 2.16322182265824e-006 348359 13
3.81293990777750e+005 1.69474176998978e+006 6.06187842316552e+000 9.64677434959719e-001 -1.51940511871700e+000 1.29351014570497e+000 2.20352286510008e-006 360593 14
3.81291852963183e+005 1.69476446748732e+006 2.21297508178847e-001 3.93072209388865e-001 1.30310740943632e+000 1.41265291523301e+000 2.48402869102445e-006 391092 15
3.81285340599030e+005 1.69474330218976e+006 2.21296525014861e-001 5.63120397609211e-001 1.50665352504044e+000 1.42913904812983e+000 2.61564627154135e-006 395514 16
3.81284139649131e+005 1.69473870333972e+006 2.21296431617895e-001 5.52400164741061e-001 1.49965453001495e+000 1.45890111834977e+000 2.75288364307147e-006 403539 17
3.81288524634956e+005 1.69475420863590e+006 2.21296935166895e-001 5.86367644165986e-001 1.52045976180303e+000 1.59658229972591e+000 2.87338897561669e-006 441567 18
3.81295332448082e+005 1.69478667447894e+006 2.21296656377468e-001 6.98538620103792e-001 1.56830220725120e+000 1.65708362618267e+000 2.95548278627945e-006 458378 19
3.81284622609517e+005 1.69474066741770e+006 2.21296454689777e-001 6.25394109888240e-001 1.54021035050508e+000 1.67084163010456e+000 3.06014482509239e-006 462505 20
3.81298162112323e+005 1.69476316661253e+006 6.06187878407439e+000 8.93369818578317e-001 -1.52928041306803e+000 1.76303573609744e+000 3.10788538524749e-006 488109 21
3.81294719930083e+005 1.69474759153323e+006 6.06187874925664e+000 9.37816626761995e-001 -1.52285667790765e+000 1.79921961055650e+000 3.15077696194916e-006 498188 22
3.81296393823375e+005 1.69476006668992e+006 6.06187938549056e+000 8.27030849453219e-001 -1.54078561037019e+000 1.79988403428042e+000 3.20737316964355e-006 498425 23
3.81287693735444e+005 1.69475442891658e+006 2.21296440676447e-001 4.01684531299794e-001 1.32180335505234e+000 1.94760772567830e+000 3.47614232099178e-006 539298 24
3.81289322935524e+005 1.69475914305194e+006 2.21296760022338e-001 3.74492479951650e-001 1.25603197714164e+000 1.95358926340881e+000 3.78380635174219e-006 541293 25
3.81299076296108e+005 1.69478066665933e+006 6.06188048189449e+000 9.27156619921194e-001 -1.52439070421461e+000 2.05755348318918e+000 3.82779352725642e-006 572871 26
3.81298036904605e+005 1.69476672806410e+006 6.06187930440969e+000 9.49922058259176e-001 -1.52132265160070e+000 2.14639093558805e+000 3.86948866746118e-006 597618 27
3.81294994391208e+005 1.69475083062351e+006 6.06187900439839e+000 7.16335411185468e-001 -1.56763107074190e+000 2.55248622589052e+000 3.94716208137773e-006 713887 28
3.81289195511241e+005 1.69475876331163e+006 2.21296736439758e-001 3.52389527914509e-001 4.99373501236000e-001 2.77518932648939e+000 4.12429645811911e-006 773810 29
3.81295637410620e+005 1.69474994046850e+006 6.06187853078163e+000 8.32360852873620e-001 -1.53973096728416e+000 3.08043597768674e+000 4.18009662259139e-006 857030 30
3.81290908327346e+005 1.69476399761298e+006 2.21297037019054e-001 3.48474836136814e-001 5.15576654103214e-001 3.13484018864529e+000 4.36700671263511e-006 872817 31
3.81293342348967e+005 1.69476856517575e+006 2.21297826888181e-001 5.14728784634163e-001 1.47108329004791e+000 3.14748259044232e+000 4.52692402322523e-006 876312 32
3.81299639807950e+005 1.69478011500421e+006 6.06188009571090e+000 9.14900623355640e-001 -1.52611648380993e+000 3.15142912939168e+000 4.57222154369998e-006 877149 33
3.81299432092250e+005 1.69477499440982e+006 6.06187956535022e+000 7.91316815235169e-001 -1.54826398861660e+000 3.18938750440185e+000 4.63460214696023e-006 887128 34
3.81292518150608e+005 1.69477307199529e+006 2.21296794540526e-001 3.21854932048486e-001 6.85278314310129e-001 3.19277483824292e+000 4.92036484716978e-006 888064 35
3.81300979560488e+005 1.69477827608367e+006 6.06187911092157e+000 8.93008462414222e-001 -1.52937628971221e+000 3.24295681836842e+000 4.96814810784249e-006 904092 36
3.81294039410151e+005 1.69474406803875e+006 6.06187868623187e+000 9.18935767188034e-001 -1.52544534730064e+000 3.32551777025736e+000 5.01300783106226e-006 925889 37
3.81294323673640e+005 1.69474460592816e+006 6.06187859454808e+000 9.69465404133977e-001 -1.51882985885189e+000 3.35728986745685e+000 5.05287110157431e-006 934823 38
3.81302017341903e+005 1.69478329329985e+006 6.06187916204045e+000 7.11577555024885e-001 -1.56916509704886e+000 3.38780544360683e+000 5.13169196478478e-006 944435 39
3.81285967400432e+005 1.69474528689181e+006 2.21296626266208e-001 4.32550370316238e-001 1.37702830210273e+000 3.45719173409682e+000 5.36292262769669e-006 964056 40
3.81302337975317e+005 1.69478457154343e+006 6.06187914348075e+000 9.67176815094709e-001 -1.51921336542863e+000 3.46195992124160e+000 5.40299450809595e-006 965482 41
3.81293441495439e+005 1.69477737705891e+006 2.21296769147038e-001 6.05158164698923e-001 1.50957776268807e-001 3.48487134648497e+000 5.41992321895092e-006 971391 42
3.81291587642604e+005 1.69476659432264e+006 2.21297090431234e-001 6.70413065331735e-001 1.55861866618854e+000 3.65193628092324e+000 5.50977880042911e-006 1017255 43
3.81284482191793e+005 1.69474028224464e+006 2.21296424495789e-001 3.55551394350340e-001 4.87101290780358e-001 3.87676449044602e+000 5.67954561809797e-006 1079479 44
3.81292642537420e+005 1.69477444003716e+006 2.21296691540668e-001 5.41258349681467e-001 1.49179264519181e+000 3.89563251173498e+000 5.82299008476572e-006 1085187 45
3.81292327556882e+005 1.69477460921257e+006 2.21296493264736e-001 3.42181216278827e-001 1.13685730842006e+000 3.97647099381187e+000 6.18102551554957e-006 1107822 46
3.81285150504458e+005 1.69474319687666e+006 2.21296431558668e-001 6.21870887288314e-001 1.53858044755394e+000 4.06705768973006e+000 6.28699108819033e-006 1132570 47
3.81294351961865e+005 1.69477752859781e+006 2.21297261336104e-001 6.52525935209035e-001 1.55171554780725e+000 4.16791142034245e+000 6.38234456223627e-006 1161139 48
3.81299048759789e+005 1.69476417334251e+006 6.06187841331997e+000 9.35287133613330e-001 -1.52324018448439e+000 4.41701394965808e+000 6.42549254534320e-006 1231289 49
3.81292263385667e+005 1.69476462017877e+006 2.21297719388822e-001 6.62734246844718e-001 1.55574236686300e+000 4.46762328574445e+000 6.51765091282082e-006 1244334 50
3.81294587093939e+005 1.69474765522047e+006 6.06187883190877e+000 8.28837630273694e-001 -1.54040210379345e+000 4.56460882397825e+000 6.57397540025659e-006 1270054 51
3.81292503012937e+005 1.69477107650648e+006 2.21297038178244e-001 3.14898825889658e-001 8.25545844752342e-001 4.61998646160195e+000 6.92214698413566e-006 1286443 52
3.81294773066785e+005 1.69477565992582e+006 2.21297733952774e-001 5.27346137363812e-001 1.48134209097568e+000 5.09214722831810e+000 7.07391492937305e-006 1418570 53
3.81286381775004e+005 1.69474719815696e+006 2.21296617491115e-001 3.92500062129048e-001 1.30186101306192e+000 5.10870652683289e+000 7.35522468979312e-006 1422997 54
3.81287156186016e+005 1.69475102609973e+006 2.21296568739196e-001 3.37513699159267e-001 5.68788191625721e-001 5.21236346593689e+000 7.57428574196564e-006 1453342 55
3.81290607590513e+005 1.69476038910588e+006 2.21297324072525e-001 5.64866952402337e-001 1.50770816812647e+000 5.28171271535454e+000 7.70501845738680e-006 1472355 56
3.81285367671214e+005 1.69474320725983e+006 2.21296552214494e-001 5.22407603121181e-001 1.47750702520829e+000 5.37873639494715e+000 7.85990627541264e-006 1499814 57
3.81298591358078e+005 1.69477384512150e+006 6.06187989230414e+000 8.59010869975622e-001 -1.53493713507492e+000 5.63126921714481e+000 7.91196030542817e-006 1569164 58
3.81286114118609e+005 1.69474633408723e+006 2.21296576347778e-001 5.14427654497417e-001 1.47089153675954e+000 5.74922475542882e+000 8.07208055710723e-006 1602001 59
3.81293703153300e+005 1.69477840559999e+006 2.21296786138982e-001 4.06321935405679e-001 1.33110338953825e+000 5.79614611355842e+000 8.33475576489938e-006 1614892 60
3.81296897478913e+005 1.69478418611818e+006 2.21297849740752e-001 3.97559048426377e-001 1.31298270378735e+000 5.88048691911942e+000 8.60907166636732e-006 1639416 61
3.81301211404967e+005 1.69477438328901e+006 6.06187848883258e+000 7.47472267324982e-001 -1.55890629612110e+000 5.89015779838851e+000 8.67979957392882e-006 1642643 62
3.81284694152518e+005 1.69474109619812e+006 2.21296440691367e-001 4.96721202456765e-001 1.45497601382488e+000 5.90405196924182e+000 8.85244828272681e-006 1646930 63
3.81295818112415e+005 1.69477568109567e+006 2.21298318197318e-001 6.88360421481784e-001 1.56494652470473e+000 5.99551480488717e+000 8.93723509386101e-006 1672288 64
3.81284822731763e+005 1.69474140781840e+006 2.21296473530351e-001 3.39531271075464e-001 1.12353045487838e+000 6.12371687457228e+000 9.29916541840896e-006 1708716 65
3.81290644140202e+005 1.69476448401090e+006 2.21296827186013e-001 5.38578291464429e-001 1.48987511230811e+000 6.38697036197143e+000 9.44416266309176e-006 1781564 66
3.81300641612511e+005 1.69478598367026e+006 2.21299725382821e-001 5.28400092842422e-001 1.99183728293710e-001 6.53658840378705e+000 9.47418128048238e-006 1823600 67
3.81293386672371e+005 1.69476864249823e+006 2.21297842011120e-001 3.41789747101057e-001 1.13493977553636e+000 6.61602961349422e+000 9.83279989410378e-006 1846400 68
3.81288065982663e+005 1.69475576859408e+006 2.21296480465041e-001 6.80169681762299e-001 1.56216610202338e+000 6.62796760350932e+000 9.91984743924799e-006 1849216 69
3.81290322370018e+005 1.69475932913448e+006 2.21297297818736e-001 3.24504877251849e-001 1.02228471861934e+000 6.64802926473710e+000 1.02982434258892e-005 1855521 70
3.81297957504481e+005 1.69478302789232e+006 2.21298591417499e-001 5.89981205806935e-001 1.52237729468673e+000 6.79183345468597e+000 1.04171422131968e-005 1896439 71
3.81295167560678e+005 1.69474769304482e+006 6.06187851068106e+000 7.53434644032549e-001 -1.55727639316996e+000 6.79988686504104e+000 1.04866431586296e-005 1898775 72
3.81293419322509e+005 1.69473941473456e+006 6.06187844650394e+000 7.14649082419691e-001 -1.56811045396283e+000 6.82526212234601e+000 1.05647204752617e-005 1906120 73
3.81295315282616e+005 1.69475358542881e+006 6.06187917226933e+000 7.41178647466995e-001 -1.56053619907224e+000 6.83561214328048e+000 1.06367776875755e-005 1909275 74
3.81285573638831e+005 1.69474390418284e+006 2.21296579831636e-001 4.02226565545937e-001 1.32295387478256e+000 6.97403015410010e+000 1.09048288830766e-005 1948482 75
3.81287651645612e+005 1.69475129735151e+006 2.21296812729524e-001 4.53930610025188e-001 1.40732532166509e+000 7.04556382675120e+000 1.11139149318536e-005 1967772 76
3.81284867072024e+005 1.69474163765098e+006 2.21296469392394e-001 3.73498750500388e-001 1.25325155446028e+000 7.15509247221963e+000 1.14231013424376e-005 1999901 77
3.81291749844078e+005 1.69477214254176e+006 2.21296480483114e-001 4.61187846320762e-001 1.41643360286264e+000 7.17091765160116e+000 1.16253122528039e-005 2004433 78
3.81299428249336e+005 1.69476784060957e+006 6.06187866357677e+000 7.96014445368403e-001 -1.54720934553056e+000 7.39289032260332e+000 1.16868843273537e-005 2065414 79
3.81297472852398e+005 1.69475790929464e+006 6.06187850687630e+000 8.81716082286255e-001 -1.53110206930754e+000 7.66851280780856e+000 1.17360277254288e-005 2143056 80
3.81286082397646e+005 1.69474573849903e+006 2.21296633788720e-001 5.21233195587872e-001 1.47654825876644e+000 7.79626622697029e+000 1.18916703092833e-005 2178669 81
3.81287434753922e+005 1.69475088075111e+006 2.21296743556819e-001 6.25875918107033e-001 1.54040210379345e+000 7.88920796042276e+000 1.19961557863036e-005 2205359 82
3.81299567830836e+005 1.69478315676148e+006 6.06188052047721e+000 8.59703469290137e-001 -1.53484125843074e+000 8.06213602791121e+000 1.20481174225938e-005 2252595 83
3.81292915482449e+005 1.69473705424610e+006 6.06187843120625e+000 8.91683489812540e-001 -1.52947216635640e+000 8.19294780418341e+000 1.20960572177060e-005 2287185 84
3.81288576503416e+005 1.69475712358509e+006 2.21296595976831e-001 4.25022116897593e-001 1.36494784493545e+000 8.33505710991046e+000 1.23358070392890e-005 2327658 85
3.81290757014200e+005 1.69476465146466e+006 2.21296869420202e-001 3.15320408081102e-001 7.99179767601550e-001 8.60966806111043e+000 1.26743896553895e-005 2404588 86
3.81294298879737e+005 1.69478185654370e+006 2.21296684670189e-001 6.68967640675356e-001 1.55804340632344e+000 8.62167587159927e+000 1.27646722712917e-005 2408327 87
3.81300878837539e+005 1.69477827663500e+006 6.06187916755919e+000 9.77445352757741e-001 -1.51796696905423e+000 8.67303173429952e+000 1.28038212915390e-005 2422342 88
3.81296267038079e+005 1.69475879893658e+006 6.06187929650613e+000 8.83522863106729e-001 -1.53081443937498e+000 8.75219706970406e+000 1.28527433066958e-005 2444488 89
3.81294943244789e+005 1.69474604074314e+006 6.06187842788025e+000 7.84180030994294e-001 -1.54979801492355e+000 8.85322433052073e+000 1.29163818496128e-005 2471579 90
3.81289467116089e+005 1.69475971208124e+006 2.21296769097966e-001 3.51696928599994e-001 1.17923478514969e+000 8.91614472072165e+000 1.32597653929988e-005 2489337 91
3.81299765021670e+005 1.69477147916967e+006 6.06187893419610e+000 7.56295380331634e-001 -1.55660525666066e+000 8.96425109710241e+000 1.33286886477302e-005 2503731 92
3.81285697449365e+005 1.69474475105052e+006 2.21296542360255e-001 3.66452305300537e-001 1.23196693945128e+000 9.12501046821080e+000 1.36487774480377e-005 2549528 93
3.81285057289398e+005 1.69474260604468e+006 2.21296453861621e-001 5.15662288058075e-001 1.47194617984558e+000 9.12617004023875e+000 1.38080722451282e-005 2549866 94
3.81296859261656e+005 1.69475608076522e+006 6.06187862043522e+000 9.84341232889219e-001 -1.51710407925657e+000 9.26778967573022e+000 1.38466186517372e-005 2590276 95
3.81286404756222e+005 1.69474808751488e+006 2.21296518022070e-001 5.39963490093460e-001 1.49092975539415e+000 9.27924485348924e+000 1.39908110742617e-005 2593246 96
3.81296960609937e+005 1.69477861056378e+006 2.21298589693783e-001 4.45498966196306e-001 1.39591600100711e+000 9.30156780809554e+000 1.42082777831570e-005 2599817 97
3.81292907972870e+005 1.69477288950201e+006 2.21297036532180e-001 6.39276209192221e-001 1.54625057908872e+000 9.36790664998610e+000 1.43080213875940e-005 2617892 98
3.81294677775735e+005 1.69477168887845e+006 2.21298182197460e-001 4.91963346296181e-001 1.45027805825983e+000 9.41394880488114e+000 1.44842664659636e-005 2631065 99
3.81293737055366e+005 1.69476974547255e+006 2.21297899427519e-001 4.42547890856198e-001 1.39179330530717e+000 9.44723354710174e+000 1.47047736591911e-005 2639753 100
3.81288097657105e+005 1.69475268828553e+006 2.21296887469457e-001 4.43662072362157e-001 1.39342320825831e+000 9.48542294372135e+000 1.49241287829373e-005 2651144 101
3.81298799943710e+005 1.69478451933155e+006 2.21298876096071e-001 4.78171586033224e-001 1.43599243827631e+000 9.62049994137163e+000 1.51114074808907e-005 2689203 102
3.81297929822120e+005 1.69476851338402e+006 6.06187959013727e+000 9.50704996614714e-001 -1.52122677495651e+000 9.77821317986646e+000 1.51530269184012e-005 2734163 103
3.81300522752545e+005 1.69477944219638e+006 6.06187951481923e+000 8.64672116546443e-001 -1.53397836863308e+000 1.00258337927041e+001 1.52043323176890e-005 2801853 104
3.81288485141661e+005 1.69475703509719e+006 2.21296555846508e-001 5.61524407884458e-001 1.50559888195441e+000 1.00805607930609e+001 1.53367652531920e-005 2816508 105
3.81290307864435e+005 1.69476097829743e+006 2.21297081290839e-001 4.77930681923828e-001 1.43580068498795e+000 1.02107686429361e+001 1.55242468125205e-005 2852856 106
3.81284676948514e+005 1.69474093857225e+006 2.21296450946129e-001 6.26237274271128e-001 1.54059385708182e+000 1.05198086332746e+001 1.56286003017199e-005 2940928 107
3.81297018671438e+005 1.69478177906791e+006 2.21298221946284e-001 5.77122948967890e-001 1.51509066972869e+000 1.06009271376223e+001 1.57533576555640e-005 2965529 108
3.81295789664237e+005 1.69474990691853e+006 6.06187844103232e+000 7.82553928255867e-001 -1.55018152150029e+000 1.06583373239243e+001 1.58172879934765e-005 2982442 109
3.81292108399751e+005 1.69476970680132e+006 2.21296989623358e-001 3.36158613543911e-001 5.76458323160497e-001 1.09993499319443e+001 1.60409416982953e-005 3080205 110
3.81293076212490e+005 1.69476809607937e+006 2.21297736692586e-001 3.15199956026404e-001 8.04740612964263e-001 1.10151625098097e+001 1.63816369355187e-005 3084477 111
3.81297770598341e+005 1.69478301053783e+006 2.21298488640407e-001 6.00972455798157e-001 1.52822576998199e+000 1.10794546405297e+001 1.64958345419736e-005 3102242 112
3.81284953371520e+005 1.69474210131131e+006 2.21296459274405e-001 4.52515298382483e-001 1.40550366542558e+000 1.10863119892972e+001 1.67062983726182e-005 3104337 113
3.81300695645130e+005 1.69478416280525e+006 2.21299985804400e-001 3.40404548472026e-001 5.53447928556169e-001 1.12220672411916e+001 1.69161033261987e-005 3142429 114
3.81287560412323e+005 1.69475021238690e+006 2.21296898582280e-001 4.51371003862849e-001 1.40396963911863e+000 1.13114204837760e+001 1.71276883631120e-005 3167552 115
3.81303070265543e+005 1.69478458407753e+006 6.06187873379774e+000 9.66393876739170e-001 -1.51930924207282e+000 1.14121725265800e+001 1.71678318993805e-005 3195420 116
3.81298962071102e+005 1.69477243665487e+006 6.06187950613507e+000 9.83889537684100e-001 -1.51719995590075e+000 1.15927649648643e+001 1.72064174472691e-005 3245010 117
3.81293599026755e+005 1.69474041953264e+006 6.06187847254215e+000 8.65756185038728e-001 -1.53369073870052e+000 1.15961663233982e+001 1.72575810744727e-005 3245859 118
3.81292945820147e+005 1.69476964208908e+006 2.21297468114699e-001 6.19973767426816e-001 1.53762168111209e+000 1.15977115481251e+001 1.73642579721368e-005 3246455 119
3.81285063730632e+005 1.69474234403288e+006 2.21296490586163e-001 5.30688681881690e-001 1.48402663701285e+000 1.16834364373364e+001 1.75139663573009e-005 3270547 120
3.81293503608290e+005 1.69477666303717e+006 2.21296894250605e-001 6.15366476334605e-001 1.53541651829585e+000 1.19112859614256e+001 1.76224000866565e-005 3335056 121
3.81288681482261e+005 1.69475697647584e+006 2.21296673523915e-001 3.31611548479049e-001 1.07693440580462e+000 1.19325596410558e+001 1.79946881868718e-005 3340327 122
3.81284143310902e+005 1.69473871217631e+006 2.21296432557904e-001 6.73876061904312e-001 1.55996093920713e+000 1.20699455954616e+001 1.80835323979841e-005 3380289 123
3.81291197503890e+005 1.69476437480727e+006 2.21297151767286e-001 3.99185151164804e-001 1.31653013962218e+000 1.21769507572880e+001 1.83556485247452e-005 3408444 124
3.81303248528504e+005 1.69478525888424e+006 2.21301281051851e-001 5.40114055161833e-001 1.49092975539415e+000 1.26166774759686e+001 1.84997525311968e-005 3529418 125
3.81288360550937e+005 1.69475738716710e+006 2.21296441386948e-001 6.23195859889996e-001 1.53915570741905e+000 1.26560408609229e+001 1.86052250299285e-005 3540837 126
3.81294419822322e+005 1.69477665414705e+006 2.21297409938758e-001 5.88204538000135e-001 1.52141852824488e+000 1.28435081760919e+001 1.87249097262727e-005 3591413 127
3.81291108042742e+005 1.69476157575495e+006 2.21297455199511e-001 3.82382089534389e-001 1.27731659215064e+000 1.31085821962252e+001 1.90207506966999e-005 3668149 128
3.81295133246720e+005 1.69477843166179e+006 2.21297586015306e-001 3.40103418335281e-001 5.54981954863125e-001 1.31244223619772e+001 1.92314862189593e-005 3672121 129
3.81294675460000e+005 1.69474836813675e+006 6.06187887236300e+000 9.15653448697505e-001 -1.52592473052156e+000 1.33610835406264e+001 1.92767014581210e-005 3736241 130
3.81284524955746e+005 1.69474046837848e+006 2.21296424994160e-001 5.46949709265962e-001 1.49591534089175e+000 1.35969659652810e+001 1.94169271864310e-005 3803052 131
3.81295738134838e+005 1.69478191114207e+006 2.21297486084578e-001 3.72354455980755e-001 1.24979999526963e+000 1.36114305181097e+001 1.97278528536555e-005 3806856 132
3.81299979049655e+005 1.69476949863075e+006 6.06187856373812e+000 7.85715794691697e-001 -1.54951038499100e+000 1.39971889548944e+001 1.97912176780614e-005 3911380 133
3.81289753982714e+005 1.69475948542348e+006 2.21296958849344e-001 5.37644788040517e-001 1.48920397579882e+000 1.40937017920149e+001 1.99367614086414e-005 3937530 134
3.81298820621246e+005 1.69476596024067e+006 6.06187876723613e+000 9.75548232896242e-001 -1.51815872234260e+000 1.41040851555542e+001 1.99760785125541e-005 3939939 135
3.81298001986681e+005 1.69477495835825e+006 6.06188036397165e+000 8.35733510405173e-001 -1.53915570741905e+000 1.43305611091555e+001 2.00313834709186e-005 4003958 136
3.81289890143336e+005 1.69475828436818e+006 2.21297187081038e-001 5.89680075670190e-001 1.52228141804254e+000 1.46613994919233e+001 2.01504153245014e-005 4095843 137
3.81291991642451e+005 1.69477028870230e+006 2.21296850523757e-001 4.00419784725462e-001 1.31911880901517e+000 1.49288993446072e+001 2.04208699291407e-005 4168330 138
3.81294509322453e+005 1.69478299408352e+006 2.21296659126350e-001 5.14096411346997e-001 1.47050803018281e+000 1.50486049250972e+001 2.05812110641605e-005 4201973 139
3.81296439493978e+005 1.69475428337244e+006 6.06187862907246e+000 8.08872702207448e-001 -1.54442892284921e+000 1.53391609358639e+001 2.06406462073696e-005 4282218 140
3.81284173533401e+005 1.69473893550615e+006 2.21296421312604e-001 3.16133459450316e-001 7.72813690450758e-001 1.53576654008217e+001 2.09685647278822e-005 4287724 141
3.81289145926802e+005 1.69475657792650e+006 2.21296984727736e-001 4.71366044942770e-001 1.42851406002991e+000 1.55359979817045e+001 2.11616421766776e-005 4339789 142
3.81295690219852e+005 1.69475371493106e+006 6.06187897805795e+000 7.69996801553567e-001 -1.55315369747002e+000 1.55773516254189e+001 2.12278924195300e-005 4350801 143
3.81296272483538e+005 1.69477953893884e+006 2.21298085923688e-001 3.31340531355978e-001 1.07501687292093e+000 1.56321703877262e+001 2.16004650719224e-005 4367283 144
3.81288052895336e+005 1.69475512965297e+006 2.21296553848694e-001 5.64385144183543e-001 1.50742053819391e+000 1.57410806061158e+001 2.17314410583810e-005 4396811 145
3.81295233136918e+005 1.69477450659906e+006 2.21298138066488e-001 6.49183390691157e-001 1.55037327478866e+000 1.57846971237218e+001 2.18278754258141e-005 4409221 146
3.81293495051662e+005 1.69477260916953e+006 2.21297401669939e-001 4.42216647705777e-001 1.39131392208625e+000 1.58102081980418e+001 2.20487269756285e-005 4415924 147
3.81286734540157e+005 1.69474910797633e+006 2.21296574297024e-001 3.97197692262282e-001 1.31231156727805e+000 1.58922320178494e+001 2.23235435109923e-005 4440152 148
3.81285650715185e+005 1.69474470410536e+006 2.21296522044694e-001 3.61333092975859e-001 1.21509265007477e+000 1.59338387329546e+001 2.26516836746460e-005 4451801 149
3.81286443630624e+005 1.69474668964926e+006 2.21296716484352e-001 5.34753938727758e-001 1.48709468962676e+000 1.62416742767347e+001 2.27989382529934e-005 4536462 150
3.81296831784343e+005 1.69478265052678e+006 2.21298006874181e-001 6.18016421537968e-001 1.53666291467025e+000 1.62821637446736e+001 2.29063563900589e-005 4547868 151
3.81290519439511e+005 1.69476586487563e+006 2.21296582671733e-001 6.68335267388189e-001 1.55785165303507e+000 1.65189311063690e+001 2.29968268240047e-005 4613490 152
3.81286573249746e+005 1.69474853301872e+006 2.21296556360945e-001 6.23768007149813e-001 1.53944333735160e+000 1.67758790460253e+001 2.31020875570145e-005 4683465 153
3.81295413645196e+005 1.69475138752061e+006 6.06187883930216e+000 8.95658407617585e-001 -1.52889690649129e+000 1.67884513817436e+001 2.31495593977700e-005 4687830 154
3.81295562676507e+005 1.69477672346140e+006 2.21298043031049e-001 5.48063890771922e-001 1.49658647740104e+000 1.68416988042269e+001 2.32891657329118e-005 4703179 155
3.81296277441217e+005 1.69476190717968e+006 6.06187968341323e+000 7.15161003652159e-001 -1.56801457731864e+000 1.70063966582694e+001 2.33671201267230e-005 4749827 156
3.81285725548791e+005 1.69474587261977e+006 2.21296416424261e-001 4.91692329173110e-001 1.45008630497147e+000 1.70353641014060e+001 2.35435748936707e-005 4758336 157
3.81294767524674e+005 1.69477506768967e+006 2.21297805672147e-001 5.01629623685721e-001 1.45948221610157e+000 1.71446893057227e+001 2.37126156775411e-005 4791078 158
3.81289978382975e+005 1.69475925216127e+006 2.21297114352498e-001 3.15651651231523e-001 8.94481151921140e-001 1.71543083941811e+001 2.40801544821837e-005 4793555 159
3.81284837227604e+005 1.69474161592260e+006 2.21296455376323e-001 3.86959267612925e-001 1.28882178945280e+000 1.74775623291910e+001 2.43693343641734e-005 4887041 160
3.81301912303652e+005 1.69478096459870e+006 6.06187892678624e+000 8.10137448781781e-001 -1.54423716956084e+000 1.75252397402830e+001 2.44285652660749e-005 4901082 161
3.81292482400501e+005 1.69477382983246e+006 2.21296678706350e-001 3.18090805339164e-001 9.47213306222724e-001 1.75373412321749e+001 2.48047166580136e-005 4905274 162
3.81298678239788e+005 1.69476438542429e+006 6.06187864821099e+000 8.21249150827700e-001 -1.54193613010041e+000 1.76393405020333e+001 2.48621950951981e-005 4934206 163
3.81290337823265e+005 1.69476175471757e+006 2.21297000011494e-001 4.10055949101327e-001 1.33839001449629e+000 1.76783780117694e+001 2.51200883600330e-005 4946245 164
3.81285819196935e+005 1.69474588685766e+006 2.21296467220929e-001 3.51636702572644e-001 1.17904303186132e+000 1.76984881285759e+001 2.54635741014629e-005 4950905 165
3.81288794271359e+005 1.69475781789940e+006 2.21296630550735e-001 6.23406650985718e-001 1.53925158406323e+000 1.79980666552940e+001 2.55689684764612e-005 5033025 166
3.81300975708516e+005 1.69478585564361e+006 2.21299929193665e-001 3.32545051902961e-001 1.08287875774407e+000 1.80117515003610e+001 2.59401388042112e-005 5036855 167
3.81301706339190e+005 1.69477696192309e+006 6.06187853669572e+000 7.81620424831955e-001 -1.55046915143284e+000 1.80171960015065e+001 2.60042376169258e-005 5038503 168
3.81299874988088e+005 1.69477240374718e+006 6.06187898926335e+000 7.22990387207550e-001 -1.56571353785821e+000 1.80610062131545e+001 2.60803461819862e-005 5049748 169
3.81287856861847e+005 1.69475314996170e+006 2.21296693896341e-001 3.14989164930682e-001 8.16725193487350e-001 1.81481463658923e+001 2.64254525089633e-005 5075099 170
3.81293022115086e+005 1.69476747707260e+006 2.21297784525095e-001 3.18542500544282e-001 9.54308177892392e-001 1.81896190531031e+001 2.68023357293462e-005 5088894 171
3.81285905214578e+005 1.69474623392811e+006 2.21296471676543e-001 5.44239538035250e-001 1.49399780800806e+000 1.82118374627673e+001 2.69440816274271e-005 5095098 172
3.81295658202400e+005 1.69477993856903e+006 2.21297690436245e-001 4.15837647726846e-001 1.34903232200079e+000 1.86786616051429e+001 2.71947678586905e-005 5230756 173
3.81297186753069e+005 1.69475616166526e+006 6.06187844672975e+000 7.73218894016747e-001 -1.55238668431654e+000 1.91558209075251e+001 2.72604113526571e-005 5361977 174
3.81295894870674e+005 1.69477589073160e+006 2.21298334817769e-001 4.04063459380086e-001 1.32659718726157e+000 1.91764968228641e+001 2.75260318892172e-005 5367882 175
3.81287378556770e+005 1.69475083317867e+006 2.21296718005916e-001 5.59265931858865e-001 1.50416073229163e+000 1.92200558595209e+001 2.76596315570126e-005 5380344 176
3.81300766644421e+005 1.69478308363687e+006 6.06187983796226e+000 9.84130441793497e-001 -1.51719995590075e+000 1.94519445226924e+001 2.76981963282713e-005 5447000 177
3.81296178143462e+005 1.69475852258616e+006 6.06187931151264e+000 9.53505506886450e-001 -1.52084326837977e+000 1.94959998180666e+001 2.77395465237867e-005 5459989 178
3.81293326317267e+005 1.69473895414191e+006 6.06187844053836e+000 9.74945972622750e-001 -1.51815872234260e+000 1.96266834171571e+001 2.77789170802968e-005 5497966 179
3.81286765802226e+005 1.69474771635949e+006 2.21296767694336e-001 3.34773414914880e-001 1.09687674779504e+000 1.98377896319876e+001 2.81473549833141e-005 5554984 180
3.81284198929511e+005 1.69473896204309e+006 2.21296432222785e-001 4.64108808647196e-001 1.42007691534165e+000 1.98746915721689e+001 2.83468883494360e-005 5564498 181
3.81292776761258e+005 1.69477650768751e+006 2.21296505667189e-001 6.68154589306142e-001 1.55775577639088e+000 1.99294294181574e+001 2.84374125011002e-005 5579630 182
3.81296117830214e+005 1.69478091896702e+006 2.21297824694420e-001 3.32996747108080e-001 5.95537775353252e-001 1.99520086095060e+001 2.86724244735101e-005 5585653 183
3.81293799133557e+005 1.69477729889192e+006 2.21296979880718e-001 4.77268195622987e-001 1.43503367183447e+000 2.01831886756746e+001 2.88604593899965e-005 5649357 184
3.81291882639838e+005 1.69476798356290e+006 2.21297080571089e-001 3.33087086149104e-001 1.08642619357891e+000 2.02354580251750e+001 2.92309961667373e-005 5663745 185
3.81286657580592e+005 1.69474980068288e+006 2.21296443546486e-001 3.76570277895196e-001 1.26188045243690e+000 2.02895780098085e+001 2.95355114126240e-005 5678827 186
3.81289535170234e+005 1.69475980475563e+006 2.21296795609053e-001 4.27310705936861e-001 3.12701675008393e-001 2.02956851493186e+001 2.96099715210802e-005 5680561 187
3.81294271693422e+005 1.69474462813624e+006 6.06187862654794e+000 7.76320534425229e-001 -1.55161967116306e+000 2.04502853224301e+001 2.96750384744969e-005 5724932 188
3.81303437246686e+005 1.69478381701642e+006 6.06187843077190e+000 7.91858849481311e-001 -1.54816811197241e+000 2.05325115102254e+001 2.97373250413285e-005 5748351 189
3.81294078701062e+005 1.69477053582303e+006 2.21297991438474e-001 6.26628743448898e-001 1.54068973372600e+000 2.06348282758972e+001 2.98415354632830e-005 5776245 190
3.81284843980254e+005 1.69474186737917e+006 2.21296427395608e-001 3.33358103272175e-001 1.08824784981841e+000 2.07460291069559e+001 3.02117637450650e-005 5809090 191
3.81284740380709e+005 1.69474151394839e+006 2.21296413869074e-001 6.51803222880846e-001 1.55152379451888e+000 2.08251478673367e+001 3.03073496215037e-005 5830816 192
3.81293478248239e+005 1.69477914619329e+006 2.21296566250783e-001 3.45523760796705e-001 1.15267695471053e+000 2.09548318940888e+001 3.06603345584922e-005 5867797 193
3.81293676889838e+005 1.69474033488183e+006 6.06187841811534e+000 9.82323660973022e-001 -1.51729583254494e+000 2.10112424689144e+001 3.06990557511632e-005 5884009 194
3.81301181673081e+005 1.69478029300640e+006 6.06187925226206e+000 9.79944732892731e-001 -1.51767933912168e+000 2.10408676076395e+001 3.07379848420111e-005 5893091 195
3.81302072720976e+005 1.69478216446694e+006 2.21301011696273e-001 3.18391935475909e-001 7.29477447279275e-001 2.10700285667258e+001 3.10461626661803e-005 5900903 196
3.81300813188706e+005 1.69478124439561e+006 6.06187957942346e+000 8.27813787808759e-001 -1.54068973372600e+000 2.10701947100813e+001 3.11026410159487e-005 5900961 197
3.81300981963391e+005 1.69478364820112e+006 2.21300211628852e-001 4.38753651133201e-001 2.95060372478408e-001 2.13123079215638e+001 3.11690513856174e-005 5965538 198
3.81291600643312e+005 1.69476417685384e+006 2.21297403192905e-001 3.85001921724078e-001 1.28393208059938e+000 2.13555747963359e+001 3.14610578321995e-005 5976873 199
3.81294892750917e+005 1.69478047506165e+006 2.21297192755551e-001 3.55882637500760e-001 1.19543793801691e+000 2.17400883878841e+001 3.17978130778178e-005 6084144 200
3.81289934204319e+005 1.69476375496739e+006 2.21296520586634e-001 3.16344250546038e-001 9.13560604113895e-001 2.17924298189654e+001 3.21691179958611e-005 6098822 201
3.81294196790493e+005 1.69478073586068e+006 2.21296768937566e-001 6.27321342763413e-001 1.54097736365856e+000 2.18074716662510e+001 3.22730763620448e-005 6103347 202
3.81299304233469e+005 1.69478318031880e+006 6.06188067149484e+000 9.01259428161056e-001 -1.52812989333781e+000 2.18267974838614e+001 3.23199000555376e-005 6108363 203
3.81293744327982e+005 1.69477622164992e+006 2.21297085215038e-001 5.76279784585002e-001 1.51461128650777e+000 2.18349440279384e+001 3.24450559777636e-005 6110757 204
3.81287169598641e+005 1.69475116756206e+006 2.21296558397497e-001 4.70763784669278e-001 1.42784292352062e+000 2.18591574607815e+001 3.26386586050081e-005 6117207 205
3.81284466153706e+005 1.69474023467145e+006 2.21296421499466e-001 3.83767288163420e-001 4.00524681081576e-001 2.20494402151116e+001 3.27582049110785e-005 6168364 206
3.81297522895290e+005 1.69476631972873e+006 6.06187954149323e+000 8.10408465904852e-001 -1.54414129291665e+000 2.21636701718731e+001 3.28173920930533e-005 6201094 207
3.81291307507804e+005 1.69476195571437e+006 2.21297519214142e-001 7.00706757088361e-001 1.56906922040468e+000 2.21786640041662e+001 3.28989282381068e-005 6204892 208
3.81292035088753e+005 1.69477011379446e+006 2.21296897024645e-001 3.18933969722052e-001 9.60060776543474e-001 2.23259449089814e+001 3.32763204498569e-005 6246332 209
3.81294943422760e+005 1.69474625276203e+006 6.06187845457081e+000 9.57811667841915e-001 -1.52026800851466e+000 2.23681696197046e+001 3.33172615761855e-005 6257717 210
3.81294686429910e+005 1.69477515083317e+006 2.21297749622023e-001 5.03827873683966e-001 1.46149562562944e+000 2.24069465859440e+001 3.34847213547499e-005 6268468 211
3.81290193148709e+005 1.69476253653815e+006 2.21296819971278e-001 4.50317048384239e-001 1.40253148945585e+000 2.25170903370783e+001 3.36973456581463e-005 6298093 212
3.81294607602110e+005 1.69478091480794e+006 2.21296977046667e-001 6.11240993461188e-001 1.53340310876797e+000 2.26384970949272e+001 3.38073879321791e-005 6329936 213
3.81295567017054e+005 1.69475517198541e+006 6.06187923136265e+000 8.85269417899855e-001 -1.53052680944243e+000 2.26812653807102e+001 3.38560972952254e-005 6341939 214
3.81289916649815e+005 1.69476370489927e+006 2.21296517053943e-001 3.55942863528109e-001 1.19572556794946e+000 2.27504080543955e+001 3.41927653377538e-005 6361195 215
3.81294940258885e+005 1.69478423483355e+006 2.21296744374887e-001 3.16013007395618e-001 7.76457002929777e-001 2.29227911556743e+001 3.45221829099097e-005 6409849 216
3.81294393316695e+005 1.69474466961756e+006 6.06187856348217e+000 8.59673356276463e-001 -1.53474538178655e+000 2.29459671294035e+001 3.45741483711261e-005 6416556 217
3.81298107415518e+005 1.69478470081446e+006 2.21298464228716e-001 6.56199722877334e-001 1.55315369747002e+000 2.30005701308645e+001 3.46683338190222e-005 6431309 218
3.81286900511062e+005 1.69475045704661e+006 2.21296497047911e-001 5.61945990075903e-001 1.50588651188696e+000 2.30555488989166e+001 3.48005507523824e-005 6447220 219
3.81299697386129e+005 1.69477849888739e+006 6.06187985916814e+000 8.29259212465138e-001 -1.54040210379345e+000 2.32001531846581e+001 3.48568122631917e-005 6486024 220
3.81294418406138e+005 1.69477661445943e+006 2.21297414158114e-001 3.63471116946754e-001 1.22218752174444e+000 2.32051503414844e+001 3.51815665649877e-005 6487726 221
3.81297328370168e+005 1.69478376423199e+006 2.21298145044269e-001 4.52244281259412e-001 1.40502428220466e+000 2.32155652017512e+001 3.53922910935528e-005 6490860 222
3.81289207052981e+005 1.69475797009751e+006 2.21296843148993e-001 6.04013870179289e-001 1.52985567293313e+000 2.32558018204843e+001 3.55052351596476e-005 6502982 223
3.81294844365819e+005 1.69474743880583e+006 6.06187866007141e+000 8.56963185045751e-001 -1.53522476500748e+000 2.33189197039848e+001 3.55575637588324e-005 6521280 224
3.81291705335295e+005 1.69476444157422e+006 2.21297428541635e-001 3.16916397805855e-001 9.26120444502091e-001 2.33224934126792e+001 3.59309507651713e-005 6522353 225
3.81292541568883e+005 1.69476827563680e+006 2.21297413736140e-001 4.17644428547321e-001 1.35229212790307e+000 2.33340650896404e+001 3.61794384740086e-005 6525949 226
3.81296549034982e+005 1.69478699127259e+006 2.21297299605887e-001 6.53549777673971e-001 1.55209905438398e+000 2.33676126849592e+001 3.62744643104866e-005 6536606 227
3.81293423403035e+005 1.69477135153428e+006 2.21297520338963e-001 3.35405788202046e-001 1.10052006027406e+000 2.33941270172575e+001 3.66420589108889e-005 6543601 228
3.81297238420329e+005 1.69475949011528e+006 6.06187883828877e+000 7.71653017305669e-001 -1.55277019089328e+000 2.34829977988786e+001 3.67079962779458e-005 6569346 229
3.81295021663984e+005 1.69475066131212e+006 6.06187896768729e+000 9.49590815108755e-001 -1.52132265160070e+000 2.35203031727221e+001 3.67497234225299e-005 6579410 230
3.81293240111605e+005 1.69477594814937e+006 2.21296836594522e-001 5.98352623608468e-001 1.52688349696341e+000 2.36246356570166e+001 3.68650172316137e-005 6608076 231
3.81288155417640e+005 1.69475654208839e+006 2.21296432958844e-001 5.45504284609583e-001 1.49486069780572e+000 2.37116185056334e+001 3.70060504462981e-005 6633857 232
3.81284465396055e+005 1.69474023288456e+006 2.21296421299729e-001 6.39517113301617e-001 1.54644233237709e+000 2.39481710602407e+001 3.71057118759235e-005 6701123 233
3.81294536680307e+005 1.69477706649752e+006 2.21297423466236e-001 3.20891315610899e-001 6.96112375103000e-001 2.40082364955990e+001 3.73971614184204e-005 6717817 234
3.81294172317307e+005 1.69474478590191e+006 6.06187870229571e+000 9.95061465757369e-001 -1.51585768288217e+000 2.40098668556420e+001 3.74347975658069e-005 6718067 235
3.81294892554036e+005 1.69474637195910e+006 6.06187849820183e+000 7.85023195377182e-001 -1.54960626163518e+000 2.40290129125599e+001 3.74982855748115e-005 6723535 236
3.81284774156783e+005 1.69474160494638e+006 2.21296421340613e-001 4.43842750444205e-001 1.39371083819086e+000 2.40509412290609e+001 3.77174555895877e-005 6729281 237
3.81301193348495e+005 1.69477562398950e+006 6.06187865574450e+000 7.71833695387717e-001 -1.55277019089328e+000 2.40815655100688e+001 3.77833590038897e-005 6736753 238
3.81292756923192e+005 1.69476618454447e+006 2.21297798905094e-001 5.52942198987203e-001 1.49994215994751e+000 2.42210232095852e+001 3.79203033845619e-005 6776987 239
3.81301038958959e+005 1.69478533762604e+006 2.21300030170470e-001 3.23240130677517e-001 1.01020426145207e+000 2.42696745277319e+001 3.82991190895453e-005 6790346 240
3.81302372212030e+005 1.69478035302257e+006 6.06187859121669e+000 7.25700558438262e-001 -1.56494652470473e+000 2.42892590246484e+001 3.83746034287580e-005 6795927 241
3.81290898078015e+005 1.69476380568667e+006 2.21297055513694e-001 6.68064250265118e-001 1.55775577639088e+000 2.43187659482456e+001 3.84651545131054e-005 6804817 242
3.81296460353701e+005 1.69476091066556e+006 6.06187945476811e+000 7.24526150904953e-001 -1.56523415463729e+000 2.48435027316996e+001 3.85409084194078e-005 6950014 243
3.81298916404966e+005 1.69476777551501e+006 6.06187894281501e+000 8.99091291176486e-001 -1.52841752327036e+000 2.49777203297945e+001 3.85879814597236e-005 6989080 244
3.81294581731102e+005 1.69478070448253e+006 2.21296989092479e-001 3.62356935440794e-001 1.21844833262123e+000 2.50282818441451e+001 3.89144900250709e-005 7002495 245
3.81288388507336e+005 1.69475276657981e+006 2.21297040926349e-001 4.29569181962454e-001 1.37233034653768e+000 2.50538304563722e+001 3.91490467740703e-005 7009725 246
3.81291176923698e+005 1.69476951907461e+006 2.21296490204939e-001 3.68650555298781e-001 4.42614527878658e-001 2.50563231618650e+001 3.92925063555788e-005 7010321 247
3.81298753204672e+005 1.69478074293571e+006 6.06188067298667e+000 9.74253373308235e-001 -1.51835047563097e+000 2.52042750963365e+001 3.93319389109967e-005 7052511 248
3.81298829212029e+005 1.69476359895601e+006 6.06187846404504e+000 8.72411161060810e-001 -1.53263609561449e+000 2.53367717674251e+001 3.93822458321224e-005 7089703 249
3.81301341413460e+005 1.69478549785914e+006 2.21300179787786e-001 4.61458863443833e-001 1.41672123279519e+000 2.54030575864775e+001 3.95842045936582e-005 7108721 250
3.81296332570360e+005 1.69475807427561e+006 6.06187916813496e+000 7.76471099493602e-001 -1.55161967116306e+000 2.54839053084202e+001 3.96492437926934e-005 7132752 251
3.81296523893689e+005 1.69478496986016e+006 2.21297540899484e-001 5.35024955850829e-001 1.48719056627094e+000 2.55437121372642e+001 3.97963355012943e-005 7150076 252
3.81295248585834e+005 1.69474940927325e+006 6.06187868203561e+000 8.06975582345950e-001 -1.54481242942595e+000 2.56501589602073e+001 3.98560790755682e-005 7181011 253
3.81290113060600e+005 1.69475932357995e+006 2.21297180966866e-001 3.23932729992032e-001 1.01701150318918e+000 2.58378548444949e+001 4.02347176716697e-005 7233541 254
3.81295663786486e+005 1.69478525490255e+006 2.21297021831616e-001 3.50522521066685e-001 1.17434507629627e+000 2.58480409895702e+001 4.05799348800559e-005 7236460 255
3.81295332990507e+005 1.69478601219302e+006 2.21296740364255e-001 4.62633270977142e-001 1.41815938245796e+000 2.59008549181667e+001 4.07808121165625e-005 7250435 256
3.81284728464500e+005 1.69474141599308e+006 2.21296419553854e-001 5.55712596245265e-001 1.50185969283120e+000 2.61562075436808e+001 4.09162772115649e-005 7320695 257
3.81296243469092e+005 1.69477907948723e+006 2.21298127682514e-001 4.86723681916805e-001 1.44500484282968e+000 2.62361155246882e+001 4.10966056054683e-005 7343242 258
3.81287928298249e+005 1.69475209729796e+006 2.21296867027536e-001 5.18914493534929e-001 1.47463072588275e+000 2.62570840363823e+001 4.12537535447691e-005 7349636 259
3.81297669006527e+005 1.69478417250272e+006 2.21298284764970e-001 3.59616651196408e-001 4.72336287575915e-001 2.62953091263045e+001 4.14146935495328e-005 7359962 260
3.81296225110772e+005 1.69475835509045e+006 6.06187926397020e+000 9.35166681558632e-001 -1.52324018448439e+000 2.63075804002077e+001 4.14578537602596e-005 7363531 261
3.81285475330500e+005 1.69474460719126e+006 2.21296435788845e-001 5.08766407926596e-001 1.46600182790613e+000 2.64696901712936e+001 4.16218376136341e-005 7409027 262
3.81288429732252e+005 1.69475402081979e+006 2.21296905598549e-001 3.45734551892427e-001 1.15373159779656e+000 2.65289550218451e+001 4.19745142483983e-005 7424508 263
3.81296058473847e+005 1.69477742295337e+006 2.21298233096662e-001 3.58683147772496e-001 1.20569673894467e+000 2.68605802684205e+001 4.23068326918504e-005 7517170 264
3.81292221644871e+005 1.69477385602444e+006 2.21296528950817e-001 5.24786531201472e-001 1.47932868144780e+000 2.71516623423825e+001 4.24602059111868e-005 7599329 265
3.81296063592383e+005 1.69475752015867e+006 6.06187924918301e+000 9.46760191823345e-001 -1.52170615817743e+000 2.73376000527347e+001 4.25022088054747e-005 7652811 266
3.81295242379347e+005 1.69475108411804e+006 6.06187889715240e+000 9.09088811716447e-001 -1.52688349696341e+000 2.73709590694621e+001 4.25481474248100e-005 7662790 267
3.81297207321334e+005 1.69478251234119e+006 2.21298235243111e-001 4.61398637416484e-001 2.64667476271859e-001 2.74077030456894e+001 4.26016261683860e-005 7672422 268
3.81292275154151e+005 1.69476870433866e+006 2.21297209942681e-001 4.28936808675288e-001 1.37127570345164e+000 2.74954774154716e+001 4.28368943133707e-005 7697071 269
3.81288341238967e+005 1.69475596115834e+006 2.21296610725050e-001 3.71119822420097e-001 1.24625255943480e+000 2.74982679703696e+001 4.31497287636532e-005 7697725 270
3.81291464306418e+005 1.69477137754406e+006 2.21296416779590e-001 4.42818907979269e-001 1.39217681188391e+000 2.75088926214968e+001 4.33699544264781e-005 7700309 271
3.81286025728965e+005 1.69474559806729e+006 2.21296619706286e-001 3.77262877209711e-001 1.26379798532060e+000 2.75643880461850e+001 4.36734261649572e-005 7716820 272
3.81294399520338e+005 1.69477460431054e+006 2.21297657543327e-001 3.15290295067428e-001 8.80674915158544e-001 2.76453797809369e+001 4.40377744896912e-005 7740350 273
3.81293337190316e+005 1.69477076985238e+006 2.21297545418428e-001 3.90663168294898e-001 1.29754656407361e+000 2.78045016747278e+001 4.43216618120023e-005 7787969 274
3.81290735513983e+005 1.69476795800051e+006 2.21296439547880e-001 6.18739133866158e-001 1.53704642124699e+000 2.78160660174861e+001 4.44288055065011e-005 7790435 275
3.81285369730153e+005 1.69474381480704e+006 2.21296476603256e-001 5.91185726353919e-001 1.52314430784020e+000 2.78168652596853e+001 4.45471763549639e-005 7790743 276
3.81293356533052e+005 1.69477318099871e+006 2.21297251621452e-001 4.64831520975386e-001 1.42084392849513e+000 2.79190330652090e+001 4.47460509543032e-005 7819929 277
3.81295579383216e+005 1.69475380717504e+006 6.06187905196263e+000 7.98483712489719e-001 -1.54663408566546e+000 2.80011393273322e+001 4.48072040677102e-005 7843750 278
3.81299509263249e+005 1.69476852994911e+006 6.06187870518063e+000 9.70790376735659e-001 -1.51873398220771e+000 2.80973003154363e+001 4.48469475425685e-005 7870936 279
3.81288907250164e+005 1.69475485281813e+006 2.21297068658052e-001 4.72630791517102e-001 1.42995220969268e+000 2.82625095313449e+001 4.50389294871698e-005 7918588 280
3.81290738951830e+005 1.69476204134120e+006 2.21297189079119e-001 4.11682051839754e-001 1.34145806711020e+000 2.82778227573765e+001 4.52947714699811e-005 7923188 281
3.81296078331743e+005 1.69478537535031e+006 2.21297239428628e-001 3.31882565602121e-001 6.02728523667104e-001 2.88688109651245e+001 4.55340289366740e-005 8088593 282
3.81294079374521e+005 1.69474235739115e+006 6.06187844763050e+000 9.36280863064591e-001 -1.52304843119602e+000 2.88697746981635e+001 4.55770758402650e-005 8088936 283
3.81298382156664e+005 1.69476531764513e+006 6.06187893229139e+000 9.13967119931728e-001 -1.52621236045412e+000 2.88982587314365e+001 4.56224754022097e-005 8096440 284
3.81299517315690e+005 1.69477385060258e+006 6.06187937295956e+000 9.65370034274234e-001 -1.51940511871700e+000 2.90158586310747e+001 4.56627128617674e-005 8128185 285
3.81303162238374e+005 1.69478534404323e+006 2.21301221829507e-001 3.18000466298140e-001 9.45583403271584e-001 2.90371326541420e+001 4.60386575922744e-005 8134009 286
3.81289238785303e+005 1.69475686631460e+006 2.21297000440086e-001 6.60927466024243e-001 1.55507123035371e+000 2.92423517674392e+001 4.61313701657276e-005 8191936 287
3.81301229999564e+005 1.69478586647158e+006 2.21300070639674e-001 3.15531199176824e-001 8.89879073000274e-001 2.92509106707615e+001 4.64978551561120e-005 8194423 288
3.81289888600184e+005 1.69475904279136e+006 2.21297090383188e-001 3.68710781326130e-001 1.23896593447676e+000 2.92749485078153e+001 4.68144175580080e-005 8201819 289
3.81295529713765e+005 1.69475579482096e+006 6.06187933101341e+000 7.91949188522335e-001 -1.54807223532823e+000 2.95770392233532e+001 4.68766883591975e-005 8283344 290
3.81297584400537e+005 1.69478416136138e+006 2.21298238656480e-001 5.34422695577338e-001 1.94581649372845e-001 2.98470055782550e+001 4.69052999363713e-005 8358655 291
3.81286786927014e+005 1.69474892433284e+006 2.21296626923560e-001 7.01489695443901e-001 1.56935685033723e+000 2.98839306507375e+001 4.69866360455866e-005 8369928 292
3.81300372097194e+005 1.69478399976148e+006 6.06188017530437e+000 7.24736942000675e-001 -1.56523415463729e+000 2.98941042733868e+001 4.70623414873840e-005 8371794 293
3.81291207764210e+005 1.69476486345761e+006 2.21297095786148e-001 4.20715955942128e-001 1.35766121997742e+000 3.00283788145964e+001 4.73071435516341e-005 8405552 294
3.81284155195933e+005 1.69473876894855e+006 2.21296432059371e-001 6.47768079048452e-001 1.54989389156774e+000 3.00498642392431e+001 4.74040411067081e-005 8412576 295
3.81290790854771e+005 1.69476227536042e+006 2.21297188659504e-001 5.33790322290171e-001 1.48632767647328e+000 3.01045323220545e+001 4.75518715852317e-005 8428160 296
3.81294020504054e+005 1.69474236755932e+006 6.06187848197882e+000 8.53078606281730e-001 -1.53589590151677e+000 3.04516790817041e+001 4.76047270912758e-005 8523569 297
3.81293573005742e+005 1.69473997408808e+006 6.06187843087021e+000 8.76687209002600e-001 -1.53186908246101e+000 3.04867527250100e+001 4.76544943004393e-005 8534240 298
3.81288646887514e+005 1.69475612061814e+006 2.21296762237087e-001 6.54302603015836e-001 1.55248256096072e+000 3.05494825775024e+001 4.77492804397949e-005 8551654 299
3.81290096899732e+005 1.69475765822864e+006 2.21297382317451e-001 5.00334764097714e-001 1.45833169637135e+000 3.06910984027726e+001 4.79192631887322e-005 8591524 300
