1.07584554595044e+005 1.73378288815861e+006 6.19724596522208e-002 4.81514130551103e-001 1.53493713507492e+000 5.29132891012654e-003 1.85999393758875e-007 1656 1
1.07584701845542e+005 1.73378995885770e+006 6.19722921683513e-002 1.75325007507986e-001 6.86045327463607e-001 2.70181739635127e-002 1.27444967628697e-006 8235 2
1.07587718458159e+005 1.73381457512474e+006 6.19731477490559e-002 2.53859747171287e-001 1.35344264763329e+000 2.87107480439281e-002 2.01761224668748e-006 9003 3
1.07587213962220e+005 1.73381133784426e+006 6.19729733069788e-002 6.14402859897019e-001 1.56044032242805e+000 4.56729708717925e-002 2.12648276809456e-006 13519 4
1.07592207382548e+005 1.73378202932391e+006 6.22120311273253e+000 9.24325996635784e-001 -1.55804340632344e+000 4.91825342770789e-002 2.17081095908641e-006 14876 5
1.07592366090293e+005 1.73377412438960e+006 6.22120273969172e+000 9.72567044542459e-001 -1.55622175008393e+000 6.41600275786700e-002 2.21044437986552e-006 19691 6
1.07592235995369e+005 1.73378168040769e+006 6.22120308385204e+000 9.16978421299186e-001 -1.55833103625599e+000 8.32260916666488e-002 2.25555791890990e-006 25280 7
1.07587465640466e+005 1.73381084212090e+006 6.19731355828834e-002 1.73548339701185e-001 8.52295428479873e-001 8.40509150199203e-002 3.57831915752736e-006 25599 8
1.07583796126481e+005 1.73377234776279e+006 6.19723996580281e-002 5.73690065408988e-001 1.55478360042116e+000 1.05095864657839e-001 3.70490492806733e-006 32278 9
1.07586372644260e+005 1.73379048748334e+006 6.19732332934208e-002 3.56063315582807e-001 1.47894517487106e+000 1.36361126768603e-001 4.06493287292876e-006 42091 10
1.07585506266342e+005 1.73379097887395e+006 6.19727179891628e-002 5.18854267507580e-001 1.54414129291665e+000 1.68072948394141e-001 4.22279448383152e-006 50752 11
1.07585522805326e+005 1.73378803489391e+006 6.19728324525261e-002 3.94668199113617e-001 1.50205144611957e+000 2.02860267568312e-001 4.51039719998078e-006 60198 12
1.07584990910222e+005 1.73378023537023e+006 6.19728049213660e-002 4.61699767553230e-001 1.52908865977966e+000 2.06165905000204e-001 4.71436499823694e-006 60765 13
1.07585041919987e+005 1.73377992638705e+006 6.19728452457859e-002 1.97759202695547e-001 1.15555325403607e+000 2.35974109815439e-001 5.92067720825992e-006 70317 14
1.07586906219008e+005 1.73379087196183e+006 6.19735261555332e-002 2.51781949227741e-001 1.34922407528916e+000 3.05300725772828e-001 6.67668717443270e-006 88824 15
1.07594065017637e+005 1.73380172628268e+006 6.22120274771026e+000 8.74519072018030e-001 -1.56034444578387e+000 3.07877846694697e-001 6.72676143499980e-006 89508 16
1.07589449111923e+005 1.73381129202230e+006 6.19742591496482e-002 6.76706685189722e-001 1.56763107074190e+000 3.28256324803772e-001 6.81479483831360e-006 94504 17
1.07593053209267e+005 1.73380247502734e+006 6.22120335574564e+000 8.01796143993923e-001 -1.56417951155126e+000 3.73025017021253e-001 6.87540988834165e-006 107106 18
1.07593071421766e+005 1.73378204313717e+006 6.22120261678171e+000 9.39412616486748e-001 -1.55746814645833e+000 4.08432478050415e-001 6.91818666580499e-006 116521 19
1.07588072779927e+005 1.73381064343197e+006 6.19734914997673e-002 2.68886140994902e-001 1.38220564088870e+000 4.13899712750780e-001 7.57692175623344e-006 117932 20
1.07585256187783e+005 1.73379747848373e+006 6.19723425777897e-002 2.24168315688152e-001 1.27444029282510e+000 4.49252617168358e-001 8.53391779859299e-006 127378 21
1.07592650808700e+005 1.73377529779532e+006 6.22120261794136e+000 8.51452503543303e-001 -1.56120733558153e+000 4.60820279556499e-001 8.58702553473048e-006 130993 22
1.07587538326714e+005 1.73381029404472e+006 6.19731968851717e-002 9.07643387060067e-001 1.87438839381085e-002 4.65338687002692e-001 8.58789040567094e-006 131984 23
1.07587731682375e+005 1.73381200944230e+006 6.19732468198309e-002 3.41097147786542e-001 1.46753585421308e+000 5.05720380184781e-001 8.98314724481074e-006 142297 24
1.07584430813654e+005 1.73378048796799e+006 6.19724741053520e-002 1.79540829422427e-001 9.92946465498825e-001 5.11091548219679e-001 1.03490774432268e-005 143700 25
1.07592337307738e+005 1.73377009526355e+006 6.22120261256813e+000 9.33901934984300e-001 -1.55756402310251e+000 5.35064629687941e-001 1.03924115517594e-005 150345 26
1.07587193266807e+005 1.73381218701479e+006 6.19729311415046e-002 3.48294158054766e-001 1.28235011597034e-001 5.66635116289535e-001 1.04409476394265e-005 159408 27
1.07592146951087e+005 1.73377043174067e+006 6.22120273393772e+000 9.14388702123173e-001 -1.55833103625599e+000 5.98420400958272e-001 1.04863427501134e-005 167125 28
1.07592683095585e+005 1.73377968244711e+006 6.22120275572753e+000 9.16526726094068e-001 -1.55833103625599e+000 6.82920631213061e-001 1.05315052172555e-005 190778 29
1.07583132437025e+005 1.73376637652246e+006 6.19722312164035e-002 4.51611907972246e-001 1.52592473052156e+000 6.90989531209172e-001 1.07456016759894e-005 193249 30
1.07589786331323e+005 1.73381127777148e+006 6.19744534076896e-002 4.29870312099200e-001 1.51758346247749e+000 7.11590221892400e-001 1.09841482216679e-005 199508 31
1.07592338653569e+005 1.73377013817241e+006 6.22120261332481e+000 7.31903839255225e-001 -1.56868571382794e+000 7.12638079344751e-001 1.10582333216834e-005 199936 32
1.07592570822028e+005 1.73380481491513e+006 6.22120371633066e+000 8.07005695359625e-001 -1.56389188161870e+000 7.30968953423316e-001 1.11179907395589e-005 205424 33
1.07586639631605e+005 1.73380710683161e+006 6.19727941693718e-002 2.09834521179053e-001 3.82883378551592e-001 7.38263523751832e-001 1.15503097802045e-005 207426 34
1.07586584431028e+005 1.73379058376956e+006 6.19733515444382e-002 3.92108592951278e-001 1.50070917310099e+000 7.57123394198602e-001 1.18420317623146e-005 212894 35
1.07583715223442e+005 1.73377570671361e+006 6.19722334183006e-002 2.77438236878482e-001 1.39658713751640e+000 7.92527316228475e-001 1.24585430409063e-005 222802 36
1.07586589974762e+005 1.73381204995799e+006 6.19725894055525e-002 3.97589161440052e-001 1.50329784249397e+000 8.03382309669106e-001 1.27415418636331e-005 225608 37
1.07592330288948e+005 1.73379082322787e+006 6.22120335566225e+000 8.54343352856062e-001 -1.56120733558153e+000 8.07328650560283e-001 1.27942550597465e-005 227029 38
1.07587169527378e+005 1.73379747428761e+006 6.19734420487239e-002 2.66627664969308e-001 1.37837057512131e+000 8.33964879526348e-001 1.34648320731663e-005 234081 39
1.07584361408735e+005 1.73377571750921e+006 6.19726043079260e-002 2.45638894438127e-001 1.33541783852657e+000 8.74384733721726e-001 1.42605032494314e-005 244876 40
1.07592344566665e+005 1.73377709608316e+006 6.22120285801559e+000 7.75236465932944e-001 -1.56561766121403e+000 9.05572198728707e-001 1.43257816712225e-005 254302 41
1.07587610933017e+005 1.73380481071828e+006 6.19734340962123e-002 2.06401637620151e-001 1.20243693304239e+000 9.09190808708527e-001 1.54452347486328e-005 255185 42
1.07587858702106e+005 1.73381136151638e+006 6.19733428994011e-002 6.24731623587399e-001 1.56178259544664e+000 1.13886456859510e+000 1.55501859400304e-005 316911 43
1.07584954570247e+005 1.73379322572627e+006 6.19723209018652e-002 6.34187109881217e-001 1.56312486846522e+000 1.16156867173832e+000 1.56517265134728e-005 323035 44
1.07584985241864e+005 1.73378604601583e+006 6.19725944990225e-002 5.70979894178276e-001 1.55420834055605e+000 1.16741064582550e+000 1.57796367042010e-005 324504 45
1.07583094616092e+005 1.73376599461086e+006 6.19722231019846e-002 2.63706702642874e-001 1.37338498962371e+000 1.17728323542998e+000 1.64659874088040e-005 327698 46
1.07590118509852e+005 1.73381273387748e+006 6.19745923464741e-002 5.10482849706047e-001 1.54203200674459e+000 1.24214690648770e+000 1.66295908603868e-005 344316 47
1.07586341829053e+005 1.73380180702513e+006 6.19728120164179e-002 3.20770863556201e-001 1.44970279839473e+000 1.33165132746767e+000 1.70811450781227e-005 370089 48
1.07587815299006e+005 1.73379754480299e+006 6.19738105667603e-002 3.91867688841882e-001 1.50051741981262e+000 1.34299170455612e+000 1.73732578131134e-005 373331 49
1.07586708725332e+005 1.73379578917644e+006 6.19732373708936e-002 3.57930322430631e-001 1.48019157124546e+000 1.38129043991703e+000 1.77292077814816e-005 383981 50
1.07585155674557e+005 1.73378876637300e+006 6.19725954349467e-002 3.51606589558970e-001 1.47578124561296e+000 1.39720023960236e+000 1.80992420529587e-005 388461 51
1.07588403991439e+005 1.73380647583886e+006 6.19738303844871e-002 5.65860681853598e-001 1.55315369747002e+000 1.40587727498492e+000 1.82297094988264e-005 391126 52
1.07584810030965e+005 1.73377878914408e+006 6.19727525570900e-002 5.18342346275113e-001 1.54414129291665e+000 1.42431909442846e+000 1.83879143063104e-005 395213 53
1.07586568829795e+005 1.73378965934470e+006 6.19733755391260e-002 1.87038969827397e-001 1.07635914593951e+000 1.46254268270815e+000 1.96997491470510e-005 405509 54
1.07592880028097e+005 1.73379444848311e+006 6.22120316906343e+000 9.45134089084917e-001 -1.55737226981414e+000 1.47551682372610e+000 1.97419582401993e-005 408872 55
1.07590252262276e+005 1.73381382247643e+006 6.19746303819881e-002 3.23902616978357e-001 1.45257909772027e+000 1.47612471393667e+000 2.01841158395363e-005 409121 56
1.07593142413241e+005 1.73379603527704e+006 6.22120307488525e+000 7.46327972805348e-001 -1.56782282403027e+000 1.48191076502310e+000 2.02550872426779e-005 410563 57
1.07585863165971e+005 1.73379121664714e+006 6.19729145716059e-002 3.03847349871088e-001 1.43186974257637e+000 1.48745886203073e+000 2.07626433707136e-005 412666 58
1.07594487550116e+005 1.73381425597177e+006 6.22120295168661e+000 8.72892969279603e-001 -1.56053619907224e+000 1.53081613159711e+000 2.08129231826815e-005 425401 59
1.07583998444471e+005 1.73377450070282e+006 6.19724391443960e-002 2.36424312253706e-001 1.31192806070132e+000 1.54171004195500e+000 2.16733042986459e-005 428136 60
1.07590071710105e+005 1.73381017179519e+006 6.19746568042309e-002 3.56334332705879e-001 1.47894517487106e+000 1.55006494266071e+000 2.20327301003817e-005 430109 61
1.07585010296031e+005 1.73378753385003e+006 6.19725558489702e-002 5.65378873634805e-001 1.55324957411420e+000 1.57701524749556e+000 2.21634424935470e-005 438663 62
1.07587993746843e+005 1.73381151561792e+006 6.19734149954627e-002 1.73397774632813e-001 8.42707764061403e-001 1.61389371544665e+000 2.34775604428709e-005 449396 63
1.07583214769114e+005 1.73376714647854e+006 6.19722510705533e-002 5.21323534628896e-001 1.54490830607013e+000 1.62014708640464e+000 2.36337848984342e-005 451268 64
1.07588820505747e+005 1.73381188966324e+006 6.19738766753342e-002 6.21027722905426e-001 1.56130321222571e+000 1.64834848416543e+000 2.37401176254974e-005 459592 65
1.07583966293675e+005 1.73377595612166e+006 6.19723687820333e-002 6.32079198923996e-001 1.56302899182104e+000 1.65523670407233e+000 2.38424045915410e-005 461618 66
1.07583186445506e+005 1.73376703573360e+006 6.19722387451292e-002 3.60911510784415e-001 1.48249261070589e+000 1.69711440266874e+000 2.41919902921385e-005 473336 67
1.07583697902017e+005 1.73377220727951e+006 6.19723482303401e-002 1.77312466410508e-001 9.57663860438856e-001 1.75095330404904e+000 2.55628016594866e-005 488130 68
1.07584203265191e+005 1.73377814987162e+006 6.19724267239983e-002 2.73192301950367e-001 1.38977989577929e+000 1.85619618025944e+000 2.61998107571932e-005 518184 69
1.07586410637942e+005 1.73381154946684e+006 6.19725042108482e-002 2.42055445810852e-001 1.32630955732902e+000 1.85872836258694e+000 2.70197976087011e-005 518854 70
1.07592580698678e+005 1.73378068582620e+006 6.22120285033675e+000 9.52180534284769e-001 -1.55698876323740e+000 1.85978490551528e+000 2.70613223405768e-005 519161 71
1.07584986801674e+005 1.73378034516179e+006 6.19727986463659e-002 4.79376106580207e-001 1.53436187520981e+000 1.91395892143903e+000 2.72491477438669e-005 535134 72
1.07584407460211e+005 1.73377938431513e+006 6.19725000355510e-002 4.50557952493636e-001 1.52544534730064e+000 1.93891131157475e+000 2.74643428948702e-005 543171 73
1.07583205211473e+005 1.73376684015623e+006 6.19722565003113e-002 2.46903641012459e-001 1.33848589114048e+000 1.94971469740215e+000 2.82516500948163e-005 546317 74
1.07592421888802e+005 1.73377967143350e+006 6.22120290541430e+000 7.92039527563359e-001 -1.56456301812799e+000 1.96889396366292e+000 2.83139201390234e-005 552427 75
1.07583863433313e+005 1.73377586900669e+006 6.19723127881082e-002 5.94257253748726e-001 1.55794752967925e+000 2.00888673901263e+000 2.84310724777152e-005 564168 76
1.07592323354788e+005 1.73377338813153e+006 6.22120273799431e+000 7.16937671458959e-001 -1.56993211020234e+000 2.01690036061886e+000 2.85086027751631e-005 566911 77
1.07584514917447e+005 1.73378698131266e+006 6.19722909237321e-002 2.79064339616910e-001 1.39898405362102e+000 2.03401471044459e+000 2.91174933936053e-005 572019 78
1.07583062137805e+005 1.73376563600537e+006 6.19722172263408e-002 6.72460750261607e-001 1.56763107074190e+000 2.13545903773890e+000 2.92067542910782e-005 601233 79
1.07590001375080e+005 1.73381481104545e+006 6.19744509889798e-002 1.75927267781477e-001 6.72239090701010e-001 2.14460882719935e+000 3.02687044745842e-005 603390 80
1.07583766216493e+005 1.73377414592591e+006 6.19723183633299e-002 3.81900281315596e-001 1.49534008102664e+000 2.18770346778962e+000 3.05777363004984e-005 615335 81
1.07594677608394e+005 1.73380884510738e+006 6.22120264956538e+000 8.24531469318229e-001 -1.56293311517685e+000 2.20965397855700e+000 3.06347345278814e-005 621833 82
1.07592429145795e+005 1.73377210814505e+006 6.22120263157188e+000 9.36943349365432e-001 -1.55746814645833e+000 2.26573711977822e+000 3.06777597169041e-005 637810 83
1.07591674892957e+005 1.73380035777061e+006 6.22120407217425e+000 9.71242071940777e-001 -1.55650938001648e+000 2.27931175244839e+000 3.07175123498501e-005 641147 84
1.07591783382298e+005 1.73378775854936e+006 6.22120356062167e+000 7.78187541273053e-001 -1.56552178456984e+000 2.30754082021238e+000 3.07822473646369e-005 649595 85
1.07585933643836e+005 1.73379006365044e+006 6.19729961727670e-002 2.52263757446534e-001 1.35027871837519e+000 2.32290862744581e+000 3.15352627599404e-005 653758 86
1.07583282303188e+005 1.73376765511564e+006 6.19722717390065e-002 2.35219791706723e-001 1.30866825479904e+000 2.34797435816528e+000 3.24046108503584e-005 661134 87
1.07584416154827e+005 1.73378074864488e+006 6.19724563891195e-002 1.92399086261472e-001 1.11979126575518e+000 2.37380872592684e+000 3.36650769432463e-005 668336 88
1.07583088809045e+005 1.73376602845627e+006 6.19722185587634e-002 2.52685339637979e-001 1.35142923810541e+000 2.39986477204646e+000 3.44155241611144e-005 676268 89
1.07589663048925e+005 1.73381179535450e+006 6.19743641221333e-002 4.28665791552217e-001 1.51710407925657e+000 2.42719748945095e+000 3.46555416948706e-005 684263 90
1.07587692921217e+005 1.73379937393694e+006 6.19736750396957e-002 1.84900945856502e-001 1.05593742072817e+000 2.45309156912521e+000 3.59858877534236e-005 691767 91
1.07593407909348e+005 1.73379309889074e+006 6.22120281764572e+000 7.87914044689942e-001 -1.56494652470473e+000 2.54222719227979e+000 3.60488774927951e-005 715826 92
1.07593158670598e+005 1.73381455708848e+006 6.19762740689604e-002 2.78311514275045e-001 1.39754590395825e+000 2.62453800308071e+000 3.66612439769932e-005 736984 93
1.07587849899033e+005 1.73380387003185e+006 6.19736049331835e-002 3.63169986810008e-001 1.48364313043611e+000 2.62695569793792e+000 3.70060996151277e-005 737462 94
1.07588061288584e+005 1.73379996379703e+006 6.19738656569008e-002 3.27696856701354e-001 1.45622241019929e+000 2.67468184331278e+000 3.74372560758302e-005 751821 95
1.07585105675421e+005 1.73379063444859e+006 6.19725001058706e-002 2.84002873859540e-001 1.40627067857906e+000 2.67959493047192e+000 3.80238209823682e-005 753366 96
1.07587732992658e+005 1.73379858251210e+006 6.19737262796447e-002 6.67070520813857e-001 1.56676818094424e+000 2.73150113645324e+000 3.81146760851105e-005 768863 97
1.07593243107943e+005 1.73380955167670e+006 6.22120349895315e+000 7.93424726192390e-001 -1.56475477141636e+000 2.74589488750774e+000 3.81767072820139e-005 772174 98
1.07584861144805e+005 1.73378925894916e+006 6.19724086486037e-002 4.68806438780430e-001 1.53119794595172e+000 2.74806415056845e+000 3.83739514915026e-005 772892 99
1.07585064556030e+005 1.73378079477913e+006 6.19728272909077e-002 6.96822178324341e-001 1.56983623355815e+000 2.77423946851787e+000 3.84564910557212e-005 779976 100
1.07587914486686e+005 1.73380233599046e+006 6.19736967353114e-002 1.74481843125097e-001 8.91221346018860e-001 2.81472733112174e+000 3.98072267654332e-005 790915 101
1.07584606153504e+005 1.73378459396497e+006 6.19724284592691e-002 1.73126757509741e-001 7.83647751243629e-001 2.83493305113975e+000 4.10541879663161e-005 795985 102
1.07591158278213e+005 1.73380974323546e+006 6.22120470362621e+000 9.38569452103859e-001 -1.55775577639088e+000 2.83925148536651e+000 4.10970494946924e-005 797172 103
1.07586184794653e+005 1.73379108606164e+006 6.19731040217999e-002 5.21474099697269e-001 1.54471655278176e+000 2.86358644690968e+000 4.12531739547660e-005 804288 104
1.07585033218906e+005 1.73378221277326e+006 6.19727587302782e-002 2.87616435500490e-001 1.41144801736503e+000 2.86382157315005e+000 4.18241308002530e-005 804382 105
1.07592530337613e+005 1.73377677295671e+006 6.22120273975729e+000 7.59758376904211e-001 -1.56667230430006e+000 2.96073401261121e+000 4.18923710971196e-005 831484 106
1.07592327886591e+005 1.73380841843723e+006 6.22120398439082e+000 8.67623191886552e-001 -1.56072795236061e+000 2.96999417548457e+000 4.19433253157579e-005 834241 107
1.07585837978612e+005 1.73378592746990e+006 6.19730886740410e-002 2.78371740302394e-001 1.39792941053499e+000 2.97899443883994e+000 4.25554414029874e-005 836924 108
1.07586334215999e+005 1.73379465728418e+006 6.19730625490097e-002 6.00761664702435e-001 1.55871454283273e+000 2.98032226594603e+000 4.26698224665098e-005 837456 109
1.07586745541759e+005 1.73380485706294e+006 6.19729352300278e-002 6.28826993447142e-001 1.56235785531175e+000 2.98549251788609e+000 4.27732763133055e-005 838961 110
1.07585611243294e+005 1.73379739687351e+006 6.19725494867821e-002 3.07882493703481e-001 1.43637594485305e+000 3.03657773756444e+000 4.32666184754016e-005 853495 111
1.07584585369589e+005 1.73377902560579e+006 6.19726150445637e-002 2.26577356782119e-001 1.28258980758080e+000 3.07228311263947e+000 4.42036670541141e-005 863670 112
1.07590120503610e+005 1.73381250159498e+006 6.19746017736129e-002 4.70824010696627e-001 1.53158145252846e+000 3.08148786165254e+000 4.43990594925921e-005 865844 113
1.07585260159955e+005 1.73378988116379e+006 6.19726157228141e-002 6.37921123576865e-001 1.56360425168615e+000 3.09347660112554e+000 4.44992974248008e-005 869179 114
1.07591935125841e+005 1.73379499977491e+006 6.22120373161975e+000 8.81535404204207e-001 -1.55996093920713e+000 3.12486793393668e+000 4.45484988552829e-005 877741 115
1.07584039318948e+005 1.73377331576029e+006 6.19725048759416e-002 5.58031298298207e-001 1.55209905438398e+000 3.13698715059772e+000 4.46830247690333e-005 880724 116
1.07592032372298e+005 1.73377803976896e+006 6.22120307103825e+000 8.14293044668873e-001 -1.56322074510941e+000 3.16038941351813e+000 4.47416116849486e-005 887566 117
1.07584723352422e+005 1.73378557830004e+006 6.19724607030576e-002 6.49996442060371e-001 1.56504240134892e+000 3.17959872714501e+000 4.48377993429325e-005 893522 118
1.07592413234091e+005 1.73378519928903e+006 6.22120310748391e+000 9.97289828769288e-001 -1.55555061357463e+000 3.22420643042481e+000 4.48753029606488e-005 905603 119
1.07591972542161e+005 1.73378737587199e+006 6.22120343829380e+000 9.01921914461897e-001 -1.55900217276528e+000 3.27269866758866e+000 4.49220903509231e-005 919025 120
1.07585410380732e+005 1.73378766012165e+006 6.19727812195575e-002 4.51069873726103e-001 1.52554122394482e+000 3.31672111369306e+000 4.51367495036937e-005 931216 121
1.07591054126769e+005 1.73380934915740e+006 6.22120474941631e+000 7.25640332410913e-001 -1.56954860362560e+000 3.33340125292803e+000 4.52122488595769e-005 935981 122
1.07592827680533e+005 1.73378569118204e+006 6.22120288689809e+000 9.84612250012290e-001 -1.55593412015137e+000 3.34612891485297e+000 4.52508232624267e-005 939652 123
1.07592423010730e+005 1.73377168859693e+006 6.22120262013761e+000 9.24325996635784e-001 -1.55794752967925e+000 3.38316144269735e+000 4.52951513990115e-005 950306 124
1.07584052844684e+005 1.73377465912061e+006 6.19724647527598e-002 4.74829041515346e-001 1.53311547883541e+000 3.40555274777905e+000 4.54869477340839e-005 956781 125
1.07584332024180e+005 1.73377688246461e+006 6.19725458906872e-002 4.13217815537158e-001 1.51096797402875e+000 3.40743432956208e+000 4.57470589529199e-005 957442 126
1.07592079086491e+005 1.73377172470421e+006 6.22120281903171e+000 8.78885459000844e-001 -1.55986506256294e+000 3.41429408795860e+000 4.57965872883449e-005 959603 127
1.07588167638184e+005 1.73380902649836e+006 6.19736036488194e-002 1.75385233535335e-001 6.84894807733390e-001 3.42810968060414e+000 4.68826863080526e-005 963629 128
1.07593402389234e+005 1.73379631051580e+006 6.22120293532799e+000 7.24164794740858e-001 -1.56954860362560e+000 3.43058527228546e+000 4.69585245155137e-005 964362 129
1.07591899953231e+005 1.73378449330780e+006 6.22120337722288e+000 7.11366763929162e-001 -1.57050737006745e+000 3.46841810010163e+000 4.70373968728702e-005 975803 130
1.07584004383841e+005 1.73377599367277e+006 6.19723893284520e-002 4.96058716155924e-001 1.53886807748650e+000 3.47341244851179e+000 4.72116323172052e-005 976980 131
1.07583224449090e+005 1.73376767101701e+006 6.19722379310664e-002 4.81002209318635e-001 1.53493713507492e+000 3.51323557866063e+000 4.73980674912093e-005 990055 132
1.07584626979060e+005 1.73378197221202e+006 6.19725338972029e-002 1.76258510931898e-001 6.64568959166234e-001 3.57465546524526e+000 4.84454092776724e-005 1007084 133
1.07587845171070e+005 1.73380677446723e+006 6.19734986654997e-002 5.87240921562549e-001 1.55660525666066e+000 3.60632392485202e+000 4.85656609368022e-005 1016112 134
1.07585168015791e+005 1.73379045336181e+006 6.19725423802646e-002 5.19697431890468e-001 1.54433304620502e+000 3.62656198692362e+000 4.87229604402758e-005 1021103 135
1.07591511616035e+005 1.73380317757274e+006 6.22120426652346e+000 8.87527893925448e-001 -1.55976918591876e+000 3.63541631635308e+000 4.87714338828658e-005 1023554 136
1.07591725169892e+005 1.73380147480552e+006 6.22120408311441e+000 8.23266722743897e-001 -1.56293311517685e+000 3.63574255170983e+000 4.88286249280604e-005 1023623 137
1.07584796343644e+005 1.73378761833526e+006 6.19724299084556e-002 6.97514777638856e-001 1.56983623355815e+000 3.70508716383158e+000 4.89109842923164e-005 1043045 138
1.07584551817066e+005 1.73378032490659e+006 6.19725494428923e-002 3.06617747129149e-001 1.43512954847865e+000 3.70740126058368e+000 4.94087301349994e-005 1043697 139
1.07585283613187e+005 1.73379236799358e+006 6.19725405363136e-002 4.75401188775163e-001 1.53311547883541e+000 3.71981151696065e+000 4.96000190158724e-005 1047298 140
1.07584539492707e+005 1.73378667966323e+006 6.19723157982327e-002 4.39355911406692e-001 1.52141852824488e+000 3.74794619155244e+000 4.98274265217168e-005 1055417 141
1.07587001874811e+005 1.73381513636297e+006 6.19727160263050e-002 2.66446986887261e-001 2.23440519272439e-001 3.75153387280953e+000 4.99790369462154e-005 1056672 142
1.07589709679343e+005 1.73381308825205e+006 6.19743448178922e-002 2.57533534839586e-001 1.36101690252388e+000 3.78950197094660e+000 5.07002595815832e-005 1066814 143
1.07585353404246e+005 1.73378422422027e+006 6.19728709825416e-002 5.06899401078773e-001 1.54145674687948e+000 3.82142506007847e+000 5.08664155068197e-005 1074838 144
1.07589201753491e+005 1.73380796541397e+006 6.19742356332090e-002 5.45745188718979e-001 1.54951038499100e+000 3.82745347422660e+000 5.10076869835911e-005 1076838 145
1.07584063058862e+005 1.73377328575149e+006 6.19725195859491e-002 6.88842229700577e-001 1.56916509704886e+000 3.86871439082781e+000 5.10923447169162e-005 1087946 146
1.07592015427728e+005 1.73380640144060e+006 6.22120409200069e+000 9.50825448669413e-001 -1.55727639316996e+000 3.88827597571511e+000 5.11339999191965e-005 1093224 147
1.07586330572211e+005 1.73381446292036e+006 6.19723543385815e-002 2.93368021112334e-001 1.41883051896725e+000 3.90681517224781e+000 5.16812533129342e-005 1099149 148
1.07587971101225e+005 1.73380506819031e+006 6.19736318526257e-002 4.53268123724348e-001 1.52611648380993e+000 3.93550385016871e+000 5.18936343169909e-005 1107043 149
1.07593003159837e+005 1.73380619847727e+006 6.22120351725959e+000 9.42875613059324e-001 -1.55756402310251e+000 3.96416159137158e+000 5.19360662664785e-005 1114588 150
1.07584823982205e+005 1.73378191710989e+006 6.19726490521615e-002 5.41981062009657e-001 1.54903100177007e+000 4.07908400090949e+000 5.20795037877997e-005 1147507 151
1.07586301250101e+005 1.73380754591137e+006 6.19725840970621e-002 2.51812062241416e-001 1.34912819864498e+000 4.08288875321942e+000 5.28352985437543e-005 1148497 152
1.07583309343213e+005 1.73376897517802e+006 6.19722402113578e-002 1.73789243810582e-001 7.35325922574542e-001 4.08483448349871e+000 5.40104452631612e-005 1149063 153
1.07585515913547e+005 1.73379769675457e+006 6.19724840230085e-002 3.47962914904346e-001 1.47300082293161e+000 4.12289096934552e+000 5.43889558885365e-005 1159996 154
1.07593555804583e+005 1.73380584870822e+006 6.22120318726492e+000 9.53385054831752e-001 -1.55718051652577e+000 4.13049040986697e+000 5.44303653982901e-005 1161398 155
1.07592660175934e+005 1.73378326098206e+006 6.22120289649019e+000 9.52873133599284e-001 -1.55698876323740e+000 4.16804277470335e+000 5.44718237578365e-005 1171656 156
1.07585409476876e+005 1.73379738563003e+006 6.19724339614591e-002 1.77673822574603e-001 9.63512335734123e-001 4.17300346480084e+000 5.58421012773920e-005 1173101 157
1.07591667171456e+005 1.73380724690214e+006 6.22120432223650e+000 8.81926873381977e-001 -1.56005681585131e+000 4.19474501620417e+000 5.58912547246057e-005 1179406 158
1.07589681304660e+005 1.73381077256049e+006 6.19744110768157e-002 3.82863897753183e-001 1.49553183431501e+000 4.21293364413304e+000 5.61985824430686e-005 1183867 159
1.07592079036343e+005 1.73376826674043e+006 6.22120269576466e+000 8.99994681586724e-001 -1.55890629612110e+000 4.22503037876233e+000 5.62455904805463e-005 1187322 160
1.07585917760854e+005 1.73378716210631e+006 6.19730904953404e-002 2.35430582802445e-001 1.30905176137577e+000 4.22710131730028e+000 5.71133163006557e-005 1187864 161
1.07589003417649e+005 1.73381045346029e+006 6.19740329724729e-002 4.68836551794105e-001 1.53100619266335e+000 4.25512682646454e+000 5.73105311378633e-005 1195641 162
1.07587261300582e+005 1.73379696804911e+006 6.19735128264772e-002 4.14301884029443e-001 1.51125560396130e+000 4.33077190893457e+000 5.75691518080973e-005 1217794 163
1.07583833056595e+005 1.73377373037038e+006 6.19723715829498e-002 6.85861041346794e-001 1.56887746711631e+000 4.37148718629855e+000 5.76546211576724e-005 1228847 164
1.07590967484251e+005 1.73381263561089e+006 6.19750836292084e-002 1.89929819140156e-001 5.00811650898770e-001 4.38351319348615e+000 5.83464386454608e-005 1232923 165
1.07592308182169e+005 1.73377152671817e+006 6.22120268034214e+000 7.28440842682649e-001 -1.56897334376049e+000 4.38672987153001e+000 5.84213008374089e-005 1233917 166
1.07586495025958e+005 1.73380582571451e+006 6.19727567605103e-002 1.78035178738698e-001 6.31970900143437e-001 4.40290823899401e+000 5.94026226017866e-005 1238501 167
1.07586762091482e+005 1.73381021130992e+006 6.19727538473049e-002 6.23135633862647e-001 1.56159084215827e+000 4.41805729183673e+000 5.95081658853887e-005 1241906 168
1.07584452485325e+005 1.73378694157657e+006 6.19722564694307e-002 5.95612339364082e-001 1.55804340632344e+000 4.42181711676319e+000 5.96247327907911e-005 1242908 169
1.07593607503324e+005 1.73380980650547e+006 6.19767013251670e-002 6.54965089316676e-001 3.60016798913541e-002 4.43264197310910e+000 5.96281374974935e-005 1245223 170
1.07587080815336e+005 1.73379790578599e+006 6.19733756945176e-002 6.20756705782355e-001 1.56139908886990e+000 4.44277236311916e+000 5.97345724804298e-005 1248016 171
1.07583568052908e+005 1.73377151678182e+006 6.19722982417646e-002 5.30056308594524e-001 1.54672996230964e+000 4.44575167082782e+000 5.98851972847853e-005 1248656 172
1.07587949643976e+005 1.73380495290037e+006 6.19736236346959e-002 4.06412274446703e-001 1.50761229148228e+000 4.45412053172998e+000 6.01549316133273e-005 1251200 173
1.07591983063916e+005 1.73379201750962e+006 6.22120359774503e+000 9.07553048019043e-001 -1.55881041947691e+000 4.53043602282834e+000 6.02010826068267e-005 1273271 174
1.07587653765849e+005 1.73380962225539e+006 6.19732871619533e-002 3.99094812123781e-001 1.50406485564745e+000 4.63881267216357e+000 6.04817523638503e-005 1303286 175
1.07583304271868e+005 1.73376876032624e+006 6.19722449576009e-002 5.89951092793261e-001 1.55737226981414e+000 4.63983911230226e+000 6.06007933018694e-005 1303753 176
1.07588023904225e+005 1.73380705225248e+006 6.19735914533861e-002 1.82160661612115e-001 1.02621566103092e+000 4.64972824338622e+000 6.19518441875792e-005 1306421 177
1.07592173306215e+005 1.73377576697516e+006 6.22120290902560e+000 9.78860664400446e-001 -1.55602999679556e+000 4.65892391280438e+000 6.19909190462822e-005 1309175 178
1.07587863476749e+005 1.73381136787259e+006 6.19733454160657e-002 2.22783117059122e-001 1.26955058397168e+000 4.67007851721846e+000 6.29595945715539e-005 1312168 179
1.07586212106170e+005 1.73380388209173e+006 6.19726635025007e-002 4.37458791545194e-001 1.52055563844722e+000 4.67048422330484e+000 6.31891674761249e-005 1312341 180
1.07592020245011e+005 1.73377304766039e+006 6.22120290001061e+000 9.17369890476956e-001 -1.55823515961180e+000 4.69268833503566e+000 6.32342386190841e-005 1318843 181
1.07584418140326e+005 1.73377899192402e+006 6.19725201617569e-002 3.50823651203431e-001 1.47530186239204e+000 4.70485443656712e+000 6.36060750765101e-005 1322620 182
1.07588009833458e+005 1.73379762281883e+006 6.19739195562280e-002 3.68439764203059e-001 1.48709468962676e+000 4.75108066883573e+000 6.39402711157307e-005 1335562 183
1.07592817256393e+005 1.73377800517246e+006 6.22120261883977e+000 8.67743643941250e-001 -1.56044032242805e+000 4.79984268972198e+000 6.39912096254628e-005 1348187 184
1.07586378888359e+005 1.73380797065745e+006 6.19726135612216e-002 4.33995794972617e-001 1.51921336542863e+000 4.81010388370042e+000 6.42248159006548e-005 1351403 185
1.07592832512922e+005 1.73378200583227e+006 6.22120275271932e+000 9.74765294540703e-001 -1.55622175008393e+000 4.81732158292511e+000 6.42642529522609e-005 1353273 186
1.07592770099294e+005 1.73378131687161e+006 6.22120276401461e+000 7.72947876893676e-001 -1.56580941450240e+000 4.82302643114598e+000 6.43299574099703e-005 1354668 187
1.07586656585843e+005 1.73380787986629e+006 6.19727763500131e-002 1.94115528040923e-001 1.13158409298990e+000 4.82603971387594e+000 6.55730067686446e-005 1355333 188
1.07585980142069e+005 1.73379881649292e+006 6.19727108269797e-002 3.95812493633251e-001 1.50253082934049e+000 4.86365550243319e+000 6.58587928452168e-005 1366852 189
1.07592133248994e+005 1.73379951943286e+006 6.22120377893299e+000 8.44526510398150e-001 -1.56178259544664e+000 4.88343392555894e+000 6.59128637728356e-005 1372181 190
1.07586001950102e+005 1.73380274933346e+006 6.19725831418431e-002 2.50306411557687e-001 1.34586839274270e+000 4.94512243649607e+000 6.66781297553712e-005 1390675 191
1.07592004021261e+005 1.73377409097214e+006 6.22120294653195e+000 8.79367267219637e-001 -1.55986506256294e+000 4.94802545879912e+000 6.67275984095982e-005 1391715 192
1.07584465734032e+005 1.73377811516114e+006 6.19725787663404e-002 4.30291894290644e-001 1.51806284569842e+000 5.01292710878470e+000 6.69656371282920e-005 1409728 193
1.07588555132532e+005 1.73381288646064e+006 6.19736886662159e-002 6.89715507097140e-001 1.56887746711631e+000 5.03423847544235e+000 6.70500591825802e-005 1416050 194
1.07585740043838e+005 1.73379784311806e+006 6.19726075802596e-002 2.35641373898167e-001 1.30953114459670e+000 5.04160861828320e+000 6.79161893579933e-005 1417837 195
1.07583990788777e+005 1.73377574653769e+006 6.19723903282637e-002 6.49183390691157e-001 1.56504240134892e+000 5.10387796423815e+000 6.80126422436737e-005 1435292 196
1.07584389246285e+005 1.73377874277206e+006 6.19725124432739e-002 3.10261421783773e-001 1.43915636753441e+000 5.11262409527939e+000 6.84978812468475e-005 1437954 197
1.07586559718483e+005 1.73379133182217e+006 6.19733106753501e-002 2.81322815642503e-001 1.40233973616749e+000 5.14322477774436e+000 6.90964145266019e-005 1446291 198
1.07592807423287e+005 1.73377999627901e+006 6.22120269548339e+000 7.19979085840092e-001 -1.56974035691397e+000 5.15846651890221e+000 6.91732261093174e-005 1450270 199
1.07585420797219e+005 1.73378802444973e+006 6.19727742151683e-002 6.53640116714995e-001 1.56542590792566e+000 5.16656433159760e+000 6.92682382917807e-005 1452889 200
1.07584749612572e+005 1.73379197072811e+006 6.19722478854002e-002 6.36475698920485e-001 1.56341249839778e+000 5.16950532792440e+000 6.93689775704174e-005 1453737 201
1.07592905498239e+005 1.73378006632004e+006 6.22120264163062e+000 7.90563989893305e-001 -1.56465889477218e+000 5.17138698759292e+000 6.94315036288942e-005 1454414 202
1.07591488926268e+005 1.73379468357067e+006 6.22120397671272e+000 7.67678099500625e-001 -1.56628879772332e+000 5.25466233501937e+000 6.94982045989434e-005 1476430 203
1.07591873042148e+005 1.73378137063582e+006 6.22120328134596e+000 9.89249654118175e-001 -1.55574236686300e+000 5.26324155760910e+000 6.95363821869307e-005 1478638 204
1.07587630968459e+005 1.73381133860091e+006 6.19732128716455e-002 2.24469445824898e-001 1.27530318262276e+000 5.26897345348205e+000 7.04908071311775e-005 1480601 205
1.07583752284357e+005 1.73377401137876e+006 6.19723151553965e-002 1.73608565728535e-001 7.44242450483718e-001 5.29514782539651e+000 7.16802095444792e-005 1489065 206
1.07588140720789e+005 1.73380487208606e+006 6.19737362998646e-002 3.87651866927441e-001 1.49821638035218e+000 5.30856094709416e+000 7.19793076444990e-005 1492684 207
1.07592083298291e+005 1.73377594455044e+006 6.22120296707235e+000 7.65148606351960e-001 -1.56628879772332e+000 5.31009777747867e+000 7.20464946895868e-005 1492936 208
1.07586720955982e+005 1.73381406680726e+006 6.19725927560979e-002 6.93931329011581e-001 1.56926097369304e+000 5.32472482289941e+000 7.21297925590402e-005 1496709 209
1.07585626907311e+005 1.73380452376514e+006 6.19723043970250e-002 2.93368021112334e-001 1.41892639561144e+000 5.32579335477525e+000 7.26770539856801e-005 1497222 210
1.07591819339553e+005 1.73378143553914e+006 6.22120331451553e+000 9.68893256874160e-001 -1.55641350337230e+000 5.34073574552569e+000 7.27170188846262e-005 1502068 211
1.07592432720562e+005 1.73379635425900e+006 6.22120349401699e+000 7.77946637163656e-001 -1.56561766121403e+000 5.34263046819733e+000 7.27817980418708e-005 1502695 212
1.07587297296003e+005 1.73381347480329e+006 6.19729449990080e-002 1.92549651329845e-001 4.80869308908353e-001 5.36657158693639e+000 7.34284869743619e-005 1509884 213
1.07592410623461e+005 1.73378285051084e+006 6.22120302523781e+000 7.66082109775872e-001 -1.56628879772332e+000 5.37137443167592e+000 7.34954940365673e-005 1511150 214
1.07586439964828e+005 1.73380231142677e+006 6.19728504176482e-002 1.73277322578114e-001 7.67540475020600e-001 5.43416340081142e+000 7.47197950918657e-005 1530123 215
1.07591694044354e+005 1.73379114400751e+006 6.22120373265911e+000 7.87612914553196e-001 -1.56494652470473e+000 5.48642794721164e+000 7.47828378260673e-005 1545743 216
1.07588241009627e+005 1.73380678958414e+006 6.19737255568384e-002 2.19470685554918e-001 1.25775775673696e+000 5.52289518205090e+000 7.57802312863080e-005 1557239 217
1.07592248578844e+005 1.73377008962746e+006 6.22120266334770e+000 8.84938174749434e-001 -1.55957743263039e+000 5.52514710993344e+000 7.58290172531684e-005 1557859 218
1.07589517175315e+005 1.73381407524922e+006 6.19741990250967e-002 2.39044144443394e-001 1.31854354915006e+000 5.52718329131525e+000 7.66702426654949e-005 1558500 219
1.07592083266620e+005 1.73377289171440e+006 6.22120285824032e+000 8.11793664533883e-001 -1.56331662175359e+000 5.57223179011971e+000 7.67292271922104e-005 1571213 220
1.07583675548076e+005 1.73377463119239e+006 6.19722489674628e-002 6.42407962614377e-001 1.56427538819544e+000 5.57617040353169e+000 7.68279318044983e-005 1572312 221
1.07592337380530e+005 1.73377409665568e+006 6.22120275519844e+000 7.41058195412297e-001 -1.56801457731864e+000 5.64531253954721e+000 7.69000183015709e-005 1590838 222
1.07587212125737e+005 1.73379698664027e+006 6.19734839099244e-002 3.93523904593983e-001 1.50138030961028e+000 5.66498975990359e+000 7.71894506375997e-005 1596006 223
1.07583877888915e+005 1.73377567451297e+006 6.19723280279941e-002 6.71497133824020e-001 1.56743931745354e+000 5.68278962353455e+000 7.72789935236695e-005 1601671 224
1.07593292486011e+005 1.73380175002620e+006 6.22120319241843e+000 8.23326948771246e-001 -1.56293311517685e+000 5.69430485956639e+000 7.73361753655649e-005 1604736 225
1.07584326338865e+005 1.73377858416317e+006 6.19724819538652e-002 5.04279568889084e-001 1.54088148701437e+000 5.70909487813749e+000 7.75042334157712e-005 1608624 226
1.07583833233969e+005 1.73377253560100e+006 6.19724142817192e-002 6.84746859840835e-001 1.56878159047212e+000 5.71305553745039e+000 7.75900090039057e-005 1609855 227
1.07584541626864e+005 1.73378530332552e+006 6.19723660943020e-002 5.81609788005402e-001 1.55593412015137e+000 5.71607105502832e+000 7.77128357575126e-005 1610786 228
1.07592635228396e+005 1.73379049504233e+006 6.22120316875533e+000 7.65720753611777e-001 -1.56638467436750e+000 5.74913577556163e+000 7.77799124359031e-005 1619422 229
1.07584241362200e+005 1.73377933580709e+006 6.19724063313311e-002 2.54010312239660e-001 1.35411378414258e+000 5.78529251499913e+000 7.85222160642680e-005 1629459 230
1.07592820034014e+005 1.73377896324303e+006 6.22120265140436e+000 8.57956914497012e-001 -1.56091970564898e+000 5.83357748782111e+000 7.85744419072664e-005 1643768 231
1.07585987964297e+005 1.73379320451184e+006 6.19729154027608e-002 3.82562767616437e-001 1.49553183431501e+000 5.85606450805485e+000 7.88823020783952e-005 1649119 232
1.07592012542745e+005 1.73380035757458e+006 6.22120387816884e+000 9.62810428111895e-001 -1.55679700994903e+000 5.87254946605020e+000 7.89228247815705e-005 1653050 233
1.07588309650755e+005 1.73381084551480e+006 6.19736203895486e-002 6.39577339328967e-001 1.56360425168615e+000 5.87581809160066e+000 7.90224925449918e-005 1653995 234
1.07583364991290e+005 1.73376828157917e+006 6.19722969135917e-002 5.70558311986832e-001 1.55430421720023e+000 5.87985748216474e+000 7.91506109576930e-005 1654877 235
1.07586430545673e+005 1.73379394155011e+006 6.19731434138236e-002 4.95968377114900e-001 1.53867632419813e+000 5.89127232955719e+000 7.93249151590679e-005 1657652 236
1.07584045449136e+005 1.73378089646807e+006 6.19722381254859e-002 4.77027291513590e-001 1.53369073870052e+000 5.94605945391936e+000 7.95147765044328e-005 1672450 237
1.07592105766225e+005 1.73378934770895e+006 6.22120343205428e+000 9.11618304865111e-001 -1.55861866618854e+000 5.96791088533040e+000 7.95604758320527e-005 1677955 238
1.07591702099890e+005 1.73380058106136e+006 6.22120406450363e+000 8.86985859679306e-001 -1.55976918591876e+000 6.01640981042436e+000 7.96090144668657e-005 1691874 239
1.07584166709537e+005 1.73377467606830e+006 6.19725295711608e-002 3.62748404618564e-001 1.48364313043611e+000 6.03343430078584e+000 7.99547524522062e-005 1696618 240
1.07587601257452e+005 1.73380670213544e+006 6.19733611029733e-002 6.74357870123105e-001 1.56743931745354e+000 6.07775702267946e+000 8.00434617825085e-005 1709704 241
1.07588449721112e+005 1.73380336205124e+006 6.19739676744940e-002 1.84358911610359e-001 1.05037657536546e+000 6.09005631151548e+000 8.13781948317732e-005 1713144 242
1.07587194074350e+005 1.73380833551035e+006 6.19730689207397e-002 4.30773702509437e-001 1.51796696905423e+000 6.09880445437686e+000 8.16156470136777e-005 1715655 243
1.07585735173370e+005 1.73379287618399e+006 6.19727818655206e-002 1.98512028037411e-001 1.15996357966857e+000 6.22892744350096e+000 8.28142320848799e-005 1752088 244
1.07585892048932e+005 1.73380005737476e+006 6.19726159721533e-002 5.87451712658271e-001 1.55670113330485e+000 6.27642452884862e+000 8.29343889994958e-005 1766007 245
1.07589299328460e+005 1.73381381426838e+006 6.19740831657563e-002 2.52866017720026e-001 2.49998349711600e-001 6.39119023730216e+000 8.31243110983351e-005 1798065 246
1.07583858239409e+005 1.73377786458004e+006 6.19722386564206e-002 5.60982373638316e-001 1.55257843760491e+000 6.42104359980731e+000 8.32572862047703e-005 1805792 247
1.07586776604472e+005 1.73380637018021e+006 6.19728991309330e-002 1.82793034899281e-001 1.03350228598895e+000 6.43550896090136e+000 8.46039573828870e-005 1810100 248
1.07591624654215e+005 1.73380394262364e+006 6.22120422885409e+000 7.87974270717291e-001 -1.56504240134892e+000 6.46399518859760e+000 8.46669365661020e-005 1817630 249
1.07587040708269e+005 1.73379807493854e+006 6.19733466199907e-002 2.21458144457440e-001 1.26504438169500e+000 6.49292867626212e+000 8.56470239543580e-005 1824621 250
1.07591841469060e+005 1.73380260291422e+006 6.22120405651602e+000 7.36992938566229e-001 -1.56858983718375e+000 6.54852263574827e+000 8.57199882372479e-005 1839712 251
1.07587335699611e+005 1.73379845295567e+006 6.19735026316474e-002 1.73217096550765e-001 8.28230390789514e-001 6.58632271152240e+000 8.70199868725653e-005 1849607 252
1.07592376039600e+005 1.73377053563113e+006 6.22120260601578e+000 9.39111486350002e-001 -1.55737226981414e+000 6.58784072690115e+000 8.70627937773600e-005 1850039 253
1.07585649527392e+005 1.73378872676039e+006 6.19728805949368e-002 2.23325151305264e-001 1.27165987014374e+000 6.64873667252001e+000 8.80269337590597e-005 1867082 254
1.07583486180981e+005 1.73377005238483e+006 6.19723034108302e-002 1.73488113673836e-001 7.50762062288278e-001 6.66871220463367e+000 8.92265616834279e-005 1873069 255
1.07586244655116e+005 1.73381472217829e+006 6.19722957318204e-002 3.09869952606004e-001 1.43838935438093e+000 6.71486096303522e+000 8.97131007908103e-005 1885805 256
1.07583146530517e+005 1.73376650328170e+006 6.19722347947281e-002 6.56169609863659e-001 1.56590529114658e+000 6.76302603879401e+000 8.98073092829062e-005 1899456 257
1.07586771948679e+005 1.73379352035273e+006 6.19733545863768e-002 2.51661497173043e-001 1.34893644535661e+000 6.76985861649304e+000 9.05640664727629e-005 1901389 258
1.07583227227516e+005 1.73376724692567e+006 6.19722546475080e-002 5.83597246907925e-001 1.55641350337230e+000 6.81759445716263e+000 9.06859757220236e-005 1915590 259
1.07586695690590e+005 1.73378973623077e+006 6.19734456868966e-002 2.27390408151332e-001 1.28508260032960e+000 6.85962762975268e+000 9.16163532067937e-005 1926336 260
1.07584972585179e+005 1.73378705351784e+006 6.19725513069192e-002 4.72600678503427e-001 1.53234846568194e+000 6.89801438215265e+000 9.18101390603846e-005 1936211 261
1.07583996335940e+005 1.73377319997999e+006 6.19724843073339e-002 5.88957363342000e-001 1.55718051652577e+000 6.90236801806507e+000 9.19296220149808e-005 1937584 262
1.07585391590898e+005 1.73379066046082e+006 6.19726634536625e-002 6.03200818810075e-001 1.55909804940947e+000 6.92433457374518e+000 9.20429885174008e-005 1943896 263
1.07586123249606e+005 1.73379410691130e+006 6.19729609590039e-002 5.65740229798899e-001 1.55324957411420e+000 6.92980658822543e+000 9.21735173026555e-005 1945517 264
1.07591794482501e+005 1.73378765818994e+006 6.22120355066565e+000 9.01982140489246e-001 -1.55900217276528e+000 6.94892750374538e+000 9.22202978203406e-005 1949890 265
1.07593638419884e+005 1.73380105371472e+006 6.22120296883365e+000 9.74373825362933e-001 -1.55641350337230e+000 7.18925093248800e+000 9.22597698476736e-005 2016134 266
1.07592103018795e+005 1.73377882549093e+006 6.22120305846257e+000 8.31728479586454e-001 -1.56226197866756e+000 7.20488626694470e+000 9.23156883355126e-005 2020455 267
1.07583744383855e+005 1.73377617374877e+006 6.19722335217742e-002 4.02587921710032e-001 1.50607826517533e+000 7.23613111334492e+000 9.25910648652655e-005 2028978 268
1.07584112028060e+005 1.73377465818720e+006 6.19724987906702e-002 1.91405356810211e-001 1.11250464079714e+000 7.25083573375828e+000 9.38614398856966e-005 2033234 269
1.07585620156076e+005 1.73379864159602e+006 6.19725102303903e-002 1.93724058863153e-001 1.12899542359691e+000 7.33558905772176e+000 9.51084994124905e-005 2056259 270
1.07585744489467e+005 1.73379689989955e+006 6.19726437625468e-002 6.53519664660297e-001 1.56533003128147e+000 7.35086737406678e+000 9.52035500761556e-005 2060228 271
1.07583923985251e+005 1.73377590347165e+006 6.19723463502731e-002 6.94232459148327e-001 1.56964448026978e+000 7.36211770920928e+000 9.52867685203877e-005 2064003 272
1.07591914127763e+005 1.73377947498871e+006 6.22120319015018e+000 9.62750202084546e-001 -1.55660525666066e+000 7.40526435040794e+000 9.53272966911103e-005 2075267 273
1.07583228378865e+005 1.73376744015546e+006 6.19722484198473e-002 4.89463966161191e-001 1.53723817453536e+000 7.45745819527232e+000 9.55067289453527e-005 2090080 274
1.07591745290658e+005 1.73379531384018e+006 6.22120385188870e+000 7.89750938524091e-001 -1.56485064806055e+000 7.47499341037286e+000 9.55693967796664e-005 2095338 275
1.07583711123448e+005 1.73377545723243e+006 6.19722399572575e-002 6.11903479762029e-001 1.56044032242805e+000 7.62749686389857e+000 9.56792480226100e-005 2139367 276
1.07586257925919e+005 1.73379437114691e+006 6.19730289175608e-002 6.78001544777729e-001 1.56791870067446e+000 7.63047963149200e+000 9.57669120447766e-005 2140423 277
1.07583897536112e+005 1.73377892796515e+006 6.19722233224117e-002 1.87159421882095e-001 1.07760554231391e+000 7.63321874866362e+000 9.70777694082924e-005 2141110 278
1.07583828827141e+005 1.73377350409437e+006 6.19723772202218e-002 4.19119966217375e-001 1.51355664342174e+000 7.63985203046864e+000 9.73299284106149e-005 2142638 279
1.07586617015900e+005 1.73380404379561e+006 6.19728903799461e-002 4.45137610032211e-001 1.52333606112857e+000 7.66754397653605e+000 9.75509089118054e-005 2150888 280
1.07586252845152e+005 1.73379694267920e+006 6.19729343164067e-002 5.46708805156566e-001 1.54979801492355e+000 7.68735453668042e+000 9.76916340196031e-005 2157571 281
1.07586491945273e+005 1.73379044694780e+006 6.19733032840552e-002 1.98813158174157e-001 1.16178523590808e+000 7.70228688918114e+000 9.88871747797400e-005 2161202 282
1.07585826019718e+005 1.73380743183096e+006 6.19723151192173e-002 5.06598270942027e-001 1.54116911694693e+000 7.74603537805684e+000 9.90535466558172e-005 2174435 283
1.07584069236683e+005 1.73377368782349e+006 6.19725088004928e-002 2.36002730062262e-001 1.31077754097110e+000 7.78032276003948e+000 9.99170489233955e-005 2183670 284
1.07583200024787e+005 1.73376761718019e+006 6.19722258171205e-002 5.11958387376102e-001 1.54279901989807e+000 7.80287235938949e+000 1.00079620345306e-004 2189453 285
1.07592820337736e+005 1.73378272107851e+006 6.22120278521707e+000 7.67467308404903e-001 -1.56619292107913e+000 7.81623724830432e+000 1.00146361596759e-004 2193348 286
1.07592102159913e+005 1.73377720494245e+006 6.22120300117490e+000 7.93213935096667e-001 -1.56446714148381e+000 7.83375100906477e+000 1.00208428954611e-004 2198373 287
1.07591525634372e+005 1.73378707799968e+006 6.22120368444832e+000 7.43918931711382e-001 -1.56791870067446e+000 7.87644138046183e+000 1.00279906980923e-004 2210397 288
1.07583810125413e+005 1.73377301822204e+006 6.19723837975728e-002 5.44028746939528e-001 1.54951038499100e+000 7.89327578051309e+000 1.00422160897440e-004 2215460 289
1.07591911582959e+005 1.73378296908769e+006 6.22120331619482e+000 8.03572811800723e-001 -1.56389188161870e+000 7.89751781650920e+000 1.00482481382768e-004 2217032 290
1.07587346932603e+005 1.73380266830796e+006 6.19733587964445e-002 2.86381801939832e-001 1.40953048448134e+000 7.90357776921571e+000 1.01058688807743e-004 2218387 291
1.07585506928361e+005 1.73379991565482e+006 6.19723997516512e-002 5.40385072284904e-001 1.54855161854915e+000 7.92346909678617e+000 1.01203058449781e-004 2224444 292
1.07592847845291e+005 1.73378578325509e+006 6.22120287859511e+000 9.42935839086673e-001 -1.55737226981414e+000 7.92445818856551e+000 1.01245484328708e-004 2224888 293
1.07586493522617e+005 1.73380974595432e+006 6.19726161314275e-002 5.65469212675828e-001 1.55305782082583e+000 7.93940085427387e+000 1.01376150342600e-004 2228993 294
1.07584486345130e+005 1.73378486153318e+006 6.19723500826145e-002 6.10427942091974e-001 1.56015269249550e+000 7.94081270204391e+000 1.01486586275179e-004 2229200 295
1.07583920241927e+005 1.73377312927661e+006 6.19724431071985e-002 5.04068777793362e-001 1.54088148701437e+000 7.94776158872674e+000 1.01654798976631e-004 2231152 296
1.07592648424648e+005 1.73378190594964e+006 6.22120285492794e+000 9.55221948665901e-001 -1.55689288659322e+000 7.96754103269312e+000 1.01696033338022e-004 2236690 297
1.07592280599719e+005 1.73380356135693e+006 6.22120383838422e+000 8.87618232966472e-001 -1.55976918591876e+000 7.97281370055286e+000 1.01744495927625e-004 2238180 298
1.07584553526832e+005 1.73378785712939e+006 6.19722818821330e-002 1.86828178731675e-001 5.27081851405377e-001 7.97631189336153e+000 1.02496009808610e-004 2239225 299
1.07593887195097e+005 1.73380361220731e+006 6.22120291712144e+000 7.87944157703616e-001 -1.56504240134892e+000 7.98324897715465e+000 1.02558994287099e-004 2241155 300
