1.77358598600092e+004 1.73703238221032e+006 1.02100822881464e-002 2.18296278021610e-001 1.52113089831233e+000 6.35721266000146e-004 1.05948038004638e-006 225 1
1.77440087331360e+004 1.73702168011056e+006 6.27296516400895e+000 9.92441633567681e-001 -1.56897334376049e+000 2.63671207664167e-003 1.09739258364905e-006 846 2
1.77363561989123e+004 1.73702537516674e+006 1.02104091830149e-002 4.80580627127191e-001 1.56398775826289e+000 3.75129863109241e-003 1.28430358174871e-006 1248 3
1.77440493309732e+004 1.73702358870647e+006 6.27296515186234e+000 7.96676931669244e-001 -1.57050737006745e+000 3.75887574997899e-003 1.34578016805408e-006 1276 4
1.77353627094504e+004 1.73701029191778e+006 1.02099259443953e-002 6.83662791348550e-001 1.57041149342326e+000 1.89553031102155e-002 1.43185543649374e-006 6070 5
1.77438223887377e+004 1.73703695473549e+006 6.27296536109278e+000 8.59221661071344e-001 -1.57069912335582e+000 1.95959243522404e-002 1.48391484325021e-006 6194 6
1.77439413710923e+004 1.73702069016629e+006 6.27296519696400e+000 7.90021955647162e-001 -1.57041149342326e+000 1.96017686096520e-002 1.54653649347321e-006 6208 7
1.77380940820554e+004 1.73704058782323e+006 1.02113201492381e-002 7.77073359767093e-001 1.56993211020234e+000 2.09028694504560e-002 1.61147676309665e-006 6255 8
1.77393918620893e+004 1.73705045423800e+006 1.02120091923167e-002 5.04821603135227e-001 1.56360425168615e+000 2.68111767109495e-002 1.77920879675151e-006 8296 9
1.77374278355218e+004 1.73703368170064e+006 1.02109772305328e-002 1.51204483554648e-001 1.46235851542711e+000 3.28526351923106e-002 4.14474729486343e-006 9986 10
1.77443979068929e+004 1.73705424197208e+006 1.02148685416763e-002 1.52499343142655e-001 1.10306079134495e-001 3.91058991289864e-002 4.40182211224398e-006 11905 11
1.77420187845480e+004 1.73704099383274e+006 6.27296642305452e+000 9.63563253453760e-001 -1.57021974013489e+000 4.60468393195673e-002 4.44227915344244e-006 13929 12
1.77366807553873e+004 1.73704040313614e+006 1.02105076790472e-002 8.57836462442314e-001 1.57069912335582e+000 5.00770025096842e-002 4.49452367879865e-006 14936 13
1.77354059202333e+004 1.73701032183250e+006 1.02099506425057e-002 8.54376616893680e-002 1.19121936567278e+000 5.60123857638664e-002 1.22540348024166e-005 16560 14
1.77368294164453e+004 1.73705742311617e+006 1.02104932149320e-002 1.54426576017828e-001 1.46571419797357e+000 6.48542137234741e-002 1.45131583409383e-005 19031 15
1.77436970808455e+004 1.73705109695486e+006 6.27296551638035e+000 9.78860664400446e-001 -1.57069912335582e+000 6.52783490693671e-002 1.45522374598727e-005 19300 16
1.77366386917601e+004 1.73702510035825e+006 1.02105734115628e-002 6.59241137258467e-001 1.56916509704886e+000 7.40361427506448e-002 1.46454839850535e-005 21246 17
1.77361137323161e+004 1.73705680381157e+006 1.02100848882991e-002 5.57368811997367e-001 1.56504240134892e+000 7.46493213151475e-002 1.47803832691492e-005 21390 18
1.77386605866019e+004 1.73704954940216e+006 1.02115935682012e-002 3.14928938903333e-001 1.54797635868404e+000 7.72000437572547e-002 1.52539159434991e-005 21972 19
1.77376907524252e+004 1.73703842535199e+006 1.02111006909808e-002 1.77764161615626e-001 1.49342254814295e+000 8.18469777954437e-002 1.69156906328253e-005 23124 20
1.77361537104959e+004 1.73701939664013e+006 1.02103277628838e-002 1.02692418524902e-001 1.32391264122440e+000 8.70914440991214e-002 2.23204219843120e-005 24437 21
1.77372809139998e+004 1.73705523747536e+006 1.02107659554837e-002 3.07731928635109e-001 1.54644233237709e+000 8.89721926946113e-002 2.28186432479718e-005 25132 22
1.77353734846809e+004 1.73700947118236e+006 1.02099369709170e-002 4.99732503824223e-001 1.56571353785821e+000 9.53746837366681e-002 2.29901583512021e-005 26875 23
1.77370436476977e+004 1.73705068054647e+006 1.02106561630248e-002 9.40255780869636e-001 1.57069912335582e+000 1.10425052318281e-001 2.30328545749323e-005 30917 24
1.77373632304920e+004 1.73704635422362e+006 1.02108655535224e-002 5.38367500368707e-001 1.56504240134892e+000 1.19445043153439e-001 2.31784507843476e-005 33508 25
1.77440495978647e+004 1.73701949638540e+006 6.27296512764476e+000 9.68893256874160e-001 -1.56897334376049e+000 1.23021546297291e-001 2.32184197509178e-005 34275 26
1.77395658840194e+004 1.73705849732796e+006 1.02120620825243e-002 6.46924914665564e-001 1.56705581087680e+000 1.24970937713410e-001 2.33156159151988e-005 34710 27
1.77356405361967e+004 1.73701722894893e+006 1.02100451004576e-002 3.03757010830064e-001 1.54788048203986e+000 1.34862703238823e-001 2.38283105465484e-005 37602 28
1.77361229036141e+004 1.73705264259041e+006 1.02101146247673e-002 3.88464918296654e-001 1.55660525666066e+000 1.36341739052532e-001 2.41267890048363e-005 37802 29
1.77382278912367e+004 1.73704534156318e+006 1.02113692306529e-002 7.35129082742348e-002 9.63128829157384e-001 1.42139628129381e-001 3.36737335746229e-005 39561 30
1.77389572446047e+004 1.73704458244393e+006 1.02117935308879e-002 1.32263397953338e-001 1.42640477385784e+000 1.42588110803173e-001 3.68347030531274e-005 39703 31
1.77376609689938e+004 1.73704375232077e+006 1.02110522346539e-002 2.01975024609988e-001 1.51144735724967e+000 1.42591841487820e-001 3.80910526764709e-005 39711 32
1.77381930285083e+004 1.73704137222237e+006 1.02113724951081e-002 7.47562606366006e-001 1.56954860362560e+000 1.46575639846999e-001 3.81617667252020e-005 41246 33
1.77358179922897e+004 1.73701687191505e+006 1.02101493496887e-002 3.23962843005706e-001 1.55123616458632e+000 1.59355349390372e-001 3.86067648339595e-005 44584 34
1.77359035908223e+004 1.73705360769867e+006 1.02099827099487e-002 7.82855058392612e-001 1.56926097369304e+000 1.65980273338223e-001 3.86706545835516e-005 46337 35
1.77384674632226e+004 1.73704354890309e+006 1.02115176732452e-002 5.58091524325556e-001 1.56580941450240e+000 1.66792489770934e-001 3.88051704008825e-005 46568 36
1.77430766806802e+004 1.73702686423624e+006 6.27296573101603e+000 9.93616041100989e-001 -1.56926097369304e+000 1.71338436981825e-001 3.88429841096749e-005 47804 37
1.77366837240522e+004 1.73703796764218e+006 1.02105237030244e-002 8.19713387130297e-001 1.57050737006745e+000 1.73127604512033e-001 3.89007237687367e-005 48564 38
1.77375038461563e+004 1.73703453092389e+006 1.02110159930973e-002 1.86135579417159e-001 1.50080504974517e+000 1.76136426296024e-001 4.04033168969351e-005 49361 39
1.77358081010426e+004 1.73705341328441e+006 1.02099288860439e-002 6.52044126990242e-001 1.56743931745354e+000 1.77987163921199e-001 4.04988422990953e-005 49826 40
1.77367743897303e+004 1.73702995087551e+006 1.02106230138756e-002 7.06217438590809e-001 1.56964448026978e+000 1.80349774241687e-001 4.05789853450033e-005 50355 41
1.77369391080967e+004 1.73702688155835e+006 1.02107358726103e-002 1.77673822574603e-001 1.49399780800806e+000 1.81328514841305e-001 4.22426933834124e-005 50906 42
1.77356538173873e+004 1.73702864743495e+006 1.02099856337647e-002 3.96294301852045e-001 1.55861866618854e+000 1.84473739205563e-001 4.25283598549062e-005 51626 43
1.77356316554422e+004 1.73702591703297e+006 1.02099889243274e-002 4.61519089471182e-001 1.56302899182104e+000 1.84495742940921e-001 4.27326748875770e-005 51653 44
1.77393071454684e+004 1.73705546079811e+006 1.02119309960396e-002 1.48132956159841e-001 1.45631828684347e+000 1.88787854927198e-001 4.52057936756236e-005 52709 45
1.77362700271573e+004 1.73703160203232e+006 1.02103229800935e-002 3.64976767630483e-001 1.55555061357463e+000 1.89423211960846e-001 4.55481644895558e-005 53118 46
1.77363757863216e+004 1.73702459173182e+006 1.02104250630448e-002 3.74372027896951e-001 1.55689288659322e+000 1.90608681495275e-001 4.58719230460878e-005 53250 47
1.77373914832029e+004 1.73703467203928e+006 1.02109504837142e-002 7.40245144043084e-001 1.56983623355815e+000 1.90746308859390e-001 4.59441840925557e-005 53340 48
1.77360540714174e+004 1.73705181466543e+006 1.02100798690970e-002 5.89529510601817e-001 1.56619292107913e+000 1.91783906786149e-001 4.60634218729791e-005 53533 49
1.77435727968714e+004 1.73702137479970e+006 6.27296541315517e+000 9.97109150687240e-001 -1.56897334376049e+000 1.96274761917937e-001 4.61009447412475e-005 54863 50
1.77442800863581e+004 1.73701450797751e+006 6.27296496563296e+000 8.81685969272580e-001 -1.56926097369304e+000 1.99345084660732e-001 4.61501305183415e-005 55712 51
1.77366220657435e+004 1.73702774083953e+006 1.02105483208653e-002 4.87837863422764e-001 1.56417951155126e+000 2.05013215548409e-001 4.63309790871953e-005 56939 52
1.77388773579516e+004 1.73704594863037e+006 1.02117395147192e-002 4.76696048363170e-001 1.56264548524430e+000 2.09198702099540e-001 4.65212554555958e-005 58079 53
1.77366586555921e+004 1.73702742709835e+006 1.02105712274011e-002 5.08344825735152e-001 1.56504240134892e+000 2.10187667540471e-001 4.66864421296424e-005 58320 54
1.77440716841698e+004 1.73703074910299e+006 6.27296518109982e+000 8.88792640499781e-001 -1.57012386349071e+000 2.14743679616091e-001 4.67347668786038e-005 59711 55
1.77374680373637e+004 1.73703582548995e+006 1.02109877708958e-002 8.27542770685687e-001 1.57069912335582e+000 2.19391742401546e-001 4.67913115525887e-005 61072 56
1.77359878327456e+004 1.73703376179804e+006 1.02101478451169e-002 5.83386455812203e-001 1.56705581087680e+000 2.28489358838264e-001 4.69133294968024e-005 64028 57
1.77364960313002e+004 1.73703155086833e+006 1.02104533766581e-002 4.97383688757606e-001 1.56437126483963e+000 2.31942448396973e-001 4.70866302078984e-005 65284 58
1.77367102895104e+004 1.73704710893005e+006 1.02104852652870e-002 8.95146486385117e-001 1.57060324671163e+000 2.41037319774417e-001 4.71342035477128e-005 67740 59
1.77363096863836e+004 1.73704326483527e+006 1.02102772600941e-002 3.36519969708006e-001 1.55152379451888e+000 2.43297127793766e-001 4.75434888827274e-005 68356 60
1.77397539590365e+004 1.73705512162046e+006 1.02121901878094e-002 8.91412472689469e-001 1.57012386349071e+000 2.55472056235441e-001 4.75915017278622e-005 71547 61
1.77444007076033e+004 1.73701989876467e+006 6.27296492789856e+000 9.73500547966371e-001 -1.56897334376049e+000 2.56425750703030e-001 4.76310557208446e-005 71722 62
1.77354081802209e+004 1.73701085998946e+006 1.02099487804436e-002 2.32509620476011e-001 1.52870515320292e+000 2.56842569432697e-001 4.85535758014457e-005 71830 63
1.77368451315345e+004 1.73704498369303e+006 1.02105753758836e-002 5.67607236646723e-001 1.56600116779077e+000 2.57170449874070e-001 4.86831803575927e-005 72020 64
1.77373015832751e+004 1.73704385747780e+006 1.02108447430946e-002 7.12243192349668e-002 7.93906552171392e-001 2.58021705868104e-001 5.75730891401024e-005 72245 65
1.77363216551781e+004 1.73703248536451e+006 1.02103475070721e-002 7.97550209065807e-001 1.57060324671163e+000 2.62057294334508e-001 5.76344177348094e-005 73075 66
1.77443366484591e+004 1.73701132326315e+006 6.27296491434608e+000 7.59216342658068e-001 -1.57021974013489e+000 2.62378444369662e-001 5.77027658301649e-005 73313 67
1.77358435648977e+004 1.73702106861988e+006 1.02101394038894e-002 5.67366332537327e-001 1.56734344080935e+000 2.64377217566371e-001 5.78324922016578e-005 73798 68
1.77364418799178e+004 1.73702530302846e+006 1.02104589281644e-002 5.00485329166087e-001 1.56485064806055e+000 2.75490296278199e-001 5.80034394225755e-005 76835 69
1.77378686990790e+004 1.73704537640875e+006 1.02111622639800e-002 8.56993298059425e-001 1.57041149342326e+000 2.80867878938017e-001 5.80557970943152e-005 78544 70
1.77364434289619e+004 1.73704194399139e+006 1.02103620098501e-002 8.68830863457477e-002 3.69268895077364e-001 2.82085000096135e-001 6.09618305359258e-005 79010 71
1.77395443298788e+004 1.73705247865189e+006 1.02120850564574e-002 2.75872360167404e-001 1.54001859721671e+000 2.87193486482349e-001 6.15953601875094e-005 80581 72
1.77355064543614e+004 1.73702283987833e+006 1.02099349397187e-002 6.05429181821994e-001 1.56820633060701e+000 2.91899001326527e-001 6.17078180610902e-005 81428 73
1.77392682209214e+004 1.73705024287797e+006 1.02119392634159e-002 2.34737983487930e-001 1.52736288018433e+000 2.96274093554885e-001 6.26111295050080e-005 82695 74
1.77370206954289e+004 1.73702840658719e+006 1.02107738732795e-002 3.92680740211095e-001 1.55833103625599e+000 3.00664223246854e-001 6.29026102228172e-005 83939 75
1.77375842021738e+004 1.73704689396291e+006 1.02109895788564e-002 2.35219791706723e-001 1.52774638676107e+000 3.06435461948632e-001 6.38018709711289e-005 85778 76
1.77358496159625e+004 1.73701714331305e+006 1.02101659583646e-002 1.72313706140528e-001 1.48939572908719e+000 3.23292646993864e-001 6.55809148557841e-005 90466 77
1.77391969225495e+004 1.73705069271675e+006 1.02118955776765e-002 2.85839767693690e-001 1.54241551332133e+000 3.30680766816074e-001 6.61668990942964e-005 92423 78
1.77387783514384e+004 1.73704385209381e+006 1.02116948478030e-002 8.24621808359253e-001 1.57021974013489e+000 3.32090782403769e-001 6.62238853374288e-005 92804 79
1.77371116754563e+004 1.73705479488753e+006 1.02106711386401e-002 5.53574572274370e-001 1.56504240134892e+000 3.41046158267245e-001 6.63608271311862e-005 95541 80
1.77355925313647e+004 1.73702705956967e+006 1.02099596878942e-002 4.04846397735625e-001 1.55938567934202e+000 3.43372412716386e-001 6.66333881890324e-005 96287 81
1.77357848557884e+004 1.73702571000501e+006 1.02100783288664e-002 6.55778140685890e-001 1.56906922040468e+000 3.55547955540267e-001 6.67277214369158e-005 99862 82
1.77368485353555e+004 1.73703243735853e+006 1.02106510796261e-002 7.13748843033397e-002 7.37339332102420e-001 3.59292013558444e-001 7.50704336832611e-005 100792 83
1.77353602653077e+004 1.73701059197728e+006 1.02099227738560e-002 3.22878774513422e-001 1.55142791787469e+000 3.59871596531221e-001 7.55187270761940e-005 100957 84
1.77366725884960e+004 1.73703318094801e+006 1.02105454279186e-002 4.60194116869501e-001 1.56254960860012e+000 3.61005748339762e-001 7.57243377182917e-005 101225 85
1.77361262372309e+004 1.73702343817565e+006 1.02102881935067e-002 7.51085828965932e-001 1.57060324671163e+000 3.61687588759697e-001 7.57943241154014e-005 101492 86
1.77430096488912e+004 1.73704753021196e+006 6.27296589111410e+000 9.77174335634669e-001 -1.57050737006745e+000 3.63097965129503e-001 7.58335517536363e-005 101887 87
1.77440916623261e+004 1.73701783125826e+006 6.27296509363939e+000 9.69344952079279e-001 -1.56887746711631e+000 3.68332097138095e-001 7.58734797500881e-005 103137 88
1.77354335426334e+004 1.73701319224695e+006 1.02099496723159e-002 1.21543165085188e-001 1.40003869670705e+000 3.77518545348545e-001 7.96645416552051e-005 106112 89
1.77365056288579e+004 1.73702641679498e+006 1.02104890779749e-002 6.69027866702705e-001 1.56926097369304e+000 3.78925153296502e-001 7.97548136263916e-005 106538 90
1.77356599291925e+004 1.73701830037969e+006 1.02100499664848e-002 1.72855740386670e-001 1.48987511230811e+000 3.83742355525258e-001 8.15216764478838e-005 107728 91
1.77441877288039e+004 1.73702011840416e+006 6.27296505178892e+000 9.27337298003241e-001 -1.56926097369304e+000 3.84758199248601e-001 8.15656921041674e-005 107986 92
1.77387454786699e+004 1.73704746939806e+006 1.02116546614631e-002 3.75847565567006e-001 1.55574236686300e+000 3.89110511048950e-001 8.18866556068604e-005 109166 93
1.77375743136207e+004 1.73705053349278e+006 1.02109624937834e-002 5.55170561999122e-001 1.56533003128147e+000 3.91096622014886e-001 8.20227330251337e-005 109720 94
1.77431392385020e+004 1.73702649618554e+006 6.27296569284137e+000 9.89068976036128e-001 -1.56926097369304e+000 3.94833373314422e-001 8.20609302408559e-005 110528 95
1.77356444310425e+004 1.73703799448170e+006 1.02099252942974e-002 6.27080438654016e-001 1.56782282403027e+000 3.99965288636945e-001 8.21650223040931e-005 112074 96
1.77443534430449e+004 1.73702640920171e+006 6.27296499338955e+000 8.03060890568255e-001 -1.57060324671163e+000 4.07096963487388e-001 8.22254288549871e-005 114096 97
1.77357283198535e+004 1.73701764158200e+006 1.02100932069332e-002 5.04038664779688e-001 1.56542590792566e+000 4.07750956009520e-001 8.23937365437735e-005 114407 98
1.77385984135120e+004 1.73705096560642e+006 1.02115494547552e-002 8.26549041234426e-001 1.56983623355815e+000 4.10147843029183e-001 8.24504308592619e-005 115122 99
1.77389273510653e+004 1.73705622371035e+006 1.02117078915371e-002 8.17063441926934e-001 1.56945272698141e+000 4.12083020412143e-001 8.25085832519123e-005 115774 100
1.77370936433670e+004 1.73703846533348e+006 1.02107567406063e-002 2.92554969743121e-001 1.54452479949339e+000 4.27177561149577e-001 8.30654154599771e-005 119705 101
1.77425166177590e+004 1.73704115824957e+006 6.27296613745271e+000 9.48777763739541e-001 -1.57031561677908e+000 4.28444255689885e-001 8.31072725227463e-005 119928 102
1.77385568598650e+004 1.73705921154027e+006 1.02114770638884e-002 7.28561294737347e-001 1.56830220725120e+000 4.38581666880283e-001 8.31821073798800e-005 122681 103
1.77420853309190e+004 1.73703864815844e+006 6.27296637095696e+000 9.93224571923220e-001 -1.56993211020234e+000 4.44732504108191e-001 8.32199539154411e-005 124417 104
1.77386934971944e+004 1.73704819878339e+006 1.02116204518375e-002 7.72496181688557e-001 1.56945272698141e+000 4.51269206099132e-001 8.32857436828869e-005 126194 105
1.77381053325751e+004 1.73705926024057e+006 1.02112168669638e-002 3.54708229967451e-001 1.55286606753746e+000 4.51872808386963e-001 8.36502827651435e-005 126481 106
1.77362870657132e+004 1.73702208418702e+006 1.02103887307257e-002 8.73347815508664e-002 1.21077820108646e+000 4.52398976804148e-001 9.11000684727146e-005 126662 107
1.77441054482607e+004 1.73702102920364e+006 6.27296510450854e+000 7.65118493338286e-001 -1.57069912335582e+000 4.55372504907550e-001 9.11672620176989e-005 127354 108
1.77353629537424e+004 1.73700994276664e+006 1.02099281371438e-002 2.19229781445521e-001 1.52285667790765e+000 4.64373606206825e-001 9.22169311867700e-005 129955 109
1.77438182222448e+004 1.73703431810107e+006 6.27296534798749e+000 8.90087500087787e-001 -1.57031561677908e+000 4.64993997247004e-001 9.22651014145252e-005 130029 110
1.77390006913086e+004 1.73704780611423e+006 1.02117995900224e-002 4.55887955914036e-001 1.56149496551408e+000 4.65098556589336e-001 9.24750070248063e-005 130072 111
1.77437214147878e+004 1.73702845211944e+006 6.27296536922063e+000 8.84185349407570e-001 -1.57002798684652e+000 4.68717997050697e-001 9.25238874836816e-005 131207 112
1.77361160115216e+004 1.73705936988423e+006 1.02100711184583e-002 5.46317335978796e-001 1.56456301812799e+000 4.70409087130787e-001 9.26648628711955e-005 131660 113
1.77395416523874e+004 1.73705188368705e+006 1.02120870127588e-002 8.32390965887295e-001 1.56983623355815e+000 4.73616602747460e-001 9.27206855028374e-005 132785 114
1.77355420173293e+004 1.73701520662818e+006 1.02100002752620e-002 3.40525000526725e-001 1.55363308069094e+000 4.75959362542013e-001 9.31194705996721e-005 133407 115
1.77372560771571e+004 1.73705007295767e+006 1.02107820147576e-002 4.05538997050140e-001 1.55813928296762e+000 4.82704253495701e-001 9.33910045490352e-005 135467 116
1.77380298921625e+004 1.73705627573195e+006 1.02111909845551e-002 2.41453185537361e-001 1.52956804300058e+000 4.87532725465357e-001 9.42400462519653e-005 136542 117
1.77357258250278e+004 1.73702576972597e+006 1.02100439975850e-002 4.43902976471554e-001 1.56207022537919e+000 4.87706615065401e-001 9.44626233286161e-005 136604 118
1.77388107919903e+004 1.73705403054715e+006 1.02116536891150e-002 6.15547154416653e-001 1.56667230430006e+000 4.87711437145278e-001 9.45710539832533e-005 136615 119
1.77394040327998e+004 1.73705052506870e+006 1.02120157817438e-002 8.82167777491373e-001 1.57031561677908e+000 4.91085152118429e-001 9.46201807322468e-005 137946 120
1.77382636388203e+004 1.73703996012906e+006 1.02114214412233e-002 6.68877301634332e-001 1.56849396053957e+000 5.00518592248126e-001 9.47104972812633e-005 140411 121
1.77369476300904e+004 1.73703816870731e+006 1.02106744341324e-002 5.93353863338488e-001 1.56705581087680e+000 5.00541676940047e-001 9.48280512653327e-005 140448 122
1.77443014755395e+004 1.73700990728188e+006 6.27296492626650e+000 7.52410801567613e-001 -1.57021974013489e+000 5.02091052998150e-001 9.48977668019678e-005 140817 123
1.77370523793064e+004 1.73703981492186e+006 1.02107250550232e-002 2.69578740309417e-001 1.53915570741905e+000 5.02503645295120e-001 9.55642740225758e-005 140897 124
1.77369674732811e+004 1.73705867775005e+006 1.02105653097348e-002 6.92636469423574e-001 1.56782282403027e+000 5.03760820516958e-001 9.56479145945518e-005 141212 125
1.77445338525591e+004 1.73703236670566e+006 6.27296492457162e+000 8.75271897359895e-001 -1.57031561677908e+000 5.09543862992237e-001 9.56978968762736e-005 142921 126
1.77359020229491e+004 1.73705251112124e+006 1.02099882524114e-002 1.77372692437857e-001 1.49227202841273e+000 5.11418936301615e-001 9.73676009373935e-005 143336 127
1.77356407030808e+004 1.73701598485439e+006 1.02100525087057e-002 6.22744164684877e-001 1.56897334376049e+000 5.12117060684028e-001 9.74732945411555e-005 143558 128
1.77427112530073e+004 1.73703898090188e+006 6.27296601261237e+000 9.00054907614073e-001 -1.57050737006745e+000 5.15758382815828e-001 9.75202989794225e-005 144825 129
1.77443994060091e+004 1.73702512077345e+006 6.27296495935518e+000 8.25946780960935e-001 -1.57031561677908e+000 5.19366630507119e-001 9.75770843025643e-005 145759 130
1.77353869209612e+004 1.73701133727374e+006 1.02099337375060e-002 1.95350161601580e-001 1.50895456450087e+000 5.23675947243138e-001 9.89288748376716e-005 146973 131
1.77439351134152e+004 1.73702148524367e+006 6.27296520524140e+000 8.35251702186379e-001 -1.57002798684652e+000 5.34012997240100e-001 9.89842777192635e-005 149655 132
1.77383278232482e+004 1.73705315021600e+006 1.02113808538421e-002 4.94432613417497e-001 1.56302899182104e+000 5.38634787365110e-001 9.91598605119445e-005 150852 133
1.77365202095018e+004 1.73704191782140e+006 1.02104063609515e-002 7.49583329306146e-002 5.64186112704856e-001 5.41533188951609e-001 1.05117304827466e-004 151552 134
1.77357715292844e+004 1.73704740055728e+006 1.02099431731061e-002 8.36215318623966e-001 1.57012386349071e+000 5.49810949379177e-001 1.05172567353716e-004 153462 135
1.77357057412983e+004 1.73701474422203e+006 1.02100972391718e-002 3.90362038158153e-001 1.55890629612110e+000 5.51927706773681e-001 1.05467872711080e-004 153967 136
1.77383651356621e+004 1.73704481908176e+006 1.02114513039497e-002 7.55783459099166e-001 1.56945272698141e+000 5.54428503166532e-001 1.05536905601899e-004 154848 137
1.77443363482420e+004 1.73700971409979e+006 6.27296490505631e+000 8.25344520687443e-001 -1.56945272698141e+000 5.56259572065669e-001 1.05593782080904e-004 155293 138
1.77365817359348e+004 1.73703172445422e+006 1.02105016909354e-002 4.56821459337948e-001 1.56245373195593e+000 5.56993819297579e-001 1.05802746954244e-004 155538 139
1.77379054226114e+004 1.73703805441033e+006 1.02112264425511e-002 2.46150815670595e-001 1.53225258903775e+000 5.57707150319260e-001 1.06616635997634e-004 155883 140
1.77359723010432e+004 1.73703161430253e+006 1.02101515264773e-002 3.85875199120640e-001 1.55756402310251e+000 5.60395942874626e-001 1.06919543176166e-004 156873 141
1.77367297052909e+004 1.73702847138931e+006 1.02106059880435e-002 2.58617603331871e-001 1.53675879131443e+000 5.61337429544426e-001 1.07649725452615e-004 157082 142
1.77436767839908e+004 1.73702132751977e+006 6.27296535301821e+000 8.94995921316744e-001 -1.56954860362560e+000 5.64577406940820e-001 1.07697316365216e-004 158107 143
1.77370551251856e+004 1.73704215112549e+006 1.02107129038603e-002 1.73939808878955e-001 1.48958748237556e+000 5.66033612002820e-001 1.09440002932484e-004 158711 144
1.77354334903077e+004 1.73701595090495e+006 1.02099334282957e-002 2.37628832800689e-001 1.53043093279824e+000 5.66493355092572e-001 1.10319427693917e-004 158865 145
1.77362996664136e+004 1.73705640651119e+006 1.02101942519922e-002 5.21293421615221e-001 1.56389188161870e+000 5.67126739149980e-001 1.10475720649828e-004 159107 146
1.77356672639309e+004 1.73701607542531e+006 1.02100672658586e-002 3.23661712868961e-001 1.55123616458632e+000 5.71410812809573e-001 1.10921630110528e-004 160234 147
1.77367479918931e+004 1.73702799908739e+006 1.02106192905634e-002 3.08815997127393e-001 1.54816811197241e+000 5.74266709913602e-001 1.11416031817122e-004 161081 148
1.77367843913097e+004 1.73702543159034e+006 1.02106553346727e-002 2.23746733496708e-001 1.52410307428205e+000 5.81695569852429e-001 1.12419705037777e-004 163194 149
1.77393099741491e+004 1.73705556768880e+006 1.02119319959508e-002 8.56963185045751e-001 1.56983623355815e+000 5.82988004231149e-001 1.12472066736923e-004 163707 150
1.77381530162179e+004 1.73704664546270e+006 1.02113184658183e-002 5.64144240074147e-001 1.56580941450240e+000 5.86233789089789e-001 1.12603427888127e-004 164823 151
1.77382333981289e+004 1.73704873310481e+006 1.02113524645382e-002 8.43535931970831e-002 1.17587910260323e+000 5.91339010939203e-001 1.20534243879757e-004 166216 152
1.77362199620765e+004 1.73703017139973e+006 1.02103025695925e-002 3.06768312197522e-001 1.54768872875149e+000 5.95183113224848e-001 1.21035929488118e-004 166981 153
1.77384443288349e+004 1.73705236111611e+006 1.02114525561586e-002 3.80816212823311e-001 1.55593412015137e+000 5.96032772591913e-001 1.21347752945657e-004 167206 154
1.77356212784706e+004 1.73701536958244e+006 1.02100449433938e-002 7.43861856707976e-002 9.95726888180181e-001 5.99219481263488e-001 1.30855762381462e-004 168227 155
1.77439911763171e+004 1.73701672689147e+006 6.27296514498910e+000 9.59708787703414e-001 -1.56887746711631e+000 5.99961884707059e-001 1.30896577687538e-004 168520 156
1.77353855582233e+004 1.73701239735980e+006 1.02099267224426e-002 1.81708966406996e-001 1.49840813364055e+000 6.01636871678854e-001 1.32480609316749e-004 168848 157
1.77381364898380e+004 1.73705865438197e+006 1.02112383631508e-002 8.79276928178614e-001 1.56983623355815e+000 6.02605705075241e-001 1.32530092086807e-004 169033 158
1.77429028527473e+004 1.73703016254933e+006 6.27296585047125e+000 8.97555527479083e-001 -1.57002798684652e+000 6.03614672853889e-001 1.32577384954545e-004 169455 159
1.77441867743371e+004 1.73701318696453e+006 6.27296501157909e+000 9.74102808239862e-001 -1.56858983718375e+000 6.04638076296501e-001 1.32616885135706e-004 169929 160
1.77442328713926e+004 1.73701485632930e+006 6.27296499486024e+000 7.59848715945234e-001 -1.57041149342326e+000 6.09404877783062e-001 1.32685108160027e-004 171669 161
1.77443009212363e+004 1.73704194672950e+006 6.27296511498779e+000 9.73109078788601e-001 -1.57021974013489e+000 6.17852212300272e-001 1.32724697227191e-004 174321 162
1.77353915810308e+004 1.73701080133659e+006 1.02099395699892e-002 2.84725586187730e-001 1.54442892284921e+000 6.22172224086804e-001 1.33315770629385e-004 175415 163
1.77358804730855e+004 1.73702815327126e+006 1.02101190093375e-002 1.54667480127225e-001 1.46772760750145e+000 6.25485498002913e-001 1.35567633740635e-004 176725 164
1.77383159947918e+004 1.73705200195295e+006 1.02113807947265e-002 2.34015271159740e-001 1.52697937360759e+000 6.25828684772370e-001 1.36477078692040e-004 176801 165
1.77360642336863e+004 1.73703894169801e+006 1.02101613791297e-002 7.44129722807104e-001 1.56964448026978e+000 6.26176531295781e-001 1.36548512429309e-004 176965 166
1.77416494800171e+004 1.73704896225696e+006 6.27296668248674e+000 9.96868246577844e-001 -1.57050737006745e+000 6.26572262430122e-001 1.36586055310470e-004 177094 167
1.77389762541810e+004 1.73704746761916e+006 1.02117875131067e-002 6.82940079020360e-001 1.56830220725120e+000 6.27129823390988e-001 1.36672330837839e-004 177276 168
1.77363959850242e+004 1.73702404051521e+006 1.02104399300593e-002 2.12153223231995e-001 1.51844635227515e+000 6.32645458395385e-001 1.37800323126162e-004 179070 169
1.77444072056953e+004 1.73701708160146e+006 6.27296490759194e+000 9.16135256916298e-001 -1.56916509704886e+000 6.38501553423445e-001 1.37845531512245e-004 180632 170
1.77366378901383e+004 1.73702799596573e+006 1.02105559303845e-002 6.92365452300503e-001 1.56954860362560e+000 6.45948699579509e-001 1.37929244434002e-004 182739 171
1.77353611630543e+004 1.73700980072827e+006 1.02099279411745e-002 4.00961818971604e-001 1.56005681585131e+000 6.48375943013100e-001 1.38207650700244e-004 183639 172
1.77444191268898e+004 1.73702311722053e+006 6.27296493622148e+000 7.94057099479556e-001 -1.57050737006745e+000 6.48382620170190e-001 1.38269574395357e-004 183650 173
1.77367961091965e+004 1.73703134529667e+006 1.02106273202358e-002 1.76499415041294e-001 1.49265553498947e+000 6.51817643702901e-001 1.39957558103683e-004 184612 174
1.77369356368944e+004 1.73704821623273e+006 1.02106084734842e-002 5.92992507174393e-001 1.56648055101169e+000 6.55108940981099e-001 1.40075269469011e-004 185444 175
1.77361517996063e+004 1.73702724477183e+006 1.02102805344258e-002 5.84018829099369e-001 1.56743931745354e+000 6.69812090155363e-001 1.40196997102510e-004 189092 176
1.77363161795357e+004 1.73705442142057e+006 1.02102154247042e-002 2.38562336224601e-001 1.52860927655873e+000 6.72735540949076e-001 1.41068803353130e-004 190048 177
1.77366906268843e+004 1.73702725589147e+006 1.02105906375500e-002 3.34803527928555e-001 1.55219493102817e+000 6.73000121638105e-001 1.41482724388969e-004 190173 178
1.77380671998693e+004 1.73705868346943e+006 1.02111983070818e-002 3.85814973093291e-001 1.55602999679556e+000 6.75742311420636e-001 1.41785729094543e-004 190539 179
1.77354215893278e+004 1.73701229727517e+006 1.02099480516724e-002 5.26864329145018e-001 1.56657642765587e+000 6.77288285801884e-001 1.41938411669724e-004 191053 180
1.77440604299100e+004 1.73702106555118e+006 6.27296513063655e+000 8.21881524114866e-001 -1.57012386349071e+000 6.77932143342881e-001 1.41995816748534e-004 191296 181
1.77440391137885e+004 1.73702425480959e+006 6.27296516166058e+000 9.66032520575075e-001 -1.56926097369304e+000 6.78689562745211e-001 1.42036046591717e-004 191510 182
1.77377520943491e+004 1.73704279364013e+006 1.02111103243638e-002 2.57473308812237e-001 1.53560827158422e+000 6.87665763013909e-001 1.42773357902307e-004 193990 183
1.77437067988687e+004 1.73702109921539e+006 6.27296533439804e+000 9.36100184982544e-001 -1.56926097369304e+000 6.91889965539230e-001 1.42816472174007e-004 195081 184
1.77373845633823e+004 1.73703183679866e+006 1.02109631659171e-002 1.31691250693521e-001 1.42582951399274e+000 6.93951473033936e-001 1.46007465975467e-004 195660 185
1.77384078970520e+004 1.73705894084564e+006 1.02113929082634e-002 2.27360295137658e-001 1.52381544434950e+000 6.95877588817385e-001 1.46976366199646e-004 196121 186
1.77362965527617e+004 1.73704654583909e+006 1.02102504157453e-002 4.24239178542054e-001 1.55967330927457e+000 6.96101705624078e-001 1.47222267104668e-004 196269 187
1.77358668491818e+004 1.73702960082325e+006 1.02101026589342e-002 6.62734246844718e-001 1.56897334376049e+000 7.07880997686838e-001 1.47314435762524e-004 199453 188
1.77443460093975e+004 1.73701589254480e+006 6.27296493582682e+000 7.48556335817267e-001 -1.57060324671163e+000 7.08728667050900e-001 1.47384943504584e-004 199925 189
1.77446540528491e+004 1.73704658606704e+006 6.27296493899495e+000 9.85274736313131e-001 -1.57041149342326e+000 7.10045555659819e-001 1.47423465120678e-004 200270 190
1.77441568588596e+004 1.73701736927868e+006 6.27296505339311e+000 8.20074743294392e-001 -1.56993211020234e+000 7.13700174626088e-001 1.47481148802361e-004 201241 191
1.77356842304308e+004 1.73703493066305e+006 1.02099662113935e-002 7.50787849853129e-002 5.60542800225837e-001 7.14349131681293e-001 1.53383368003677e-004 201529 192
1.77358908540230e+004 1.73705883539355e+006 1.02099446534158e-002 6.63788202323328e-001 1.56734344080935e+000 7.15193474255075e-001 1.53475214615719e-004 201823 193
1.77441091325755e+004 1.73702100340667e+006 6.27296510223601e+000 8.11221517274066e-001 -1.57021974013489e+000 7.15193938948741e-001 1.53534292346686e-004 201826 194
1.77353790878941e+004 1.73700985488179e+006 1.02099379411789e-002 6.11210880447513e-001 1.56906922040468e+000 7.15933916678778e-001 1.53644423370853e-004 201984 195
1.77355590364029e+004 1.73703052489713e+006 1.02099200398488e-002 7.15221229679509e-001 1.56974035691397e+000 7.21238682109950e-001 1.53722363582168e-004 203251 196
1.77378765099100e+004 1.73704001385859e+006 1.02111982816190e-002 3.12821027946112e-001 1.54816811197241e+000 7.22283515089195e-001 1.54202946613428e-004 203513 197
1.77388145167321e+004 1.73704640113153e+006 1.02117006814622e-002 4.45830209346727e-001 1.56101558229316e+000 7.29314992276592e-001 1.54423410285584e-004 205456 198
1.77354409416422e+004 1.73701350255375e+006 1.02099521076688e-002 6.07567205792889e-001 1.56878159047212e+000 7.34801096568506e-001 1.54534999520442e-004 207451 199
1.77360908579468e+004 1.73702408405589e+006 1.02102640316305e-002 6.84355390663065e-001 1.56964448026978e+000 7.36489086649521e-001 1.54620883207896e-004 207951 200
1.77368790170106e+004 1.73704509729071e+006 1.02105942136940e-002 4.63928130565149e-001 1.56207022537919e+000 7.46401619142519e-001 1.54822869828966e-004 210219 201
1.77391023826544e+004 1.73704768382749e+006 1.02118588454035e-002 4.70733671655603e-001 1.56226197866756e+000 7.48756643538475e-001 1.55018488046037e-004 210868 202
1.77385265342853e+004 1.73705111182206e+006 1.02115072195466e-002 5.66282264045042e-001 1.56561766121403e+000 7.53156694125122e-001 1.55148760429612e-004 212315 203
1.77356496464204e+004 1.73701535786175e+006 1.02100613420129e-002 2.04835760909073e-001 1.51480303979614e+000 7.57341592970149e-001 1.56367067635798e-004 213651 204
1.77385288742955e+004 1.73704940368059e+006 1.02115186073935e-002 7.37715650894419e-001 1.56897334376049e+000 7.58845015197082e-001 1.56439874810562e-004 213981 205
1.77390039192221e+004 1.73705474774231e+006 1.02117606424820e-002 4.69077455903502e-001 1.56178259544664e+000 7.59127882469139e-001 1.56637014930896e-004 214100 206
1.77442643477359e+004 1.73701490068599e+006 6.27296497700203e+000 8.36697126842759e-001 -1.56964448026978e+000 7.64580323953086e-001 1.56692207447318e-004 215779 207
1.77370456676352e+004 1.73702981401092e+006 1.02107799754869e-002 5.45173041459162e-001 1.56619292107913e+000 7.71675881892332e-001 1.56833835888226e-004 217301 208
1.77378011796248e+004 1.73704826419291e+006 1.02111064232763e-002 3.28871264234663e-001 1.55018152150029e+000 7.74205197075930e-001 1.57264344026419e-004 218325 209
1.77374581750601e+004 1.73704774531075e+006 1.02109120297653e-002 2.49493360188473e-001 1.53282784890286e+000 7.75156618579395e-001 1.58054454458336e-004 218787 210
1.77363038652964e+004 1.73704157335690e+006 1.02102838510604e-002 5.30267099690246e-001 1.56504240134892e+000 7.81552829931883e-001 1.58204988667128e-004 220592 211
1.77369175877432e+004 1.73703333051020e+006 1.02106855787698e-002 2.02878415020225e-001 1.51259787697989e+000 7.94783459805973e-001 1.59449147803174e-004 224402 212
1.77441876180112e+004 1.73702195862806e+006 6.27296506267380e+000 9.28842948686970e-001 -1.56935685033723e+000 7.96178762943941e-001 1.59493006650119e-004 224680 213
1.77355212379926e+004 1.73701881165576e+006 1.02099671253934e-002 7.58014973135028e-002 1.03417342249825e+000 7.96435147121770e-001 1.68835335894782e-004 224759 214
1.77368220271348e+004 1.73704824713151e+006 1.02105428947710e-002 7.39646034793535e-002 9.78852598803674e-001 8.04341438341632e-001 1.78356316200582e-004 226397 215
1.77359054507779e+004 1.73703286183845e+006 1.02101057127545e-002 3.31521209438026e-001 1.55142791787469e+000 8.05642435232461e-001 1.78779300580542e-004 226791 216
1.77355678588002e+004 1.73702443683486e+006 1.02099609004064e-002 7.64064537859675e-001 1.57069912335582e+000 8.12102113811477e-001 1.78846698206155e-004 228085 217
1.77364031791757e+004 1.73702688945096e+006 1.02104273260724e-002 3.36068274502887e-001 1.55238668431654e+000 8.13960542924932e-001 1.79257201418809e-004 228767 218
1.77374893968858e+004 1.73703694291481e+006 1.02109934979338e-002 6.43461918092987e-001 1.56820633060701e+000 8.17052923127299e-001 1.79355552461727e-004 229670 219
1.77382453007403e+004 1.73705840410139e+006 1.02113024686833e-002 7.20373706041804e-002 8.91029592730491e-001 8.18740985109433e-001 1.88811963400270e-004 229894 220
1.77360741710709e+004 1.73705710203520e+006 1.02100603630269e-002 1.07901969890604e-001 1.34721066576128e+000 8.24951224126710e-001 1.93686340170851e-004 231751 221
1.77384281948160e+004 1.73705588166737e+006 1.02114225745211e-002 8.14985643983388e-001 1.56945272698141e+000 8.29905599758764e-001 1.93744819232232e-004 232907 222
1.77443743262006e+004 1.73701314896935e+006 6.27296490339316e+000 9.11618304865111e-001 -1.56897334376049e+000 8.30100982306296e-001 1.93790521872621e-004 232940 223
1.77395388055491e+004 1.73705044727185e+006 1.02120938181085e-002 4.17674541560996e-001 1.55900217276528e+000 8.32016046117338e-001 1.94045003760552e-004 233551 224
1.77380185249492e+004 1.73704217962318e+006 1.02112672993544e-002 8.46754873410069e-001 1.57050737006745e+000 8.33215272102796e-001 1.94098764313339e-004 233875 225
1.77360640854638e+004 1.73703253537322e+006 1.02101989471405e-002 6.45479490009184e-001 1.56849396053957e+000 8.41535934332210e-001 1.94196440379321e-004 236512 226
1.77363240651589e+004 1.73703058024816e+006 1.02103600919269e-002 3.61724562153628e-001 1.55526298364208e+000 8.42367470455003e-001 1.94545618239224e-004 236759 227
1.77369289931459e+004 1.73704225500492e+006 1.02106396877374e-002 3.13573853287977e-001 1.54816811197241e+000 8.43203381180502e-001 1.95023666611369e-004 237156 228
1.77357774552635e+004 1.73703239877782e+006 1.02100347557576e-002 6.35180839332478e-001 1.56830220725120e+000 8.53094426403240e-001 1.95124860687145e-004 239858 229
1.77382153829315e+004 1.73704719355199e+006 1.02113511441967e-002 2.02757962965527e-001 1.51173498718223e+000 8.55653655251052e-001 1.96370583360152e-004 240706 230
1.77356664518872e+004 1.73702392151283e+006 1.02100206830383e-002 5.43727616802782e-001 1.56648055101169e+000 8.61979533691882e-001 1.96513041604340e-004 242486 231
1.77354428378816e+004 1.73701135547758e+006 1.02099658186116e-002 6.64209784514772e-001 1.57002798684652e+000 8.68309814115078e-001 1.96604760533299e-004 244324 232
1.77443169835407e+004 1.73701028856651e+006 6.27296491958156e+000 7.79843757025155e-001 -1.56993211020234e+000 8.76589512305184e-001 1.96669194343390e-004 246752 233
1.77360279370430e+004 1.73702504728321e+006 1.02102221505612e-002 6.06693928396327e-001 1.56811045396283e+000 8.77307763611579e-001 1.96781137075155e-004 246991 234
1.77380842059499e+004 1.73705519746764e+006 1.02112285871148e-002 6.80199794775973e-001 1.56782282403027e+000 8.82665363448485e-001 1.96868178999124e-004 248603 235
1.77391977861358e+004 1.73704882216727e+006 1.02119070707468e-002 5.25509243529662e-001 1.56446714148381e+000 8.85194248925305e-001 1.97021727367116e-004 249575 236
1.77355668518721e+004 1.73702219778141e+006 1.02099734806925e-002 5.53002425014553e-001 1.56686405758843e+000 8.87890148592646e-001 1.97158982267234e-004 250540 237
1.77431860270683e+004 1.73705566542587e+006 1.02141625811293e-002 1.45242106847081e-001 1.21811276436659e-001 8.97217668610472e-001 1.97474875308786e-004 252436 238
1.77356508434306e+004 1.73701890227333e+006 1.02100411987322e-002 1.37141706168620e-001 1.43848523102512e+000 9.00982818193172e-001 2.00398658171871e-004 253421 239
1.77358834143647e+004 1.73702955644293e+006 1.02101124552858e-002 7.90714554961678e-001 1.57069912335582e+000 9.05498750336905e-001 2.00461159217009e-004 254568 240
1.77368954898262e+004 1.73703889949935e+006 1.02106401250622e-002 2.39556065675862e-001 1.52985567293313e+000 9.06867722417607e-001 2.01325073881652e-004 255219 241
1.77360114907961e+004 1.73703725134872e+006 1.02101409536308e-002 8.15347000147483e-001 1.57050737006745e+000 9.07405835077067e-001 2.01383495989953e-004 255326 242
1.77360161888101e+004 1.73702362497209e+006 1.02102237476005e-002 3.77804911455853e-001 1.55727639316996e+000 9.09855997538186e-001 2.01700819524040e-004 256116 243
1.77357020794414e+004 1.73701620846906e+006 1.02100865250860e-002 6.80561150940068e-001 1.57002798684652e+000 9.10447493300468e-001 2.01787760162850e-004 256358 244
1.77354373539703e+004 1.73701409021989e+006 1.02099465884712e-002 7.17539931732451e-001 1.57069912335582e+000 9.15525778418271e-001 2.01865147397436e-004 257996 245
1.77397538634675e+004 1.73705886023483e+006 1.02121681549662e-002 7.74875109768849e-001 1.56887746711631e+000 9.18957290346581e-001 2.01930493566343e-004 259137 246
1.77369373955110e+004 1.73703992146005e+006 1.02106582404595e-002 5.93474315393187e-001 1.56695993423261e+000 9.28249753421592e-001 2.02047995024639e-004 261775 247
1.77382374036980e+004 1.73705774210512e+006 1.02113018142177e-002 9.12642147330047e-001 1.57012386349071e+000 9.34087822790188e-001 2.02093585009641e-004 263348 248
1.77440597861403e+004 1.73701576710059e+006 6.27296509985070e+000 9.19116445270081e-001 -1.56906922040468e+000 9.37143771264398e-001 2.02138471418998e-004 264071 249
1.77436713128015e+004 1.73702536678849e+006 6.27296537991905e+000 9.60401387017929e-001 -1.56935685033723e+000 9.40517278185522e-001 2.02179222030639e-004 265449 250
1.77354852540595e+004 1.73701270220566e+006 1.02099823197369e-002 6.63065489995138e-001 1.56993211020234e+000 9.45164032651455e-001 2.02271289540495e-004 266812 251
1.77358774970373e+004 1.73701699467931e+006 1.02101828814219e-002 1.58371380809198e-001 1.47338432950835e+000 9.47078864499728e-001 2.04410128808743e-004 267376 252
1.77360560501644e+004 1.73704564656209e+006 1.02101172607407e-002 1.01879367155688e-001 2.55942701651051e-001 9.51755283121657e-001 2.05846053925725e-004 268618 253
1.77387098465078e+004 1.73704902213970e+006 1.02116250230332e-002 4.24931777856569e-001 1.55957743263039e+000 9.52803307990731e-001 2.06091073680141e-004 268938 254
1.77372898507982e+004 1.73703260997616e+006 1.02109041013681e-002 7.16847332417936e-001 1.56964448026978e+000 9.53537832862273e-001 2.06168625452000e-004 269083 255
1.77379566312899e+004 1.73704589409503e+006 1.02112098374101e-002 8.37570404239322e-001 1.57021974013489e+000 9.63152599836617e-001 2.06223691474972e-004 271456 256
1.77369615423660e+004 1.73702986242934e+006 1.02107312654123e-002 9.25744459302431e-002 1.25737425016022e+000 9.66573942774024e-001 2.12885013786988e-004 272164 257
1.77382727635954e+004 1.73705018618850e+006 1.02113665829809e-002 8.43442441905865e-001 1.57002798684652e+000 9.66582224944171e-001 2.12939239912428e-004 272177 258
1.77379133193804e+004 1.73704695587446e+006 1.02111786645669e-002 7.57861257042712e-001 1.56935685033723e+000 9.68317183297104e-001 2.13007857096531e-004 272650 259
1.77353545366537e+004 1.73700949032889e+006 1.02099259511020e-002 2.68886140994902e-001 1.54068973372600e+000 9.69230338803730e-001 2.13678178861268e-004 272912 260
1.77364177086891e+004 1.73705481616793e+006 1.02102715475122e-002 8.29683945680525e-002 1.15804604678487e+000 9.69808581557215e-001 2.21840773816287e-004 273154 261
1.77367290480871e+004 1.73705260036500e+006 1.02104637865491e-002 5.99286127032380e-001 1.56638467436750e+000 9.70563578465094e-001 2.21955782643501e-004 273354 262
1.77390823866672e+004 1.73705918988035e+006 1.02117796978867e-002 7.51088979989875e-002 1.01231354762413e+000 9.77743510121631e-001 2.31362459991510e-004 275453 263
1.77380041632876e+004 1.73705502529818e+006 1.02111835244219e-002 6.85590024223723e-001 1.56791870067446e+000 9.79953503502078e-001 2.31448003492223e-004 276250 264
1.77428349366311e+004 1.73705895406991e+006 1.02139411481041e-002 7.39947164930280e-002 5.94770762199774e-001 9.82918080309005e-001 2.37870803520853e-004 276971 265
1.77442545198230e+004 1.73701425928517e+006 6.27296497888769e+000 9.68230770573319e-001 -1.56868571382794e+000 9.84815294573574e-001 2.37910832654438e-004 277384 266
1.77444863624234e+004 1.73703491455132e+006 6.27296496689075e+000 9.08456438429280e-001 -1.57021974013489e+000 9.89896178076128e-001 2.37956886042552e-004 278469 267
1.77354615634025e+004 1.73701880690869e+006 1.02099328022730e-002 7.21277096452042e-002 9.03205926541948e-001 9.92271705484366e-001 2.47479370483817e-004 278775 268
1.77383138825006e+004 1.73704239473749e+006 1.02114360518954e-002 5.87511938685620e-001 1.56667230430006e+000 9.92526314719103e-001 2.47599511214686e-004 278878 269
1.77383630205032e+004 1.73705675189651e+006 1.02113799431121e-002 9.49380024013033e-001 1.57041149342326e+000 9.94039975861894e-001 2.47641309884920e-004 279695 270
1.77353899154896e+004 1.73701376976021e+006 1.02099211644431e-002 3.83195140903603e-001 1.55833103625599e+000 9.97030972741575e-001 2.47948900419636e-004 280256 271
1.77381549461356e+004 1.73705291113963e+006 1.02112827463200e-002 2.62411843054867e-001 1.53647116138188e+000 9.97616304379050e-001 2.48656049935343e-004 280488 272
1.77358637749025e+004 1.73701771815533e+006 1.02101707301276e-002 7.25580106383564e-001 1.57060324671163e+000 9.98451251555085e-001 2.48731563136127e-004 280678 273
1.77353984162891e+004 1.73701198449873e+006 1.02099365506499e-002 4.78743733293041e-001 1.56465889477218e+000 9.99477097987144e-001 2.48920056337337e-004 281016 274
1.77429081676193e+004 1.73703405430656e+006 6.27296587029464e+000 9.15442657601783e-001 -1.57012386349071e+000 1.00033916720914e+000 2.48965340055179e-004 281229 275
1.77364232449671e+004 1.73704128132868e+006 1.02103542861795e-002 5.96636181829017e-001 1.56695993423261e+000 1.02780864239195e+000 2.49081475933191e-004 289245 276
1.77379296039941e+004 1.73703796407334e+006 1.02112408931557e-002 9.66698157899859e-002 1.28671250328074e+000 1.02782687880617e+000 2.55192658380180e-004 289256 277
1.77374589121806e+004 1.73704053464221e+006 1.02109548378787e-002 6.20244784549887e-001 1.56753519409772e+000 1.02809435062109e+000 2.55299290862332e-004 289347 278
1.77443015329470e+004 1.73701005786238e+006 6.27296492711893e+000 8.86714842556235e-001 -1.56897334376049e+000 1.02858845610123e+000 2.55347865013608e-004 289409 279
1.77376377921452e+004 1.73704939460182e+006 1.02110057281732e-002 7.02513537908836e-001 1.56849396053957e+000 1.03112269550588e+000 2.55428940433809e-004 290172 280
1.77353751948182e+004 1.73701147424835e+006 1.02099261823889e-002 1.48885781501705e-001 1.46005747596667e+000 1.03198857839306e+000 2.57875665901276e-004 290343 281
1.77383551626866e+004 1.73704439857768e+006 1.02114480350193e-002 2.10225990356822e-001 1.51624118945891e+000 1.03356726793201e+000 2.59026397372574e-004 290825 282
1.77443605793777e+004 1.73701200223695e+006 6.27296490456311e+000 9.31161650739913e-001 -1.56878159047212e+000 1.03808667034113e+000 2.59070016264988e-004 292138 283
1.77371511777746e+004 1.73705581538015e+006 1.02106878790404e-002 2.01071634199750e-001 1.51020096087527e+000 1.03808797689773e+000 2.60338722599794e-004 292146 284
1.77356872611333e+004 1.73701971958429e+006 1.02100573584266e-002 3.17548771093021e-001 1.55008564485611e+000 1.04310501382221e+000 2.60803724348726e-004 293417 285
1.77358927008913e+004 1.73702015911676e+006 1.02101730341150e-002 1.04589538386400e-001 1.33369205893124e+000 1.04363136181695e+000 2.66007669945144e-004 293580 286
1.77354526865431e+004 1.73701986103670e+006 1.02099214968396e-002 3.46427151206942e-001 1.55411246391186e+000 1.05596087417903e+000 2.66391663574261e-004 296597 287
1.77380356847438e+004 1.73704096456699e+006 1.02112843193367e-002 5.21112743533174e-001 1.56475477141636e+000 1.07701477206560e+000 2.66548076644988e-004 303046 288
1.77372265855576e+004 1.73704459051209e+006 1.02107972634399e-002 7.47776548485671e-002 1.00445166280099e+000 1.08378535285300e+000 2.75999715146823e-004 304621 289
1.77360302319689e+004 1.73702574242848e+006 1.02102193858309e-002 5.59777853091333e-001 1.56686405758843e+000 1.08790390754334e+000 2.76133341701192e-004 305786 290
1.77353626008308e+004 1.73700984682774e+006 1.02099284978709e-002 7.19169185494821e-002 8.91413099307230e-001 1.09652842333259e+000 2.85627573395813e-004 308725 291
1.77439619409970e+004 1.73701648074113e+006 6.27296516037067e+000 9.40948380184151e-001 -1.56897334376049e+000 1.09993337390056e+000 2.85670200439602e-004 309429 292
1.77369637223367e+004 1.73703346811618e+006 1.02107113265927e-002 4.35170202505926e-001 1.56111145893735e+000 1.10105187356065e+000 2.85902720376315e-004 309562 293
1.77366374799774e+004 1.73705749402708e+006 1.02103823144900e-002 7.14287726255597e-001 1.56820633060701e+000 1.10208139820550e+000 2.85980884637106e-004 309974 294
1.77366630475231e+004 1.73703434477223e+006 1.02105330951559e-002 5.53484233233346e-001 1.56619292107913e+000 1.10616266512660e+000 2.86117876425153e-004 311003 295
1.77371766592017e+004 1.73704887413970e+006 1.02107433459219e-002 4.44896705922815e-001 1.56082382900479e+000 1.10760576421111e+000 2.86339358651430e-004 311704 296
1.77362844270606e+004 1.73703355767898e+006 1.02103197746320e-002 7.35246383773103e-001 1.56983623355815e+000 1.11020632231114e+000 2.86412704936246e-004 312351 297
1.77364539315413e+004 1.73705297443790e+006 1.02103032231915e-002 2.83792082763818e-001 1.54184025345622e+000 1.12096762528951e+000 2.87008021539739e-004 315567 298
1.77365514153246e+004 1.73702738395366e+006 1.02105097496218e-002 6.96400596132897e-001 1.56964448026978e+000 1.12382125077306e+000 2.87090671055063e-004 316696 299
1.77369283518760e+004 1.73705072667064e+006 1.02105895243681e-002 2.93127117002938e-001 1.54394953962828e+000 1.12611612258451e+000 2.87645106483956e-004 317361 300
