2.50634771740073e+005 1.71894057141032e+006 6.13839260105160e+000 8.86835294610933e-001 -1.54433304620502e+000 1.43995486204965e-001 4.85427164248830e-008 39199 1
2.50631346544013e+005 1.71896234206203e+006 1.44783639620028e-001 4.26467541553973e-001 1.44184091357158e+000 1.56197687821827e-001 2.89622298581297e-007 42233 2
2.50634801939620e+005 1.71894709152737e+006 6.13839312539688e+000 9.12250678152277e-001 -1.54184025345622e+000 2.12008456146091e-001 3.35236216032318e-007 58881 3
2.50636423819582e+005 1.71896096768725e+006 6.13839335402821e+000 7.32867455692812e-001 -1.56571353785821e+000 3.03107668326319e-001 4.09106390413144e-007 85720 4
2.50629059674655e+005 1.71894724860428e+006 1.44783590525505e-001 4.48419928522741e-001 1.46178325556200e+000 3.30764341830788e-001 6.25496910466191e-007 93513 5
2.50637048162108e+005 1.71896577812106e+006 6.13839339791976e+000 7.22237561865685e-001 -1.56772694738609e+000 3.95781285343478e-001 7.01780740850895e-007 111427 6
2.50627884990250e+005 1.71894808570041e+006 1.44782851850960e-001 4.31375962782929e-001 1.44663474578082e+000 4.45705399992250e-001 9.37010044636932e-007 125432 7
2.50629402202974e+005 1.71895556600527e+006 1.44783094836932e-001 4.84886788082655e-001 1.48862871593371e+000 5.33970081117168e-001 1.11967456327853e-006 150733 8
2.50625292344769e+005 1.71893041280363e+006 1.44782842803188e-001 3.21312897802344e-001 3.74350357219153e-001 6.57692179644966e-001 1.28539483893983e-006 187811 9
2.50639961625752e+005 1.71897293390045e+006 6.13839233264913e+000 7.20400668031536e-001 -1.56811045396283e+000 6.83330230154694e-001 1.36210733127088e-006 194615 10
2.50630422437905e+005 1.71895801037349e+006 1.44783472984286e-001 6.14101729760273e-001 1.54730522217475e+000 7.71478915600495e-001 1.47107110838085e-006 219025 11
2.50632244602948e+005 1.71895862551252e+006 1.44784459867677e-001 3.13724418356350e-001 1.24634843607898e+000 7.93364844175627e-001 1.92381583772063e-006 224363 12
2.50637400794243e+005 1.71896483622955e+006 6.13839311881765e+000 7.77494941958537e-001 -1.55823515961180e+000 8.10893704524037e-001 1.98867357186967e-006 229369 13
2.50625266263998e+005 1.71893092001843e+006 1.44782785818978e-001 2.60605062234393e-001 8.95344041718802e-001 8.26314970116728e-001 2.54933306447024e-006 233414 14
2.50636466291834e+005 1.71897236880258e+006 6.13839427677033e+000 9.37545609638924e-001 -1.53963509063997e+000 9.00877203344782e-001 2.59228042872789e-006 254033 15
2.50631448381709e+005 1.71895951298345e+006 1.44783932600678e-001 2.72469589622177e-001 1.04836316583758e+000 9.87644347130513e-001 3.15676687210623e-006 277999 16
2.50628899104058e+005 1.71894456475507e+006 1.44783721967559e-001 4.02557808696357e-001 1.41605009628590e+000 1.00333266437096e+000 3.42946851367223e-006 282158 17
2.50631604926299e+005 1.71896337091957e+006 1.44783701352006e-001 3.39230140938718e-001 1.31317445707572e+000 1.05156668840684e+000 3.81839614152531e-006 293787 18
2.50638064603081e+005 1.71896207015524e+006 6.13839251094632e+000 7.44671757053247e-001 -1.56360425168615e+000 1.18004989338052e+000 3.88971374157973e-006 328883 19
2.50629803062138e+005 1.71895681651181e+006 1.44783219320693e-001 3.87230284735996e-001 1.39649126087222e+000 1.18446924572968e+000 4.18576512622397e-006 330453 20
2.50626451042313e+005 1.71893744326097e+006 1.44782918927937e-001 3.27034370400513e-001 1.28412383388775e+000 1.22473252514667e+000 4.60391300271791e-006 342847 21
2.50636915714131e+005 1.71896134968144e+006 6.13839310555446e+000 9.86690047955836e-001 -1.53560827158422e+000 1.23537380933960e+000 4.64228939300600e-006 345600 22
2.50635978705946e+005 1.71895685335640e+006 6.13839326585721e+000 8.78313311741027e-001 -1.54529181264687e+000 1.28128742476570e+000 4.69187556771200e-006 359604 23
2.50626788672409e+005 1.71894097563033e+006 1.44782817872911e-001 5.43938407898504e-001 1.52084326837977e+000 1.37897564716222e+000 4.83403615962081e-006 386202 24
2.50629907124238e+005 1.71895203491069e+006 1.44783675736732e-001 2.62110712918122e-001 9.28804990539262e-001 1.52301543001205e+000 5.40216282728854e-006 427286 25
2.50631135889816e+005 1.71895797948088e+006 1.44783881959387e-001 5.35446538042273e-001 1.51681644932402e+000 1.54419507699182e+000 5.54929993151014e-006 433797 26
2.50626734876008e+005 1.71893672366922e+006 1.44783140378861e-001 2.60183480042949e-001 8.82400694753868e-001 1.69463495824455e+000 6.10607832876340e-006 475504 27
2.50627070040889e+005 1.71893978662985e+006 1.44783076906243e-001 2.98246329327616e-001 1.19179462553789e+000 1.70584641265925e+000 6.60209615269594e-006 478931 28
2.50634128032639e+005 1.71893002819418e+006 6.13839209202985e+000 9.30228147316001e-001 -1.54011447386090e+000 1.86143431427752e+000 6.64579091658553e-006 522125 29
2.50626911749139e+005 1.71894147959949e+006 1.44782846125241e-001 2.71114504006821e-001 6.05988329569384e-001 1.98744484978797e+000 7.02088941998769e-006 557339 30
2.50635316737084e+005 1.71895124161474e+006 6.13839317684390e+000 9.04451407610562e-001 -1.54260726660970e+000 1.99751647645285e+000 7.06737418026188e-006 560160 31
2.50629051814499e+005 1.71894494599155e+006 1.44783777293872e-001 4.12193973072222e-001 1.42707591036714e+000 2.02719267193004e+000 7.32667642002056e-006 567899 32
2.50638305011523e+005 1.71897309789637e+006 1.44786710068752e-001 5.70467972945808e-001 1.11073092287973e-001 2.15428504785523e+000 7.34088456574974e-006 601465 33
2.50628428153525e+005 1.71894365254954e+006 1.44783529458296e-001 5.01268267521626e-001 1.49879164021729e+000 2.19857240546905e+000 7.51080648878153e-006 615337 34
2.50633362151846e+005 1.71896526281219e+006 1.44784545198733e-001 4.55827729886687e-001 1.46772760750145e+000 2.28275695250227e+000 7.71966788509090e-006 639981 35
2.50628431428091e+005 1.71894970411659e+006 1.44783028706108e-001 3.69975527900463e-001 1.37108395016327e+000 2.33090168593115e+000 8.04537780019440e-006 653329 36
2.50634478845269e+005 1.71896833532111e+006 1.44784926117178e-001 6.20455575645609e-001 1.54922275505844e+000 2.35917914281874e+000 8.15190637100513e-006 660700 37
2.50636354240048e+005 1.71894980899165e+006 6.13839246685039e+000 9.38720017172232e-001 -1.53944333735160e+000 2.45381333718391e+000 8.19473536053997e-006 689332 38
2.50630055313619e+005 1.71894983493595e+006 1.44783942872152e-001 6.69359109853125e-001 1.56254960860012e+000 2.45969925502432e+000 8.28490612133092e-006 691152 39
2.50634422364431e+005 1.71893475977113e+006 6.13839231736490e+000 9.30438938411723e-001 -1.54011447386090e+000 2.53987231404428e+000 8.32857911025754e-006 713842 40
2.50637674943728e+005 1.71895938952840e+006 6.13839251026451e+000 8.98940726108114e-001 -1.54318252647481e+000 2.65530549889695e+000 8.37569384711097e-006 746513 41
2.50635445257566e+005 1.71895378653644e+006 6.13839331500821e+000 9.06529205554108e-001 -1.54241551332133e+000 2.66074352468076e+000 8.42194428028988e-006 747779 42
2.50633923759129e+005 1.71897311429164e+006 1.44784213002529e-001 7.04079414619914e-001 1.57021974013489e+000 2.67021341223171e+000 8.50262374332531e-006 750130 43
2.50637202935798e+005 1.71897141144968e+006 6.13839377763968e+000 7.75176239905595e-001 -1.55861866618854e+000 2.72292409844166e+000 8.56790935779158e-006 765952 44
2.50626641535707e+005 1.71893969636100e+006 1.44782840308138e-001 4.13398493619205e-001 1.42841818338572e+000 2.82126488830741e+000 8.82560215267077e-006 793917 45
2.50629769764718e+005 1.71895519976641e+006 1.44783334632486e-001 3.32213808752541e-001 1.29697130420850e+000 2.84278958817546e+000 9.23103827137607e-006 799882 46
2.50628025183157e+005 1.71894116923110e+006 1.44783506163730e-001 4.26377202512949e-001 1.44184091357158e+000 3.01216155482587e+000 9.47223024150027e-006 846567 47
2.50635015598544e+005 1.71897070575912e+006 1.44785034991891e-001 2.93819716317453e-001 1.17300280327769e+000 3.09583297178384e+000 9.98091055317305e-006 871681 48
2.50631270950746e+005 1.71897161636721e+006 1.44782826284296e-001 2.70241226610258e-001 1.02918783700064e+000 3.16002616271449e+000 1.05492364841267e-005 890143 49
2.50628295745549e+005 1.71894634074151e+006 1.44783230762903e-001 4.33513986753824e-001 1.44864815530869e+000 3.32628422851251e+000 1.07819790832503e-005 938745 50
2.50633744512315e+005 1.71892816698020e+006 6.13839215591010e+000 7.06488455713881e-001 -1.57069912335582e+000 3.35703529931332e+000 1.08620545611137e-005 947652 51
2.50636850052167e+005 1.71896576826569e+006 6.13839350995155e+000 9.69495517147652e-001 -1.53695054460280e+000 3.55752212391306e+000 1.09019461307567e-005 1005698 52
2.50638592521744e+005 1.71896981516821e+006 6.13839285350371e+000 9.72145462351015e-001 -1.53675879131443e+000 3.65155616903592e+000 1.09415986068262e-005 1033203 53
2.50634975801188e+005 1.71894433243503e+006 6.13839279719369e+000 7.42082037877233e-001 -1.56398775826289e+000 3.68448665005495e+000 1.10134650920070e-005 1043939 54
2.50634649479230e+005 1.71897065909426e+006 1.44784830313817e-001 3.70818692283351e-001 1.37233034653768e+000 3.92631957800150e+000 1.13376294265680e-005 1114430 55
2.50632640754979e+005 1.71896295191706e+006 1.44784326197937e-001 6.35090500291454e-001 1.55353720404675e+000 3.92726140660390e+000 1.14388404115736e-005 1114661 56
2.50626235518560e+005 1.71893652016182e+006 1.44782872824834e-001 2.59972688947227e-001 8.74826439863277e-001 3.93723512381094e+000 1.19931210856340e-005 1117670 57
2.50634180346867e+005 1.71893506362880e+006 6.13839248046702e+000 8.12697054944120e-001 -1.55305782082583e+000 4.00318890819452e+000 1.20519538500563e-005 1135478 58
2.50635281936061e+005 1.71894502402092e+006 6.13839268024827e+000 7.75116013878246e-001 -1.55852278954436e+000 4.04527055815389e+000 1.21172505483342e-005 1146076 59
2.50631782580659e+005 1.71896259606902e+006 1.44783866905791e-001 6.47286270829659e-001 1.55689288659322e+000 4.07566634840278e+000 1.22143186747507e-005 1154674 60
2.50636865195009e+005 1.71896858447239e+006 6.13839373522993e+000 9.44019907578958e-001 -1.53905983077486e+000 4.09947561908505e+000 1.22566199450822e-005 1161090 61
2.50628279652766e+005 1.71894280828661e+006 1.44783514987050e-001 6.59150798217443e-001 1.56005681585131e+000 4.17776276065594e+000 1.23498893332186e-005 1182860 62
2.50636940586646e+005 1.71896122384574e+006 6.13839308093463e+000 8.74007150785562e-001 -1.54577119586779e+000 4.19663523116931e+000 1.24000151798912e-005 1188219 63
2.50631997429273e+005 1.71895953325760e+006 1.44784243674823e-001 6.20967496878077e-001 1.54941450834681e+000 4.23259873341379e+000 1.25063510771777e-005 1198620 64
2.50627286231742e+005 1.71894042099238e+006 1.44783147370458e-001 6.57223565342270e-001 1.55957743263039e+000 4.23926067612809e+000 1.26002227340568e-005 1200231 65
2.50633543566495e+005 1.71892604115317e+006 6.13839209380874e+000 7.93846308383834e-001 -1.55564649021882e+000 4.38791560917711e+000 1.26621755011195e-005 1243557 66
2.50636150221685e+005 1.71897381284336e+006 1.44785423249874e-001 2.68615123871831e-001 1.01375169728690e+000 4.84458065906401e+000 1.32326811236070e-005 1366612 67
2.50635697815002e+005 1.71895309311392e+006 6.13839311354779e+000 8.82709811737516e-001 -1.54481242942595e+000 4.84493171599222e+000 1.32817249751796e-005 1366759 68
2.50629576497352e+005 1.71895648060948e+006 1.44783118159109e-001 2.98698024532735e-001 1.19352040513321e+000 4.87608545436109e+000 1.37764331537310e-005 1376719 69
2.50633479529355e+005 1.71892500285079e+006 6.13839204404662e+000 9.47603356206233e-001 -1.53858044755394e+000 4.94419623998186e+000 1.38183826536455e-005 1396565 70
2.50637205531458e+005 1.71897299992292e+006 6.13839390809356e+000 8.40912948757200e-001 -1.54960626163518e+000 4.95007877112204e+000 1.38729560390939e-005 1398438 71
2.50636788758073e+005 1.71896193358973e+006 6.13839322637092e+000 8.31999496709525e-001 -1.55066090472121e+000 5.04684223987793e+000 1.39288251692199e-005 1425797 72
2.50628311708706e+005 1.71894628168163e+006 1.44783244761450e-001 6.20786818796029e-001 1.54941450834681e+000 5.22745048912944e+000 1.40352291656109e-005 1473316 73
2.50635626971825e+005 1.71897200682531e+006 1.44785275189617e-001 2.66266308805214e-001 6.54406034882656e-001 5.25535043097699e+000 1.44523192080673e-005 1480777 74
2.50628992113698e+005 1.71894639147425e+006 1.44783623229707e-001 5.66432829113415e-001 1.53043093279824e+000 5.28151936393647e+000 1.45824111123165e-005 1488460 75
2.50624703353026e+005 1.71892693925826e+006 1.44782795785410e-001 6.10969976338117e-001 1.54644233237709e+000 5.29333630985217e+000 1.46926051701399e-005 1491807 76
2.50637158873945e+005 1.71897198523804e+006 6.13839385039544e+000 9.38629678131208e-001 -1.53953921399579e+000 5.31288982611792e+000 1.47354433574462e-005 1497632 77
2.50634588355719e+005 1.71893282698029e+006 6.13839206227324e+000 9.23994753485363e-001 -1.54068973372600e+000 5.34990695461673e+000 1.47797900187912e-005 1508004 78
2.50631423353539e+005 1.71896148179430e+006 1.44783754823310e-001 5.68992435275754e-001 1.53138969924009e+000 5.40146233435653e+000 1.49086028481418e-005 1522259 79
2.50624793847493e+005 1.71892734562987e+006 1.44782813583653e-001 5.20028675040889e-001 1.50924219443342e+000 5.54099812855270e+000 1.50654394343808e-005 1562189 80
2.50626115554344e+005 1.71893380394625e+006 1.44783030086110e-001 2.82617675230510e-001 1.11720259636219e+000 5.55612495293704e+000 1.56056872396204e-005 1566220 81
2.50628691441346e+005 1.71895154385312e+006 1.44783024020085e-001 3.33809798477294e-001 1.30080636997589e+000 5.62334263575729e+000 1.60073002114548e-005 1585292 82
2.50636862757414e+005 1.71895328312529e+006 6.13839246573307e+000 7.87372010443799e-001 -1.55670113330485e+000 5.63459132368059e+000 1.60703802009244e-005 1588474 83
2.50629224728936e+005 1.71894926688372e+006 1.44783516917334e-001 6.60776900955870e-001 1.56044032242805e+000 5.73154769366011e+000 1.61631457521616e-005 1615269 84
2.50635645705026e+005 1.71894844311829e+006 6.13839275701387e+000 8.76205400783807e-001 -1.54548356593524e+000 5.78001194234324e+000 1.62129949884244e-005 1629170 85
2.50625638178343e+005 1.71893212193073e+006 1.44782897852497e-001 5.94016349639329e-001 1.54078561037019e+000 5.79975108338043e+000 1.63302087534061e-005 1635415 86
2.50631793994921e+005 1.71896772631596e+006 1.44783447314687e-001 4.72239322339332e-001 1.47999981795709e+000 5.84108790375809e+000 1.65236643698640e-005 1647910 87
2.50626770273647e+005 1.71893664099969e+006 1.44783167409169e-001 3.40043192307932e-001 1.31509198995941e+000 5.84486461757692e+000 1.69107438273236e-005 1648832 88
2.50630142562183e+005 1.71895913677103e+006 1.44783220003283e-001 3.49046983396631e-001 1.33378793557543e+000 5.99475694379099e+000 1.72779182269114e-005 1691953 89
2.50632317334281e+005 1.71896974535386e+006 1.44783577735968e-001 5.14758897647838e-001 1.50627001846370e+000 6.00665767285676e+000 1.74382787431543e-005 1695041 90
2.50632096952135e+005 1.71896949580046e+006 1.44783472925378e-001 5.41679931872911e-001 1.51969274864956e+000 6.11532418885858e+000 1.75817382420267e-005 1724394 91
2.50636488360106e+005 1.71894963406902e+006 6.13839237592151e+000 7.06910037905325e-001 -1.57069912335582e+000 6.12090512175262e+000 1.76617086967726e-005 1726137 92
2.50631177418359e+005 1.71895473274240e+006 1.44784175275822e-001 5.33820435303846e-001 1.51604943617054e+000 6.19757605799973e+000 1.78098274682872e-005 1747589 93
2.50637064087210e+005 1.71896005218578e+006 6.13839291326944e+000 7.14739421460715e-001 -1.56916509704886e+000 6.24251124837848e+000 1.78878832534863e-005 1759830 94
2.50625411032793e+005 1.71893152209987e+006 1.44782818279464e-001 3.11646620412804e-001 1.23992470091861e+000 6.26555783443449e+000 1.83462932689069e-005 1766365 95
2.50635937451580e+005 1.71894554666939e+006 6.13839235024962e+000 7.42112150890907e-001 -1.56398775826289e+000 6.28498524633299e+000 1.84181533386957e-005 1771874 96
2.50634476781074e+005 1.71893914832230e+006 6.13839265087366e+000 9.26373681565655e-001 -1.54049798043764e+000 6.33285655806729e+000 1.84622495896027e-005 1785946 97
2.50626940356199e+005 1.71893733979732e+006 1.44783206256386e-001 5.44540668171996e-001 1.52113089831233e+000 6.41707962181299e+000 1.86040665402895e-005 1808844 98
2.50637288862425e+005 1.71895475904980e+006 6.13839234559426e+000 9.87623551379748e-001 -1.53551239494003e+000 6.45999907124289e+000 1.86423630448591e-005 1821060 99
2.50631747885946e+005 1.71896569181586e+006 1.44783590024657e-001 3.15199956026404e-001 1.25085463835566e+000 6.57910672580441e+000 1.90911327113292e-005 1852725 100
2.50630191280266e+005 1.71895276393770e+006 1.44783777053446e-001 2.59370428673735e-001 8.03781846522416e-001 6.59281423330967e+000 1.96138051617874e-005 1856846 101
2.50637328791442e+005 1.71895550495293e+006 6.13839238480222e+000 8.11884003574906e-001 -1.55324957411420e+000 6.59990494336243e+000 1.96727678217759e-005 1859151 102
2.50636717683623e+005 1.71896036165571e+006 6.13839313629733e+000 9.69224500024580e-001 -1.53695054460280e+000 6.62059795671813e+000 1.97126839356262e-005 1865382 103
2.50628337846386e+005 1.71894338520722e+006 1.44783500219881e-001 4.85549274383496e-001 1.48910809915464e+000 6.69463044075482e+000 1.98948077690790e-005 1886089 104
2.50631792710807e+005 1.71896120062291e+006 1.44783988575613e-001 2.62953877301010e-001 6.99563934293649e-001 6.73980970058024e+000 2.03483349544219e-005 1898973 105
2.50635947892223e+005 1.71896106289386e+006 6.13839363304137e+000 9.68050092491272e-001 -1.53704642124699e+000 6.75470496863427e+000 2.03883578104726e-005 1903439 106
2.50634649893721e+005 1.71894598449623e+006 6.13839312006095e+000 9.35257020599656e-001 -1.53973096728416e+000 6.84249609272971e+000 2.04315368474554e-005 1929909 107
2.50638033109086e+005 1.71895743189789e+006 6.13839214364403e+000 7.33319150897930e-001 -1.56561766121403e+000 6.84288477802913e+000 2.05053069201944e-005 1930061 108
2.50628479746570e+005 1.71895209596619e+006 1.44782857574311e-001 6.78904935187966e-001 7.82832799768059e-002 6.86421639243147e+000 2.05121425150448e-005 1935782 109
2.50628521274666e+005 1.71894890114511e+006 1.44783146577618e-001 3.36730760803728e-001 1.30761361171300e+000 6.95385635121697e+000 2.09068641303650e-005 1961914 110
2.50635015768727e+005 1.71894085029841e+006 6.13839248520636e+000 7.75627935110713e-001 -1.55842691290017e+000 7.04847625189026e+000 2.09720659770933e-005 1986341 111
2.50634137792125e+005 1.71896745703559e+006 1.44784804788093e-001 3.99697072397272e-001 1.41250266045106e+000 7.05435863891768e+000 2.12489249845134e-005 1987886 112
2.50624520321658e+005 1.71892569689975e+006 1.44782794707765e-001 3.32514938889287e-001 1.29783419400616e+000 7.12614670775615e+000 2.16536516900573e-005 2008289 113
2.50625782380123e+005 1.71893198568562e+006 1.44782991312576e-001 3.31340531355978e-001 1.29495789468062e+000 7.15515896957501e+000 2.20612109220497e-005 2016034 114
2.50631115520383e+005 1.71895571550968e+006 1.44784058391792e-001 2.59792010865179e-001 8.66772801751762e-001 7.18481735117965e+000 2.26125870443636e-005 2023791 115
2.50634151378525e+005 1.71893027931809e+006 6.13839209958908e+000 8.19050900829456e-001 -1.55219493102817e+000 7.21717934494522e+000 2.26704194944274e-005 2033028 116
2.50627896695404e+005 1.71894617782152e+006 1.44783016978631e-001 4.47155181948408e-001 1.46072861247597e+000 7.30466136717503e+000 2.28881335451812e-005 2056594 117
2.50636653893529e+005 1.71895786876139e+006 6.13839296558169e+000 9.45766462372084e-001 -1.53886807748650e+000 7.33202582804031e+000 2.29302628888335e-005 2064631 118
2.50634313064206e+005 1.71893633193374e+006 6.13839251020899e+000 7.13775805023129e-001 -1.56926097369304e+000 7.41787155658838e+000 2.30085507039972e-005 2088599 119
2.50626910916088e+005 1.71893775868286e+006 1.44783154694959e-001 3.30647932041463e-001 1.29323211508530e+000 7.49347157805619e+000 2.34177898277741e-005 2109314 120
2.50627061992394e+005 1.71893825278770e+006 1.44783199716340e-001 4.94974647663639e-001 1.49505245109409e+000 7.52042127772120e+000 2.35924529410976e-005 2116887 121
2.50629497009457e+005 1.71895212217950e+006 1.44783434870798e-001 2.70632695788027e-001 1.03283114947966e+000 7.55607304622847e+000 2.41602098432051e-005 2126956 122
2.50626627520516e+005 1.71893849833245e+006 1.44782931827815e-001 3.13814757397373e-001 1.24673194265572e+000 7.58384463804976e+000 2.46127262161824e-005 2133978 123
2.50633826706935e+005 1.71892767322722e+006 6.13839206807741e+000 9.59257092498295e-001 -1.53762168111209e+000 7.67102280790820e+000 2.46535614104489e-005 2159656 124
2.50627006591575e+005 1.71893953492897e+006 1.44783061667976e-001 2.59340315660060e-001 8.06658145847957e-001 7.69181821373432e+000 2.51778146723101e-005 2164796 125
2.50631852934628e+005 1.71895651500673e+006 1.44784412048442e-001 4.28906695661614e-001 1.44423782967620e+000 7.72410828155213e+000 2.54159616606349e-005 2173674 126
2.50637259989969e+005 1.71895499514007e+006 6.13839238165025e+000 9.80035071933754e-001 -1.53608765480514e+000 7.77799347969135e+000 2.54549143535606e-005 2187972 127
2.50630209183394e+005 1.71895031473819e+006 1.44783990672170e-001 4.50286935370564e-001 1.46331728186895e+000 7.87202516181730e+000 2.56693716655164e-005 2216184 128
2.50632253434023e+005 1.71896251442534e+006 1.44784141901959e-001 3.99757298424621e-001 1.41259853709525e+000 7.87517187934367e+000 2.59461431524739e-005 2217036 129
2.50626811347591e+005 1.71893783334561e+006 1.44783091775089e-001 2.69548627295743e-001 1.02305173177282e+000 7.89141611048833e+000 2.65155660471641e-005 2221271 130
2.50635895547633e+005 1.71896135178335e+006 6.13839368685299e+000 7.33921411171422e-001 -1.56552178456984e+000 7.92275883811950e+000 2.65892029690191e-005 2229275 131
2.50625499768744e+005 1.71893209087225e+006 1.44782821587527e-001 6.77549849572610e-001 1.56456301812799e+000 7.93953372759994e+000 2.66769942731191e-005 2233675 132
2.50636779802541e+005 1.71895598683003e+006 6.13839273755079e+000 7.26573835834825e-001 -1.56686405758843e+000 7.98399307447283e+000 2.67522798662656e-005 2244939 133
2.50630040056178e+005 1.71895291818112e+006 1.44783678099408e-001 3.51185007367526e-001 1.33800650791955e+000 8.00391319625215e+000 2.71149203421999e-005 2250221 134
2.50638574515588e+005 1.71896746071469e+006 6.13839266820699e+000 7.24285246795557e-001 -1.56734344080935e+000 8.17603207019134e+000 2.71907304125650e-005 2297266 135
2.50631187206919e+005 1.71896376579771e+006 1.44783430607302e-001 4.82598199043387e-001 1.48709468962676e+000 8.23322952353080e+000 2.73752825399759e-005 2313554 136
2.50628676152209e+005 1.71895139420440e+006 1.44783027739910e-001 4.40620657981025e-001 1.45507189046907e+000 8.30743454760339e+000 2.76000189466713e-005 2334210 137
2.50624607704697e+005 1.71892610519567e+006 1.44782810573773e-001 3.65338123794578e-001 1.36360557191687e+000 8.31768289300653e+000 2.79343775800802e-005 2337516 138
2.50624668159898e+005 1.71892666240231e+006 1.44782798732372e-001 6.12174496885100e-001 1.54682583895383e+000 8.32646342380359e+000 2.80440962162484e-005 2339842 139
2.50628791659195e+005 1.71894779752180e+006 1.44783392261977e-001 3.74070897760206e-001 1.37750768532365e+000 8.47383216557787e+000 2.83624194308629e-005 2381003 140
2.50633876861407e+005 1.71897244612499e+006 1.44784241782641e-001 4.23998274432657e-001 1.43934812082278e+000 8.55808764512567e+000 2.86065189008356e-005 2404254 141
2.50628715967534e+005 1.71894548507893e+006 1.44783541206798e-001 5.89529510601817e-001 1.53915570741905e+000 8.67898395528582e+000 2.87256982628339e-005 2437115 142
2.50635229388139e+005 1.71893770454128e+006 6.13839210223730e+000 7.36571356374785e-001 -1.56494652470473e+000 8.75264956325964e+000 2.87987533807709e-005 2457032 143
2.50633939988737e+005 1.71893089304816e+006 6.13839227098236e+000 9.49018667848938e-001 -1.53848457090976e+000 8.83544879486101e+000 2.88405652401093e-005 2480766 144
2.50629449854763e+005 1.71895157180137e+006 1.44783453721584e-001 4.20324486764359e-001 1.43570480834376e+000 8.86347329323463e+000 2.90892615749793e-005 2488013 145
2.50634194060751e+005 1.71897117790293e+006 1.44784527802336e-001 3.78798640907114e-001 1.38450668034913e+000 9.00306717710358e+000 2.93993262933581e-005 2525907 146
2.50625495488550e+005 1.71893201243723e+006 1.44782825663845e-001 2.85538637556944e-001 1.13330987258522e+000 9.08608323019678e+000 2.99315688302306e-005 2550731 147
2.50625696648371e+005 1.71893282309983e+006 1.44782872923286e-001 6.21238514001148e-001 1.54960626163518e+000 9.13629771577705e+000 3.00378031313423e-005 2564874 148
2.50626248768854e+005 1.71893455170439e+006 1.44783043865246e-001 5.02352336013911e-001 1.49946277672658e+000 9.32027009634305e+000 3.02069275318745e-005 2615356 149
2.50631889711160e+005 1.71897216706250e+006 1.44783133013293e-001 3.36008048475538e-001 3.37150219275491e-001 9.33643086092274e+000 3.03427982009289e-005 2620260 150
2.50631912952964e+005 1.71896526251992e+006 1.44783719707892e-001 3.84610452546308e-001 1.39284794839320e+000 9.41893493049776e+000 3.06431094568404e-005 2641859 151
2.50639576898456e+005 1.71896938795441e+006 1.44787742713337e-001 3.59917781333153e-001 2.88924267250587e-001 9.52156072853131e+000 3.07437118384344e-005 2671832 152
2.50630414823128e+005 1.71895457570792e+006 1.44783753914430e-001 2.78251288247696e-001 5.52680915402692e-001 9.57798714441216e+000 3.10702275739576e-005 2687577 153
2.50627265868911e+005 1.71894401975128e+006 1.44782836873042e-001 4.68354743575312e-001 1.47731527191992e+000 9.75909071931467e+000 3.12671818921087e-005 2738560 154
2.50628619891829e+005 1.71894400756035e+006 1.44783609194819e-001 5.26713764076645e-001 1.51259787697989e+000 9.81230365822438e+000 3.14197031996679e-005 2753345 155
2.50632409754240e+005 1.71896318186270e+006 1.44784175513301e-001 6.40932424944323e-001 1.55516710699789e+000 9.84356724503016e+000 3.15188984126287e-005 2762521 156
2.50633657736515e+005 1.71892730038577e+006 6.13839213336303e+000 8.22634349456731e-001 -1.55171554780725e+000 9.85158503658269e+000 3.15761775652146e-005 2765117 157
2.50635154180124e+005 1.71894694613069e+006 6.13839291266990e+000 7.42684298150724e-001 -1.56389188161870e+000 9.88191739782636e+000 3.16479158535002e-005 2773751 158
2.50625532687803e+005 1.71893220363267e+006 1.44782830974307e-001 2.59400541687410e-001 8.43666530503250e-001 9.92893458163254e+000 3.21901227038295e-005 2786333 159
2.50637438670691e+005 1.71896605251731e+006 6.13839319826292e+000 8.31367123422359e-001 -1.55075678136540e+000 9.97264760569658e+000 3.22460854765948e-005 2798813 160
2.50629743965499e+005 1.71896022094690e+006 1.44782902901416e-001 5.74382664723504e-001 1.53349898541215e+000 9.99251133883403e+000 3.23722640577700e-005 2804553 161
2.50629152938180e+005 1.71895043875473e+006 1.44783378691825e-001 5.01479058617348e-001 1.49888751686148e+000 1.00169186235562e+001 3.25420300591605e-005 2810639 162
2.50634357143976e+005 1.71893758356015e+006 6.13839258905748e+000 8.20737229595233e-001 -1.55200317773980e+000 1.00416483567949e+001 3.25996012088859e-005 2817235 163
2.50633438506000e+005 1.71892499289801e+006 6.13839206658883e+000 7.46568876914745e-001 -1.56312486846522e+000 1.01602497962141e+001 3.26705204658399e-005 2851181 164
2.50633889698010e+005 1.71892789940355e+006 6.13839205098076e+000 9.78619760291049e-001 -1.53608765480514e+000 1.01802491750812e+001 3.27095972025461e-005 2857164 165
2.50626794301679e+005 1.71893907415933e+006 1.44782979007924e-001 4.77870455896479e-001 1.48402663701285e+000 1.02223031073436e+001 3.28981406062255e-005 2868718 166
2.50637845872987e+005 1.71897278613829e+006 6.13839352557801e+000 8.15979373434649e-001 -1.55277019089328e+000 1.02970473743775e+001 3.29564536798173e-005 2889643 167
2.50635195909868e+005 1.71894146211708e+006 6.13839243340692e+000 9.28602044577574e-001 -1.54030622714927e+000 1.03332152352371e+001 3.30003172113788e-005 2898836 168
2.50630865263977e+005 1.71895810502328e+006 1.44783717373655e-001 5.94046462653004e-001 1.54068973372600e+000 1.03697418098640e+001 3.31175175671022e-005 2908598 169
2.50636804434978e+005 1.71894830135011e+006 6.13839208517935e+000 7.19888746799068e-001 -1.56811045396283e+000 1.03893090667014e+001 3.31943501231546e-005 2914156 170
2.50629681097432e+005 1.71895557870998e+006 1.44783252650860e-001 4.77268195622987e-001 1.48354725379192e+000 1.04313353382914e+001 3.33834094437708e-005 2926279 171
2.50633831978793e+005 1.71892781630674e+006 6.13839207695839e+000 9.32275832245872e-001 -1.53992272057253e+000 1.04767096773846e+001 3.34268930890320e-005 2939732 172
2.50631433594392e+005 1.71897224924676e+006 1.44782866368196e-001 3.38386976555830e-001 1.31125692419202e+000 1.04919695091560e+001 3.38177576253541e-005 2943576 173
2.50627960005233e+005 1.71894613198990e+006 1.44783056849145e-001 6.91401835862917e-001 1.56763107074190e+000 1.05435391930365e+001 3.39017270846166e-005 2956892 174
2.50630243057124e+005 1.71895835983848e+006 1.44783341777273e-001 4.30111216208597e-001 1.44538834940642e+000 1.05681299007513e+001 3.41384437890306e-005 2963191 175
2.50632627080523e+005 1.71896368963414e+006 1.44784257136995e-001 6.83542339293852e-001 1.56580941450240e+000 1.06929032777741e+001 3.42245513661585e-005 2997569 176
2.50635947739793e+005 1.71896124468341e+006 6.13839364822706e+000 7.25158524192119e-001 -1.56715168752098e+000 1.07078676332686e+001 3.43001606815687e-005 3001653 177
2.50624552247760e+005 1.71892570527364e+006 1.44782812198925e-001 5.39843038038762e-001 1.51902161214026e+000 1.07156216771086e+001 3.44446912909647e-005 3004059 178
2.50635229388139e+005 1.71893770454128e+006 6.13839210223730e+000 7.36571356374785e-001 -1.56494652470473e+000 1.07379370487829e+001 3.45177464089017e-005 3010275 179
2.50627356123695e+005 1.71893903062713e+006 1.44783302662268e-001 4.06382161433029e-001 1.42055629856258e+000 1.07965180938527e+001 3.47850190360383e-005 3027881 180
2.50628900620893e+005 1.71894925266407e+006 1.44783333473157e-001 2.65664048531722e-001 9.81633021485031e-001 1.07981918991788e+001 3.53575667196203e-005 3028674 181
2.50635181032732e+005 1.71894526876570e+006 6.13839275805504e+000 7.97730887147854e-001 -1.55516710699789e+000 1.08159986937366e+001 3.54188572743700e-005 3033576 182
2.50633750642101e+005 1.71897293817545e+006 1.44784129016701e-001 7.00857322156734e-001 1.56954860362560e+000 1.08638662866533e+001 3.55003549464280e-005 3045650 183
2.50630297977759e+005 1.71896256779953e+006 1.44783023569725e-001 3.73799880637134e-001 2.66009749290445e-001 1.11608292547906e+001 3.55857608907369e-005 3128680 184
2.50628789735783e+005 1.71894457324897e+006 1.44783658961280e-001 6.13318791404734e-001 1.54711346888638e+000 1.11632802273188e+001 3.56950304253557e-005 3129374 185
2.50635792139694e+005 1.71894271915836e+006 6.13839219817691e+000 9.48446520589121e-001 -1.53858044755394e+000 1.13465445021839e+001 3.57368979246430e-005 3182353 186
2.50628035654629e+005 1.71894916542762e+006 1.44782847998392e-001 2.81593832765574e-001 1.11116236777856e+000 1.14020107845711e+001 3.62798630907481e-005 3198338 187
2.50634839300101e+005 1.71896927982623e+006 1.44785052998085e-001 6.47286270829659e-001 8.61451647999512e-002 1.14300523406700e+001 3.62882155092803e-005 3206303 188
2.50627348406332e+005 1.71893897066967e+006 1.44783303245952e-001 6.17865856469595e-001 1.54855161854915e+000 1.14816193428466e+001 3.63957272770438e-005 3221965 189
2.50633540679155e+005 1.71892570498186e+006 6.13839206753133e+000 7.14528630364993e-001 -1.56906922040468e+000 1.14919183046184e+001 3.64738337180776e-005 3225057 190
2.50639214566426e+005 1.71896553903043e+006 6.13839214400221e+000 9.31824137040754e-001 -1.54011447386090e+000 1.15698725442617e+001 3.65173640062725e-005 3247101 191
2.50633238962931e+005 1.71897353351224e+006 1.44783788101809e-001 2.59942575933552e-001 7.70225021057771e-001 1.17818250121367e+001 3.70203950090073e-005 3304158 192
2.50628151284530e+005 1.71894243444839e+006 1.44783472912507e-001 5.75948541434582e-001 1.53417012192145e+000 1.17976573874750e+001 3.71458232202538e-005 3307857 193
2.50638669320954e+005 1.71896130756217e+006 6.13839210313813e+000 8.77590599412837e-001 -1.54538768929105e+000 1.18076707064178e+001 3.71954993979421e-005 3310935 194
2.50635176953694e+005 1.71895164620137e+006 6.13839329007400e+000 7.08355462561705e-001 -1.57041149342326e+000 1.18673708152355e+001 3.72751112849817e-005 3327556 195
2.50636788721137e+005 1.71894861202639e+006 6.13839211993482e+000 8.23296835757572e-001 -1.55171554780725e+000 1.19465720436416e+001 3.73322890861092e-005 3348909 196
2.50628283592111e+005 1.71894534481825e+006 1.44783306556994e-001 5.17258277782828e-001 1.50770816812647e+000 1.20473033467441e+001 3.74909644344929e-005 3376420 197
2.50634480014210e+005 1.71896673637880e+006 1.44785059584338e-001 3.65850045027045e-001 1.36427670842616e+000 1.20561649565320e+001 3.78243415983172e-005 3379358 198
2.50628001216691e+005 1.71894894392988e+006 1.44782846777714e-001 3.52570205996556e-001 1.34069105395672e+000 1.21432198584174e+001 3.81840825071219e-005 3405229 199
2.50639035885911e+005 1.71896631985491e+006 6.13839231063803e+000 7.64154876900699e-001 -1.56034444578387e+000 1.23192649406850e+001 3.82514589247970e-005 3451614 200
2.50633663381850e+005 1.71892625196303e+006 6.13839204306591e+000 9.21615825405071e-001 -1.54088148701437e+000 1.23200268842602e+001 3.82960580673362e-005 3451790 201
2.50631998748013e+005 1.71896113406207e+006 1.44784111470244e-001 5.06718722996725e-001 1.50185969283120e+000 1.23266987240805e+001 3.84620208250515e-005 3453678 202
2.50631936744643e+005 1.71897312414397e+006 1.44783080315288e-001 2.60605062234393e-001 7.48365146183660e-001 1.23366900951365e+001 3.89508524736035e-005 3456314 203
2.50635460197201e+005 1.71894949835667e+006 6.13839295033241e+000 9.96446664386400e-001 -1.53484125843074e+000 1.25636489208729e+001 3.89884060226005e-005 3520827 204
2.50626435783580e+005 1.71893536343662e+006 1.44783082977981e-001 4.49744901124422e-001 1.46293377529221e+000 1.26169508464589e+001 3.92034234549892e-005 3535983 205
2.50634714077841e+005 1.71897284942962e+006 1.44784685192206e-001 6.08862065380896e-001 1.54557944257942e+000 1.26662603396485e+001 3.93144561756025e-005 3549379 206
2.50626221621585e+005 1.71893395300241e+006 1.44783078126851e-001 3.75034514197792e-001 1.37904171163060e+000 1.26777488982231e+001 3.96310774466633e-005 3552942 207
2.50629193758028e+005 1.71894598894165e+006 1.44783771527518e-001 5.01448945603674e-001 1.49888751686148e+000 1.26935675844083e+001 3.98008658773965e-005 3557589 208
2.50636479453787e+005 1.71896942613403e+006 6.13839402486649e+000 9.19327236365803e-001 -1.54126499359111e+000 1.27321579790791e+001 3.98457101530784e-005 3569052 209
2.50635065420014e+005 1.71893698864682e+006 6.13839213617946e+000 7.79903983052504e-001 -1.55775577639088e+000 1.27983144822549e+001 3.99101275634561e-005 3587121 210
2.50634450512921e+005 1.71897306111463e+006 1.44784517475419e-001 4.29177712784685e-001 1.44442958296457e+000 1.28062637174897e+001 4.01479496279871e-005 3589867 211
2.50628861399044e+005 1.71895248669415e+006 1.44783042526790e-001 4.93348544925212e-001 1.49399780800806e+000 1.28618628432407e+001 4.03238676052488e-005 3605087 212
2.50635780657917e+005 1.71894193206836e+006 6.13839213934290e+000 7.06759472836952e-001 -1.57069912335582e+000 1.28761486659328e+001 4.04038755452388e-005 3609452 213
2.50629626871821e+005 1.71894953157403e+006 1.44783724010271e-001 6.87125787921127e-001 1.56667230430006e+000 1.28808409100701e+001 4.04889986108333e-005 3611114 214
2.50631013462978e+005 1.71895720333504e+006 1.44783876683634e-001 5.23792801750211e-001 1.51106385067293e+000 1.28990632002952e+001 4.06433833974806e-005 3616062 215
2.50634881573018e+005 1.71893806232743e+006 6.13839233008534e+000 7.92852578932573e-001 -1.55583824350719e+000 1.29758919416101e+001 4.07055073003825e-005 3638084 216
2.50635874545358e+005 1.71894537886103e+006 6.13839237214574e+000 9.61304777428166e-001 -1.53752580446791e+000 1.29960332724654e+001 4.07461512460763e-005 3643502 217
2.50633742806353e+005 1.71896964890679e+006 1.44784397743806e-001 2.85689202625317e-001 1.13388513245033e+000 1.31398009507850e+001 4.12779198174975e-005 3683416 218
2.50635067818801e+005 1.71894517325926e+006 6.13839281461383e+000 8.44767414507546e-001 -1.54903100177007e+000 1.32999427290363e+001 4.13319462237571e-005 3727928 219
2.50634205728406e+005 1.71893003705339e+006 6.13839204850656e+000 9.64105287699902e-001 -1.53723817453536e+000 1.33050039564999e+001 4.13723304983071e-005 3729654 220
2.50635155174016e+005 1.71894498407311e+006 6.13839274913923e+000 8.21700846032819e-001 -1.55190730109561e+000 1.33641300933632e+001 4.14297531174702e-005 3747631 221
2.50635782842239e+005 1.71895277886732e+006 6.13839303901241e+000 7.95924106327380e-001 -1.55545473693045e+000 1.33905760537904e+001 4.14913504542038e-005 3754274 222
2.50634401577146e+005 1.71893491070783e+006 6.13839234174289e+000 9.27246958962218e-001 -1.54040210379345e+000 1.35298804657733e+001 4.15353552633929e-005 3790384 223
2.50635772908983e+005 1.71895733978324e+006 6.13839342348815e+000 8.09806205631360e-001 -1.55353720404675e+000 1.36128456500681e+001 4.15946515623090e-005 3814467 224
2.50636480201307e+005 1.71894970347224e+006 6.13839238633358e+000 9.15412544588108e-001 -1.54155262352367e+000 1.37469347946263e+001 4.16399192044371e-005 3851090 225
2.50636200520983e+005 1.71897232189780e+006 6.13839442426644e+000 7.70900191963805e-001 -1.55928980269784e+000 1.38978797180938e+001 4.17060046777972e-005 3891509 226
2.50634368984470e+005 1.71893320078493e+006 6.13839221828492e+000 9.72717609610832e-001 -1.53656703802606e+000 1.39206233750562e+001 4.17456056012570e-005 3897199 227
2.50624824884235e+005 1.71892733496918e+006 1.44782832149118e-001 4.59923099746430e-001 1.47108329004791e+000 1.39259104515410e+001 4.19504672151282e-005 3898628 228
2.50633228677118e+005 1.71897281823283e+006 1.44783841650047e-001 4.40289414830604e-001 1.45468838389233e+000 1.40323698443151e+001 4.21755657050955e-005 3930381 229
2.50631499348268e+005 1.71896345439155e+006 1.44783634278160e-001 3.48143592986393e-001 1.33196627933592e+000 1.42592804147291e+001 4.25446763697535e-005 3994950 230
2.50624842208608e+005 1.71892734487482e+006 1.44782841195190e-001 4.37609356613567e-001 1.45248322107608e+000 1.43589226685684e+001 4.27727596410159e-005 4022562 231
2.50624969567590e+005 1.71892874572067e+006 1.44782797395762e-001 3.07882493703481e-001 4.15673190862758e-001 1.44437063834440e+001 4.29737875477594e-005 4045652 232
2.50638344378041e+005 1.71896352544836e+006 6.13839247244928e+000 8.74097489826586e-001 -1.54577119586779e+000 1.45159112334558e+001 4.30239019978906e-005 4066378 233
2.50626911700400e+005 1.71894058214980e+006 1.44782920635893e-001 2.60424384152345e-001 8.89974949644459e-001 1.45687803378694e+001 4.35829941302398e-005 4081710 234
2.50634002788360e+005 1.71892903803495e+006 6.13839208113303e+000 9.36672332242361e-001 -1.53953921399579e+000 1.47088472207699e+001 4.36260295043777e-005 4120204 235
2.50625722142680e+005 1.71893138703525e+006 1.44783006720213e-001 6.49695311923625e-001 1.55765989974670e+000 1.47524293035717e+001 4.37223085570987e-005 4132039 236
2.50633297774802e+005 1.71896772065004e+006 1.44784304390499e-001 6.22985068794274e-001 1.54998976821192e+000 1.47812731190202e+001 4.38278895831783e-005 4140861 237
2.50630345042503e+005 1.71895801007152e+006 1.44783428922004e-001 3.23691825882635e-001 1.27520730597858e+000 1.47900715994545e+001 4.42544545733736e-005 4143716 238
2.50633415101331e+005 1.71896531338398e+006 1.44784571160365e-001 2.87616435500490e-001 1.14385630344554e+000 1.47960841283975e+001 4.47808293757359e-005 4145278 239
2.50626585262491e+005 1.71893824311884e+006 1.44782928952772e-001 6.19732863317419e-001 1.54912687841426e+000 1.47973136630474e+001 4.48876312227066e-005 4145748 240
2.50636506279261e+005 1.71895619305253e+006 6.13839291048837e+000 7.27597678299760e-001 -1.56667230430006e+000 1.48699585032171e+001 4.49626838899962e-005 4166579 241
2.50637300445639e+005 1.71896075078944e+006 6.13839283665512e+000 8.78463876809400e-001 -1.54529181264687e+000 1.49428908312017e+001 4.50122513691223e-005 4187698 242
2.50630439348547e+005 1.71896264266746e+006 1.44783097881548e-001 4.72480226448729e-001 1.48019157124546e+000 1.49655884382634e+001 4.52054934196464e-005 4194383 243
2.50635756690728e+005 1.71894523186212e+006 6.13839242707116e+000 8.98368578848297e-001 -1.54318252647481e+000 1.50137652669581e+001 4.52526741952201e-005 4207532 244
2.50626538718782e+005 1.71893802067029e+006 1.44782920915078e-001 2.87736887555188e-001 1.14462331659902e+000 1.50600080061140e+001 4.57787476935449e-005 4219328 245
2.50635335646204e+005 1.71894715082341e+006 6.13839282630072e+000 9.20441417871763e-001 -1.54107324030274e+000 1.50881585113146e+001 4.58234723783795e-005 4228036 246
2.50631937134006e+005 1.71896198387464e+006 1.44784005791053e-001 3.86055877202688e-001 1.39486135792108e+000 1.51128895175054e+001 4.61214227814434e-005 4234647 247
2.50637646938041e+005 1.71896053139776e+006 6.13839262105832e+000 9.77836821935510e-001 -1.53627940809351e+000 1.51437664470551e+001 4.61605686450029e-005 4243562 248
2.50626052563982e+005 1.71893291621898e+006 1.44783067935210e-001 4.96359846292670e-001 1.49591534089175e+000 1.53027212219002e+001 4.63341724997162e-005 4287445 249
2.50630367301831e+005 1.71895906447575e+006 1.44783354027950e-001 2.75360438934936e-001 1.07051067064425e+000 1.53577063558060e+001 4.68926008817865e-005 4303873 250
2.50632660283298e+005 1.71896970642978e+006 1.44783776324253e-001 5.25780260652733e-001 1.51202261711478e+000 1.53899006768340e+001 4.70457134177481e-005 4312707 251
2.50626352686079e+005 1.71893730499041e+006 1.44782874384006e-001 2.71776990307661e-001 6.00331607562487e-001 1.54417524449487e+001 4.74157517908507e-005 4326180 252
2.50629308135653e+005 1.71894691461258e+006 1.44783759799226e-001 4.08339507321876e-001 1.42276146137883e+000 1.54473437105074e+001 4.76803016267260e-005 4327928 253
2.50627939523290e+005 1.71894371868706e+006 1.44783245620503e-001 3.99847637465645e-001 1.41279029038362e+000 1.54643770957540e+001 4.79569440192444e-005 4331674 254
2.50635229619492e+005 1.71894057345254e+006 6.13839234039337e+000 8.24531469318229e-001 -1.55152379451888e+000 1.55903156826903e+001 4.80139334233361e-005 4365026 255
2.50631759177569e+005 1.71896121350510e+006 1.44783968403909e-001 3.78768527893440e-001 1.38450668034913e+000 1.56123366029733e+001 4.83240523762702e-005 4371284 256
2.50637588647398e+005 1.71897286284067e+006 1.44786321527294e-001 3.02371812201033e-001 1.20761427182836e+000 1.56720178616505e+001 4.88082750483446e-005 4386676 257
2.50635001348456e+005 1.71894245728794e+006 6.13839262689463e+000 8.48712219298916e-001 -1.54855161854915e+000 1.56810006579208e+001 4.88617499795310e-005 4389644 258
2.50630560183356e+005 1.71896017565586e+006 1.44783371611229e-001 3.66060836122768e-001 1.36466021500290e+000 1.56870539228232e+001 4.91947316813360e-005 4391387 259
2.50639917758681e+005 1.71897344091291e+006 6.13839239974812e+000 7.14046822146200e-001 -1.56935685033723e+000 1.57543344109165e+001 4.92729541512758e-005 4410311 260
2.50636541260184e+005 1.71896169638119e+006 6.13839334765286e+000 8.58468835729480e-001 -1.54749697546312e+000 1.58666543052404e+001 4.93250998905186e-005 4443975 261
2.50638856560820e+005 1.71896536506695e+006 6.13839233348572e+000 9.97350054796637e-001 -1.53484125843074e+000 1.58935220430158e+001 4.93625786457413e-005 4451466 262
2.50632067749649e+005 1.71896544930189e+006 1.44783792372382e-001 3.03997914939461e-001 1.21365450041200e+000 1.59099930671279e+001 4.98422110736322e-005 4456288 263
2.50629094504649e+005 1.71894556232854e+006 1.44783750421434e-001 3.59978007360503e-001 1.35430553743095e+000 1.59822634144317e+001 5.01869304877667e-005 4475767 264
2.50629703174234e+005 1.71894961673436e+006 1.44783760402169e-001 6.45660168091232e-001 1.55650938001648e+000 1.59888908486967e+001 5.02845367272619e-005 4477641 265
2.50636299739812e+005 1.71894543254762e+006 6.13839213439647e+000 8.55397308334673e-001 -1.54778460539567e+000 1.61218726343435e+001 5.03370956386917e-005 4515018 266
2.50637409923526e+005 1.71895917791879e+006 6.13839264365404e+000 9.63171784275990e-001 -1.53742992782373e+000 1.62380460279598e+001 5.03775663318145e-005 4548115 267
2.50634093037059e+005 1.71893068893904e+006 6.13839216684584e+000 8.44285606288753e-001 -1.54903100177007e+000 1.62441649962643e+001 5.04316605900131e-005 4549574 268
2.50628538278692e+005 1.71894892708716e+006 1.44783154109177e-001 2.59972688947227e-001 8.74538809930723e-001 1.63004260389077e+001 5.09858080516688e-005 4566173 269
2.50638033479662e+005 1.71895838644465e+006 6.13839222271544e+000 9.76481736320154e-001 -1.53637528473769e+000 1.64199003825251e+001 5.10250736564671e-005 4600086 270
2.50629255746423e+005 1.71894863887359e+006 1.44783586746052e-001 3.87983110077861e-001 1.39754590395825e+000 1.66445125417835e+001 5.13199173156577e-005 4662741 271
2.50629206993260e+005 1.71895105348918e+006 1.44783358426636e-001 3.99245377192153e-001 1.41202327723014e+000 1.66533576468253e+001 5.15974446274174e-005 4664959 272
2.50631261202862e+005 1.71896435734505e+006 1.44783423627088e-001 3.73619202555087e-001 1.37674067217017e+000 1.67073563032500e+001 5.19165671021017e-005 4679567 273
2.50633697206896e+005 1.71892663639682e+006 6.13839205572837e+000 8.73615681607793e-001 -1.54567531922361e+000 1.67941073919544e+001 5.19667422567314e-005 4703797 274
2.50627186656738e+005 1.71894333639846e+006 1.44782848506716e-001 6.53911133838066e-001 1.55871454283273e+000 1.68470569499603e+001 5.20616622691862e-005 4717966 275
2.50634276590767e+005 1.71896637560406e+006 1.44784973671667e-001 3.59435973114360e-001 1.35325089434492e+000 1.69032473236535e+001 5.24074459519896e-005 4734178 276
2.50630094261000e+005 1.71895528357327e+006 1.44783512517586e-001 6.81283863268258e-001 1.56533003128147e+000 1.70450197334522e+001 5.24941825492744e-005 4772191 277
2.50636307602510e+005 1.71895845751620e+006 6.13839321174235e+000 9.92983667813823e-001 -1.53512888836329e+000 1.72177044135316e+001 5.25320252180482e-005 4817972 278
2.50627294016815e+005 1.71894233815507e+006 1.44782992573498e-001 2.65152127299254e-001 9.75305162968841e-001 1.72540745946233e+001 5.31045643954283e-005 4829174 279
2.50630559051221e+005 1.71895783458920e+006 1.44783565404252e-001 5.71883284588514e-001 1.53254021897031e+000 1.73348879505026e+001 5.32319547449441e-005 4851485 280
2.50636892110273e+005 1.71895847092055e+006 6.13839287989826e+000 8.89394900773272e-001 -1.54414129291665e+000 1.74249207678951e+001 5.32801904018867e-005 4877172 281
2.50632600003297e+005 1.71895990445232e+006 1.44784556093595e-001 6.53067969455178e-001 1.55842691290017e+000 1.76664392942163e+001 5.33753798974350e-005 4943812 282
2.50631308935120e+005 1.71895459491100e+006 1.44784261640608e-001 3.05021757404396e-001 1.21739368953520e+000 1.78294246483782e+001 5.38521385264010e-005 4989689 283
2.50633738069788e+005 1.71892733399351e+006 6.13839209039282e+000 8.90990890498025e-001 -1.54385366298410e+000 1.78489722039081e+001 5.39001839322438e-005 4994872 284
2.50635001550993e+005 1.71894493133100e+006 6.13839283226865e+000 9.39593294568795e-001 -1.53934746070742e+000 1.80063315986744e+001 5.39429252683683e-005 5039835 285
2.50632215218404e+005 1.71896200783444e+006 1.44784162208106e-001 3.07611476580410e-001 1.22640609408856e+000 1.80962551196855e+001 5.44124350465186e-005 5065122 286
2.50628690100261e+005 1.71894792215841e+006 1.44783324058018e-001 2.95656610151602e-001 1.18105644138920e+000 1.81342449310785e+001 5.49158700879559e-005 5076382 287
2.50625660175016e+005 1.71893115170471e+006 1.44782990966219e-001 3.12670462877739e-001 1.24318450682089e+000 1.83429183278962e+001 5.53714914310308e-005 5133258 288
2.50632308208038e+005 1.71896373280060e+006 1.44784071910540e-001 4.36826418258028e-001 1.45162033127842e+000 1.83449106380355e+001 5.56004514599673e-005 5133775 289
2.50637985180486e+005 1.71897278951936e+006 1.44786553495263e-001 3.60158685442550e-001 1.35449729071932e+000 1.85026419024463e+001 5.59448050522404e-005 5178135 290
2.50626598239989e+005 1.71893780494722e+006 1.44782972738117e-001 5.10482849706047e-001 1.50406485564745e+000 1.85211616692026e+001 5.61081119228555e-005 5182508 291
2.50626901134741e+005 1.71893826546934e+006 1.44783107031359e-001 3.77082199127663e-001 1.38210976424451e+000 1.86226312023483e+001 5.64211477899122e-005 5212081 292
2.50636731351827e+005 1.71894725502144e+006 6.13839203990420e+000 8.39286846018773e-001 -1.54970213827937e+000 1.87442396018274e+001 5.64759541737554e-005 5245534 293
2.50634566585326e+005 1.71897029683747e+006 1.44784813182069e-001 4.79195428498160e-001 1.48479365016633e+000 1.88948952721011e+001 5.66633650209495e-005 5287041 294
2.50638563304226e+005 1.71897337859035e+006 6.13839316611279e+000 7.63733294709255e-001 -1.56044032242805e+000 1.90627487864969e+001 5.67308233552128e-005 5334413 295
2.50636281475874e+005 1.71897326425266e+006 1.44785543580110e-001 2.64128284834318e-001 9.61211296273690e-001 1.92226891087273e+001 5.73026852851104e-005 5380565 296
2.50631122727304e+005 1.71895534121533e+006 1.44784093584443e-001 4.06111144309957e-001 1.42017279198584e+000 1.93603523398094e+001 5.75703349102417e-005 5419155 297
2.50627347185210e+005 1.71893982993541e+006 1.44783231183079e-001 3.72745925158524e-001 1.37549427579577e+000 1.94726851285612e+001 5.78910256986757e-005 5451227 298
2.50635595358285e+005 1.71894907240921e+006 6.13839283796096e+000 9.54469123324037e-001 -1.53810106433302e+000 1.94920205670140e+001 5.79323135595689e-005 5456852 299
2.50637418689052e+005 1.71895408780400e+006 6.13839221588777e+000 7.94629246739373e-001 -1.55564649021882e+000 1.95738117885273e+001 5.79941321151684e-005 5480596 300
