3.15770761527649e+003 1.73710153834067e+006 1.81780055308891e-003 8.92361217078158e-001 1.56974035691397e+000 1.54451404066505e+001 4.79005985913960e-008 3882 1
3.15753252969651e+003 1.73709772317067e+006 1.81770375381483e-003 7.03878902554399e-001 1.57060324671163e+000 1.55548387951392e+001 1.28630644649255e-007 4417 2
3.15753997519105e+003 1.73710305290626e+006 1.81770246293626e-003 6.89748832667013e-001 1.56887746711631e+000 1.71099862237574e+001 2.13043725628626e-007 4981 3
3.15765756159257e+003 1.73710126737179e+006 1.81777202225240e-003 3.85265663624989e-001 1.56734344080935e+000 1.71821180091450e+001 5.17031022234677e-007 5137 4
3.16647944252216e+003 1.73709781558253e+006 1.82285413459567e-003 9.70915860469375e-001 -1.57069912335582e+000 1.79880590911231e+001 5.56817105034076e-007 6033 5
3.15758247890918e+003 1.73709965667816e+006 1.81773048487276e-003 9.57945493942076e-001 1.57041149342326e+000 2.54037883113676e+001 5.97797949628156e-007 6579 6
3.15772182006625e+003 1.73710210569371e+006 1.81780813664452e-003 7.22159489730522e-001 1.56926097369304e+000 2.70526559139283e+001 6.74100194057220e-007 8999 7
3.15756221862329e+003 1.73710197869846e+006 1.81771639185056e-003 9.28647724845119e-001 1.56964448026978e+000 2.71439940923418e+001 7.17979344293473e-007 9555 8
3.15755181763768e+003 1.73709842327728e+006 1.81771412472623e-003 7.57988219855342e-001 1.57050737006745e+000 2.71512523152564e+001 7.86571313748452e-007 9650 9
3.15771170293684e+003 1.73710230901019e+006 1.81780209976030e-003 2.64778588213752e-001 1.56360425168615e+000 2.71573869832358e+001 1.48028005247754e-006 10102 10
3.15778968245715e+003 1.73710282764080e+006 1.81784644744983e-003 8.41334269234291e-001 1.56926097369304e+000 3.31008422386792e+001 1.53480550880094e-006 10608 11
3.15752771075380e+003 1.73710171571074e+006 1.81769680190996e-003 2.92153691213721e-001 1.56494652470473e+000 3.31094777997290e+001 2.09350494425007e-006 10922 12
3.15754715102774e+003 1.73709821041400e+006 1.81771166103663e-003 3.48368785668508e-001 1.56763107074190e+000 3.31736564498874e+001 2.47285679097898e-006 11857 13
3.15753580764717e+003 1.73709845076890e+006 1.81770487947625e-003 7.19260231330302e-001 1.57041149342326e+000 3.44130154441412e+001 2.54983740235771e-006 16973 14
3.15761203756960e+003 1.73710087101153e+006 1.81774623020873e-003 1.73955504013184e-001 1.55555061357463e+000 3.44884782642051e+001 4.29773601089901e-006 18571 15
3.16266272401374e+003 1.73710333738092e+006 1.82065117339583e-003 3.75377666554765e-002 1.21979060563982e+000 3.46463649790648e+001 5.22024666509590e-005 20039 16
3.15772793038607e+003 1.73710223285016e+006 1.81781152110514e-003 3.99243140964995e-001 1.56724756416517e+000 3.63552390149233e+002 5.24835308561466e-005 22760 17
3.15778306507896e+003 1.73710262349198e+006 1.81784285166577e-003 2.97585985900449e-001 1.56485064806055e+000 3.63571996138912e+002 5.30200380780775e-005 23004 18
3.15759211163559e+003 1.73710042360373e+006 1.81773522762312e-003 3.69426557206946e-001 1.56734344080935e+000 3.63670599872620e+002 5.33534385864816e-005 24273 19
3.15766042133223e+003 1.73710165171713e+006 1.81777326632441e-003 1.03732413708914e-001 1.52812989333781e+000 3.63693885843657e+002 5.88000126138624e-005 24980 20
3.15756582341489e+003 1.73710003130371e+006 1.81772050478771e-003 1.72429578539384e-001 1.55555061357463e+000 3.64340003026457e+002 6.05821219028830e-005 25440 21
3.15760759265889e+003 1.73710315703861e+006 1.81774127926270e-003 8.46949674977874e-001 1.56916509704886e+000 3.64623481352806e+002 6.06358551868985e-005 26090 22
3.15752148176279e+003 1.73710298240350e+006 1.81769189061292e-003 4.02478102969451e-001 1.56705581087680e+000 3.80356685142579e+002 6.09119731685409e-005 28205 23
3.15752425731155e+003 1.73709807264917e+006 1.81769862594971e-003 7.09646900845363e-001 1.57050737006745e+000 3.80356763923081e+002 6.09912666695208e-005 28254 24
3.15750197723314e+003 1.73709836569469e+006 1.81768549331858e-003 8.58302560502945e-001 1.57069912335582e+000 3.80378882276207e+002 6.10434487985776e-005 28879 25
3.16644941545390e+003 1.73709757489200e+006 1.82283710145592e-003 8.53816339609973e-001 -1.57069912335582e+000 3.80419195668303e+002 6.10962360290146e-005 29455 26
3.15753758463401e+003 1.73710257373167e+006 1.81770158817258e-003 4.58082827234718e-001 1.56782282403027e+000 3.83704895172068e+002 6.13039434197633e-005 31084 27
3.15756116850625e+003 1.73710159624708e+006 1.81771618752921e-003 7.81182287057100e-001 1.56954860362560e+000 3.83786604546690e+002 6.13681345620931e-005 32167 28
3.15755481166326e+003 1.73710026978468e+006 1.81771391610298e-003 9.60295419171728e-001 1.57021974013489e+000 3.84541135508449e+002 6.14088951027994e-005 35908 29
3.15758483712425e+003 1.73710111087870e+006 1.81773032073059e-003 7.33054597613453e-002 1.48575241660817e+000 3.85679727004755e+002 7.30678166323925e-005 37873 30
3.15758398388754e+003 1.73709955019933e+006 1.81773146266518e-003 8.52534562211982e-001 1.57031561677908e+000 3.86282103043706e+002 7.31207786176740e-005 39210 31
3.15757652716247e+003 1.73710167547497e+006 1.81772494613682e-003 2.10638752403333e-001 1.56005681585131e+000 3.90268931251660e+002 7.42681960573601e-005 39624 32
3.15776737679088e+003 1.73710332133747e+006 1.81783309012385e-003 4.10443433942686e-001 1.56705581087680e+000 3.90296598159161e+002 7.45326623753791e-005 40171 33
3.15755208300941e+003 1.73709976835156e+006 1.81771287000020e-003 9.06704916531877e-002 1.51566592959380e+000 3.90312893402271e+002 8.18515526399712e-005 40462 34
3.15782860554110e+003 1.73710310687941e+006 1.81786856205165e-003 7.80663472396008e-001 1.56906922040468e+000 3.92324428252152e+002 8.19158376264577e-005 41658 35
3.15755790701201e+003 1.73710124564731e+006 1.81771467685503e-003 8.94863734855190e-001 1.56983623355815e+000 3.92684627730413e+002 8.19634440215017e-005 42541 36
3.15757669022424e+003 1.73710016212272e+006 1.81772662359526e-003 4.58388012329478e-002 1.34788180227058e+000 6.15618420726975e+002 1.14021467116850e-004 49645 37
3.15762677952585e+003 1.73710017323395e+006 1.81775544688349e-003 3.65092928861354e-001 1.56734344080935e+000 6.15637525184037e+002 1.14363636051841e-004 50055 38
3.15760131871547e+003 1.73710150281035e+006 1.81773939856067e-003 2.78176213873714e-001 1.56446714148381e+000 6.16493317387215e+002 1.14985962149419e-004 50836 39
3.15751863302180e+003 1.73709788132135e+006 1.81769558841471e-003 1.45237586596271e-001 1.54998976821192e+000 6.16514754746713e+002 1.17585300592172e-004 51101 40
3.16347946384377e+003 1.73710336606256e+006 1.82112131519559e-003 1.45084994048891e-001 1.54816811197241e+000 6.41473817117311e+002 1.20190554200088e-004 54920 41
3.15765440965282e+003 1.73710074225555e+006 1.81777075727693e-003 8.48475600451674e-001 1.56993211020234e+000 6.43162307556584e+002 1.20244075166284e-004 56086 42
3.15756051043719e+003 1.73710290502547e+006 1.81771443918758e-003 6.18610187078463e-002 1.45037393490402e+000 6.68560912227582e+002 1.37119570661368e-004 56993 43
3.15849221778583e+003 1.73710316371838e+006 1.81825052366428e-003 1.94830164494766e-001 1.19366422009949e-002 6.68766829567295e+002 1.37135832098462e-004 57872 44
3.15756851431285e+003 1.73709877321532e+006 1.81772337033410e-003 7.65282143620106e-001 1.57041149342326e+000 7.05334814687808e+002 1.37202994031324e-004 63129 45
3.15754379946142e+003 1.73709738382696e+006 1.81771059658183e-003 3.86303292947172e-001 1.56858983718375e+000 7.05341195977533e+002 1.37505188934216e-004 63233 46
3.15755226276252e+003 1.73709979891049e+006 1.81771294150172e-003 6.38447218237861e-002 1.45881107959227e+000 7.45876158132929e+002 1.53264121903302e-004 64424 47
3.15757940091252e+003 1.73709904522823e+006 1.81772935279121e-003 9.56114383373516e-001 1.57060324671163e+000 7.46115006422738e+002 1.53305275615199e-004 64687 48
3.15760221493013e+003 1.73710134366123e+006 1.81774008102097e-003 7.42210150456252e-001 1.56954860362560e+000 7.46253355676636e+002 1.53377116421772e-004 65063 49
3.15750611941188e+003 1.73709974229708e+006 1.81768643738664e-003 9.85381633960997e-001 1.57041149342326e+000 7.46738593071263e+002 1.53415628844753e-004 67537 50
3.15767532359734e+003 1.73710330623180e+006 1.81778011375250e-003 5.59465315713981e-001 1.56830220725120e+000 7.47012007074960e+002 1.53549420299309e-004 67986 51
3.15756001859557e+003 1.73710015738004e+006 1.81771703119919e-003 8.52900784325693e-001 1.57012386349071e+000 7.47121102974741e+002 1.53602332261343e-004 68640 52
3.15759236477778e+003 1.73710087398291e+006 1.81773490206520e-003 3.10098574785607e-001 1.56580941450240e+000 7.47134726052489e+002 1.54092365794166e-004 69020 53
3.15774274322677e+003 1.73710157511138e+006 1.81782073670570e-003 9.01638843958861e-001 1.56974035691397e+000 7.47134728147609e+002 1.54139188736666e-004 69032 54
3.16649079399091e+003 1.73709756562668e+006 1.82286093160195e-003 9.19309060945463e-001 -1.57060324671163e+000 7.47140445783848e+002 1.54184054524362e-004 69758 55
3.15757767668434e+003 1.73709940649725e+006 1.81772798216710e-003 2.10150456251717e-001 1.56072795236061e+000 9.72975108304645e+002 1.55337353588248e-004 72453 56
3.15750701583711e+003 1.73709902767932e+006 1.81768770120083e-003 2.80068361461226e-001 1.56533003128147e+000 9.73254209221827e+002 1.55950470498899e-004 73325 57
3.15752263996028e+003 1.73709836222347e+006 1.81769739187822e-003 5.06363109225745e-001 1.56954860362560e+000 9.73261296268525e+002 1.56117085395920e-004 73478 58
3.15756254220001e+003 1.73709941180213e+006 1.81771926414151e-003 8.90530106509598e-001 1.57041149342326e+000 9.73526905305254e+002 1.56165202970508e-004 74331 59
3.15755893172955e+003 1.73709860082384e+006 1.81771803431441e-003 2.79122287667470e-001 1.56542590792566e+000 9.73966531246348e+002 1.56782901399276e-004 75563 60
3.15754512747081e+003 1.73709815215515e+006 1.81771055709631e-003 2.90139469588305e-001 1.56600116779077e+000 1.27694482968196e+003 1.57350172570686e-004 85429 61
3.15764373829215e+003 1.73710140306975e+006 1.81776392259736e-003 9.38444166386914e-002 1.51882985885189e+000 1.27696434485817e+003 1.64136666352438e-004 85969 62
3.15761571129136e+003 1.73710224937799e+006 1.81774690270495e-003 9.19797357097079e-001 1.56954860362560e+000 1.27893567376855e+003 1.64181479723037e-004 88624 63
3.15754945248145e+003 1.73710097115366e+006 1.81771009706795e-003 2.76467177343059e-001 1.56456301812799e+000 1.27894889500445e+003 1.64812301074659e-004 89314 64
3.15755966311144e+003 1.73710219126082e+006 1.81771469829410e-003 4.36658833582568e-001 1.56772694738609e+000 1.29105244883588e+003 1.65043090389569e-004 92211 65
3.15759979383840e+003 1.73710066657633e+006 1.81773939578602e-003 6.93868831446272e-001 1.56964448026978e+000 1.29129418511194e+003 1.65126404808862e-004 93860 66
3.15751400582869e+003 1.73709778162420e+006 1.81769302899682e-003 6.45374919888913e-001 1.57041149342326e+000 1.29134184992587e+003 1.65224115948176e-004 94079 67
3.15766615662598e+003 1.73710275511622e+006 1.81777541331880e-003 4.64308603167821e-001 1.56782282403027e+000 1.29142462697505e+003 1.65425745398800e-004 94844 68
3.15752627132587e+003 1.73709823507557e+006 1.81769961539639e-003 5.46037171544542e-001 1.56983623355815e+000 1.29239579986684e+003 1.65566882643857e-004 95827 69
3.15757069636288e+003 1.73709940467094e+006 1.81772396571379e-003 3.62346263008515e-001 1.56753519409772e+000 1.29262877902113e+003 1.65914783946167e-004 96384 70
3.15766680299796e+003 1.73710075886675e+006 1.81777787437065e-003 8.52046266060366e-001 1.56993211020234e+000 1.30200009019973e+003 1.65967812714682e-004 97076 71
3.15758853525426e+003 1.73710108518292e+006 1.81773247652089e-003 3.23496200445570e-002 5.23342662282174e-001 1.30349063112743e+003 2.01334614073216e-004 99362 72
3.16644600405113e+003 1.73709771497933e+006 1.82283499060907e-003 8.85860774559770e-001 -1.57069912335582e+000 1.30589822563486e+003 2.01383291392655e-004 99661 73
3.15751075029433e+003 1.73709846636048e+006 1.81769043837728e-003 3.39976195562609e-002 1.12113353877377e+000 1.30589966635223e+003 2.58514431461319e-004 99873 74
3.15751166504585e+003 1.73709716340321e+006 1.81769232837878e-003 5.06912442396313e-001 1.56993211020234e+000 1.30593310981100e+003 2.58680649456347e-004 100394 75
3.15764943702670e+003 1.73710203424463e+006 1.81776654270328e-003 2.82265694143498e-001 1.56446714148381e+000 1.30593325548052e+003 2.59283311971218e-004 100496 76
3.16439019427457e+003 1.73710321602126e+006 1.82164575188071e-003 6.61030915250099e-002 1.04649357127598e-001 1.30642843762208e+003 2.60817880820298e-004 104419 77
3.16353554823053e+003 1.73710332490288e+006 1.82115364439361e-003 3.12509537034211e-002 9.72620616931669e-001 1.31606001124992e+003 3.23914057202879e-004 106603 78
