1.70258446841179e+003 1.73710307201667e+006 9.80128324359227e-004 8.92941068758202e-001 1.56868571382794e+000 6.15024417601340e-002 4.78321136170166e-008 364 1
1.70256387822752e+003 1.73710283599759e+006 9.80116604364739e-004 4.67787713248085e-001 1.56801457731864e+000 5.08319182529065e+001 2.46177284363125e-007 1435 2
1.70256926433716e+003 1.73709991092037e+006 9.80121355397961e-004 7.47428815576647e-001 1.57041149342326e+000 5.08333562287071e+001 3.16919233319842e-007 1569 3
1.70258289317872e+003 1.73710086071476e+006 9.80128665229873e-004 9.63988158818323e-001 1.57002798684652e+000 5.08333903157365e+001 3.57337047964943e-007 1608 4
1.70274722323156e+003 1.73710474490916e+006 9.80221073524532e-004 2.55745109408857e-001 1.56427538819544e+000 5.10859285019882e+001 1.10610167307926e-006 2848 5
1.70263553612705e+003 1.73710275350063e+006 9.80157902259838e-004 8.99777214880825e-001 1.56887746711631e+000 5.10873976543193e+001 1.15313794734778e-006 3117 6
1.70257307904979e+003 1.73710008045517e+006 9.80123455763073e-004 8.50550859096042e-001 1.57041149342326e+000 5.40554653199578e+001 1.20637206126933e-006 6026 7
1.70263702067212e+003 1.73710506333492e+006 9.80157453549358e-004 2.62398144474624e-001 1.56427538819544e+000 7.71330168488850e+001 1.91400459165142e-006 7780 8
1.70253482108067e+003 1.73709976628447e+006 9.80101609000305e-004 7.29392376476333e-002 1.52496596407971e+000 7.71398950410389e+001 1.37324335856893e-005 8371 9
1.70279990083132e+003 1.73710415745944e+006 9.80251729935742e-004 6.77602465895566e-001 1.56782282403027e+000 7.71532437597513e+001 1.38202112101694e-005 8544 10
1.70260189992256e+003 1.73710483120404e+006 9.80137366568700e-004 7.59300515762810e-001 1.56753519409772e+000 7.72115953023712e+001 1.38885422856710e-005 8611 11
1.70259936102673e+003 1.73710504880130e+006 9.80135782226711e-004 6.46992400891141e-001 1.56724756416517e+000 7.85366693028953e+001 1.39857162150029e-005 10190 12
1.70259576459713e+003 1.73710148595844e+006 9.80135722150427e-004 2.70119327372051e-001 1.56657642765587e+000 7.86759185620561e+001 1.46496188257329e-005 11635 13
1.70261643250068e+003 1.73710390875781e+006 9.80146253019025e-004 7.91192358165227e-001 1.56811045396283e+000 8.27886441244652e+001 1.47120366381029e-005 12277 14
1.70261483029600e+003 1.73710373838248e+006 9.80145426810161e-004 7.72728659932249e-002 1.52765051011689e+000 8.36961592480564e+001 2.51224240492771e-005 13656 15
1.70255842353658e+003 1.73710127344619e+006 9.80114345887261e-004 1.97637867366558e-001 1.56379600497452e+000 8.49506753371940e+001 2.64425206219982e-005 14872 16
1.70259794178299e+003 1.73710454971678e+006 9.80135246811568e-004 3.06100650044252e-002 1.29371149830622e+000 8.49510150072093e+001 1.03309504452867e-004 14911 17
1.70324025808232e+003 1.73710530892090e+006 9.80504580528128e-004 2.72835474715415e-002 1.20914829813532e+000 8.49520293894562e+001 1.99583001763664e-004 15063 18
1.70252442633070e+003 1.73710069551156e+006 9.80095100755623e-004 5.39445173497726e-001 1.56954860362560e+000 8.50780640625708e+001 1.99727961126220e-004 15622 19
1.70259306917330e+003 1.73710405397794e+006 9.80132721508492e-004 1.69011505478072e-001 1.55986506256294e+000 1.00293233123652e+002 2.01590429693341e-004 16236 20
1.71046730604838e+003 1.73710538605963e+006 9.84664929929899e-004 2.85958433790094e-002 3.22193462782678e-001 1.00428922598509e+002 2.30983227384661e-004 17307 21
1.70256709150715e+003 1.73710174101097e+006 9.80119071975203e-004 2.68440809350871e-001 1.56638467436750e+000 1.00566100611565e+002 2.31656296528440e-004 17941 22
1.70254599527026e+003 1.73710485613173e+006 9.80105169876053e-004 5.55162205877865e-001 1.56715168752098e+000 1.00566916380113e+002 2.31792379582067e-004 18071 23
1.70259785334922e+003 1.73710256931105e+006 9.80136313317690e-004 4.55549790948210e-001 1.56811045396283e+000 1.00571676645211e+002 2.32002636480789e-004 18411 24
1.70252484428564e+003 1.73710023206130e+006 9.80095602844998e-004 9.91271706289865e-001 1.57041149342326e+000 1.21136306558770e+002 2.32040647253603e-004 19656 25
1.70255861853358e+003 1.73709956124531e+006 9.80115424206789e-004 8.29523606067080e-001 1.57069912335582e+000 1.21206262348072e+002 2.32096895300070e-004 19872 26
1.70254210466431e+003 1.73710096614974e+006 9.80105124966062e-004 4.79140598773156e-001 1.56916509704886e+000 1.21240923043160e+002 2.32285048487477e-004 21254 27
1.70253430314859e+003 1.73709933998581e+006 9.80101551366379e-004 2.65785699026460e-001 1.56772694738609e+000 1.38100900065601e+002 2.32973002024728e-004 23469 28
1.70270455221126e+003 1.73710459184253e+006 9.80196595470383e-004 6.57856990264595e-001 1.56753519409772e+000 1.38172288377489e+002 2.33066680345843e-004 23634 29
1.70255677123765e+003 1.73710377133391e+006 9.80111985342414e-004 3.19772942289499e-001 1.56619292107913e+000 1.38173446788837e+002 2.33524689675082e-004 23923 30
1.70256064556406e+003 1.73709967002721e+006 9.80116529733327e-004 3.25540940580462e-001 1.56868571382794e+000 1.38182050072634e+002 2.33965039042164e-004 24353 31
1.70254475362442e+003 1.73710110887456e+006 9.80106569368067e-004 8.89309366130558e-001 1.56983623355815e+000 1.38188472664101e+002 2.34013302028225e-004 24867 32
1.70272709888421e+003 1.73710485106532e+006 9.80209428640549e-004 8.78780480361339e-001 1.56763107074190e+000 1.38188570862840e+002 2.34062846093034e-004 24970 33
1.70255293884018e+003 1.73710488904546e+006 9.80109148509929e-004 4.59517197180090e-001 1.56676818094424e+000 1.38214460272365e+002 2.34269129016985e-004 25313 34
1.70258670386365e+003 1.73710062610279e+006 9.80130991307578e-004 7.80785546433912e-001 1.57002798684652e+000 1.55513278430276e+002 2.34333391970638e-004 25891 35
1.70255815887785e+003 1.73709956071372e+006 9.80115159895937e-004 5.74968718527787e-001 1.57031561677908e+000 1.55515557070850e+002 2.34459375382656e-004 26094 36
1.70259613950712e+003 1.73710172635112e+006 9.80135802337049e-004 5.85192419202246e-001 1.56906922040468e+000 1.83639136698163e+002 2.34580567096043e-004 28093 37
1.70268453746953e+003 1.73710426757376e+006 9.80185256556582e-004 7.23075045014801e-001 1.56782282403027e+000 1.83733549886866e+002 2.34656656705196e-004 29044 38
1.70259017043656e+003 1.73710048045541e+006 9.80133069093542e-004 9.40580462050234e-002 1.54289489654225e+000 1.84251565002265e+002 2.41415782488708e-004 30376 39
1.70252964133416e+003 1.73710311623309e+006 9.80096737079124e-004 4.82894375438704e-001 1.56791870067446e+000 1.86964679522243e+002 2.41600732419469e-004 32156 40
1.70261317229948e+003 1.73710269827692e+006 9.80145059220568e-004 6.26758629108554e-001 1.56858983718375e+000 1.86965389225070e+002 2.41704942307423e-004 32402 41
1.70259426316625e+003 1.73710219371623e+006 9.80134458478263e-004 3.15591906491287e-001 1.56705581087680e+000 1.86982189157974e+002 2.42176408733027e-004 33120 42
1.70262662551997e+003 1.73710137953861e+006 9.80153547937319e-004 2.10364085818049e-001 1.56446714148381e+000 1.88867919499730e+002 2.43327168001885e-004 34074 43
1.70252664276256e+003 1.73710144883987e+006 9.80095951654002e-004 2.95663319803461e-001 1.56715168752098e+000 1.89618824450682e+002 2.43871386653838e-004 34938 44
1.70253027870115e+003 1.73709940971761e+006 9.80099195261860e-004 4.49079866939299e-001 1.56993211020234e+000 1.89619280052422e+002 2.44088366124140e-004 35020 45
1.70252335863588e+003 1.73709988608117e+006 9.80094942805265e-004 2.67067476424451e-001 1.56743931745354e+000 1.89619922968210e+002 2.44769075984195e-004 35125 46
1.70252088248610e+003 1.73709982642678e+006 9.80093551013937e-004 2.25531785027619e-001 1.56609704443495e+000 3.12636294682994e+002 2.45756420761345e-004 38282 47
1.70252231501677e+003 1.73710130283365e+006 9.80093542674389e-004 4.60097048860134e-001 1.56887746711631e+000 3.12642331743873e+002 2.45962133464070e-004 38830 48
1.70254667763279e+003 1.73710056113859e+006 9.80107986007876e-004 2.93465987121189e-001 1.56763107074190e+000 3.13810861828377e+002 2.46515357979636e-004 40369 49
1.70255999086497e+003 1.73709934352133e+006 9.80116337064524e-004 6.01702932828761e-001 1.57050737006745e+000 3.13819903535422e+002 2.46629354079730e-004 40575 50
1.70280203232822e+003 1.73710531976856e+006 9.80252301081342e-004 1.24485000152593e-001 1.55190730109561e+000 3.13822497625212e+002 2.50278538059188e-004 40740 51
1.70272805534443e+003 1.73710450459561e+006 9.80210174751080e-004 6.85506759849849e-001 1.56763107074190e+000 3.31583856084022e+002 2.50364104346202e-004 41751 52
1.70253984371953e+003 1.73710267315761e+006 9.80102860282020e-004 4.89333780938139e-001 1.56820633060701e+000 3.88079185686534e+002 2.50543742176932e-004 44421 53
1.70252938712177e+003 1.73709923730659e+006 9.80098779281752e-004 2.63496810815760e-001 1.56772694738609e+000 3.88083642641861e+002 2.51244911407556e-004 44827 54
1.70264482067931e+003 1.73710469431787e+006 9.80162151996323e-004 8.84304330576494e-001 1.56772694738609e+000 3.88380369011509e+002 2.51293777182974e-004 45395 55
1.70270529781476e+003 1.73710275168480e+006 9.80198063039283e-004 5.58793908505509e-001 1.56839808389538e+000 3.88399768676015e+002 2.51427922583524e-004 45762 56
1.70267107403624e+003 1.73710235741362e+006 9.80178583886602e-004 1.25186925870540e-001 1.55382483397931e+000 3.88399791659744e+002 2.55032367570371e-004 45775 57
1.70280929842194e+003 1.73710479483451e+006 9.80256780174508e-004 5.42863246559038e-001 1.56715168752098e+000 3.88404245520490e+002 2.55175325695165e-004 45926 58
1.70256469565181e+003 1.73709981311021e+006 9.80118780522782e-004 7.82616657002472e-001 1.57050737006745e+000 4.02555942793042e+002 2.55239258342005e-004 47268 59
1.70260907153953e+003 1.73710162720398e+006 9.80143302875529e-004 9.14517654957732e-001 1.56954860362560e+000 4.02902531126261e+002 2.55284642862313e-004 48320 60
1.70254988609868e+003 1.73709927071106e+006 9.80110561117080e-004 4.05621509445479e-001 1.56974035691397e+000 4.03569857521147e+002 2.55556076897627e-004 51112 61
1.70262319122002e+003 1.73710315951108e+006 9.80150566570418e-004 5.13534958952605e-001 1.56801457731864e+000 4.03585258097999e+002 2.55717615002772e-004 51329 62
1.70268597915174e+003 1.73710390316021e+006 9.80186292115466e-004 4.78957487716300e-001 1.56743931745354e+000 4.03588673274180e+002 2.55905925668899e-004 51446 63
1.70269595820433e+003 1.73710455759958e+006 9.80191667480398e-004 1.51432844019898e-001 1.55746814645833e+000 4.03810642428518e+002 2.58277342761682e-004 52412 64
1.70257171616869e+003 1.73710171638183e+006 9.80121748155026e-004 7.27866451002533e-002 1.52362369106113e+000 4.03870048802535e+002 2.70149607209556e-004 52642 65
1.70263158311799e+003 1.73710343939634e+006 9.80155239614173e-004 3.19559312723167e-001 1.56638467436750e+000 4.03892464113707e+002 2.70608290812910e-004 53029 66
1.70492291995157e+003 1.73710540720108e+006 9.81473182593887e-004 7.19931638538774e-002 1.52036388515885e+000 4.04021264499622e+002 2.82768397624505e-004 53353 67
1.70253247816354e+003 1.73710062745826e+006 9.80099774361537e-004 2.78328806421094e-002 1.22928239341411e+000 4.04026131107969e+002 3.75594111815857e-004 53665 68
1.70257268993645e+003 1.73710170285199e+006 9.80122316358784e-004 9.93224890896328e-001 1.56954860362560e+000 4.04361390003714e+002 3.75631958309352e-004 54310 69
1.70253673465424e+003 1.73710069370690e+006 9.80102187322619e-004 9.59959715567492e-001 1.57012386349071e+000 4.04368184301493e+002 3.75672750213442e-004 54662 70
1.70269134053546e+003 1.73710475778099e+006 9.80188896271322e-004 3.20047608874783e-001 1.56561766121403e+000 4.05650454056157e+002 3.76129893956321e-004 54934 71
1.70256631775036e+003 1.73710052868456e+006 9.80119310572461e-004 3.78551591540269e-001 1.56878159047212e+000 4.05650520206900e+002 3.76445870354976e-004 54985 72
1.70254029552236e+003 1.73709987830136e+006 9.80104697279010e-004 4.86556596575823e-001 1.56983623355815e+000 4.05761729700634e+002 3.76627772194677e-004 56525 73
1.71001411143362e+003 1.73710538071833e+006 9.84404042524261e-004 4.85549485763115e-002 1.04841110415967e-001 4.05829921534946e+002 3.79658540349824e-004 57319 74
1.70253712105035e+003 1.73710286644921e+006 9.80101183863113e-004 4.52253791924802e-001 1.56791870067446e+000 4.06541923332231e+002 3.79872183030767e-004 58562 75
1.70257541762545e+003 1.73710030942231e+006 9.80124672824326e-004 1.21311075167089e-001 1.55401658726768e+000 4.06543711718445e+002 3.83734861489448e-004 58757 76
1.70254500153425e+003 1.73710503227126e+006 9.80104498431215e-004 5.26596881008332e-001 1.56695993423261e+000 4.06582564301401e+002 3.83887714950559e-004 58935 77
1.70283658631229e+003 1.73710526878982e+006 9.80272221533770e-004 9.63896603289895e-001 1.56743931745354e+000 4.32674027312327e+002 3.83928140995798e-004 61054 78
1.70261750697634e+003 1.73710320834729e+006 9.80147266763591e-004 3.10861537522507e-001 1.56638467436750e+000 4.81913491369478e+002 3.84415533772644e-004 62841 79
1.70265532081829e+003 1.73710285700267e+006 9.80169233324016e-004 4.18958098086489e-001 1.56772694738609e+000 4.81937883719372e+002 3.84668319967218e-004 63773 80
1.70254955714982e+003 1.73709988760479e+006 9.80110023685565e-004 2.88033692434461e-001 1.56791870067446e+000 4.82763820102706e+002 3.85244759362932e-004 64882 81
1.70260951734879e+003 1.73710306287240e+006 9.80142749453525e-004 8.09350871303445e-002 1.53167732917264e+000 4.82845324374659e+002 3.94648426874534e-004 65830 82
1.70256893907040e+003 1.73710330738916e+006 9.80119251771830e-004 9.61973937192908e-001 1.56858983718375e+000 4.83291085385276e+002 3.94689031019013e-004 66409 83
1.70256156606742e+003 1.73710202556112e+006 9.80115730589847e-004 9.88830225531785e-001 1.56935685033723e+000 4.86020450398923e+002 3.94727248532887e-004 68935 84
1.70255565575286e+003 1.73710124482680e+006 9.80112768701816e-004 8.67091891232032e-001 1.56974035691397e+000 4.86043954161252e+002 3.94778274022146e-004 69461 85
1.70261957446349e+003 1.73710169705663e+006 9.80149309690396e-004 5.14633625293741e-001 1.56887746711631e+000 4.86982365458491e+002 3.94939054733355e-004 70144 86
1.70257486495938e+003 1.73710028345777e+006 9.80124369320220e-004 7.71691030610065e-001 1.57021974013489e+000 4.86988961015287e+002 3.95004995657120e-004 70664 87
1.70267208312576e+003 1.73710321644475e+006 9.80178680072701e-004 5.23056733909116e-001 1.56801457731864e+000 4.86989450439681e+002 3.95160134897039e-004 70702 88
1.70256751550149e+003 1.73709931114845e+006 9.80120687050969e-004 3.00363170262764e-001 1.56849396053957e+000 4.88737372054988e+002 3.95685797218134e-004 71885 89
1.70288272657785e+003 1.73710518453123e+006 9.80298830640652e-004 5.92425305948057e-001 1.56705581087680e+000 4.91008048485062e+002 3.95803756938123e-004 74108 90
1.70257827855835e+003 1.73710197824585e+006 9.80125378180775e-004 2.38196966460158e-001 1.56533003128147e+000 6.13190161351734e+002 3.96679273786916e-004 77005 91
1.70260408184917e+003 1.73710454191977e+006 9.80138785863044e-004 3.64329966124455e-001 1.56628879772332e+000 6.15701309247553e+002 3.97023019679107e-004 77439 92
1.70262418176936e+003 1.73710260909091e+006 9.80151447371976e-004 7.94946134830775e-001 1.56887746711631e+000 6.38363722623688e+002 3.97084791008843e-004 77479 93
1.70254889554970e+003 1.73710098150583e+006 9.80109025619140e-004 4.81185338908048e-001 1.56916509704886e+000 6.38367684863920e+002 3.97271189703382e-004 77797 94
1.70252349744350e+003 1.73710059747031e+006 9.80094621338006e-004 1.88940092165899e-001 1.56360425168615e+000 6.38421706017577e+002 3.98728682415758e-004 77934 95
1.70261720002620e+003 1.73710467444674e+006 9.80146262827374e-004 1.66966765343181e-001 1.55928980269784e+000 6.38421751220746e+002 4.00641686377918e-004 77970 96
1.70263871841550e+003 1.73710311999745e+006 9.80159527414289e-004 2.11584826197089e-001 1.56350837504196e+000 6.38845761099871e+002 4.01777882280689e-004 80802 97
1.70266381216285e+003 1.73710221612551e+006 9.80174483161349e-004 4.06201361125523e-001 1.56801457731864e+000 6.39024689432620e+002 4.02048463712537e-004 81563 98
1.70262800039926e+003 1.73710532717442e+006 9.80152111980183e-004 8.68068483535264e-001 1.56734344080935e+000 6.39461165579688e+002 4.02099362721935e-004 83491 99
1.70264205005675e+003 1.73710260553097e+006 9.80161735629815e-004 5.62425611133152e-001 1.56849396053957e+000 6.39466400389905e+002 4.02231609879946e-004 83811 100
1.70253102276749e+003 1.73710023736484e+006 9.80099156628373e-004 5.80462050233467e-001 1.56993211020234e+000 6.46299722724159e+002 4.02354985146246e-004 86911 101
1.70253236038838e+003 1.73710289866174e+006 9.80098425115246e-004 6.38080996124149e-001 1.56849396053957e+000 6.50507661619343e+002 4.02455170159685e-004 89033 102
1.70266188889174e+003 1.73710427178084e+006 9.80172216072992e-004 1.96691793572802e-001 1.56197434873501e+000 6.50507786189631e+002 4.03789256891999e-004 89144 103
1.70277811002236e+003 1.73710451395143e+006 9.80238984450650e-004 3.37504196295053e-001 1.56600116779077e+000 6.50547150271962e+002 4.04195991860823e-004 89600 104
1.70259633633942e+003 1.73710103658116e+006 9.80136304840877e-004 7.39036225470748e-001 1.56974035691397e+000 6.67851770193238e+002 4.04268513206378e-004 92468 105
1.70262303782835e+003 1.73710381795736e+006 9.80150106743208e-004 9.84984893337809e-001 1.56830220725120e+000 6.68199419092811e+002 4.04307059647767e-004 93453 106
1.70255867060807e+003 1.73709995477577e+006 9.80115232144966e-004 5.96026490066225e-002 1.50185969283120e+000 6.68205737403184e+002 4.22711122142758e-004 93606 107
1.70460461544734e+003 1.73710539365689e+006 9.81289951970356e-004 2.53303628650777e-002 4.34177383190405e-001 6.68274375913050e+002 4.73697621768298e-004 95120 108
1.70282666437215e+003 1.73710464428583e+006 9.80266862186471e-004 9.96215704824976e-001 1.56782282403027e+000 6.69622874941128e+002 4.73735218607070e-004 96053 109
1.70721250646518e+003 1.73710534705224e+006 9.82791262319698e-004 2.62459181493576e-002 3.96114355449080e-001 6.89479418302866e+002 5.16986412989966e-004 98351 110
1.70263124908754e+003 1.73710194398795e+006 9.80155891102309e-004 7.87713248084964e-001 1.56926097369304e+000 8.52374559794122e+002 5.17049439063716e-004 98937 111
1.70278274978384e+003 1.73710485224719e+006 9.80241464523479e-004 3.63383892330699e-001 1.56609704443495e+000 8.52397848683246e+002 5.17395156608185e-004 99238 112
1.70253805750749e+003 1.73709980141242e+006 9.80103452299556e-004 1.37760551774651e-001 1.55804340632344e+000 8.52513200021558e+002 5.20315410796128e-004 99380 113
1.70254691989817e+003 1.73709995543835e+006 9.80108467221641e-004 6.94112979522080e-001 1.57031561677908e+000 8.52605747322979e+002 5.20398660803399e-004 100483 114
1.70275833172904e+003 1.73710507345373e+006 9.80227282959334e-004 2.65205847346416e-002 1.18335748084964e+000 8.53303972559080e+002 6.21837079118941e-004 100858 115
1.70266740080004e+003 1.73710248841397e+006 9.80176395393784e-004 7.79442732016968e-002 1.52908865977966e+000 8.53330810806288e+002 6.32051825425256e-004 102010 116
1.70272374711192e+003 1.73710313528136e+006 9.80208467302966e-004 8.17835016937773e-001 1.56858983718375e+000 8.53754857811905e+002 6.32109857098604e-004 104845 117
1.70266840578155e+003 1.73710220550555e+006 9.80177133565960e-004 8.52687154759362e-001 1.56916509704886e+000 8.53875225723394e+002 6.32162798170630e-004 105259 118
1.70259278716831e+003 1.73710057405305e+006 9.80134522660017e-004 4.19171727652821e-001 1.56906922040468e+000 8.53875571197187e+002 6.32415301834971e-004 105341 119
1.70254240114686e+003 1.73709962547666e+006 9.80106052075798e-004 7.68913846247749e-001 1.57060324671163e+000 1.17218699049518e+003 6.32481767872275e-004 106508 120
1.70252739608193e+003 1.73709969577103e+006 9.80097374423939e-004 4.13769951475570e-001 1.56954860362560e+000 1.18773208752978e+003 6.32741580747981e-004 108745 121
1.70259382245925e+003 1.73710351221951e+006 9.80133460831182e-004 7.52525406659139e-001 1.56830220725120e+000 1.18845101912392e+003 6.32811272723605e-004 108949 122
1.70265382503756e+003 1.73710358931334e+006 9.80167959037758e-004 9.17416913357952e-001 1.56839808389538e+000 1.18845583084963e+003 6.32856342210331e-004 109471 123
1.70261061121904e+003 1.73710415721783e+006 9.80142761689493e-004 3.09762871181371e-001 1.56580941450240e+000 1.18847105104463e+003 6.33347544858741e-004 109964 124
1.70422314876477e+003 1.73710533189776e+006 9.81070388018331e-004 2.28888821069979e-002 9.63224705801569e-001 1.18887751862380e+003 7.57718567267303e-004 111495 125
1.70261461477127e+003 1.73710138016822e+006 9.80146633341310e-004 1.70567949461348e-001 1.56159084215827e+000 1.18888030881553e+003 7.59543882803465e-004 111633 126
1.70267165036293e+003 1.73710279693689e+006 9.80178667655459e-004 1.05746635334330e-001 1.54730522217475e+000 1.18888538196929e+003 7.64768138530566e-004 111883 127
1.70254840444911e+003 1.73710285427131e+006 9.80107686254992e-004 3.81206701864681e-001 1.56743931745354e+000 1.19046190472964e+003 7.65079292314969e-004 112335 128
1.70258902508698e+003 1.73710056815165e+006 9.80132360267336e-004 4.69954527420881e-001 1.56935685033723e+000 1.19067489889509e+003 7.65275631688655e-004 112708 129
1.70255359280200e+003 1.73710072896085e+006 9.80111872183629e-004 6.77571947386090e-001 1.56983623355815e+000 1.19075481435677e+003 7.65363418358902e-004 113169 130
1.70270503606608e+003 1.73710352653090e+006 9.80197475135011e-004 1.55461287270730e-001 1.55861866618854e+000 1.19075560797513e+003 7.67601776217893e-004 113350 131
1.70253183425850e+003 1.73710055398282e+006 9.80099445139830e-004 2.83822138126774e-001 1.56743931745354e+000 1.19098629515063e+003 7.68197200386625e-004 113929 132
1.70257797957249e+003 1.73710116814411e+006 9.80125663147016e-004 6.09454634235664e-001 1.56945272698141e+000 1.19100958915129e+003 7.68308030877885e-004 114340 133
1.70252147541613e+003 1.73710101646465e+006 9.80093220913254e-004 5.38407544175543e-001 1.56935685033723e+000 1.19109906681340e+003 7.68453605524326e-004 115240 134
1.70270110270478e+003 1.73710282423358e+006 9.80195607100567e-004 4.16089358195746e-001 1.56772694738609e+000 1.19109997538370e+003 7.68710241838901e-004 115448 135
1.70256094510873e+003 1.73710279870944e+006 9.80114936893329e-004 5.68956572161016e-001 1.56839808389538e+000 1.19193142491791e+003 7.68839172255212e-004 115617 136
1.70258724742770e+003 1.73710114679772e+006 9.80131010428288e-004 9.23215430158391e-001 1.56983623355815e+000 1.19732769774308e+003 7.68883621437363e-004 116723 137
1.70267284197626e+003 1.73710363725123e+006 9.80178879476170e-004 9.81170079653310e-002 1.54327840311899e+000 1.19733105011998e+003 7.75042885028766e-004 116807 138
1.70255596206560e+003 1.73710004332324e+006 9.80113622953521e-004 8.24335459456160e-001 1.57041149342326e+000 1.19781982155979e+003 7.75099914835840e-004 118596 139
1.70261801213815e+003 1.73710325124497e+006 9.80147533365652e-004 7.06930753501999e-001 1.56839808389538e+000 1.20095198275576e+003 7.75179879905567e-004 120652 140
1.70264050477570e+003 1.73710263009569e+006 9.80160832196177e-004 2.25226599932859e-002 9.18354436323130e-001 1.20117565220294e+003 8.99894664345475e-004 121299 141
1.70256559195230e+003 1.73710075184937e+006 9.80118766835805e-004 6.86300241096225e-001 1.56983623355815e+000 1.20773798926725e+003 8.99980013527078e-004 123463 142
1.70266073929711e+003 1.73710470173018e+006 9.80171311684412e-004 8.90499588000122e-001 1.56772694738609e+000 1.21938272300929e+003 9.00028134506534e-004 124659 143
1.70259102198999e+003 1.73710393791555e+006 9.80131608492261e-004 4.44532609027375e-001 1.56724756416517e+000 1.21940539823661e+003 9.00250025659056e-004 125282 144
1.70255087491333e+003 1.73710359682692e+006 9.80108689463925e-004 4.76699118015076e-002 1.46034510589923e+000 1.21957965022102e+003 9.30223607378528e-004 125791 145
1.70284706194537e+003 1.73710477229787e+006 9.80278532218155e-004 4.64980010376293e-001 1.56686405758843e+000 1.22346503247518e+003 9.30424596205027e-004 126824 146
1.70256597131774e+003 1.73710235348957e+006 9.80118081538512e-004 8.41608935819575e-001 1.56906922040468e+000 1.22346858082698e+003 9.30479082503261e-004 127152 147
1.70264911155757e+003 1.73710191896894e+006 9.80166188123563e-004 2.72682882168035e-001 1.56638467436750e+000 1.22346858102716e+003 9.31129330677790e-004 127154 148
1.70271294807427e+003 1.73710375090490e+006 9.80201903235456e-004 5.97857600634785e-002 1.50003803659169e+000 1.22629109757035e+003 9.49407282427486e-004 127669 149
1.70669863017284e+003 1.73710532055373e+006 9.82495454260405e-004 2.84737693411054e-002 3.24590378887295e-001 1.22630231120088e+003 9.79290979392626e-004 128104 150
1.70255718220354e+003 1.73709927808312e+006 9.80114757119296e-004 4.05285805841243e-002 1.42026866863002e+000 1.22638522065462e+003 1.02190148492035e-003 128921 151
1.70254089554602e+003 1.73709988094159e+006 9.80105041205914e-004 4.86922818689535e-001 1.56983623355815e+000 1.22649346217721e+003 1.02208308591132e-003 130163 152
1.70253625625294e+003 1.73709999664547e+006 9.80102305214598e-004 7.94579912717063e-001 1.57041149342326e+000 1.22697382974053e+003 1.02214492000257e-003 131819 153
1.70252036529127e+003 1.73710139716313e+006 9.80092367052009e-004 4.35102389599292e-001 1.56868571382794e+000 1.22710721043918e+003 1.02237753006429e-003 133018 154
