2.13149682389027e+003 1.73710395821452e+006 1.22703983493009e-003 9.35331278420362e-001 1.56858983718375e+000 1.24376327723761e-003 4.31922302921894e-008 117 1
2.13150896872352e+003 1.73710014884493e+006 1.22704951719194e-003 5.31571398052919e-001 1.56964448026978e+000 1.28682495209466e-002 1.92917421099204e-007 494 2
2.13150991913321e+003 1.73710182799785e+006 1.22704887820035e-003 8.85280922879727e-001 1.56954860362560e+000 2.81753222475251e-001 2.41664873521256e-007 1829 3
2.13154473773749e+003 1.73710234266879e+006 1.22706855869082e-003 3.46568193609424e-001 1.56715168752098e+000 2.91615593381408e-001 6.25365637620080e-007 2153 4
2.13146337196847e+003 1.73710011134904e+006 1.22702329493979e-003 8.44721823786126e-001 1.57031561677908e+000 2.91653594062967e-001 6.79411253760905e-007 2209 5
2.13148432336714e+003 1.73709984494613e+006 1.22703554423533e-003 4.12152470473342e-001 1.56906922040468e+000 2.93585880489366e-001 9.41472408593711e-007 2427 6
2.13156146004274e+003 1.73710093393083e+006 1.22707918035133e-003 2.08380382702109e-001 1.56331662175359e+000 6.82320209441649e-001 2.11646064058083e-006 3288 7
2.13164090767235e+003 1.73710279085473e+006 1.22712360427375e-003 7.71477401043733e-001 1.56897334376049e+000 1.45552389152578e+001 2.18244164364896e-006 4519 8
2.13151595982111e+003 1.73710354767952e+006 1.22705114090223e-003 7.50999481185339e-001 1.56858983718375e+000 1.46878349313896e+001 2.25244557591439e-006 5397 9
2.13151612588459e+003 1.73710043885294e+006 1.22705343250755e-003 1.49937437055574e-001 1.55698876323740e+000 1.47810485073733e+001 4.67619161139329e-006 6412 10
2.13167628053744e+003 1.73710282523050e+006 1.22714394309770e-003 7.83867915890988e-001 1.56897334376049e+000 1.51222334336525e+001 4.73989985282522e-006 7692 11
2.13148728279245e+003 1.73710032938138e+006 1.22703690570083e-003 6.56361583300272e-001 1.56993211020234e+000 4.49835646555100e+001 4.83404882725293e-006 11130 12
2.13148248489346e+003 1.73710252865467e+006 1.22703259019359e-003 7.51915036469619e-001 1.56906922040468e+000 4.55000128975932e+001 4.90386543658213e-006 12140 13
2.13162923580197e+003 1.73710226636552e+006 1.22711725563178e-003 6.78640095217749e-001 1.56906922040468e+000 4.62568748088683e+001 4.99134832504549e-006 13745 14
2.13152639561673e+003 1.73710395428594e+006 1.22705686125853e-003 1.50578325754570e-001 1.55545473693045e+000 4.62739338021472e+001 7.39240362657067e-006 14549 15
2.13154640978877e+003 1.73710309474794e+006 1.22706898998186e-003 9.07681508835108e-001 1.56897334376049e+000 4.79604758894334e+001 7.43854348938452e-006 17834 16
2.13147825476659e+003 1.73710000135757e+006 1.22703194023232e-003 3.72295297097690e-001 1.56858983718375e+000 4.79797827334143e+001 7.76631939570045e-006 18089 17
2.13151261561307e+003 1.73710024288982e+006 1.22705155016986e-003 1.68126468703269e-001 1.55986506256294e+000 4.80102613799506e+001 9.65042545286826e-006 18458 18
2.13150783067818e+003 1.73710122076430e+006 1.22704810487329e-003 1.94799645985290e-001 1.56216610202338e+000 4.85949468332193e+001 1.10131891686131e-005 20159 19
2.13167380232023e+003 1.73710477324488e+006 1.22714114032771e-003 2.41554002502518e-001 1.56331662175359e+000 1.13105775244708e+002 1.18621491565297e-005 22273 20
2.13148256314909e+003 1.73710055305697e+006 1.22703403074107e-003 2.74544511246071e-001 1.56648055101169e+000 1.13105864993384e+002 1.25027368123671e-005 22334 21
2.13150798552286e+003 1.73709910856549e+006 1.22704968602164e-003 5.07614368114261e-001 1.57002798684652e+000 1.13429073627969e+002 1.26684495805940e-005 23350 22
2.13146469624655e+003 1.73710155352137e+006 1.22702303859255e-003 9.66765343180639e-001 1.56974035691397e+000 1.13904473733026e+002 1.27086123906223e-005 25916 23
2.13178767734385e+003 1.73710456086085e+006 1.22720684476463e-003 7.48069704275643e-001 1.56811045396283e+000 1.14030569620733e+002 1.27792208248619e-005 26414 24
2.13150636197384e+003 1.73710019544741e+006 1.22704798364238e-003 8.86532181768243e-001 1.57031561677908e+000 1.14031224234585e+002 1.28278170720371e-005 26525 25
2.13615126906810e+003 1.73710477757005e+006 1.22971867896637e-003 1.86895352031007e-001 8.77271294289987e-003 1.14034152982726e+002 1.28409131828352e-005 26776 26
2.13147706295565e+003 1.73709905165999e+006 1.22703192497640e-003 5.19119846186712e-002 1.45679767006439e+000 1.14213267663766e+002 3.76787512009918e-005 27972 27
2.13156010084590e+003 1.73710210318338e+006 1.22707757194914e-003 8.21741386150700e-001 1.56935685033723e+000 1.14455227349712e+002 3.77361777729110e-005 29059 28
2.13149578364815e+003 1.73709932551586e+006 1.22704250850175e-003 3.78032776879177e-001 1.56897334376049e+000 1.17638006318925e+002 3.80531090996166e-005 31426 29
2.13146032392072e+003 1.73709923194341e+006 1.22702216144493e-003 4.49842829676199e-002 1.41767999923704e+000 1.18787970770419e+002 7.19130331139954e-005 33704 30
2.13149453193661e+003 1.73710379276398e+006 1.22703863239054e-003 6.54042176580096e-001 1.56830220725120e+000 1.18975194699289e+002 7.20079179218234e-005 35033 31
2.13153051438932e+003 1.73710102826580e+006 1.22706129920183e-003 7.09555345316935e-002 1.50943394772179e+000 1.19110273623599e+002 8.45550000271968e-005 36035 32
2.13161505411840e+003 1.73710255609222e+006 1.22710888698915e-003 1.73863948484756e-001 1.55948155598621e+000 1.26173620997191e+002 8.63050155845990e-005 37383 33
2.13146082145085e+003 1.73709960470552e+006 1.22702218455383e-003 8.98709067049165e-001 1.57060324671163e+000 1.26189235846680e+002 8.63521750219659e-005 37817 34
2.13149903160234e+003 1.73710056163586e+006 1.22704350509289e-003 5.86657307657094e-001 1.56964448026978e+000 1.26301362240126e+002 8.64727020755294e-005 37926 35
2.13149194739398e+003 1.73709942734863e+006 1.22704022814788e-003 7.40470595416120e-001 1.57050737006745e+000 1.26303130106033e+002 8.65449147581385e-005 38146 36
2.13184636046011e+003 1.73710484947903e+006 1.22724042295310e-003 3.77513962218085e-002 1.34663540589618e+000 1.26308547437066e+002 1.35666705636148e-004 38481 37
2.13146083026137e+003 1.73710293941181e+006 1.22701983412089e-003 7.52586443678091e-001 1.56887746711631e+000 1.26411274492487e+002 1.35736385265920e-004 40232 38
2.13148242420406e+003 1.73710157152918e+006 1.22703323133841e-003 9.79491561632130e-001 1.56974035691397e+000 1.26637913159123e+002 1.35775409008199e-004 43685 39
2.13147621160771e+003 1.73710279523186e+006 1.22702879054805e-003 3.14035462508011e-001 1.56638467436750e+000 1.29055942266053e+002 1.36252030193353e-004 45748 40
2.13148583997885e+003 1.73710290611681e+006 1.22703425498987e-003 3.11838129825739e-001 1.56628879772332e+000 1.30417236255054e+002 1.36736071031920e-004 46223 41
2.13162627154379e+003 1.73710264635440e+006 1.22711528076623e-003 1.54820398571734e-001 1.55679700994903e+000 1.30423312213927e+002 1.38994810485556e-004 46561 42
2.13154212725392e+003 1.73710453373528e+006 1.22706550817449e-003 4.63728751487777e-001 1.56724756416517e+000 1.37862430484010e+002 1.39196994636494e-004 47529 43
2.13148241291124e+003 1.73710060986506e+006 1.22703390412606e-003 7.96258430738243e-001 1.57002798684652e+000 1.37862598538821e+002 1.39258542314102e-004 47566 44
2.13173890213919e+003 1.73710359127300e+006 1.22717945132201e-003 1.35227515488144e-001 1.55238668431654e+000 1.38319948940610e+002 1.42300225270768e-004 48276 45
2.13153206505406e+003 1.73710142384472e+006 1.22706191244369e-003 2.60353404339732e-001 1.56561766121403e+000 1.44231481734915e+002 1.43020147688113e-004 49383 46
2.13147207425162e+003 1.73710430558462e+006 1.22702534193860e-003 3.31919309060945e-001 1.56600116779077e+000 1.51390617200725e+002 1.43442091053417e-004 51739 47
2.13157052059761e+003 1.73710285403624e+006 1.22708303989379e-003 6.72627948850978e-001 1.56878159047212e+000 4.73811730989299e+002 1.43531303410320e-004 53086 48
2.13146860813528e+003 1.73710021555114e+006 1.22702623564558e-003 4.30921353801080e-002 1.40291499603259e+000 4.74540254754467e+002 1.80659682137386e-004 53393 49
2.13149797397227e+003 1.73710027773626e+006 1.22704309678505e-003 3.33597827082125e-001 1.56791870067446e+000 4.79532902324561e+002 1.81076971993300e-004 56186 50
2.13148598164720e+003 1.73710292553626e+006 1.22703432282685e-003 9.28586687826167e-001 1.56906922040468e+000 4.79774310621586e+002 1.81120857452740e-004 57692 51
2.13154293480481e+003 1.73710051286199e+006 1.22706881334861e-003 9.53947569200720e-001 1.57021974013489e+000 4.87027362544833e+002 1.81162217088913e-004 58740 52
2.13164658586963e+003 1.73710296479779e+006 1.22712675016631e-003 4.15112765892514e-001 1.56763107074190e+000 4.87232596098652e+002 1.81420183476616e-004 59426 53
2.13147631820890e+003 1.73709947299730e+006 1.22703119862799e-003 6.95486312448500e-001 1.57041149342326e+000 5.54747845456603e+002 1.81503072260974e-004 60064 54
2.13177439923614e+003 1.73710425034740e+006 1.22719942032602e-003 9.95483260597552e-001 1.56849396053957e+000 5.54748050574945e+002 1.81540730050853e-004 60103 55
2.13150148650450e+003 1.73710310997950e+006 1.22704311822645e-003 1.13925595873898e-001 1.54577119586779e+000 5.78321633609042e+002 1.85975058019350e-004 60197 56
2.13151079737540e+003 1.73710099852229e+006 1.22704996970102e-003 6.68874172185430e-001 1.56964448026978e+000 5.87629523366143e+002 1.86065375677474e-004 60912 57
2.13494110689238e+003 1.73710480834714e+006 1.22902200356254e-003 4.53505050813318e-002 1.51245406201361e-001 5.87877301495245e+002 1.91136160482910e-004 60930 58
2.13146288480566e+003 1.73709898179630e+006 1.22702381236802e-003 4.46485793633839e-001 1.56974035691397e+000 5.87957558019770e+002 1.91355923006409e-004 62290 59
2.13156195860807e+003 1.73710178081355e+006 1.22707886912804e-003 9.83031708731345e-001 1.56964448026978e+000 5.91268216167064e+002 1.91394638236765e-004 64848 60
2.13148955107425e+003 1.73709958676876e+006 1.22703873604526e-003 3.31400494399854e-001 1.56820633060701e+000 5.91294116922840e+002 1.91818039650179e-004 65153 61
2.13168833993639e+003 1.73710323111261e+006 1.22715059860631e-003 6.65334025086215e-001 1.56858983718375e+000 5.91329063384556e+002 1.91909417771078e-004 66553 62
2.13163786052023e+003 1.73710335607024e+006 1.22712145084049e-003 2.95724356822413e-002 1.18172757789850e+000 6.84841799114986e+002 2.71680253655042e-004 69771 63
2.13179015846710e+003 1.73710460746015e+006 1.22720824015129e-003 8.44569231238746e-001 1.56820633060701e+000 6.85051266238203e+002 2.71734320580737e-004 71641 64
2.13154654156852e+003 1.73710098863267e+006 1.22707055357875e-003 3.30607013153478e-001 1.56753519409772e+000 9.41783941004636e+002 2.72159960006595e-004 72648 65
2.13160094725500e+003 1.73710285299489e+006 1.22710055635192e-003 7.25791192358165e-001 1.56887746711631e+000 9.41811739096114e+002 2.72235424762032e-004 73332 66
2.13481123311906e+003 1.73710490575563e+006 1.22894717026158e-003 2.47810296945097e-002 7.69745637836848e-001 9.41813151027272e+002 3.60756727068719e-004 73369 67
2.13176089405837e+003 1.73710452502378e+006 1.22719145175558e-003 1.16550187688833e-001 1.54615470244453e+000 9.41817361372972e+002 3.64974374545431e-004 73611 68
2.13159711117556e+003 1.73710253841502e+006 1.22709857025562e-003 8.33246864223151e-001 1.56916509704886e+000 9.41935023215950e+002 3.65030071058059e-004 75151 69
2.13156940471016e+003 1.73710110250152e+006 1.22708363478756e-003 8.30896938993500e-001 1.56983623355815e+000 9.42812255054403e+002 3.65086114750934e-004 77785 70
2.13148568332973e+003 1.73710284344774e+006 1.22703420907902e-003 2.57484664448988e-001 1.56485064806055e+000 9.42821692754117e+002 3.65823798147233e-004 77902 71
2.13147228458130e+003 1.73709930612474e+006 1.22702899445700e-003 2.89925840021973e-002 1.16389452208014e+000 9.56970335105208e+002 4.48524338738832e-004 79994 72
2.13165914342756e+003 1.73710312033217e+006 1.22713386930546e-003 3.27433088167974e-001 1.56648055101169e+000 9.57703656709085e+002 4.48959106175543e-004 80454 73
2.13156178515422e+003 1.73710309008325e+006 1.22707784441674e-003 6.35608996856594e-001 1.56858983718375e+000 9.72832310822886e+002 4.49060150414753e-004 80796 74
2.13161225827927e+003 1.73710201215936e+006 1.22710766174691e-003 1.41117587817011e-001 1.55449597048860e+000 1.04365661264608e+003 4.51829606469021e-004 82555 75
2.13156594758460e+003 1.73710210925137e+006 1.22708093345794e-003 8.24335459456160e-001 1.56935685033723e+000 1.04369095400335e+003 4.51886636221232e-004 82673 76
2.13146392468774e+003 1.73710335853584e+006 1.22702131943764e-003 6.48640400402844e-001 1.56849396053957e+000 1.04369869635988e+003 4.51983268173599e-004 83030 77
2.13452988665402e+003 1.73710490496178e+006 1.22878520821555e-003 3.48826563310648e-002 1.30464143574328e+000 1.04375468633753e+003 5.09822457959219e-004 84339 78
2.13147025716725e+003 1.73709945285480e+006 1.22702772368759e-003 5.73625904110843e-001 1.57012386349071e+000 1.04392832385112e+003 5.09949091087273e-004 85458 79
2.13150959805193e+003 1.73710009972190e+006 1.22704991417758e-003 9.51017792291025e-001 1.57041149342326e+000 1.04487705162353e+003 5.09990731559855e-004 86369 80
2.13148057272983e+003 1.73710133545647e+006 1.22703233225288e-003 7.62901699880978e-001 1.56964448026978e+000 1.04488243055593e+003 5.10058355352562e-004 86798 81
2.13146622305176e+003 1.73709875046178e+006 1.22702589750783e-003 6.68843653675954e-001 1.57069912335582e+000 1.04495902199421e+003 5.10148682136811e-004 88121 82
2.13147383169880e+003 1.73710132544564e+006 1.22702845870953e-003 7.59514145329142e-001 1.56964448026978e+000 1.04506242386133e+003 5.10216971254212e-004 88899 83
2.13146636756094e+003 1.73710440339027e+006 1.22702198768312e-003 6.53523361919004e-001 1.56801457731864e+000 1.04546150966045e+003 5.10312021787166e-004 90105 84
2.13155529255377e+003 1.73710391242929e+006 1.22707352592306e-003 2.72743919186987e-001 1.56485064806055e+000 1.04670537651393e+003 5.10961944701402e-004 92926 85
2.13153902194782e+003 1.73710386863635e+006 1.22706419035906e-003 4.75844599749748e-001 1.56763107074190e+000 1.04673383796724e+003 5.11152976295601e-004 93254 86
2.13152151006263e+003 1.73710146123459e+006 1.22705580983229e-003 4.34858241523484e-001 1.56849396053957e+000 1.04681618434122e+003 5.11385873669569e-004 93347 87
2.13154906521760e+003 1.73710208211341e+006 1.22707123394672e-003 6.83523056733909e-001 1.56916509704886e+000 1.04954774419504e+003 5.11471987547124e-004 94850 88
2.13146327145262e+003 1.73709945992525e+006 1.22702369721708e-003 4.66444898831141e-001 1.56964448026978e+000 1.05111488880524e+003 5.11671591731375e-004 95429 89
2.13152407256384e+003 1.73710208594744e+006 1.22705684370393e-003 8.14508499404889e-001 1.56935685033723e+000 1.05452968255044e+003 5.11730146177779e-004 95877 90
2.13146773347002e+003 1.73709933864805e+006 1.22702635153882e-003 1.64922025208289e-001 1.55986506256294e+000 1.05905580041472e+003 5.13695730575738e-004 97996 91
2.13151023753021e+003 1.73709932048077e+006 1.22705083274574e-003 3.41532639545885e-001 1.56849396053957e+000 1.08313337321476e+003 5.14091989148789e-004 100900 92
2.13351021617233e+003 1.73710490257764e+006 1.22819821659995e-003 2.62001403851436e-001 4.45826395458846e-003 1.08319458931358e+003 5.14095154537674e-004 102076 93
2.13148430182806e+003 1.73709876697540e+006 1.22703629328198e-003 2.85775322733238e-001 1.56763107074190e+000 1.08328548475240e+003 5.14681662788963e-004 102634 94
2.13149737022412e+003 1.73709950861623e+006 1.22704329251089e-003 3.08908352916044e-001 1.56782282403027e+000 1.08329026564398e+003 5.15175863698658e-004 103226 95
2.13839798851129e+003 1.73710485345132e+006 1.23101199337117e-003 3.04269539475692e-002 1.20598436887722e+000 1.08329026670616e+003 5.90823900437738e-004 103235 96
2.13150204112499e+003 1.73710174462932e+006 1.22704440195179e-003 7.63054292428358e-001 1.56945272698141e+000 1.08352077234519e+003 5.90891494466944e-004 104472 97
2.13177965236338e+003 1.73710420400566e+006 1.22720247713160e-003 7.03451643421735e-001 1.56820633060701e+000 1.08352192762373e+003 5.90972332156243e-004 104624 98
2.13155652856088e+003 1.73710113774296e+006 1.22707619746928e-003 5.52507095553453e-001 1.56926097369304e+000 1.08352465155287e+003 5.91109858814744e-004 104855 99
2.13152745687579e+003 1.73710362959367e+006 1.22705770154975e-003 5.10147404400769e-001 1.56791870067446e+000 1.08357757544480e+003 5.91273766152890e-004 105199 100
2.13177938034362e+003 1.73710485017442e+006 1.22720186404342e-003 9.85534226508377e-001 1.56820633060701e+000 1.08383896260522e+003 5.91312265332284e-004 107178 101
2.13151390652290e+003 1.73709970022057e+006 1.22705267663967e-003 1.21951963866085e-001 1.55037327478866e+000 1.09265274312593e+003 5.95130167181401e-004 109982 102
2.13148355350313e+003 1.73710051542362e+006 1.22703462744224e-003 8.42585528122807e-001 1.57012386349071e+000 1.09323424061720e+003 5.95184514710776e-004 110841 103
2.13150593307947e+003 1.73710029795383e+006 1.22704766433215e-003 6.97439497054964e-001 1.57002798684652e+000 1.09386815945003e+003 5.95266893647394e-004 111699 104
2.13146700987623e+003 1.73710252176185e+006 1.22702368655316e-003 1.41331217383343e-001 1.55430421720023e+000 1.09387804673508e+003 5.98027139781618e-004 111823 105
2.13147322885847e+003 1.73710361700362e+006 1.22702649299867e-003 8.59706411938841e-001 1.56868571382794e+000 1.09387949644133e+003 5.98079134515805e-004 112063 106
2.13165940507194e+003 1.73710473492003e+006 1.22713287934242e-003 3.38419751579333e-001 1.56590529114658e+000 1.15656159911740e+003 5.98483452402577e-004 112498 107
2.13152682994416e+003 1.73710163111546e+006 1.22705875233163e-003 2.57667775505844e-001 1.56542590792566e+000 1.15657400902519e+003 5.99219985375035e-004 113076 108
2.13166347653381e+003 1.73710419103130e+006 1.22713560737614e-003 5.50920133060701e-001 1.56782282403027e+000 1.19684926958641e+003 5.99358384631958e-004 115591 109
2.13153040571066e+003 1.73710084325516e+006 1.22706136732722e-003 9.05697805719169e-001 1.57002798684652e+000 1.19686875795432e+003 5.99404747177406e-004 115720 110
2.13152452514564e+003 1.73710288956387e+006 1.22705653658284e-003 2.69600512710959e-001 1.56523415463729e+000 1.19717430680719e+003 6.00071459383285e-004 117525 111
2.13146208948447e+003 1.73709999539910e+006 1.22702263855332e-003 2.06152531510361e-001 1.56360425168615e+000 1.19717566190234e+003 6.01274566742625e-004 117588 112
2.13175357753000e+003 1.73710483807656e+006 1.22718701869402e-003 9.76805932798242e-001 1.56820633060701e+000 1.19724722897409e+003 6.01313826806575e-004 118232 113
2.13151353455113e+003 1.73710396829664e+006 1.22704944763310e-003 9.41709646900845e-001 1.56858983718375e+000 1.19978862560334e+003 6.01356378044041e-004 119847 114
2.13147328934034e+003 1.73709968143366e+006 1.22702930776261e-003 3.60240485854671e-001 1.56858983718375e+000 1.19981146425378e+003 6.01708770087419e-004 120133 115
2.13164666596151e+003 1.73710391764997e+006 1.22712612315866e-003 3.02529984435560e-001 1.56561766121403e+000 1.19982371664382e+003 6.02226179512821e-004 120400 116
2.13149318124253e+003 1.73709941612025e+006 1.22704094637065e-003 5.18295846430860e-001 1.56993211020234e+000 1.19986623060654e+003 6.02384471718130e-004 120705 117
2.13151817946932e+003 1.73710294952762e+006 1.22705284120854e-003 3.17392498550371e-002 1.24308863017670e+000 1.19988424549367e+003 6.72250868011477e-004 121672 118
2.13233434530368e+003 1.73710485790193e+006 1.22752133505193e-003 3.04269539475692e-002 1.20723076525162e+000 1.19997074038203e+003 7.47934854974218e-004 121779 119
2.13201960056074e+003 1.73710482956649e+006 1.22734016608558e-003 2.61909848323008e-001 4.45826395458846e-003 1.19999572793864e+003 7.47938022797960e-004 122463 120
