5.69594902665537e+004 1.73620756742318e+006 3.27950813967550e-002 6.99042359947611e-001 1.56974035691397e+000 9.72307230714529e-004 1.20984902364783e-011 1009 1
5.69600255855574e+004 1.73619691578355e+006 3.27955904487050e-002 4.86407337983260e-001 1.55209905438398e+000 6.81852396241171e-003 2.32124048892782e-009 7628 2
5.69576757512011e+004 1.73618230624487e+006 3.27945142235958e-002 6.38523386282520e-001 1.56686405758843e+000 7.30479006505278e-003 2.43490666674180e-009 8139 3
5.69660088660620e+004 1.73617417709609e+006 6.25038053779649e+000 8.21015866290973e-001 -1.56667230430006e+000 9.51736347272727e-003 2.50529830994118e-009 10439 4
5.69650445790874e+004 1.73620199060489e+006 6.25038161766163e+000 8.95188154304661e-001 -1.56523415463729e+000 1.14649834646893e-002 2.59784184278248e-009 12796 5
5.69576611493876e+004 1.73617801080884e+006 3.27945869002705e-002 4.36384166997284e-001 1.54404541627247e+000 1.52461459872871e-002 7.68436726779429e-009 17429 6
5.69581921391329e+004 1.73620007798448e+006 3.27944758841087e-002 5.40494343432737e-001 1.55861866618854e+000 1.65567976565833e-002 8.62906373461984e-009 18916 7
5.69571923141242e+004 1.73617454373772e+006 3.27943825938761e-002 6.53667747808374e-001 1.56791870067446e+000 1.73197935641826e-002 8.69556460395800e-009 19707 8
5.69657961702543e+004 1.73616734086549e+006 6.25038053111692e+000 8.85510965762079e-001 -1.56485064806055e+000 1.85609750131281e-002 8.80066740790531e-009 21052 9
5.69588659136103e+004 1.73619437268043e+006 3.27949712309676e-002 1.80771902864970e-001 1.32602192739647e+000 2.01732017360396e-002 9.05479614241307e-007 22719 10
5.69657694530323e+004 1.73617400707471e+006 6.25038067233539e+000 8.78348092067419e-001 -1.56513827799310e+000 3.16269745579359e-002 9.05578696557536e-007 34769 11
5.69583683556537e+004 1.73618482569968e+006 3.27948651624777e-002 1.49810746772539e-001 1.18259046769616e+000 3.95958581574728e-002 3.18192742285676e-006 43035 12
5.69637540248995e+004 1.73621544032841e+006 6.25038261406985e+000 9.23634995549170e-001 -1.56485064806055e+000 4.19489990643869e-002 3.18202321726159e-006 45419 13
5.69568684300583e+004 1.73616622400056e+006 3.27943532817065e-002 6.57760818491037e-001 1.56830220725120e+000 4.70819482564797e-002 3.18207575307664e-006 50975 14
5.69624384037574e+004 1.73621178620231e+006 3.27966979687753e-002 1.37005282779636e-001 1.06571683843501e+000 4.83715799358371e-002 6.58646990599113e-006 52539 15
5.69641575001478e+004 1.73620238757749e+006 6.25038213553660e+000 8.99719768274753e-001 -1.56513827799310e+000 4.86828645575804e-002 6.58656388412770e-006 52990 16
5.69570002447510e+004 1.73616961608438e+006 3.27943650959475e-002 1.35221873410761e-001 5.43380880916776e-001 5.04365335110420e-002 8.79542454128481e-006 54912 17
5.69582595555298e+004 1.73619846973341e+006 3.27945450281978e-002 6.36944630447778e-001 1.56648055101169e+000 5.12947089402923e-002 8.79555657493005e-006 55834 18
5.69574346535247e+004 1.73617289533474e+006 3.27945531405258e-002 2.41261640310899e-001 1.44510071947386e+000 5.75019980105973e-002 8.98694804356628e-006 62208 19
5.69634075105365e+004 1.73621286785017e+006 6.25038276487607e+000 8.70892856181139e-001 -1.56600116779077e+000 5.98367543831009e-002 8.98702615703408e-006 64527 20
5.69571096182302e+004 1.73617051357002e+006 3.27944110848172e-002 6.99451667015877e-001 1.57041149342326e+000 6.24909957490579e-002 8.98702867597724e-006 67428 21
5.69658138143629e+004 1.73617423019926e+006 6.25038065102386e+000 7.26582878398101e-001 -1.57002798684652e+000 6.27931472415749e-002 8.98703545736993e-006 67730 22
5.69580987975453e+004 1.73618035099301e+006 3.27947945326633e-002 3.15433928324588e-001 1.50454423886837e+000 6.88152189846468e-002 9.02831418768351e-006 74457 23
5.69596770439207e+004 1.73620347494905e+006 3.27952661063067e-002 1.29959353961623e-001 6.37531745506149e-001 6.94748322731637e-002 1.20997839330975e-005 75174 24
5.69651733641669e+004 1.73619699119561e+006 6.25038144918907e+000 8.21571354455048e-001 -1.56705581087680e+000 7.35272953616455e-002 1.20998443446169e-005 79447 25
5.69658195885688e+004 1.73616596705983e+006 6.25038049170772e+000 8.03708024547140e-001 -1.56705581087680e+000 7.53681969383798e-002 1.20999077495610e-005 81643 26
5.69582857943713e+004 1.73618878412951e+006 3.27947429432603e-002 1.26860314730464e-001 7.76936386150700e-001 7.90757427716385e-002 1.61437842031199e-005 86190 27
5.69600190462191e+004 1.73619888128617e+006 3.27955495859230e-002 4.07791144656966e-001 1.53742992782373e+000 7.98354459406542e-002 1.61520683937674e-005 87082 28
5.69581341858245e+004 1.73620030078864e+006 3.27944383351511e-002 4.92313054253960e-001 1.55286606753746e+000 8.37097917514855e-002 1.61541764479458e-005 90776 29
5.69604959348136e+004 1.73620384572944e+006 3.27957302564884e-002 4.56557158218981e-001 1.54730522217475e+000 8.77824664233008e-002 1.61579482120877e-005 95036 30
5.69575332052927e+004 1.73617877892840e+006 3.27944987880029e-002 4.90266518912628e-001 1.55296194418165e+000 9.15648353878345e-002 1.61600581626994e-005 99076 31
5.69579684037606e+004 1.73618381433606e+006 3.27946541375044e-002 2.58130938767304e-001 1.46322140522477e+000 9.19957500195515e-002 1.62916989441416e-005 99538 32
5.69652370126164e+004 1.73620186419454e+006 6.25038150455861e+000 9.35534136748055e-001 -1.56437126483963e+000 9.49828365933880e-002 1.62918039703534e-005 102853 33
5.69572922841415e+004 1.73617611841806e+006 3.27944103899553e-002 5.14386399721179e-001 1.55612587343974e+000 9.70288058489355e-002 1.62932085179646e-005 105376 34
5.69581865260912e+004 1.73619588202550e+006 3.27945518540096e-002 2.21234830185011e-001 1.41691298608356e+000 9.79948682522101e-002 1.66019366068490e-005 106355 35
5.69580621245619e+004 1.73617818605641e+006 3.27948142968791e-002 6.31389748807021e-001 1.56648055101169e+000 9.91587608839623e-002 1.66020712095433e-005 107576 36
5.69662260456241e+004 1.73619034880196e+006 6.25038071813208e+000 9.39861097184014e-001 -1.56408363490707e+000 1.05250386664995e-001 1.66021824745231e-005 114201 37
5.69661806740186e+004 1.73617836054284e+006 6.25038051792135e+000 8.17039740484957e-001 -1.56686405758843e+000 1.08910650947914e-001 1.66022485568362e-005 118270 38
5.69611131765931e+004 1.73620218567049e+006 3.27961167218150e-002 1.33964715986801e-001 1.02458575807978e+000 1.16104591623175e-001 2.03264240179689e-005 126560 39
5.69660225082735e+004 1.73617368500881e+006 6.25038052065755e+000 9.20740609852144e-001 -1.56417951155126e+000 1.16696650722036e-001 2.03265378636072e-005 127113 40
5.69591356870736e+004 1.73619491125007e+006 3.27951162801817e-002 4.33548253738582e-001 1.54318252647481e+000 1.17856819428064e-001 2.03319555036921e-005 128195 41
5.69575454748316e+004 1.73617589473831e+006 3.27945602875978e-002 4.69245677335237e-001 1.54989389156774e+000 1.22893522703580e-001 2.03349226872586e-005 133829 42
5.69587309544617e+004 1.73621580684968e+006 3.27944890080060e-002 3.51569895208671e-001 1.52007625522629e+000 1.25487948407718e-001 2.03566513548574e-005 136717 43
5.69657297174338e+004 1.73617266662491e+006 6.25038066989240e+000 7.81020718477521e-001 -1.56791870067446e+000 1.34595619879565e-001 2.03566963075001e-005 146472 44
5.69579815700371e+004 1.73619331665282e+006 3.27944823538188e-002 1.26977259607111e-001 8.27559254280221e-001 1.38110554559685e-001 2.45757020260028e-005 150190 45
5.69654683777676e+004 1.73618402442554e+006 6.25038103466926e+000 8.26921582561672e-001 -1.56667230430006e+000 1.46968648022036e-001 2.45757713163908e-005 159612 46
5.69591466180133e+004 1.73618892082142e+006 3.27952356422838e-002 2.22433515170648e-001 1.41892639561144e+000 1.49853241509923e-001 2.48752640227386e-005 162663 47
5.69596023236030e+004 1.73621074721201e+006 3.27950858489190e-002 6.18467339937470e-001 1.56504240134892e+000 1.53441255989583e-001 2.48754840504240e-005 166784 48
5.69594974003124e+004 1.73621233544560e+006 3.27949955031702e-002 4.14895545913302e-001 1.53886807748650e+000 1.55398959026869e-001 2.48829393299441e-005 169024 49
5.69581349128609e+004 1.73620580355936e+006 3.27943348885084e-002 5.63181649502356e-001 1.56072795236061e+000 1.61143488163901e-001 2.48835824159079e-005 175151 50
5.69576992633416e+004 1.73618219634267e+006 3.27945298259146e-002 5.30349375383565e-001 1.55785165303507e+000 1.61696167995115e-001 2.48846648218903e-005 175889 51
5.69586026368309e+004 1.73620459875210e+006 3.27946267340972e-002 6.04872498027196e-001 1.56417951155126e+000 1.62485949897098e-001 2.48849517400307e-005 176745 52
5.69583758934690e+004 1.73618147299166e+006 3.27949327835769e-002 4.95529038361766e-001 1.55363308069094e+000 1.66558738031600e-001 2.48868943518819e-005 181583 53
5.69581548125257e+004 1.73618033836081e+006 3.27948269997579e-002 2.21059412870040e-001 1.41691298608356e+000 1.73189514399531e-001 2.51961616645127e-005 188302 54
5.69624263926804e+004 1.73621375650803e+006 3.27966538662815e-002 1.46828652418028e-001 1.16015533295694e+000 1.78639403888989e-001 2.77008721942717e-005 194382 55
5.69588094154744e+004 1.73619151449115e+006 3.27949926742520e-002 5.05703242630101e-001 1.55478360042116e+000 1.86748984437490e-001 2.77025413057307e-005 203378 56
5.69641025085315e+004 1.73621119949501e+006 6.25038233351790e+000 9.53865246162554e-001 -1.56417951155126e+000 1.88333365117619e-001 2.77026466344967e-005 205037 57
5.69610746563362e+004 1.73620182193141e+006 3.27961014251126e-002 4.43050024966192e-001 1.54490830607013e+000 2.05686832238785e-001 2.77073247849790e-005 224377 58
5.69656712030806e+004 1.73618458110271e+006 6.25038092848132e+000 8.70249659359578e-001 -1.56552178456984e+000 2.06191765550012e-001 2.77074154820928e-005 224970 59
5.69671372536522e+004 1.73621338782445e+006 3.27993712040357e-002 1.34724857685009e-001 5.50955135807367e-001 2.06697971784075e-001 2.99852218890747e-005 225576 60
5.69578464139762e+004 1.73619181063978e+006 3.27944330175412e-002 1.47501085458751e-001 4.20946406292917e-001 2.12839624221503e-001 3.11394119310302e-005 231862 61
5.69604411554358e+004 1.73619590060963e+006 3.27958487101312e-002 2.68275906816476e-001 1.47232968642231e+000 2.15204438864788e-001 3.12456555244544e-005 234333 62
5.69583700150607e+004 1.73618184254040e+006 3.27949224259484e-002 3.67766760624352e-001 1.52640411374248e+000 2.19600982376557e-001 3.12617297869840e-005 239027 63
5.69569690594012e+004 1.73616794037873e+006 3.27943787826924e-002 1.44168156474297e-001 1.13963773110141e+000 2.20800307938589e-001 3.39801958516979e-005 240316 64
5.69620478415561e+004 1.73621411552526e+006 3.27964292913200e-002 5.03568998631283e-001 1.55411246391186e+000 2.22016543095610e-001 3.39819907263975e-005 241763 65
5.69665301883471e+004 1.73619925112540e+006 6.25038071120016e+000 8.46831447810912e-001 -1.56638467436750e+000 2.22746213827630e-001 3.39820637317204e-005 242498 66
5.69595739541928e+004 1.73619968168208e+006 3.27952783935622e-002 5.16257517747539e-001 1.55593412015137e+000 2.22873951449718e-001 3.39834853202559e-005 242621 67
5.69663902122782e+004 1.73621487201107e+006 6.25038108662149e+000 8.96708437701079e-001 -1.56542590792566e+000 2.24392448927057e-001 3.39835726386412e-005 244230 68
5.69663546814249e+004 1.73619831414464e+006 6.25038079449013e+000 8.46217487208513e-001 -1.56638467436750e+000 2.25438036220384e-001 3.39836457605443e-005 245530 69
5.69654251439098e+004 1.73617847719844e+006 6.25038095482408e+000 8.77617186588372e-001 -1.56523415463729e+000 2.27837415870074e-001 3.39837424293449e-005 248217 70
5.69590430057758e+004 1.73619056052953e+006 3.27951450779710e-002 3.97295341977851e-001 1.53493713507492e+000 2.28637217552135e-001 3.39935374367833e-005 249341 71
5.69587234963131e+004 1.73619022695748e+006 3.27949675431354e-002 3.48646273292483e-001 1.51940511871700e+000 2.28703214162932e-001 3.40161142248645e-005 249488 72
5.69590445590192e+004 1.73619078400877e+006 3.27951417533325e-002 1.58640084959427e-001 1.23580200521867e+000 2.32555581540003e-001 3.57446778418898e-005 253925 73
5.69651594473079e+004 1.73619216265795e+006 6.25038136604528e+000 8.67881525607466e-001 -1.56571353785821e+000 2.34080083161647e-001 3.57447639933495e-005 255717 74
5.69583968526967e+004 1.73619350930599e+006 3.27947176517593e-002 1.27766637524482e-001 8.79524395428327e-001 2.36136884489856e-001 4.00175385860423e-005 258045 75
5.69583234119101e+004 1.73618290223116e+006 3.27948756102526e-002 5.46955547867513e-001 1.55957743263039e+000 2.39342994214803e-001 4.00183493250537e-005 261304 76
5.69656153569274e+004 1.73618605305324e+006 6.25038098840007e+000 7.48129971920407e-001 -1.56935685033723e+000 2.42321012120139e-001 4.00183661846320e-005 264814 77
5.69651793774134e+004 1.73621418451313e+006 6.25038177029277e+000 8.67998470484113e-001 -1.56609704443495e+000 2.42443013679854e-001 4.00184424460629e-005 264871 78
5.69575705275918e+004 1.73617498593032e+006 3.27945918560862e-002 1.86180603409918e-001 1.34260858684042e+000 2.43746072395812e-001 4.07869140951253e-005 266294 79
5.69620506214654e+004 1.73620871024968e+006 3.27965329214691e-002 4.63339961064537e-001 1.54835986526078e+000 2.43939654039154e-001 4.07903164189854e-005 266492 80
5.69606773955616e+004 1.73620888522094e+006 3.27957395355128e-002 4.72344716566396e-001 1.54979801492355e+000 2.45462799140614e-001 4.07932616171736e-005 268058 81
5.69569084278936e+004 1.73616860936855e+006 3.27943312701973e-002 5.71952515250920e-001 1.56216610202338e+000 2.46457025028982e-001 4.07937512979270e-005 269123 82
5.69661424446276e+004 1.73618136549866e+006 6.25038059664504e+000 7.82687182969749e-001 -1.56801457731864e+000 2.46631071571812e-001 4.07937937481454e-005 269325 83
5.69604703603441e+004 1.73619669008157e+006 3.27958506112215e-002 7.15677768650720e-001 1.57069912335582e+000 2.50086732723822e-001 4.07937940305461e-005 273249 84
5.69597717942149e+004 1.73620342626719e+006 3.27953215397959e-002 5.76834963850954e-001 1.56197434873501e+000 2.50814294844730e-001 4.07942912697372e-005 274059 85
5.69574222198705e+004 1.73617788944691e+006 3.27944517208715e-002 4.80121550863456e-001 1.55152379451888e+000 2.53579675469580e-001 4.07967810193289e-005 277129 86
5.69658021484283e+004 1.73616774411278e+006 6.25038053528995e+000 7.65028506595973e-001 -1.56839808389538e+000 2.60212915737595e-001 4.07968164753283e-005 284505 87
5.69623155611375e+004 1.73621045554929e+006 3.27966524093231e-002 3.84957657491538e-001 1.53119794595172e+000 2.63154547061893e-001 4.08090316404510e-005 287699 88
5.69667431387832e+004 1.73621218859947e+006 6.25038083291008e+000 9.92954071181987e-001 -1.56350837504196e+000 2.72083684145711e-001 4.08091436288956e-005 297579 89
5.69667448049743e+004 1.73620003017492e+006 6.25038060242704e+000 7.35119854393370e-001 -1.57012386349071e+000 2.74308990063030e-001 4.08091490022469e-005 299995 90
5.69581516112522e+004 1.73618494645667e+006 3.27947381778799e-002 4.37495143325435e-001 1.54414129291665e+000 2.74457620094806e-001 4.08141793525861e-005 300188 91
5.69569600049937e+004 1.73616822477658e+006 3.27943682050086e-002 1.35338818287409e-001 1.04539098986785e+000 2.77537696409862e-001 4.43886572661192e-005 303618 92
5.69666183321289e+004 1.73620514509128e+006 6.25038077175192e+000 7.78097096561333e-001 -1.56858983718375e+000 2.79698581977593e-001 4.43886872803409e-005 306150 93
5.69600309966683e+004 1.73619302234441e+006 3.27956670538923e-002 3.50020375593091e-001 1.51988450193793e+000 2.80759370209159e-001 4.44107539598637e-005 307467 94
5.69579073499653e+004 1.73618098282260e+006 3.27946724557467e-002 4.25859128099007e-001 1.54184025345622e+000 2.81684535645900e-001 4.44168146925890e-005 308459 95
5.69590343249769e+004 1.73620196068445e+006 3.27949249001349e-002 4.96786195785727e-001 1.55344132740257e+000 2.82196460323438e-001 4.44187798875780e-005 309040 96
5.69658311064954e+004 1.73616732962759e+006 6.25038051080379e+000 9.58923112077559e-001 -1.56331662175359e+000 2.82778276053722e-001 4.44189057694231e-005 309749 97
5.69654215863197e+004 1.73621459888027e+006 6.25038163876082e+000 8.19057039607127e-001 -1.56743931745354e+000 2.83858938693007e-001 4.44189571929737e-005 310769 98
5.69582458661133e+004 1.73618077588225e+006 3.27948711296903e-002 7.01235076384752e-001 1.57031561677908e+000 2.84107244728333e-001 4.44189607318819e-005 311036 99
5.69576951715140e+004 1.73618004117380e+006 3.27945681512355e-002 2.12230074683152e-001 1.40186035294656e+000 2.85122843685464e-001 4.48041676650289e-005 312343 100
5.69584773716036e+004 1.73619443658536e+006 3.27947464758778e-002 5.54907799479544e-001 1.56015269249550e+000 2.86498269246995e-001 4.48048916623875e-005 313935 101
5.69606287442344e+004 1.73620809528418e+006 3.27957264546901e-002 4.66205110542401e-001 1.54883924848170e+000 2.89475809899113e-001 4.48081384625284e-005 317294 102
5.69583794837828e+004 1.73618036254498e+006 3.27949558096250e-002 2.07961586685518e-001 1.39380671483505e+000 2.91263821709395e-001 4.52376047277342e-005 319098 103
5.69652154324270e+004 1.73619486852899e+006 6.25038138491432e+000 8.98141012440011e-001 -1.56504240134892e+000 2.93168500099343e-001 4.52377015591457e-005 321543 104
5.69658195376357e+004 1.73618319276965e+006 6.25038081692719e+000 7.44416972086848e-001 -1.56945272698141e+000 2.93414901860748e-001 4.52377168741002e-005 321778 105
5.69659444391013e+004 1.73618289193044e+006 6.25038073938504e+000 9.79329993052551e-001 -1.56322074510941e+000 2.97053030736396e-001 4.52378394515982e-005 325798 106
5.69592879920859e+004 1.73619461018544e+006 3.27952095920917e-002 2.60323655204445e-001 1.46513893810846e+000 3.02334993101547e-001 4.53637039766366e-005 331840 107
5.69577622697237e+004 1.73618178456419e+006 3.27945738495568e-002 2.70556331911102e-001 1.47453484923856e+000 3.06627767993993e-001 4.54645718812736e-005 336786 108
5.69658239707825e+004 1.73616668197601e+006 6.25038050268281e+000 7.83564269544605e-001 -1.56772694738609e+000 3.09073400876358e-001 4.54646212128960e-005 339223 109
5.69642206703102e+004 1.73619450464469e+006 6.25038195038441e+000 9.91579968881379e-001 -1.56322074510941e+000 3.13679042494526e-001 4.54647404835596e-005 344664 110
5.69624350009654e+004 1.73621468597889e+006 3.27966412741459e-002 3.99312641100020e-001 1.53503301171911e+000 3.16749246896138e-001 4.54743874130904e-005 348180 111
5.69594787738305e+004 1.73619215512604e+006 3.27953656998678e-002 1.75450910977508e-001 1.30828474822230e+000 3.21069189810866e-001 4.65190355591430e-005 352759 112
5.69588668198157e+004 1.73621123774774e+006 3.27946534195883e-002 5.84202491079747e-001 1.56245373195593e+000 3.23982302909499e-001 4.65194790402692e-005 356031 113
5.69666468731336e+004 1.73620723995975e+006 6.25038079487732e+000 8.02363158465694e-001 -1.56782282403027e+000 3.25715094884721e-001 4.65195236147219e-005 357920 114
5.69659290067397e+004 1.73618995667455e+006 6.25038088163214e+000 9.59537072679958e-001 -1.56370012833033e+000 3.34489251923350e-001 4.65196394775428e-005 367818 115
5.69574908789581e+004 1.73617813988187e+006 3.27944864974197e-002 1.52149644305490e-001 1.19831423734245e+000 3.35524731674816e-001 4.86336915988841e-005 368926 116
5.69605942783582e+004 1.73619871461295e+006 3.27958836927744e-002 5.53709114493907e-001 1.55996093920713e+000 3.41740093513946e-001 4.86344394176231e-005 376006 117
5.69568763746703e+004 1.73616765784796e+006 3.27943307883024e-002 6.11772245749400e-001 1.56533003128147e+000 3.43467711016237e-001 4.86346475570471e-005 377931 118
5.69587822756482e+004 1.73618951499362e+006 3.27950148007838e-002 2.99880259730468e-001 1.49553183431501e+000 3.56509164918696e-001 4.86904918870196e-005 392034 119
5.69588908201561e+004 1.73620980902722e+006 3.27946941953886e-002 3.19790124979708e-001 1.50627001846370e+000 3.57493814861335e-001 4.87289865614320e-005 393161 120
5.69592719149700e+004 1.73618904930407e+006 3.27953053073045e-002 4.94388825814453e-001 1.55334545075838e+000 3.74029088697353e-001 4.87309897268207e-005 411358 121
5.69657911876276e+004 1.73616949545138e+006 6.25038057465868e+000 7.50527341891681e-001 -1.56897334376049e+000 3.74041182710401e-001 4.87310138850570e-005 411408 122
5.69588723114564e+004 1.73621478923688e+006 3.27945895446405e-002 4.85910322257508e-001 1.55171554780725e+000 3.80950530197214e-001 4.87334017752424e-005 418884 123
5.69656693654630e+004 1.73617413556406e+006 6.25038073234739e+000 8.82441162750082e-001 -1.56504240134892e+000 3.88614186195339e-001 4.87335024372429e-005 427183 124
5.69584607185751e+004 1.73620098277534e+006 3.27946133335305e-002 3.68790028295018e-001 1.52640411374248e+000 3.88643791079177e-001 4.87494787416752e-005 427248 125
5.69571910725515e+004 1.73617241634261e+006 3.27944220348671e-002 4.43342387157811e-001 1.54548356593524e+000 3.88790296445011e-001 4.87539916320588e-005 427363 126
5.69584615938803e+004 1.73619098583636e+006 3.27948025322427e-002 1.26918787168788e-001 8.20176752677999e-001 3.89628834343917e-001 5.29548643617802e-005 428252 127
5.69657975651466e+004 1.73618309021527e+006 6.25038082763318e+000 9.24044302617437e-001 -1.56427538819544e+000 3.91332397632193e-001 5.29549747880706e-005 430308 128
5.69586505747092e+004 1.73619335952320e+006 3.27948664588000e-002 2.31993758836583e-001 1.43282850901822e+000 3.93701020416437e-001 5.31933301146066e-005 432863 129
5.69586230295499e+004 1.73618658741957e+006 3.27949784372502e-002 5.19181139663727e-001 1.55650938001648e+000 3.95185707174389e-001 5.31946511344872e-005 434515 130
5.69635429117078e+004 1.73621062213261e+006 6.25038264458185e+000 8.19904889962821e-001 -1.56734344080935e+000 3.95832855694182e-001 5.31947047324894e-005 435411 131
5.69592239314549e+004 1.73621526326942e+006 3.27947829005096e-002 4.74303543250242e-001 1.54998976821192e+000 4.04627160870992e-001 5.31975823123545e-005 445331 132
5.69578550238450e+004 1.73617861291827e+006 3.27946870825017e-002 3.65866406378830e-001 1.52582885387738e+000 4.04922442242089e-001 5.32141622941005e-005 445626 133
5.69615063944305e+004 1.73620551120796e+006 3.27962801866354e-002 4.13141372763590e-001 1.53858044755394e+000 4.09133823464277e-001 5.32217914200571e-005 450378 134
5.69577201049484e+004 1.73618775473052e+006 3.27944369011441e-002 2.32520010781497e-001 1.53162939085055e-001 4.12293825960176e-001 5.32709562260473e-005 454088 135
5.69660008223864e+004 1.73617313579406e+006 6.25038052276652e+000 7.59795223365997e-001 -1.56868571382794e+000 4.14724076450335e-001 5.32709857461996e-005 456591 136
5.69576990185795e+004 1.73617629004572e+006 3.27946411688046e-002 6.42996527814288e-001 1.56724756416517e+000 4.16351441727530e-001 5.32710812067318e-005 458530 137
5.69587150071266e+004 1.73621499759677e+006 3.27944951073781e-002 3.61568682162034e-001 1.52371956770531e+000 4.17371387377938e-001 5.32893254195856e-005 459676 138
5.69575339478090e+004 1.73618585639512e+006 3.27943656260618e-002 4.95382857265957e-001 1.55353720404675e+000 4.18709774724238e-001 5.32912860629649e-005 461184 139
5.69587380938435e+004 1.73620836726424e+006 3.27946335380186e-002 1.61534470656453e-001 1.25018350184637e+000 4.19542311648523e-001 5.48747415143350e-005 462180 140
5.69656261363674e+004 1.73620628420793e+006 6.25038136411478e+000 8.20606559222706e-001 -1.56724756416517e+000 4.21581731741157e-001 5.48747973338254e-005 464353 141
5.69586088886322e+004 1.73620713257333e+006 3.27945825048841e-002 5.52247303535813e-001 1.55967330927457e+000 4.23004432822253e-001 5.48755806152627e-005 465662 142
5.69643266271846e+004 1.73619499342065e+006 6.25038189864855e+000 7.42370436745516e-001 -1.56974035691397e+000 4.24044327032007e-001 5.48755912144702e-005 466824 143
5.69595444394680e+004 1.73620945274328e+006 3.27950769789517e-002 1.29199212263414e-001 9.28900867183447e-001 4.26439745969450e-001 5.90730132468868e-005 469212 144
5.69571399243727e+004 1.73617078991165e+006 3.27944233057323e-002 4.89944920501847e-001 1.55305782082583e+000 4.37464306225365e-001 5.90751087590789e-005 480748 145
5.69654926408648e+004 1.73617877571273e+006 6.25038092162450e+000 9.39276372800776e-001 -1.56389188161870e+000 4.40728180450865e-001 5.90752251459925e-005 484084 146
5.69607838748172e+004 1.73620766729773e+006 3.27958237874328e-002 5.93002593047473e-001 1.56322074510941e+000 4.43584635263584e-001 5.90755947444678e-005 487306 147
5.69657768398838e+004 1.73617589882251e+006 6.25038070379802e+000 7.48480806550349e-001 -1.56916509704886e+000 4.53877911123866e-001 5.90756151962531e-005 498902 148
5.69602804180974e+004 1.73619668513752e+006 3.27957414208294e-002 2.77017536345878e-001 1.47952043473617e+000 4.56251904428673e-001 5.91641587374004e-005 501562 149
5.69593991387980e+004 1.73618928429015e+006 3.27953740706179e-002 6.05135623999653e-001 1.56446714148381e+000 4.77518689531414e-001 5.91644263058580e-005 525647 150
5.69570840374064e+004 1.73616926327447e+006 3.27944199664352e-002 5.14181746187046e-001 1.55622175008393e+000 4.81152809878103e-001 5.91658179246668e-005 529687 151
5.69575039194137e+004 1.73617786860258e+006 3.27944991208519e-002 6.06305072766128e-001 1.56475477141636e+000 4.82717744019419e-001 5.91660658309668e-005 531397 152
5.69571812386257e+004 1.73617040605943e+006 3.27944543217116e-002 1.86589910478184e-001 1.34385498321482e+000 4.88664503477594e-001 5.99254497014944e-005 537993 153
5.69662028723578e+004 1.73621172476575e+006 6.25038113499477e+000 8.77968021218314e-001 -1.56580941450240e+000 4.98046432554005e-001 5.99255312468979e-005 549239 154
5.69569912700431e+004 1.73616851365461e+006 3.27943807410356e-002 2.39624412037834e-001 1.44318318659017e+000 4.98403699603046e-001 6.01240839021384e-005 549614 155
5.69584822464749e+004 1.73620528248001e+006 3.27945445621016e-002 1.76620359743983e-001 1.31211981398968e+000 5.01202776650561e-001 6.11350975745565e-005 552967 156
5.69589107023120e+004 1.73618740300542e+006 3.27951285567187e-002 3.01868322633476e-001 1.49677823068941e+000 5.06562825924445e-001 6.11887802707386e-005 558557 157
5.69575640128200e+004 1.73617601823389e+006 3.27945686225697e-002 1.48378172033607e-001 1.17261929670095e+000 5.06714254252221e-001 6.35693015414254e-005 558768 158
5.69597218201809e+004 1.73621366663713e+006 3.27950994958221e-002 2.31701396644964e-001 1.43206149586474e+000 5.09110089640755e-001 6.38102111630437e-005 561651 159
5.69574240272196e+004 1.73617258188629e+006 3.27945529430526e-002 2.72544394814110e-001 1.47635650547807e+000 5.10081342323125e-001 6.39067141377019e-005 562614 160
5.69582428454145e+004 1.73619105558642e+006 3.27946753578248e-002 3.34320525903162e-001 1.51346076677755e+000 5.10699133643800e-001 6.39359315647882e-005 563663 161
5.69589539028886e+004 1.73619235290598e+006 3.27950599801434e-002 3.10843841916173e-001 1.50185969283120e+000 5.11823593245071e-001 6.39811809401553e-005 564823 162
5.69590393544374e+004 1.73619204960821e+006 3.27951148699324e-002 4.91962219624017e-001 1.55296194418165e+000 5.13753408618143e-001 6.39832749241269e-005 566832 163
5.69654085022935e+004 1.73621564080023e+006 3.27983340428340e-002 3.32303226780992e-001 1.51211849375896e+000 5.16487912827967e-001 6.40139362623099e-005 569558 164
5.69672648590048e+004 1.73621524172297e+006 6.25038059037618e+000 8.36101755378503e-001 -1.56695993423261e+000 5.22334349032319e-001 6.40139967156797e-005 575822 165
5.69571901590776e+004 1.73617474036817e+006 3.27943776424841e-002 4.89067833926991e-001 1.55286606753746e+000 5.24576501811216e-001 6.40161356661192e-005 578347 166
5.69569132332665e+004 1.73616801759056e+006 3.27943452050576e-002 4.29806017685861e-001 1.54289489654225e+000 5.28766437602264e-001 6.40217461141469e-005 582731 167
5.69644392852470e+004 1.73621156537057e+006 6.25038214666088e+000 7.73068466865490e-001 -1.56887746711631e+000 5.49881124121602e-001 6.40217706246945e-005 606221 168
5.69588111258163e+004 1.73619127213715e+006 3.27949982328578e-002 5.61456712571805e-001 1.56082382900479e+000 5.51179551494937e-001 6.40224085517808e-005 607690 169
5.69616026267288e+004 1.73621317675683e+006 3.27961908586482e-002 5.84641034367176e-001 1.56245373195593e+000 5.53017283061420e-001 6.40228513013882e-005 609662 170
5.69595958432679e+004 1.73619492452285e+006 3.27953807818710e-002 1.38291676422759e-001 1.08134473143712e+000 5.53127378220739e-001 6.72940284048229e-005 609747 171
5.69574857955137e+004 1.73618326455503e+006 3.27943868428863e-002 7.10415249201582e-001 1.57069912335582e+000 5.53851269160641e-001 6.72940286918462e-005 610413 172
5.69574312722834e+004 1.73617320993062e+006 3.27945452569564e-002 6.46826472524494e-001 1.56753519409772e+000 5.59689739953686e-001 6.72941113326128e-005 617001 173
5.69658102689695e+004 1.73616679540544e+006 6.25038051270768e+000 8.19875653743659e-001 -1.56657642765587e+000 5.61590627538861e-001 6.72941845021064e-005 619172 174
5.69579555406788e+004 1.73618850912083e+006 3.27945581210132e-002 1.32415196371221e-001 9.99753707235939e-001 5.62359773543155e-001 7.11818999208425e-005 619921 175
5.69656621359095e+004 1.73617217695081e+006 6.25038069953196e+000 9.58250679036836e-001 -1.56341249839778e+000 5.62846903399210e-001 7.11820235028355e-005 620408 176
5.69647928121638e+004 1.73620871615202e+006 6.25038188947521e+000 9.00392201315476e-001 -1.56523415463729e+000 5.67826699206556e-001 7.11821148737136e-005 626253 177
5.69588198746324e+004 1.73618619692996e+006 3.27950990639245e-002 6.70946353333044e-001 1.56868571382794e+000 5.68332663414062e-001 7.11821536831977e-005 626845 178
5.69578425488975e+004 1.73618705885090e+006 3.27945204848406e-002 2.16206200489168e-001 1.40876347132786e+000 5.74200347125757e-001 7.15311678766786e-005 633408 179
5.69588782794456e+004 1.73619117709659e+006 3.27950386639189e-002 1.33029156973620e-001 1.01010838480789e+000 5.77367951955945e-001 7.53541000849792e-005 636947 180
5.69585079982180e+004 1.73621420335955e+006 3.27943909967118e-002 2.51406608360071e-001 1.45583890362255e+000 5.77573656685672e-001 7.55077558719275e-005 637217 181
5.69569071688261e+004 1.73616708577352e+006 3.27943593042214e-002 3.51072879482919e-001 1.52074739173559e+000 5.94492544820886e-001 7.55291165854806e-005 655410 182
5.69609985124056e+004 1.73619996645643e+006 3.27960926396383e-002 3.35782336861256e-001 1.51394014999847e+000 5.96497293961980e-001 7.55576903612736e-005 657526 183
5.69592820668193e+004 1.73618754184489e+006 3.27953396026078e-002 3.73730949333376e-001 1.52822576998199e+000 6.02313181788717e-001 7.55722472933977e-005 664169 184
5.69571436709118e+004 1.73617012024603e+006 3.27944381015558e-002 4.76642440783192e-001 1.55114028794214e+000 6.03823476735447e-001 7.55748551644452e-005 665905 185
5.69610404044754e+004 1.73620796575670e+006 3.27959657477599e-002 5.89435774309724e-001 1.56293311517685e+000 6.06461744844423e-001 7.55752519521050e-005 668570 186
5.69594587710657e+004 1.73620403997771e+006 3.27951298578258e-002 7.03807863670997e-001 1.57002798684652e+000 6.08759004116563e-001 7.55752592256678e-005 670939 187
5.69657367466726e+004 1.73621430789540e+006 6.25038145194147e+000 9.95205260057452e-001 -1.56350837504196e+000 6.10222561839874e-001 7.55753706575608e-005 672559 188
5.69578784154165e+004 1.73618621561993e+006 3.27945570370784e-002 1.42589400639555e-001 1.12525623447371e+000 6.15461081519466e-001 7.84349167839891e-005 677856 189
5.69657288936447e+004 1.73617615520991e+006 6.25038073622444e+000 9.18255531223385e-001 -1.56427538819544e+000 6.26289448941677e-001 7.84350287475784e-005 689390 190
5.69662568876851e+004 1.73618829787199e+006 6.25038066166949e+000 7.72396033824767e-001 -1.56849396053957e+000 6.28404846025262e-001 7.84350613333856e-005 691767 191
5.69571192108947e+004 1.73617119911435e+006 3.27944036641462e-002 3.09645156930536e-001 1.50157206289865e+000 6.35065237043739e-001 7.84809826698750e-005 699393 192
5.69611973669157e+004 1.73620798269462e+006 3.27960557361596e-002 3.88173641599344e-001 1.53215671239357e+000 6.36464765642729e-001 7.84925361975534e-005 701055 193
5.69570671452749e+004 1.73617173400364e+006 3.27943636114000e-002 2.03196082962132e-001 1.38431492706076e+000 6.37641327694954e-001 7.89778229350588e-005 702344 194
5.69592569038512e+004 1.73621569123293e+006 3.27947937931870e-002 2.73479953827290e-001 1.47635650547807e+000 6.39987866685130e-001 7.90736011117933e-005 705096 195
5.69592517828480e+004 1.73619798531277e+006 3.27951250516363e-002 2.75468016730298e-001 1.47827403836177e+000 6.40383175888980e-001 7.91650568164857e-005 705477 196
5.69594439410882e+004 1.73618994722395e+006 3.27953873344573e-002 6.14608159008102e-001 1.56513827799310e+000 6.42130807317354e-001 7.91652741599077e-005 707446 197
5.69581884555722e+004 1.73618692746459e+006 3.27947219841415e-002 3.60428469614721e-001 1.52381544434950e+000 6.43125610969269e-001 7.91835887955503e-005 708580 198
5.69624160045300e+004 1.73621568728626e+006 3.27966114437596e-002 1.27006495826273e-001 8.27367500991852e-001 6.44033803415171e-001 8.33998964912834e-005 709548 199
5.69569307260320e+004 1.73616762746554e+006 3.27943626334916e-002 3.42828265679269e-001 1.51748758583331e+000 6.44542812851885e-001 8.34246609912151e-005 710035 200
