4.46427745882012e+003 1.73712015869092e+006 2.56992448585454e-003 3.02657700550846e-001 1.55928980269784e+000 5.35550442279857e-004 3.09942132855306e-009 651 1
4.46389998770246e+003 1.73710352367586e+006 2.56973179838603e-003 2.21790318349087e-001 1.55698876323740e+000 6.12295530321059e-004 1.12398442728458e-008 772 2
4.46503453210601e+003 1.73712215349957e+006 2.57035735224705e-003 4.12468939722866e-001 1.56207022537919e+000 8.17664246792472e-004 1.22623644489226e-008 926 3
4.46626641394621e+003 1.73714067919699e+006 2.57103907955951e-003 2.20854759335907e-001 1.54855161854915e+000 1.31621008351104e-003 2.94013828597303e-008 1399 4
4.46377326443176e+003 1.73711081694526e+006 2.56964805928528e-003 2.43395884309716e-001 1.55756402310251e+000 1.72945877165097e-003 3.56141265885416e-008 1872 5
4.46632750044892e+003 1.73714183318769e+006 2.57107253633067e-003 4.47786292470417e-001 1.55823515961180e+000 1.76353007548706e-003 3.71134272969167e-008 1918 6
4.46447391674733e+003 1.73711700696510e+006 2.57004224205088e-003 8.05988449641767e-001 1.56600116779077e+000 1.97574506885223e-003 3.72060515929853e-008 2232 7
4.46500039724150e+003 1.73713975862795e+006 2.57031165303921e-003 2.60908379587682e-001 1.55248256096072e+000 2.29842707362051e-003 4.60105824207360e-008 2586 8
4.46372286214301e+003 1.73709568575975e+006 2.56964142735032e-003 5.76484129221011e-001 1.56983623355815e+000 2.32951275212699e-003 4.60265303196755e-008 2619 9
4.46417598032685e+003 1.73711107289396e+006 2.56987950996612e-003 6.24168402674037e-001 1.56667230430006e+000 2.37815507461767e-003 4.61551864836739e-008 2680 10
4.46662823355405e+003 1.73714286876991e+006 2.57124412185603e-003 6.93019698800264e-001 1.55986506256294e+000 2.68964622644163e-003 4.66178791507773e-008 3019 11
4.46508384079846e+003 1.73711280530576e+006 2.57039956968929e-003 5.91365364774408e-001 1.56609704443495e+000 2.78161171543765e-003 4.67952832759783e-008 3170 12
4.46377196676456e+003 1.73709835620819e+006 2.56966574504794e-003 7.50556578110843e-001 1.57002798684652e+000 2.85952739916271e-003 4.68015972484963e-008 3263 13
4.46609812654796e+003 1.73713790915082e+006 2.57094630372435e-003 8.87469792445925e-001 1.56149496551408e+000 2.88223816658119e-003 4.70107720830389e-008 3285 14
4.46761929051391e+003 1.73714394329353e+006 2.57181303703415e-003 3.10288353752097e-001 1.55430421720023e+000 3.25942531561170e-003 5.21268350688067e-008 3605 15
4.46369106638258e+003 1.73710423543937e+006 2.56961047637822e-003 8.12449654076542e-001 1.56887746711631e+000 3.52481811786956e-003 5.21488076114473e-008 3906 16
4.46467419278803e+003 1.73711567581590e+006 2.57015950298821e-003 4.34425340313438e-001 1.56389188161870e+000 3.61821413460568e-003 5.27836067034872e-008 3997 17
4.46400233520723e+003 1.73714149352057e+006 2.56973454712075e-003 7.14888390733350e-001 1.56024856913968e+000 3.90947464818236e-003 5.31925097988695e-008 4326 18
4.46422761328363e+003 1.73713173753238e+006 2.56987866214252e-003 8.67998470484113e-001 1.56283723853267e+000 3.93376165512468e-003 5.33650646926804e-008 4360 19
4.46612226021272e+003 1.73713248431481e+006 2.57096822514152e-003 6.43171945129259e-001 1.56197434873501e+000 4.03500258499820e-003 5.37564091761990e-008 4448 20
4.46766099258598e+003 1.73714188028188e+006 2.57184009726084e-003 6.85008974749908e-001 1.56005681585131e+000 4.39945426035561e-003 5.42182736254359e-008 4854 21
4.46375773224497e+003 1.73711788858263e+006 2.56962865724947e-003 8.51275353123518e-001 1.56590529114658e+000 5.02557968313982e-003 5.43029624327697e-008 5496 22
4.46377948390248e+003 1.73713285975644e+006 2.56961903295739e-003 3.88553712448449e-001 1.55919392605365e+000 5.06964346113100e-003 5.61149432364574e-008 5551 23
4.46753332846851e+003 1.73713920189791e+006 2.57177057207366e-003 4.11387199613877e-001 1.55823515961180e+000 6.19077741481698e-003 5.79216713036578e-008 6740 24
4.46366384680028e+003 1.73709465906583e+006 2.56960897274047e-003 3.09995991560478e-001 1.56533003128147e+000 6.47394962998944e-003 5.88503563901588e-008 6976 25
4.46709285902435e+003 1.73714118811826e+006 2.57151407328430e-003 8.23793307111351e-001 1.56063207571642e+000 6.49361777182698e-003 5.91330156481949e-008 7004 26
4.46418043462041e+003 1.73710970308653e+006 2.56988410063109e-003 2.86548543792651e-001 1.56082382900479e+000 7.02116129630740e-003 6.19347748218887e-008 7506 27
4.46442643712851e+003 1.73710976955548e+006 2.57002561734518e-003 8.52532510547479e-001 1.56772694738609e+000 7.60408961653787e-003 6.19757504371157e-008 8145 28
4.46397369736806e+003 1.73710185709442e+006 2.56977669605681e-003 3.95599641266462e-001 1.56628879772332e+000 7.63112955145585e-003 6.23784912963759e-008 8184 29
4.46517029649796e+003 1.73711515766159e+006 2.57044585830761e-003 8.33850566503038e-001 1.56648055101169e+000 7.80994501495496e-003 6.24514898423123e-008 8389 30
4.46403980861572e+003 1.73710055112178e+006 2.56981668617386e-003 5.81863593546797e-001 1.56878159047212e+000 7.93606481530475e-003 6.25008867888973e-008 8501 31
4.46536648465370e+003 1.73713130708453e+006 2.57053489925941e-003 7.83271907352986e-001 1.56274136188849e+000 7.98469437243765e-003 6.27212372693007e-008 8608 32
4.46448781254774e+003 1.73710816240647e+006 2.57006332680462e-003 9.16910665141938e-001 1.56820633060701e+000 8.12329716954707e-003 6.27480605750542e-008 8737 33
4.46437709996930e+003 1.73712598476866e+006 2.56997322611743e-003 9.56087198818857e-001 1.56427538819544e+000 8.27746602669374e-003 6.28505082535619e-008 8946 34
4.46391074381613e+003 1.73710424095189e+006 2.56973692924894e-003 8.56450163915171e-001 1.56897334376049e+000 8.46624225356043e-003 6.28685769554270e-008 9110 35
4.46497264385168e+003 1.73713572910744e+006 2.57030163877938e-003 6.35248929736389e-001 1.56120733558153e+000 8.76431589595152e-003 6.33261269291678e-008 9389 36
4.46438901497712e+003 1.73712498526043e+006 2.56998156381756e-003 6.99714792988334e-001 1.56389188161870e+000 9.32711742326763e-003 6.35485722652602e-008 9907 37
4.46388820943382e+003 1.73710460922704e+006 2.56972341215879e-003 9.60151033282358e-001 1.56906922040468e+000 9.33848212184952e-003 6.35614932160949e-008 9933 38
4.46405006945088e+003 1.73710716752402e+006 2.56981280495183e-003 2.67603473775753e-001 1.56024856913968e+000 9.97210721381043e-003 6.71134092711702e-008 10755 39
4.46403871167603e+003 1.73712287145214e+006 2.56978303522245e-003 3.03359369810731e-001 1.55871454283273e+000 1.00618243507092e-002 7.04386310390149e-008 10882 40
4.46562197033150e+003 1.73712205076188e+006 2.57069566953172e-003 7.30734421519088e-001 1.56465889477218e+000 1.02716160916805e-002 7.06071056339885e-008 11067 41
4.46377590291355e+003 1.73709710066418e+006 2.56966986827008e-003 6.71998857222872e-001 1.57002798684652e+000 1.07171807024483e-002 7.06151582218051e-008 11497 42
4.46514708151640e+003 1.73712200908991e+006 2.57042235623008e-003 1.97904327293831e-001 1.54951038499100e+000 1.07227179383569e-002 9.10032770211193e-008 11505 43
4.46609908054942e+003 1.73712868975948e+006 2.57096049752066e-003 1.30134771276594e-001 1.52649999038667e+000 1.08012819003390e-002 2.48509228238021e-007 11642 44
4.46725210761977e+003 1.73713492437178e+006 2.57161501811079e-003 6.56689080246497e-002 1.41192740058596e+000 1.12556766963315e-002 4.91973106335233e-006 12159 45
4.46485915925709e+003 1.73713787389573e+006 2.57023313726591e-003 7.02346052712903e-001 1.56101558229316e+000 1.12574295495610e-002 4.92010933887119e-006 12165 46
4.46512028708492e+003 1.73711820298572e+006 2.57041256357336e-003 3.37945817079235e-001 1.56111145893735e+000 1.19256300135664e-002 4.92197201559710e-006 12998 47
4.46707540671660e+003 1.73713206978194e+006 2.57151752474005e-003 5.76104058371907e-001 1.56168671880245e+000 1.24826333731005e-002 4.92249603068077e-006 13510 48
4.46402219173173e+003 1.73710663761297e+006 2.56979754062188e-003 6.00750191125371e-001 1.56753519409772e+000 1.27936117759643e-002 4.92259326080645e-006 13869 49
4.46414166684105e+003 1.73712721602632e+006 2.56983587529105e-003 5.41206014557073e-002 1.33810238456374e+000 1.29584422469144e-002 1.68624451236652e-005 14093 50
4.46396689966848e+003 1.73711352672199e+006 2.56975551962875e-003 8.42504487374954e-001 1.56686405758843e+000 1.31966146349537e-002 1.68625068913530e-005 14347 51
4.46439926368090e+003 1.73714347863288e+006 2.56996010400070e-003 6.37412409954368e-001 1.55948155598621e+000 1.40297720534463e-002 1.68630935221963e-005 15038 52
4.46372350275694e+003 1.73711015944577e+006 2.56962038584665e-003 4.47990946004550e-001 1.56533003128147e+000 1.41032082420304e-002 1.68635066263124e-005 15114 53
4.46526809684658e+003 1.73713133876197e+006 2.57047821466543e-003 4.68407828843992e-002 1.25123814493240e+000 1.41264606248376e-002 4.08976906825162e-005 15146 54
4.46389667966673e+003 1.73709855250423e+006 2.56973724799490e-003 7.65525522321725e-001 1.57002798684652e+000 1.48621433843387e-002 4.08976967280543e-005 16152 55
4.46386538215854e+003 1.73711348298050e+006 2.56969714437801e-003 1.28088235935263e-001 1.52870515320292e+000 1.48796292187842e-002 4.10485972392968e-005 16187 56
4.46366945773285e+003 1.73709458047770e+006 2.56961231903805e-003 7.35919234175191e-002 1.45267497436445e+000 1.50250729438858e-002 4.34333022271796e-005 16353 57
4.46454527701214e+003 1.73711459925334e+006 2.57008688371537e-003 9.83364591296890e-001 1.56686405758843e+000 1.53852799583091e-002 4.34333461862185e-005 16899 58
4.46395027039054e+003 1.73710482272044e+006 2.56975882276242e-003 7.88359009487153e-001 1.56868571382794e+000 1.56596222550499e-002 4.34333734043398e-005 17119 59
4.46420234707089e+003 1.73712815007643e+006 2.56986942462026e-003 8.49930487042072e-001 1.56360425168615e+000 1.58246735395612e-002 4.34335278818067e-005 17274 60
4.46371473318097e+003 1.73709513544877e+006 2.56963756180919e-003 3.05873684658653e-001 1.56504240134892e+000 1.62779341285198e-002 4.34345634568422e-005 17817 61
4.46487777825511e+003 1.73713244776777e+006 2.57025188380855e-003 4.18082293801947e-001 1.55986506256294e+000 1.65268231014183e-002 4.34359700127078e-005 18075 62
4.46368232074818e+003 1.73709959892161e+006 2.56961230034704e-003 7.80903773600874e-001 1.56983623355815e+000 1.68833894616877e-002 4.34359781921015e-005 18435 63
4.46468304455616e+003 1.73710793303440e+006 2.57017605452478e-003 3.91945113871227e-001 1.56485064806055e+000 1.71121393142103e-002 4.34366096514802e-005 18558 64
4.46384294836638e+003 1.73709849279757e+006 2.56970640488726e-003 3.63527508845880e-001 1.56628879772332e+000 1.72806326130406e-002 4.34370947239550e-005 18705 65
4.46405437481030e+003 1.73711007578309e+006 2.56981098105041e-003 5.71163137333549e-001 1.56657642765587e+000 1.78376542390551e-002 4.34372567941867e-005 19198 66
4.46568430625562e+003 1.73711806737099e+006 2.57073744881784e-003 5.16355228269475e-002 1.31585900311289e+000 1.84241697531652e-002 5.82943162445428e-005 19850 67
4.46632574396233e+003 1.73712758786309e+006 2.57109260919504e-003 1.14171795614208e-001 1.51537829966124e+000 1.92141093108140e-002 5.85893391400841e-005 20829 68
4.46425369864181e+003 1.73710521437808e+006 2.56993291687235e-003 7.85259970255994e-001 1.56858983718375e+000 1.94195251247224e-002 5.85893685552853e-005 21084 69
4.46392279348295e+003 1.73711346261773e+006 2.56973022412349e-003 5.84348672175557e-001 1.56590529114658e+000 1.98064466571473e-002 5.85895623320106e-005 21587 70
4.46775918575774e+003 1.73714274046985e+006 2.57189534906248e-003 9.60940411199729e-001 1.56053619907224e+000 2.01204850562484e-002 5.85897667121968e-005 21912 71
4.46513041690747e+003 1.73711691119270e+006 2.57042030639246e-003 3.43822297130773e-001 1.56159084215827e+000 2.03712428920345e-002 5.85914245739016e-005 22059 72
4.46382991941595e+003 1.73712543280194e+006 2.56965905283088e-003 3.78613397933410e-001 1.56063207571642e+000 2.06785575133690e-002 5.85929878375636e-005 22268 73
4.46654269720705e+003 1.73713285739523e+006 2.57120970065077e-003 3.72006012402825e-001 1.55881041947691e+000 2.12529880847381e-002 5.85950846935613e-005 22883 74
4.46617530076940e+003 1.73713141125679e+006 2.57100034648344e-003 3.91214208392180e-001 1.55957743263039e+000 2.14664165552605e-002 5.85967792786414e-005 23109 75
4.46399042495567e+003 1.73710080993234e+006 2.56978787470453e-003 9.06824169531089e-001 1.56983623355815e+000 2.17139873393976e-002 5.85967851655171e-005 23411 76
4.46477968039045e+003 1.73712052257203e+006 2.57021305714459e-003 7.76722994260725e-001 1.56513827799310e+000 2.17489358418232e-002 5.85969150260708e-005 23462 77
4.47264507041837e+003 1.73709516523461e+006 6.28060522155599e+000 9.94591299455052e-001 -1.57041149342326e+000 2.18333048079020e-002 5.85969161871640e-005 23635 78
4.46413881648277e+003 1.73710957290662e+006 2.56986033510841e-003 8.78815871574009e-001 1.56782282403027e+000 2.19107882231288e-002 5.85969526732109e-005 23730 79
4.46591286398160e+003 1.73712841400768e+006 2.57085370841304e-003 1.92875697597988e-001 1.54720934553056e+000 2.20897696345091e-002 5.86222190478546e-005 23915 80
4.46414025881809e+003 1.73712539122814e+006 2.56983776427243e-003 4.66497472734020e-001 1.56216610202338e+000 2.21352636854361e-002 5.86229857673892e-005 23966 81
4.46434190507265e+003 1.73710852710915e+006 2.56997879333193e-003 8.57093360736732e-001 1.56801457731864e+000 2.21465032809359e-002 5.86230205299794e-005 23994 82
4.46430234605436e+003 1.73713922337126e+006 2.56991060815096e-003 9.51467876191280e-001 1.56130321222571e+000 2.26463757499816e-002 5.86232057529314e-005 24550 83
4.46544325679214e+003 1.73712021733541e+006 2.57059550421447e-003 5.80986506971941e-001 1.56437126483963e+000 2.28505345642080e-002 5.86235052989871e-005 24876 84
4.46496659428394e+003 1.73711671075079e+006 2.57032629640310e-003 1.08470732877642e-001 1.51250200033570e+000 2.28766950063440e-002 5.89799425771942e-005 24929 85
4.46650775624293e+003 1.73713997504682e+006 2.57117905163685e-003 6.99217777262582e-001 1.56053619907224e+000 2.30830764890282e-002 5.89803539386362e-005 25140 86
4.46443461490144e+003 1.73712559052592e+006 2.57000691840854e-003 3.25023408209684e-001 1.55900217276528e+000 2.30859262500630e-002 5.89831065140719e-005 25150 87
4.46622797552041e+003 1.73712631399287e+006 2.57103821328209e-003 4.21766057416344e-001 1.56130321222571e+000 2.36696152981703e-002 5.89842156998962e-005 25663 88
4.46373255303172e+003 1.73709757505702e+006 2.56964421132149e-003 5.97914277866669e-001 1.56954860362560e+000 2.36798935664945e-002 5.89842378092634e-005 25707 89
4.46426378534686e+003 1.73711078106453e+006 2.56993048794877e-003 7.85464623790127e-001 1.56734344080935e+000 2.36810907468571e-002 5.89842967139249e-005 25719 90
4.46456367014600e+003 1.73712684489377e+006 2.57007935449612e-003 7.68829215087018e-001 1.56370012833033e+000 2.48177205270357e-002 5.89844853628070e-005 26920 91
4.46380498114709e+003 1.73709890790591e+006 2.56968393427821e-003 1.45980802062333e-001 1.54097736365856e+000 2.51766016564444e-002 5.90513212293509e-005 27267 92
4.46414062710477e+003 1.73711032210276e+006 2.56986026907293e-003 3.09118904985622e-001 1.56178259544664e+000 2.55257502798953e-002 5.90533491805501e-005 27567 93
4.46465360356336e+003 1.73711712273957e+006 2.57014550974815e-003 9.75938591629773e-001 1.56628879772332e+000 2.57753103671950e-002 5.90534044212492e-005 27792 94
4.46677908294795e+003 1.73713452534514e+006 2.57134330892610e-003 2.81402969220160e-001 1.55497535370952e+000 2.58133810865970e-002 5.90593536389227e-005 27890 95
4.46423497928394e+003 1.73710344463278e+006 2.56992475896580e-003 4.19427159883394e-001 1.56638467436750e+000 2.62800879365794e-002 5.90596961412032e-005 28327 96
4.46455374444427e+003 1.73713040512662e+006 2.57006837335344e-003 7.79851269711046e-001 1.56293311517685e+000 2.67085401548182e-002 5.90599104759156e-005 28763 97
4.46371072657134e+003 1.73709475675597e+006 2.56963581551169e-003 3.54084210056593e-001 1.56686405758843e+000 2.73305991026966e-002 5.90603263729290e-005 29279 98
4.46388555790412e+003 1.73711007125361e+006 2.56971380577389e-003 5.57568295423275e-001 1.56648055101169e+000 2.75742596349160e-002 5.90605033237392e-005 29547 99
4.46399141839719e+003 1.73711791377434e+006 2.56976314430658e-003 2.86870142203431e-001 1.55900217276528e+000 2.76564794476955e-002 5.90641261179978e-005 29608 100
4.46367662576691e+003 1.73709625989973e+006 2.56961396117052e-003 3.70105658157303e-001 1.56695993423261e+000 2.77486744300673e-002 5.90644892579379e-005 29726 101
4.46404273647928e+003 1.73713078548728e+006 2.56977364474526e-003 7.43364468197020e-001 1.56274136188849e+000 2.77486744300673e-002 5.90647364745531e-005 29726 102
4.46402380243037e+003 1.73710973300825e+006 2.56979388868440e-003 2.81519914096807e-001 1.56053619907224e+000 2.80017164536346e-002 5.90677805185839e-005 30114 103
4.46463741614900e+003 1.73713221557065e+006 2.57011386108713e-003 7.23659256481913e-001 1.56235785531175e+000 2.86377875812970e-002 5.90680623716880e-005 30807 104
4.46369457051709e+003 1.73709532961635e+006 2.56962566754610e-003 3.77239295632801e-001 1.56734344080935e+000 2.89483032284879e-002 5.90683580850948e-005 31039 105
4.46375525117103e+003 1.73709874214294e+006 2.56965555149840e-003 9.16355176977862e-001 1.57031561677908e+000 2.91082166788828e-002 5.90683600494899e-005 31219 106
4.46460389657282e+003 1.73711573173742e+006 2.57011895331374e-003 3.57504847698533e-001 1.56226197866756e+000 2.91499348925415e-002 5.90697132861845e-005 31264 107
4.46536886190199e+003 1.73713761386784e+006 2.57052693529473e-003 1.33877007329315e-001 1.52659586703085e+000 2.95353355653939e-002 5.92172084661599e-005 31738 108
4.46367942241856e+003 1.73709884584110e+006 2.56961174586273e-003 5.82068247080930e-001 1.56916509704886e+000 2.98772171408185e-002 5.92172440281534e-005 32042 109
4.46370850503074e+003 1.73710278298560e+006 2.56962266377278e-003 1.44168156474297e-001 1.53934746070742e+000 3.00449462446027e-002 5.92917783873352e-005 32190 110
4.46440383601968e+003 1.73712213788153e+006 2.56999430824309e-003 3.27450014400120e-001 1.55986506256294e+000 3.06482465843286e-002 5.92941861510259e-005 33018 111
4.46424566853544e+003 1.73710509675758e+006 2.56992846821931e-003 8.12946669802294e-001 1.56868571382794e+000 3.08928413592477e-002 5.92942115908731e-005 33246 112
4.46608004706371e+003 1.73713756035835e+006 2.57093641237067e-003 8.97351634522641e-001 1.56159084215827e+000 3.09130590896404e-002 5.92944124841184e-005 33285 113
4.46458678643488e+003 1.73713639836291e+006 2.57007852731324e-003 2.90817031790285e-001 1.55507123035371e+000 3.13011049583973e-002 5.92998945690170e-005 33838 114
4.46368584418604e+003 1.73709536830253e+006 2.56962058683369e-003 5.18537942842166e-001 1.56945272698141e+000 3.14000162612983e-002 5.92999284998333e-005 33952 115
4.46438669638035e+003 1.73710621659416e+006 2.57000799647435e-003 3.96476727841318e-001 1.56533003128147e+000 3.18667083664497e-002 5.93004689714635e-005 34466 116
4.46613984664910e+003 1.73713570607103e+006 2.57097358069535e-003 6.75828801933078e-001 1.56139908886990e+000 3.19316775154232e-002 5.93008559607962e-005 34503 117
4.46571339094248e+003 1.73712799632265e+006 2.57073949810796e-003 9.35943443816322e-001 1.56379600497452e+000 3.23097255102056e-002 5.93009757944945e-005 34886 118
4.46654269984999e+003 1.73713123886077e+006 2.57121209783066e-003 4.36530348093093e-001 1.56044032242805e+000 3.23998254172778e-002 5.93021522835781e-005 35095 119
4.46459011403830e+003 1.73710867741783e+006 2.57012145627583e-003 8.74108840288946e-001 1.56801457731864e+000 3.24137667836241e-002 5.93021855748118e-005 35119 120
4.46472540695751e+003 1.73713158356721e+006 2.57016544873989e-003 4.29367474398433e-001 1.56024856913968e+000 3.24412568121548e-002 5.93034407964653e-005 35154 121
4.46485675513337e+003 1.73711476870833e+006 2.57026593955967e-003 9.42872427757687e-001 1.56676818094424e+000 3.24520485076127e-002 5.93034908520013e-005 35184 122
4.46487064203742e+003 1.73711027116776e+006 2.57028058839179e-003 7.89713877433050e-002 1.46504306146428e+000 3.30201027536826e-002 6.10419936816008e-005 35880 123
4.46375329292216e+003 1.73709735129512e+006 2.56965648164095e-003 6.85710644009794e-001 1.57002798684652e+000 3.32194175275739e-002 6.10420013841820e-005 36122 124
4.46446682560308e+003 1.73710731240293e+006 2.57005250291792e-003 5.93996624498977e-001 1.56734344080935e+000 3.32612713511189e-002 6.10421103031458e-005 36188 125
4.46488870560576e+003 1.73712259344452e+006 2.57027275467854e-003 3.30285927658823e-001 1.55986506256294e+000 3.36612158972761e-002 6.10444728190282e-005 36752 126
4.46531096895298e+003 1.73713771161501e+006 2.57049346424249e-003 8.64957903691278e-001 1.56149496551408e+000 3.37245069580883e-002 6.10446941582465e-005 36818 127
4.46406314031896e+003 1.73710959084573e+006 2.56981674444191e-003 5.01025447564200e-001 1.56609704443495e+000 3.37384484124887e-002 6.10449496372040e-005 36847 128
4.46525883407140e+003 1.73711492666121e+006 2.57049716795814e-003 9.62792294871377e-002 1.49812050370800e+000 3.38000425281706e-002 6.16902777762417e-005 36945 129
4.46647379504601e+003 1.73713168232034e+006 2.57117177586041e-003 9.12174397637713e-001 1.56293311517685e+000 3.41100119611177e-002 6.16904296025750e-005 37302 130
4.46385579580088e+003 1.73710409746719e+006 2.56970550975245e-003 4.93336321924625e-001 1.56724756416517e+000 3.44796861955101e-002 6.16906005915192e-005 37642 131
4.46448403457397e+003 1.73712252353985e+006 2.57003990484792e-003 2.20503924705964e-001 1.55257843760491e+000 3.45066043746423e-002 6.17032465115014e-005 37692 132
4.46383932030589e+003 1.73712484914022e+006 2.56966532793132e-003 9.80060898531598e-001 1.56456301812799e+000 3.46474778459005e-002 6.17033369766461e-005 37832 133
4.46745604015398e+003 1.73714144117550e+006 2.57172276555417e-003 4.77899598207153e-001 1.55871454283273e+000 3.48870032097810e-002 6.17045604267456e-005 38079 134
4.46464968402483e+003 1.73712923811469e+006 2.57012532837551e-003 8.29377424971270e-001 1.56331662175359e+000 3.51605427245865e-002 6.17047336605198e-005 38469 135
4.46588108076423e+003 1.73712937751348e+006 2.57083398620392e-003 1.99804681539354e-001 1.54816811197241e+000 3.52808601047739e-002 6.17266671452267e-005 38648 136
4.46420184279295e+003 1.73712352222486e+006 2.56987598065795e-003 6.44926118278972e-001 1.56398775826289e+000 3.57623324750679e-002 6.17269275920670e-005 39369 137
4.46609322355879e+003 1.73713127113680e+006 2.57095330546673e-003 8.18033771936461e-001 1.56283723853267e+000 3.61626350317576e-002 6.17271241869812e-005 39873 138
4.46421210969402e+003 1.73710224001735e+006 2.56991337582378e-003 5.66923885555077e-001 1.56830220725120e+000 3.61834295795498e-002 6.17271970405134e-005 39921 139
4.46632367008384e+003 1.73713558925462e+006 2.57107957273842e-003 1.12096024053715e-001 1.51173498718223e+000 3.62927149394913e-002 6.20653678050107e-005 40029 140
4.46580901623886e+003 1.73713325803990e+006 2.57078675885740e-003 1.96354807678252e-001 1.54672996230964e+000 3.63500621436968e-002 6.20904228039094e-005 40069 141
4.46371138507266e+003 1.73710692962563e+006 2.56961818780744e-003 7.85552332447613e-001 1.56820633060701e+000 3.64385922158541e-002 6.20904604956752e-005 40219 142
4.46423438746919e+003 1.73711125326895e+006 2.56991286604307e-003 3.55926091863791e-001 1.56322074510941e+000 3.64712128137558e-002 6.20915967173172e-005 40234 143
4.46663660137446e+003 1.73712713872795e+006 2.57127222190907e-003 5.98703655784040e-001 1.56293311517685e+000 3.67103508469895e-002 6.20919801174284e-005 40439 144
4.46489256701959e+003 1.73712698687872e+006 2.57026847699118e-003 7.80231340560151e-001 1.56370012833033e+000 3.69538599614560e-002 6.20921627543199e-005 40567 145
4.46393628868229e+003 1.73710288870739e+006 2.56975363499215e-003 5.35787312147675e-001 1.56791870067446e+000 3.74297547181395e-002 6.20922657524911e-005 41164 146
4.46366290545826e+003 1.73709433117867e+006 2.56960891586518e-003 6.40862283815470e-001 1.57050737006745e+000 3.76425366947502e-002 6.20922677089841e-005 41355 147
4.46369229160208e+003 1.73709587068864e+006 2.56962355525791e-003 2.29625625084471e-001 1.55957743263039e+000 3.78141193784706e-002 6.20977395159460e-005 41588 148
4.46493551319897e+003 1.73711738792184e+006 2.57030740221508e-003 7.65613230979211e-001 1.56580941450240e+000 3.85311228782304e-002 6.20978497287050e-005 42405 149
4.46575916385828e+003 1.73712832329651e+006 2.57076536381506e-003 9.21734641303648e-001 1.56370012833033e+000 3.85590853382593e-002 6.20979763034222e-005 42431 150
4.46443285406793e+003 1.73710519526597e+006 2.57003607893757e-003 8.22360732372419e-001 1.56868571382794e+000 3.94049667382575e-002 6.20980011069709e-005 43358 151
4.46644736079204e+003 1.73713683818670e+006 2.57114892755163e-003 9.82965286093074e-002 1.49601121753594e+000 3.95793103498345e-002 6.27414838024018e-005 43547 152
4.46761060646874e+003 1.73714231105195e+006 2.57181045452490e-003 8.08005748763936e-001 1.56034444578387e+000 3.98416144894771e-002 6.27417917655210e-005 43844 153
4.46384503659877e+003 1.73710721735065e+006 2.56969470081832e-003 7.73916317221185e-001 1.56811045396283e+000 4.00044300310159e-002 6.27418329758693e-005 44032 154
4.46486137249160e+003 1.73711778396439e+006 2.57026413620003e-003 9.45620632358904e-001 1.56609704443495e+000 4.02187596344567e-002 6.27418961398359e-005 44262 155
4.46401310670520e+003 1.73711112007149e+006 2.56978567959212e-003 9.74535253110003e-001 1.56763107074190e+000 4.04268508555681e-002 6.27419281629534e-005 44421 156
4.46642911834827e+003 1.73712929084129e+006 2.57114959701266e-003 3.63352091530908e-001 1.55938567934202e+000 4.04344509661741e-002 6.27439747733975e-005 44423 157
4.46406462957455e+003 1.73710114137795e+006 2.56983010159965e-003 4.94184172280320e-001 1.56791870067446e+000 4.04569022043232e-002 6.27440978165413e-005 44490 158
4.46600644312309e+003 1.73712598198611e+006 2.57091117739811e-003 1.38759455929349e-001 1.53167732917264e+000 4.05851853630394e-002 6.28572760647273e-005 44574 159
4.46546657040271e+003 1.73711881368806e+006 2.57061100208945e-003 4.42816135212897e-001 1.56331662175359e+000 4.07573380663609e-002 6.28579650276771e-005 44845 160
4.46376682620878e+003 1.73712482664834e+006 2.56962362924567e-003 9.76435607355525e-001 1.56456301812799e+000 4.11459188434435e-002 6.28580562333982e-005 45298 161
4.46493233391646e+003 1.73711818950321e+006 2.57030438597647e-003 3.67269744898600e-001 1.56197434873501e+000 4.14951797418434e-002 6.28593987247055e-005 45710 162
4.46592679938347e+003 1.73713595387870e+006 2.57085057192267e-003 1.77965225825430e-001 1.54251138996551e+000 4.14990034317620e-002 6.28992602833364e-005 45723 163
4.46625803169808e+003 1.73712715919286e+006 2.57105426446575e-003 2.30678128974299e-001 1.55267431424909e+000 4.18064929452437e-002 6.29106187571612e-005 46082 164
4.46386140232825e+003 1.73710205713056e+006 2.56971175551763e-003 9.02058665807703e-001 1.56954860362560e+000 4.19160671823618e-002 6.29106277039137e-005 46194 165
4.46383618697125e+003 1.73709988396171e+006 2.56970045461448e-003 2.55528915261896e-001 1.56101558229316e+000 4.22297600719274e-002 6.29141259684207e-005 46466 166
4.46577428047872e+003 1.73712960373248e+006 2.57077217092637e-003 8.67706108292495e-001 1.56331662175359e+000 4.22426037422308e-002 6.29142828123049e-005 46489 167
4.46368008337585e+003 1.73709922756086e+006 2.56961156169690e-003 1.65188998051688e-001 1.54749697546312e+000 4.22534063444555e-002 6.29491488347437e-005 46508 168
4.46371663390801e+003 1.73709936694972e+006 2.56963239649648e-003 6.55227269288403e-002 1.51437159489731e-001 4.24827768926555e-002 6.37267878686376e-005 46820 169
4.46400615326700e+003 1.73713986821598e+006 2.56973914929334e-003 8.41169623157958e-002 1.47079566011536e+000 4.25467075564948e-002 6.51208947263395e-005 46905 170
4.46492195889474e+003 1.73713387291687e+006 2.57027520807410e-003 1.56505840960610e-001 1.53704642124699e+000 4.25539893692380e-002 6.51902115097458e-005 46908 171
4.46605823061099e+003 1.73714330505240e+006 2.57091535165194e-003 6.29109323712395e-001 1.55948155598621e+000 4.25687618678778e-002 6.51908153089796e-005 46920 172
4.46547742774738e+003 1.73712247984521e+006 2.57061182704597e-003 2.38454963271359e-001 1.55449597048860e+000 4.30371017059691e-002 6.51997832074311e-005 47448 173
4.46378288478897e+003 1.73709805021504e+006 2.56967248286506e-003 2.39361286065377e-001 1.56005681585131e+000 4.32533450402434e-002 6.52044511736991e-005 47635 174
4.46376138196235e+003 1.73712551558390e+006 2.56961947611585e-003 2.57926285233170e-001 1.55545473693045e+000 4.32735278855082e-002 6.52113229787754e-005 47644 175
4.46472366476132e+003 1.73711107713325e+006 2.57019478624853e-003 5.62158381831690e-001 1.56628879772332e+000 4.34167418823689e-002 6.52115088873964e-005 47792 176
4.46371892182755e+003 1.73710390724200e+006 2.56962699732243e-003 7.19946256648355e-001 1.56868571382794e+000 4.38601385545087e-002 6.52115421220267e-005 48379 177
4.46391844892827e+003 1.73710562163823e+006 2.56973932235398e-003 8.22214551276610e-001 1.56858983718375e+000 4.40342982590252e-002 6.52115687068688e-005 48570 178
4.46625177224045e+003 1.73713805769018e+006 2.57103453090422e-003 2.94325378089711e-001 1.55487947706534e+000 4.44074662736547e-002 6.52170088551550e-005 48958 179
4.46544435468631e+003 1.73714218460538e+006 2.57056362954685e-003 8.87323611350116e-001 1.56053619907224e+000 4.44253403974302e-002 6.52172524064893e-005 49007 180
4.46450270860948e+003 1.73713104277145e+006 2.57003805078135e-003 4.33811379711038e-001 1.56044032242805e+000 4.44394824786550e-002 6.52184451789550e-005 49047 181
4.46643110100054e+003 1.73712930164619e+006 2.57115072235103e-003 7.59327443859407e-001 1.56312486846522e+000 4.46289373743701e-002 6.52186639399068e-005 49237 182
4.46638713785261e+003 1.73714113635743e+006 2.57110789822580e-003 1.46653235103056e-001 1.53177320581683e+000 4.46933969931780e-002 6.53184967944529e-005 49318 183
4.46406829722912e+003 1.73711858704906e+006 2.56980640455136e-003 8.34669180639570e-001 1.56571353785821e+000 4.50364653406520e-002 6.53185906681635e-005 49714 184
4.46374518854959e+003 1.73709698149083e+006 2.56965236324494e-003 6.89014336775086e-001 1.57012386349071e+000 4.51146375457141e-002 6.53185968644432e-005 49793 185
4.46656660630446e+003 1.73712732592511e+006 2.57123165151511e-003 8.52035494821727e-001 1.56379600497452e+000 4.51598316193793e-002 6.53187442046193e-005 49852 186
4.46632066226239e+003 1.73713729562545e+006 2.57107531573615e-003 9.18489420976680e-001 1.56168671880245e+000 4.52957535054713e-002 6.53189319990445e-005 50094 187
4.46456365771953e+003 1.73710629247059e+006 2.57010975488079e-003 8.46860684030074e-001 1.56849396053957e+000 4.57848734426221e-002 6.53189586118233e-005 50611 188
4.46637018130333e+003 1.73712589976305e+006 2.57112068850102e-003 5.21900108045782e-001 1.56264548524430e+000 4.63076397128543e-002 6.53195068715736e-005 51198 189
4.46597483437285e+003 1.73712421876959e+006 2.57089559101232e-003 2.67398820241619e-001 1.55641350337230e+000 4.63702223508973e-002 6.53252526022946e-005 51279 190
4.46438401296586e+003 1.73710404938562e+006 2.57000965804550e-003 4.00920633153924e-001 1.56590529114658e+000 4.66541232060005e-002 6.53256964680611e-005 51562 191
4.46402480053954e+003 1.73711521896604e+006 2.56978634766696e-003 2.23719908813771e-001 1.55459184713279e+000 4.67237227943764e-002 6.53359219074322e-005 51652 192
4.46622374643799e+003 1.73713159980179e+006 2.57102795556108e-003 3.88729129763420e-001 1.55948155598621e+000 4.67821442619345e-002 6.53376631787080e-005 51723 193
4.46434025132916e+003 1.73712648147694e+006 2.56995127900043e-003 6.43171945129259e-001 1.56331662175359e+000 4.69230776233209e-002 6.53379662660689e-005 51886 194
4.46381543933989e+003 1.73713805637052e+006 2.56963204397874e-003 6.65157581938992e-001 1.56082382900479e+000 4.69784267564714e-002 6.53384056385519e-005 51927 195
4.46420784467720e+003 1.73710997406991e+006 2.56989947874956e-003 4.90938951953351e-001 1.56590529114658e+000 4.70248573839361e-002 6.53386899011146e-005 52036 196
4.46409104002184e+003 1.73710164222299e+006 2.56984456430653e-003 9.03754366519092e-001 1.56964448026978e+000 4.71392689592400e-002 6.53386977705811e-005 52188 197
4.46420655046559e+003 1.73710658077985e+006 2.56990375377389e-003 3.59639091697350e-001 1.56437126483963e+000 4.71642888399785e-002 6.53395582128654e-005 52203 198
4.46403562717867e+003 1.73710271272637e+006 2.56981108125916e-003 8.30809999710202e-001 1.56926097369304e+000 4.81176739850866e-002 6.53395730099769e-005 53030 199
4.46461955822940e+003 1.73710661127354e+006 2.57014146323150e-003 6.34927331325609e-001 1.56772694738609e+000 4.82522459826726e-002 6.53396513703910e-005 53196 200
4.46689529996738e+003 1.73713216905898e+006 2.57141369795415e-003 9.84037024337614e-001 1.56293311517685e+000 4.84777710112120e-002 6.53397798674746e-005 53429 201
4.46563324482742e+003 1.73712686669064e+006 2.57069503295688e-003 1.85478934150033e-001 1.54615470244453e+000 4.88333454617691e-002 6.53692311087811e-005 53733 202
4.46386490817780e+003 1.73709840315643e+006 2.56971917907251e-003 1.80187178481732e-001 1.55142791787469e+000 4.88440264263515e-002 6.53909009564851e-005 53766 203
4.46489476087205e+003 1.73711427717892e+006 2.57028854535128e-003 7.26319752425645e-001 1.56638467436750e+000 4.91435486178634e-002 6.53910032920510e-005 54148 204
4.46424298404512e+003 1.73713879716939e+006 2.56987706660471e-003 9.51818710821222e-001 1.56139908886990e+000 4.94943310640731e-002 6.53911854803169e-005 54587 205
4.46418358701837e+003 1.73710547154208e+006 2.56989217550524e-003 7.38979035322738e-001 1.56839808389538e+000 5.00005815847734e-002 6.53912237442698e-005 54957 206
4.46741937926528e+003 1.73714266293799e+006 2.57169985283224e-003 9.49596758164920e-001 1.56053619907224e+000 5.01590905695263e-002 6.53914335342325e-005 55215 207
4.46394193104035e+003 1.73710109820541e+006 2.56975953185650e-003 2.25415609525160e-001 1.55794752967925e+000 5.14093149476108e-002 6.53984622072004e-005 56572 208
4.46650089802912e+003 1.73712543752729e+006 2.57119662102580e-003 2.12785562847228e-001 1.55094853465377e+000 5.15634392658967e-002 6.54140696296732e-005 56710 209
4.46536357885114e+003 1.73712293373547e+006 2.57054561704309e-003 8.40954967759375e-001 1.56475477141636e+000 5.20088778148146e-002 6.54141903299257e-005 57258 210
4.46538157495923e+003 1.73711500759848e+006 2.57056770561866e-003 8.67189858212031e-002 1.48182147419660e+000 5.20891326833579e-002 6.65117623599925e-005 57381 211
4.46538559737615e+003 1.73713023079672e+006 2.57054749429632e-003 5.72215641223377e-001 1.56207022537919e+000 5.21989296930820e-002 6.65122599839057e-005 57485 212
4.46426480999755e+003 1.73712021973937e+006 2.56991711409747e-003 6.31009677957917e-001 1.56465889477218e+000 5.22235705797978e-002 6.65124926463147e-005 57518 213
4.46510667984354e+003 1.73712466964050e+006 2.57039516180049e-003 8.92381477265121e-001 1.56446714148381e+000 5.23922496715182e-002 6.65126064875753e-005 57641 214
4.46388811924657e+003 1.73709929825554e+006 2.56973121682551e-003 2.69942371308703e-001 1.56216610202338e+000 5.25420168629505e-002 6.65151610037038e-005 57777 215
4.46681819269219e+003 1.73714017059630e+006 2.57135746648877e-003 1.56447368522286e-001 1.53560827158422e+000 5.26623458204046e-002 6.65891053977042e-005 57891 216
4.47263650136171e+003 1.73709465185406e+006 6.28060522572799e+000 8.56567108791819e-001 -1.57050737006745e+000 5.27701595215943e-002 6.65891064311450e-005 58023 217
4.46424089729963e+003 1.73711685473241e+006 2.56990832666959e-003 4.59480780135169e-001 1.56398775826289e+000 5.30981153535891e-002 6.65896555329196e-005 58352 218
4.46490652313354e+003 1.73712910813113e+006 2.57027337234266e-003 4.88278456009620e-001 1.56159084215827e+000 5.34558663820151e-002 6.65904218606562e-005 58720 219
4.46432388822566e+003 1.73711717838904e+006 2.56995562262333e-003 7.83505797106281e-001 1.56590529114658e+000 5.39078517749566e-002 6.65905235059503e-005 59271 220
4.46483798180704e+003 1.73711659537201e+006 2.57025242970481e-003 4.12556648380352e-001 1.56331662175359e+000 5.39194847929322e-002 6.65913285572046e-005 59286 221
4.46442505140905e+003 1.73713347031425e+006 2.56998975539194e-003 5.66397633610163e-001 1.56130321222571e+000 5.40565902312253e-002 6.65919083792735e-005 59481 222
4.46498006404116e+003 1.73711275381990e+006 2.57033990532221e-003 3.84343696889138e-001 1.56360425168615e+000 5.47145286302422e-002 6.65927937499974e-005 60344 223
4.46372357924148e+003 1.73710252549360e+006 2.56963172240078e-003 3.20257904486298e-001 1.56398775826289e+000 5.49221954307365e-002 6.65940086522296e-005 60563 224
4.46391301708108e+003 1.73712815629585e+006 2.56970286001701e-003 3.33004896040877e-001 1.55871454283273e+000 5.56001273334064e-002 6.65967171941593e-005 61201 225
4.46584168099066e+003 1.73712559634395e+006 2.57081690120045e-003 6.41534716856193e-001 1.56350837504196e+000 5.60785992702368e-002 6.65970099684969e-005 61684 226
4.46541158811359e+003 1.73712070055301e+006 2.57057655871414e-003 1.81590517001503e-001 1.54672996230964e+000 5.61452206339184e-002 6.66267663974873e-005 61800 227
4.46406141235477e+003 1.73711987442104e+006 2.56980053672886e-003 4.39483206228443e-001 1.56302899182104e+000 5.62382605148097e-002 6.66275090651545e-005 61942 228
4.46405580355938e+003 1.73711586171215e+006 2.56980324412323e-003 2.31204380919212e-001 1.55526298364208e+000 5.62955794501714e-002 6.66364194279435e-005 62048 229
4.46546435648595e+003 1.73713989766250e+006 2.57057852781371e-003 6.76862071468194e-002 1.41998103869747e+000 5.63175736486649e-002 7.06996636381158e-005 62073 230
4.46396278836695e+003 1.73710112371259e+006 2.56977150101681e-003 5.72332586100024e-001 1.56858983718375e+000 5.63265791910719e-002 7.06997226276263e-005 62074 231
4.46583291891556e+003 1.73712379316355e+006 2.57081452578483e-003 4.76350078591573e-001 1.56264548524430e+000 5.65722936434557e-002 7.07003928838946e-005 62259 232
4.46642534244798e+003 1.73714419843333e+006 2.57112535875097e-003 1.64925872079231e-001 1.53733405117954e+000 5.67153652981408e-002 7.07613584030459e-005 62366 233
4.46453685099810e+003 1.73712027166351e+006 2.57007364083201e-003 3.70514965225569e-001 1.56159084215827e+000 5.67678142647015e-002 7.07627648084412e-005 62407 234
4.46375827809536e+003 1.73709819358158e+006 2.56965810547715e-003 9.60764993884758e-001 1.57050737006745e+000 5.70732365602497e-002 7.07627656112329e-005 62691 235
4.46379814917605e+003 1.73714041903665e+006 2.56961859589745e-003 8.82558107626729e-001 1.56091970564898e+000 5.74819249197149e-002 7.07629979599755e-005 63114 236
4.46493304615270e+003 1.73710995842051e+006 2.57031697500471e-003 7.88242064610506e-001 1.56753519409772e+000 5.74822568166576e-002 7.07630514504351e-005 63117 237
4.46795714683060e+003 1.73714343442526e+006 2.57200827870701e-003 5.10761108545106e-001 1.55861866618854e+000 5.74984962803078e-002 7.07641213761416e-005 63135 238
4.46427112247391e+003 1.73710677337522e+006 2.56994064075945e-003 7.40236192746699e-001 1.56811045396283e+000 5.75374806815882e-002 7.07641668245207e-005 63182 239
4.46383729648584e+003 1.73711565048226e+006 2.56967777014360e-003 4.84536219956900e-001 1.56456301812799e+000 5.83166844607424e-002 7.07645929330982e-005 64206 240
4.46503067800557e+003 1.73711333966072e+006 2.57036817511065e-003 6.70624754922264e-001 1.56638467436750e+000 5.85732291166770e-002 7.07647149030351e-005 64451 241
4.46381966550112e+003 1.73713768301647e+006 2.56963502906834e-003 7.87374979900099e-002 1.45823581972716e+000 5.87242872533557e-002 7.26811350292781e-005 64647 242
4.46401530930309e+003 1.73710075815435e+006 2.56980227642581e-003 4.48224835757845e-001 1.56743931745354e+000 5.89669861501129e-002 7.26813287437946e-005 64930 243
4.46495951920906e+003 1.73711233820008e+006 2.57032869337211e-003 2.40823097023471e-001 1.55698876323740e+000 5.95346544599041e-002 7.26881205416784e-005 65647 244
4.46609601289840e+003 1.73712986464375e+006 2.57095699277494e-003 6.04755553150549e-001 1.56235785531175e+000 6.01755499204706e-002 7.26885388747378e-005 66170 245
4.46507762271419e+003 1.73712716192100e+006 2.57037474702851e-003 9.39597971211557e-001 1.56398775826289e+000 6.06209944534101e-002 7.26886526816033e-005 66615 246
4.46428107680926e+003 1.73713918641903e+006 2.56989841906370e-003 1.43758849406030e-001 1.53100619266335e+000 6.08364262589589e-002 7.27961037549416e-005 66764 247
4.46710545292556e+003 1.73713832244585e+006 2.57152556511664e-003 7.61052380789958e-001 1.56111145893735e+000 6.14828652053263e-002 7.27964159953068e-005 67377 248
4.46600376168513e+003 1.73712108333176e+006 2.57091688369549e-003 9.93041779839473e-001 1.56542590792566e+000 6.17178581865132e-002 7.27964857558598e-005 67620 249
4.47263829338682e+003 1.73709506928097e+006 6.28060522531510e+000 9.07818200982593e-001 -1.57050737006745e+000 6.18035698384633e-002 7.27964866652769e-005 67771 250
4.46556267168056e+003 1.73712093256412e+006 2.57066318835868e-003 9.68483355743494e-001 1.56542590792566e+000 6.18360434097670e-002 7.27965603768543e-005 67860 251
4.46389403251459e+003 1.73710379413764e+006 2.56972797008299e-003 4.42231410829660e-001 1.56667230430006e+000 6.20294570868361e-002 7.27968349546558e-005 67980 252
4.46378345241113e+003 1.73709746648870e+006 2.56967367312488e-003 6.68724400676742e-001 1.56993211020234e+000 6.20436723704132e-002 7.27968447253534e-005 68005 253
4.46385241797269e+003 1.73709817894782e+006 2.56971232052408e-003 5.04212195452845e-001 1.56868571382794e+000 6.27650357750299e-002 7.27969174868564e-005 68830 254
4.46502668680201e+003 1.73711354547634e+006 2.57036557297978e-003 5.46429295922599e-001 1.56561766121403e+000 6.31208831105914e-002 7.27971628920304e-005 69099 255
4.46393135923076e+003 1.73710086172480e+006 2.56975379583714e-003 4.19222506349261e-001 1.56695993423261e+000 6.32065562058084e-002 7.27974389577704e-005 69201 256
4.46732916803137e+003 1.73714346164549e+006 2.57164673996838e-003 6.35570528147170e-001 1.55948155598621e+000 6.32198448522808e-002 7.27980293352387e-005 69248 257
4.46482889719227e+003 1.73712283591822e+006 2.57023796655768e-003 3.23912431881533e-001 1.55957743263039e+000 6.33170841647878e-002 7.28005963879370e-005 69371 258
4.46457545837057e+003 1.73713041370035e+006 2.57008086046882e-003 7.80552938970931e-001 1.56293311517685e+000 6.40529906331685e-002 7.28008102989958e-005 70052 259
4.46451814968244e+003 1.73711293816317e+006 2.57007372508720e-003 7.86867962309897e-001 1.56686405758843e+000 6.42067241204324e-002 7.28008820843976e-005 70276 260
4.46500253844598e+003 1.73711146201070e+006 2.57035475447323e-003 8.07713386572318e-001 1.56724756416517e+000 6.42150792210927e-002 7.28009398829305e-005 70289 261
4.46367049798853e+003 1.73709656337302e+006 2.56960998468249e-003 6.45160008032267e-001 1.57002798684652e+000 6.43626272278037e-002 7.28009486909421e-005 70414 262
4.46633036250468e+003 1.73713228266300e+006 2.57108831925097e-003 7.27459964972958e-001 1.56235785531175e+000 6.49918479504218e-002 7.28012273145269e-005 71130 263
4.46685817633277e+003 1.73713711421781e+006 2.57138500742543e-003 6.59719645174883e-001 1.56101558229316e+000 6.52951231326972e-002 7.28016614547649e-005 71501 264
4.46642225297703e+003 1.73713687856073e+006 2.57113441432788e-003 7.83096490038015e-001 1.56149496551408e+000 6.53052848777047e-002 7.28019369116923e-005 71536 265
4.46504553583670e+003 1.73712618884251e+006 2.57035771573837e-003 9.88305512335248e-001 1.56427538819544e+000 6.58780506874541e-002 7.28020321553247e-005 72289 266
4.46556955264656e+003 1.73714036643141e+006 2.57063839083082e-003 1.02828142579399e-001 1.50099680303354e+000 6.59332051534364e-002 7.33276320309398e-005 72387 267
4.46439543265170e+003 1.73713063036309e+006 2.56997690664696e-003 7.63625168076203e-001 1.56283723853267e+000 6.59882475281086e-002 7.33278607658633e-005 72468 268
4.46404231295502e+003 1.73711428481816e+006 2.56979781084466e-003 5.20642950621821e-001 1.56523415463729e+000 6.61415380619842e-002 7.33281656744184e-005 72712 269
4.46501530652674e+003 1.73711982516372e+006 2.57034972996144e-003 9.98245826850287e-001 1.56571353785821e+000 6.67644304386084e-002 7.33282289961976e-005 73269 270
4.46593292554745e+003 1.73711981995168e+006 2.57087797582175e-003 3.55984564302115e-001 1.56130321222571e+000 6.70422513242447e-002 7.33298396912328e-005 73528 271
4.46382879883321e+003 1.73709993994120e+006 2.56969611868714e-003 4.35857915052370e-001 1.56743931745354e+000 6.74935195110102e-002 7.33300457040886e-005 74211 272
4.46474584311452e+003 1.73712859427186e+006 2.57018163578090e-003 4.95412093485119e-001 1.56178259544664e+000 6.75405374881160e-002 7.33307641717368e-005 74276 273
4.46463019630960e+003 1.73711319377539e+006 2.57013784810928e-003 3.72298374594444e-001 1.56322074510941e+000 6.76096897355395e-002 7.33317933584385e-005 74346 274
4.46484513817011e+003 1.73714062525115e+006 2.57022099513546e-003 5.26314777139226e-001 1.55938567934202e+000 6.76389521924430e-002 7.33326991240072e-005 74383 275
4.46479764232723e+003 1.73711187751217e+006 2.57023618827766e-003 8.98871917919058e-001 1.56734344080935e+000 6.77436765151008e-002 7.33327429057518e-005 74524 276
4.46489084990638e+003 1.73712010317351e+006 2.57027767370169e-003 2.03049901866322e-001 1.55075678136540e+000 6.78519522395030e-002 7.33503022643712e-005 74636 277
4.46739098678090e+003 1.73714337920673e+006 2.57168244821438e-003 1.40952172366490e-001 1.52880102984710e+000 6.79507791711631e-002 7.34721296517113e-005 74724 278
4.46574363784586e+003 1.73714225075235e+006 2.57073581530047e-003 8.95188154304662e-001 1.56053619907224e+000 6.80877233832562e-002 7.34723685205390e-005 74813 279
4.46411333504040e+003 1.73711368543020e+006 2.56983958238561e-003 2.38893506558787e-001 1.55650938001648e+000 6.86175626610505e-002 7.34796557323074e-005 75307 280
4.46651191749632e+003 1.73712649832592e+006 2.57120139435953e-003 1.87993248997954e-001 1.54672996230964e+000 6.91432277114252e-002 7.35072280209560e-005 75729 281
4.46405975003180e+003 1.73710327851516e+006 2.56982413098982e-003 6.39049638227434e-001 1.56849396053957e+000 6.93335429389979e-002 7.35072774634598e-005 75980 282
4.46411571852308e+003 1.73710965329520e+006 2.56984691949379e-003 9.92905600608114e-002 1.50348959578234e+000 6.99728560602050e-002 7.40448324534417e-005 76670 283
4.46606542683369e+003 1.73714354331037e+006 2.57091914157292e-003 6.03819994137369e-001 1.55928980269784e+000 7.02923676224486e-002 7.40455106849195e-005 76941 284
4.46403264404442e+003 1.73713553819631e+006 2.56976080423837e-003 2.92658913597483e-001 1.55535886028626e+000 7.03816152307277e-002 7.40507653022421e-005 77080 285
4.46392989793217e+003 1.73712522262060e+006 2.56971691736865e-003 3.20345613143783e-001 1.55890629612110e+000 7.11432019353574e-002 7.40536428702862e-005 77703 286
4.46370416733356e+003 1.73709459846237e+006 2.56963227371301e-003 6.15368300706311e-001 1.57031561677908e+000 7.15649493077754e-002 7.40536475873529e-005 78208 287
4.46367026943015e+003 1.73709528953218e+006 2.56961173743773e-003 7.45352531100028e-001 1.57069912335582e+000 7.18208637684625e-002 7.40536478456077e-005 78521 288
4.46391876434896e+003 1.73709872453407e+006 2.56974970696833e-003 8.11348679612841e-002 1.47319257621998e+000 7.24021835082252e-002 7.55101406498475e-005 79044 289
4.46658116583065e+003 1.73713202768893e+006 2.57123307349066e-003 3.22567565800086e-001 1.55746814645833e+000 7.29222358830982e-002 7.55135216930549e-005 79672 290
4.46395704507816e+003 1.73709926004470e+006 2.56977095178435e-003 4.15187908104921e-001 1.56724756416517e+000 7.30377005762131e-002 7.55137715805361e-005 79792 291
4.46487839601920e+003 1.73713712759195e+006 2.57024531523446e-003 6.21654087826115e-001 1.56082382900479e+000 7.30761328122530e-002 7.55142814505942e-005 79836 292
4.46511630756178e+003 1.73711512525364e+006 2.57041482681397e-003 9.99795346465867e-001 1.56676818094424e+000 7.35788097739220e-002 7.55143254497284e-005 80320 293
4.46399787033405e+003 1.73710486647013e+006 2.56978615974386e-003 4.52317906440508e-001 1.56657642765587e+000 7.36867992392818e-002 7.55145962189582e-005 80410 294
4.46521030481744e+003 1.73713747847577e+006 2.57043586132308e-003 4.16708191501339e-001 1.55871454283273e+000 7.40762130816846e-002 7.55162500701914e-005 80778 295
4.46670086637369e+003 1.73713245058098e+006 2.57130135406557e-003 9.60677285227272e-001 1.56283723853267e+000 7.44638780856109e-002 7.55163881081233e-005 81159 296
4.46790962678492e+003 1.73714269022049e+006 2.57198202545838e-003 9.53046632026021e-001 1.56053619907224e+000 7.44742333270271e-002 7.55165962310214e-005 81175 297
4.46640919684439e+003 1.73713617651141e+006 2.57112793758111e-003 2.65878536845202e-001 1.55363308069094e+000 7.49082307521148e-002 7.55242387206591e-005 81561 298
4.46406729501670e+003 1.73711288819306e+006 2.56981425820696e-003 1.67937202652905e-001 1.54519593600269e+000 7.49868052630864e-002 7.55630980346298e-005 81649 299
4.46731500808441e+003 1.73714300749937e+006 2.57163926104752e-003 1.33847771110153e-001 3.58099266029847e-002 7.58576285852130e-002 7.55691990126248e-005 82537 300
4.46494452494891e+003 1.73711595011658e+006 2.57031471737193e-003 6.31418985026183e-001 1.56561766121403e+000 7.66055654583789e-002 7.55693775625455e-005 83353 301
4.46656779668310e+003 1.73713338336467e+006 2.57122337083785e-003 9.10507933145486e-001 1.56254960860012e+000 7.68001145360682e-002 7.55695416661121e-005 83620 302
4.46455877964612e+003 1.73713950749033e+006 2.57005780516050e-003 6.51855102220337e-001 1.56044032242805e+000 7.70257688030226e-002 7.55700286194212e-005 83850 303
4.46431258268231e+003 1.73713452333190e+006 2.56992345412682e-003 4.47464694059636e-001 1.55986506256294e+000 7.72356653863260e-002 7.55712399525312e-005 84088 304
4.46450684174792e+003 1.73713972105971e+006 2.57002759087334e-003 2.72105851526682e-001 1.55324957411420e+000 7.73645339966658e-002 7.55787546820170e-005 84266 305
4.46514156030138e+003 1.73712173264266e+006 2.57041958693913e-003 7.38482019596986e-001 1.56475477141636e+000 7.76854208555365e-002 7.55789153244862e-005 84709 306
4.46530546058110e+003 1.73713131259358e+006 2.57049976211689e-003 3.73555532018405e-001 1.55919392605365e+000 7.80254079194789e-002 7.55808912226221e-005 85204 307
4.46581457341046e+003 1.73712354507133e+006 2.57080433215893e-003 9.12495996048494e-001 1.56475477141636e+000 7.80681975882422e-002 7.55809920782364e-005 85241 308
4.46415427889870e+003 1.73713374702803e+006 2.56983347389031e-003 1.78725367523638e-001 1.54318252647481e+000 7.83290879243173e-002 7.56190533138684e-005 85556 309
4.46530274161639e+003 1.73712236174779e+006 2.57051144183463e-003 2.37168569628236e-001 1.55440009384442e+000 7.89013584744340e-002 7.56282110505886e-005 86098 310
4.46367713298214e+003 1.73709775308964e+006 2.56961204435677e-003 6.21946450017734e-001 1.56964448026978e+000 7.96457046821687e-002 7.56282289566308e-005 86799 311
4.46374467859711e+003 1.73710330945471e+006 2.56964270892860e-003 3.88349058914316e-001 1.56580941450240e+000 7.97416393513558e-002 7.56287195974252e-005 86937 312
4.46435880059160e+003 1.73711988321996e+006 2.56997171873207e-003 1.43729613186868e-001 1.53532064165166e+000 7.99224510454038e-002 7.57189425609737e-005 87109 313
4.46522814406513e+003 1.73713005449499e+006 2.57045711586997e-003 8.25108936973636e-001 1.56312486846522e+000 7.99588021553315e-002 7.57191247780090e-005 87131 314
4.46372331467459e+003 1.73709934496783e+006 2.56963627492036e-003 5.01580935728276e-001 1.56839808389538e+000 8.00483799583579e-002 7.57192145271386e-005 87231 315
4.46515992766314e+003 1.73711462906911e+006 2.57044067151464e-003 5.95429199237909e-001 1.56571353785821e+000 8.01402339558585e-002 7.57194118826843e-005 87376 316
4.46415294453078e+003 1.73710764545716e+006 2.56987131957955e-003 6.43055000252611e-001 1.56753519409772e+000 8.04294053663707e-002 7.57194955935056e-005 87625 317
4.46396077669425e+003 1.73710139025979e+006 2.56976994864812e-003 3.66334185885420e-001 1.56571353785821e+000 8.08331674427206e-002 7.57200701665268e-005 88121 318
4.46379647551567e+003 1.73710673125528e+006 2.56966746492637e-003 6.83722581106786e-001 1.56791870067446e+000 8.08731233453854e-002 7.57201304054246e-005 88217 319
4.46383309588477e+003 1.73709789951681e+006 2.56970161076145e-003 9.82253614968739e-001 1.57060324671163e+000 8.12229363718093e-002 7.57201308141550e-005 88715 320
4.46454936951388e+003 1.73714225480532e+006 2.57004832361270e-003 3.41424927159499e-001 1.55583824350719e+000 8.14048674019696e-002 7.57236964868726e-005 88878 321
4.46523688660982e+003 1.73712712969512e+006 2.57046647645515e-003 7.92218190416521e-001 1.56370012833033e+000 8.15959931126786e-002 7.57238730993510e-005 89107 322
4.46424273060414e+003 1.73711967301820e+006 2.56990521265740e-003 8.15168622458597e-001 1.56542590792566e+000 8.20007819094484e-002 7.57239807939840e-005 89449 323
4.46520778819576e+003 1.73711361132132e+006 2.57046972906440e-003 9.61905206432071e-001 1.56705581087680e+000 8.24765262764521e-002 7.57240234960009e-005 89961 324
4.46531382932596e+003 1.73711771246528e+006 2.57052470438868e-003 1.23351968431038e-001 1.52467833414716e+000 8.29281476328032e-002 7.59124096514311e-005 90461 325
4.46469409345495e+003 1.73713381740145e+006 2.57014411785930e-003 8.16718142074176e-001 1.56226197866756e+000 8.34273447386185e-002 7.59126294552211e-005 91086 326
4.46553372621514e+003 1.73712396298778e+006 2.57064204108356e-003 6.66385503143791e-001 1.56398775826289e+000 8.35068011870584e-002 7.59128718062274e-005 91202 327
4.46376099202249e+003 1.73709817547745e+006 2.56965969458159e-003 3.22333676046791e-001 1.56504240134892e+000 8.38522121446649e-002 7.59137945937773e-005 91583 328
4.46370770681262e+003 1.73710350876599e+006 2.56962113065379e-003 9.24395137247379e-001 1.56926097369304e+000 8.40556222655564e-002 7.59138062939935e-005 91791 329
4.46618932246181e+003 1.73712401922250e+006 2.57101935861978e-003 5.79144625164742e-001 1.56350837504196e+000 8.41957926920256e-002 7.59141729728768e-005 91952 330
4.46590517494979e+003 1.73713666765707e+006 2.57083706734320e-003 9.51555584848765e-001 1.56187847209082e+000 8.46125107100914e-002 7.59143410815537e-005 92391 331
4.46598029246899e+003 1.73713704528402e+006 2.57087975033695e-003 3.01517488003533e-001 1.55545473693045e+000 8.48138054245321e-002 7.59192149482344e-005 92568 332
4.46705697929855e+003 1.73713363513680e+006 2.57150459964582e-003 8.92333006691247e-002 1.48239673406171e+000 8.48393495754233e-002 7.69400542008618e-005 92639 333
4.46458101982088e+003 1.73710925445432e+006 2.57011536730667e-003 7.49952619372893e-002 1.45382549409467e+000 8.50813376177680e-002 7.91955031295556e-005 92848 334
4.46463630516602e+003 1.73711248690529e+006 2.57014241060118e-003 4.81232527191607e-001 1.56523415463729e+000 8.54569808720259e-002 7.91958656868523e-005 93212 335
4.46477800585502e+003 1.73711357171868e+006 2.57022237753173e-003 2.50675702881024e-001 1.55756402310251e+000 8.57056816200352e-002 7.92016884029482e-005 93444 336
4.46521032871402e+003 1.73711500788755e+006 2.57046912500886e-003 1.20340637857365e-001 1.52314430784020e+000 8.61639967459824e-002 7.94107368894878e-005 94035 337
4.46419246315660e+003 1.73710747105700e+006 2.56989432710758e-003 4.60036268299245e-001 1.56609704443495e+000 8.61770593051467e-002 7.94110451402103e-005 94059 338
4.46556614354161e+003 1.73712049543754e+006 2.57066583385068e-003 5.75899404837774e-001 1.56427538819544e+000 8.66502821883749e-002 7.94113576287135e-005 94688 339
4.46591667701688e+003 1.73712774222897e+006 2.57085689761273e-003 9.61759025336261e-001 1.56389188161870e+000 8.67627911609007e-002 7.94114681138437e-005 94837 340
4.46593708808605e+003 1.73712289414507e+006 2.57087582235858e-003 7.29769626286746e-001 1.56446714148381e+000 8.71533404266241e-002 7.94116453295361e-005 95333 341
4.46367621372480e+003 1.73709825666621e+006 2.56961077025382e-003 3.48178493785893e-001 1.56590529114658e+000 8.75128940690030e-002 7.94122506925384e-005 95886 342
4.46368079246748e+003 1.73709569195308e+006 2.56961719995023e-003 7.43510649292830e-001 1.57060324671163e+000 8.79668653428932e-002 7.94122514467567e-005 96439 343
4.46568743646722e+003 1.73711930255155e+006 2.57073742284379e-003 6.28173764699214e-001 1.56485064806055e+000 8.80093879057621e-002 7.94124751464717e-005 96476 344
4.46628838071470e+003 1.73713683055450e+006 2.57105742099892e-003 3.73087752511814e-001 1.55794752967925e+000 8.85282681745672e-002 7.94147949645252e-005 96943 345
4.46432605060302e+003 1.73710456108571e+006 2.56997553399234e-003 4.28607332700224e-001 1.56628879772332e+000 8.85437887131212e-002 7.94151326073581e-005 96966 346
4.46477574710923e+003 1.73711689452709e+006 2.57021616088056e-003 8.36452590008445e-001 1.56609704443495e+000 8.91670225718309e-002 7.94152153397794e-005 97776 347
4.46420105236836e+003 1.73714217896802e+006 2.56984792554248e-003 4.06241625041386e-001 1.55746814645833e+000 8.93519628724318e-002 7.94172509308083e-005 98040 348
4.47210327259184e+003 1.73714015540370e+006 2.57439987153770e-003 3.47213698553551e-001 5.32115375225074e-003 8.93706961176229e-002 7.94172605112921e-005 98093 349
4.46370478977822e+003 1.73709485630314e+006 2.56963225062130e-003 4.24553500101173e-002 1.17712549897763e+000 8.94384969053474e-002 1.16371963103428e-004 98210 350
4.46669874938806e+003 1.73713842277399e+006 2.57129129544750e-003 2.95962606362776e-001 1.55487947706534e+000 8.94635213441766e-002 1.16377337264093e-004 98249 351
4.46419370652160e+003 1.73712624002706e+006 2.56986727628108e-003 9.30856341682155e-001 1.56417951155126e+000 8.97506275542180e-002 1.16377448405681e-004 98597 352
4.46711950240573e+003 1.73713430278438e+006 2.57153960318147e-003 4.31326301082279e-001 1.55967330927457e+000 9.01647616980881e-002 1.16378797488753e-004 99178 353
4.46546652979950e+003 1.73713165682084e+006 2.57059197350528e-003 6.44692228525677e-001 1.56216610202338e+000 9.05278584051456e-002 1.16379173784770e-004 99487 354
4.46692074428762e+003 1.73713597507202e+006 2.57142271127336e-003 5.77828995302458e-001 1.56082382900479e+000 9.05346360501985e-002 1.16379772621358e-004 99512 355
4.46553144982199e+003 1.73713959407303e+006 2.57061759968223e-003 8.33275843984250e-002 9.28565298928800e-002 9.07348182318425e-002 1.16531647110390e-004 99671 356
4.46367460161001e+003 1.73709512943496e+006 2.56961446816735e-003 6.81120557601379e-001 1.57050737006745e+000 9.08386735938181e-002 1.16531648821460e-004 99886 357
4.46377400293413e+003 1.73711185871404e+006 2.56964694336990e-003 9.56145671257181e-001 1.56743931745354e+000 9.10100395886190e-002 1.16531685406223e-004 100070 358
4.46550017775844e+003 1.73712575667695e+006 2.57062007425282e-003 7.20911051880697e-001 1.56379600497452e+000 9.10183953310994e-002 1.16531898214440e-004 100088 359
4.46401511956060e+003 1.73710040325980e+006 2.56980269221271e-003 2.37841002668959e-001 1.55938567934202e+000 9.10595205865996e-002 1.16537097279454e-004 100176 360
4.46379943747651e+003 1.73712030146969e+006 2.56964909611009e-003 7.28658649958595e-001 1.56504240134892e+000 9.13100554609255e-002 1.16537250677967e-004 100530 361
4.46468593359822e+003 1.73712880001432e+006 2.57014684393719e-003 2.45617836966019e-001 1.55372895733512e+000 9.17413697138059e-002 1.16546270844358e-004 101036 362
4.46514204872765e+003 1.73711219770068e+006 2.57043397698068e-003 4.46412190169809e-001 1.56485064806055e+000 9.18260974188608e-002 1.16546745110017e-004 101137 363
4.46436543790625e+003 1.73713269135598e+006 2.56995659085397e-003 5.83179223409082e-001 1.56159084215827e+000 9.24026406539132e-002 1.16547263574114e-004 101941 364
4.46456935061274e+003 1.73711508126669e+006 2.57010002886108e-003 7.87101852063192e-001 1.56638467436750e+000 9.26902585494354e-002 1.16547349325238e-004 102298 365
4.46491036226884e+003 1.73713956621944e+006 2.57026010863143e-003 7.94235489538691e-001 1.56091970564898e+000 9.27380819409522e-002 1.16547642338427e-004 102395 366
4.46401727740958e+003 1.73710696433772e+006 2.56979422827407e-003 9.95292968714937e-001 1.56858983718375e+000 9.30729556735165e-002 1.16547659801046e-004 102776 367
4.46682633639630e+003 1.73713945228705e+006 2.57136321770925e-003 8.66770549279314e-001 1.56111145893735e+000 9.33672815221330e-002 1.16547894338352e-004 103119 368
4.46367640160440e+003 1.73710001700370e+006 2.56960827443675e-003 1.86531438039860e-001 1.55238668431654e+000 9.40030426049272e-002 1.16566464702860e-004 103862 369
4.46390284141787e+003 1.73710359140140e+006 2.56973334098882e-003 5.55755649835239e-001 1.56791870067446e+000 9.40577518903006e-002 1.16566559734516e-004 103936 370
4.46514349614466e+003 1.73714039540187e+006 2.57039308644432e-003 9.34013853351638e-001 1.56101558229316e+000 9.44271074386207e-002 1.16566761777353e-004 104315 371
4.46614898062985e+003 1.73713586179908e+006 2.57097860825227e-003 8.06777827559137e-001 1.56178259544664e+000 9.47590654630036e-002 1.16567007516896e-004 104675 372
4.46539253459219e+003 1.73714103473923e+006 2.57053550059263e-003 4.42172938391336e-001 1.55833103625599e+000 9.50678893485013e-002 1.16568530865670e-004 104858 373
4.46381434512961e+003 1.73710545577801e+006 2.56967963864552e-003 8.98842681699896e-001 1.56878159047212e+000 9.51791857000379e-002 1.16568549841579e-004 105033 374
4.47261635234099e+003 1.73709474558666e+006 6.28060523746611e+000 7.80669883847579e-001 -1.57069912335582e+000 9.54413567495718e-002 1.16568550074826e-004 105406 375
4.46436196197097e+003 1.73711100003498e+006 2.56998668081113e-003 4.47757056251255e-001 1.56513827799310e+000 9.55544478431995e-002 1.16568986358983e-004 105587 376
4.46465192441988e+003 1.73712041933216e+006 2.57013966569866e-003 2.10125066903497e-001 1.55171554780725e+000 9.55581162180005e-002 1.16584086691924e-004 105605 377
4.46570888689828e+003 1.73711869696839e+006 2.57075066723393e-003 9.53689828847583e-001 1.56590529114658e+000 9.55695713528009e-002 1.16584152652497e-004 105628 378
4.46559729554100e+003 1.73713049009488e+006 2.57066897637946e-003 9.91141425593950e-001 1.56331662175359e+000 9.56353883963004e-002 1.16584269707248e-004 105715 379
4.46459335293930e+003 1.73711650892790e+006 2.57011173386299e-003 7.04801895122501e-001 1.56580941450240e+000 9.61914415186301e-002 1.16584401929662e-004 106246 380
4.46653398794014e+003 1.73713722071783e+006 2.57119822880096e-003 7.75904380124192e-001 1.56139908886990e+000 9.64574965027128e-002 1.16584687531947e-004 106530 381
4.46394575569071e+003 1.73714251869414e+006 2.56970046036354e-003 8.77587950369210e-001 1.56044032242805e+000 9.69741338432062e-002 1.16584940683293e-004 107118 382
4.46525535283634e+003 1.73712151554801e+006 2.57048541411585e-003 7.53772562218649e-001 1.56485064806055e+000 9.70040480697817e-002 1.16585090483448e-004 107164 383
4.46386170732137e+003 1.73710042346148e+006 2.56971434778645e-003 6.66707101554572e-001 1.56926097369304e+000 9.70267239591295e-002 1.16585114495183e-004 107215 384
4.46510608925261e+003 1.73713001210123e+006 2.57038691672864e-003 8.21045102510135e-001 1.56312486846522e+000 9.75022855511996e-002 1.16585298702291e-004 107839 385
4.46448405880186e+003 1.73713772858581e+006 2.57001742351300e-003 4.80969401219150e-001 1.55957743263039e+000 9.75169543938914e-002 1.16586374466660e-004 107875 386
4.46578489614741e+003 1.73714142481516e+006 2.57076078810073e-003 7.70057136291816e-001 1.56044032242805e+000 9.80188483706718e-002 1.16586711963090e-004 108491 387
4.46531375642756e+003 1.73712463521180e+006 2.57051441847707e-003 5.22484832429019e-001 1.56293311517685e+000 9.81302271859317e-002 1.16587229279583e-004 108636 388
4.46397740598959e+003 1.73710009545217e+006 2.56978143706416e-003 6.50334818823919e-001 1.56926097369304e+000 9.84744677715209e-002 1.16587254641338e-004 108967 389
4.46389213024475e+003 1.73709936715350e+006 2.56973342390895e-003 7.97802308276440e-001 1.56993211020234e+000 9.85917445033901e-002 1.16587261268074e-004 109090 390
4.46376558187686e+003 1.73709705015247e+006 2.56966400148752e-003 4.72549370100529e-001 1.56858983718375e+000 9.86478860125665e-002 1.16587351180066e-004 109195 391
4.46621795593195e+003 1.73713097423499e+006 2.57102554807128e-003 4.00394381209010e-001 1.55986506256294e+000 9.88489580062599e-002 1.16588898069767e-004 109424 392
4.46531903382288e+003 1.73713237359405e+006 2.57050600566103e-003 8.91942933977693e-001 1.56274136188849e+000 9.88645280354707e-002 1.16589063639161e-004 109486 393
4.46670533150808e+003 1.73712987227493e+006 2.57130774085200e-003 8.99398169863972e-001 1.56331662175359e+000 9.91750755205161e-002 1.16589208580755e-004 109834 394
4.46597742550514e+003 1.73713335115868e+006 2.57088356706481e-003 2.43045049679774e-001 1.55248256096072e+000 9.92685834209904e-002 1.16599499850541e-004 109959 395
4.46604775513800e+003 1.73713215256751e+006 2.57092582671251e-003 7.82014749929025e-001 1.56254960860012e+000 9.94292762849946e-002 1.16599729185022e-004 110191 396
4.46454716173135e+003 1.73712314782936e+006 2.57007532104658e-003 4.50329843537500e-001 1.56245373195593e+000 9.95186929932614e-002 1.16600515410346e-004 110347 397
4.46617818307439e+003 1.73712689682170e+006 2.57100868718036e-003 5.89903553816314e-001 1.56293311517685e+000 9.95437567082229e-002 1.16600911506120e-004 110385 398
4.46434520611041e+003 1.73710698298944e+006 2.56998297807902e-003 8.76213848068602e-001 1.56839808389538e+000 1.00271914801445e-001 1.16600937811116e-004 111268 399
4.46565263914222e+003 1.73713368774054e+006 2.57069610335509e-003 1.71094714322388e-001 1.54136087023530e+000 1.00530570028852e-001 1.16647146397309e-004 111556 400
4.46448417876156e+003 1.73712915241674e+006 2.57003018063343e-003 3.28473282070786e-001 1.55833103625599e+000 1.00838884739270e-001 1.16650075954552e-004 111907 401
4.46395791199039e+003 1.73712490063327e+006 2.56973352025418e-003 4.73134094483767e-001 1.56235785531175e+000 1.00900532971894e-001 1.16650793802645e-004 112014 402
4.46719122115387e+003 1.73713225362472e+006 2.57158392205569e-003 6.18681995336054e-002 1.39265619510483e+000 1.00971227184216e-001 1.22889803175568e-004 112160 403
4.46537574403201e+003 1.73714023526913e+006 2.57052701803509e-003 2.15387586352636e-001 1.54797635868404e+000 1.01048486428737e-001 1.22908639280048e-004 112182 404
4.46479203157941e+003 1.73711139012427e+006 2.57023367950691e-003 9.49713703041567e-001 1.56753519409772e+000 1.01190583092158e-001 1.22908674779653e-004 112344 405
4.46518285733727e+003 1.73714240607782e+006 2.57041276976311e-003 1.98284398142936e-001 1.54500418271432e+000 1.01357073891743e-001 1.22935949534508e-004 112657 406
4.46383050122557e+003 1.73710516645482e+006 2.56968936716066e-003 8.64197761993069e-001 1.56878159047212e+000 1.01366743401956e-001 1.22935970224380e-004 112664 407
4.46460598951443e+003 1.73712561635997e+006 2.57010553366469e-003 6.86558494365488e-001 1.56370012833033e+000 1.01804752326580e-001 1.22936212209894e-004 112951 408
4.46614297806668e+003 1.73713954402663e+006 2.57096970314727e-003 6.99217777262582e-001 1.56063207571642e+000 1.02008264210433e-001 1.22936617639977e-004 113217 409
4.46576752704768e+003 1.73714222544348e+006 2.57074960467575e-003 8.81515605601352e-002 1.47846579165014e+000 1.02353530402279e-001 1.24054849653956e-004 113818 410
4.46525734452081e+003 1.73711878762662e+006 2.57049059725164e-003 9.06502571120309e-001 1.56580941450240e+000 1.02470158843192e-001 1.24054925658705e-004 113923 411
4.46374269848407e+003 1.73709737111679e+006 2.56965035342788e-003 9.65998277114734e-001 1.57069912335582e+000 1.02480411155686e-001 1.24054925804686e-004 113937 412
4.46516256364286e+003 1.73713073622927e+006 2.57041835520068e-003 6.62526322214423e-001 1.56245373195593e+000 1.02787558553877e-001 1.24055262058895e-004 114210 413
4.46406946809955e+003 1.73712475773694e+006 2.56979795004015e-003 2.75234126977003e-001 1.55679700994903e+000 1.02977097860256e-001 1.24060433675395e-004 114459 414
4.46392060571612e+003 1.73710027978437e+006 2.56974846626194e-003 2.84765134423776e-001 1.56283723853267e+000 1.03430680788821e-001 1.24062437215315e-004 115007 415
4.46386391309484e+003 1.73709796496665e+006 2.56971925445303e-003 1.84718792451824e-001 1.55248256096072e+000 1.03751435286444e-001 1.24081258770317e-004 115448 416
4.46614786988208e+003 1.73712749863861e+006 2.57099034640707e-003 1.11891370519581e-001 1.51336489013337e+000 1.04382093732150e-001 1.24406753225246e-004 116085 417
4.46542740283311e+003 1.73712088414974e+006 2.57058539095363e-003 9.60969647418891e-001 1.56542590792566e+000 1.04570754910753e-001 1.24406828210728e-004 116293 418
4.46432930195114e+003 1.73713338171740e+006 2.56993476759739e-003 8.16221126348424e-001 1.56235785531175e+000 1.04787163316085e-001 1.24407044492869e-004 116595 419
4.46529137413336e+003 1.73713245811012e+006 2.57048995809095e-003 2.94179196993901e-001 1.55612587343974e+000 1.04907066112137e-001 1.24411846546519e-004 116718 420
4.46541627315252e+003 1.73712237868310e+006 2.57057677243836e-003 6.51416558932909e-001 1.56427538819544e+000 1.05061678934050e-001 1.24412084837323e-004 116936 421
4.46533655366288e+003 1.73711807193009e+006 2.57053725401211e-003 2.65469229776935e-001 1.55765989974670e+000 1.05461595888470e-001 1.24417160142776e-004 117286 422
4.46589139463636e+003 1.73713451121399e+006 2.57083232598153e-003 8.42416778717469e-001 1.56216610202338e+000 1.05857597719264e-001 1.24417369046201e-004 117849 423
4.46548958641332e+003 1.73712509777966e+006 2.57061495227972e-003 6.19753733580593e-001 1.56350837504196e+000 1.05891174824293e-001 1.24417684935732e-004 117889 424
4.46565687690223e+003 1.73713346429118e+006 2.57069887352214e-003 8.68583194867351e-001 1.56245373195593e+000 1.06032499542845e-001 1.24417870258808e-004 118052 425
4.46458517739740e+003 1.73712219718532e+006 2.57009861165391e-003 5.75636278865317e-001 1.56389188161870e+000 1.06048328797498e-001 1.24418212020737e-004 118087 426
4.46636218030804e+003 1.73714283143107e+006 2.57109102248187e-003 1.37853133135331e-001 1.52745875682852e+000 1.06190097137607e-001 1.24552422839409e-004 118242 427
4.46373247596524e+003 1.73709586029196e+006 2.56964670355626e-003 6.32617670011820e-001 1.57012386349071e+000 1.06529474251612e-001 1.24552430316321e-004 118736 428
4.46535853259343e+003 1.73714303863179e+006 2.57051296196025e-003 6.18058032869204e-001 1.55948155598621e+000 1.06609094223997e-001 1.24553058122613e-004 118843 429
4.46790453494382e+003 1.73714342808437e+006 2.57197800185758e-003 8.86193400667253e-002 1.47904105151524e+000 1.07200238125087e-001 1.25648196693949e-004 119436 430
4.46444891923133e+003 1.73710654957858e+006 2.57004332342143e-003 2.16352381584978e-001 1.55564649021882e+000 1.07380657213589e-001 1.25658118127860e-004 119733 431
4.46644458217243e+003 1.73713620907700e+006 2.57114825916787e-003 7.63595931857041e-001 1.56159084215827e+000 1.07484262373361e-001 1.25658404666535e-004 119807 432
4.46399578021618e+003 1.73713722009408e+006 2.56973709532218e-003 3.98523263182650e-001 1.55842691290017e+000 1.07761550019102e-001 1.25660296668925e-004 119956 433
4.46506964178504e+003 1.73712432283606e+006 2.57037435362182e-003 1.08646150192613e-001 1.51096797402875e+000 1.07841171509818e-001 1.26029658761386e-004 120038 434
4.46463145949748e+003 1.73711143166794e+006 2.57014118239086e-003 3.68059122815971e-001 1.56350837504196e+000 1.07885528906636e-001 1.26030652789519e-004 120085 435
4.46384709480991e+003 1.73711215754036e+006 2.56968857771001e-003 9.36966711486988e-001 1.56734344080935e+000 1.08494974615299e-001 1.26030692750403e-004 120773 436
4.46371493962161e+003 1.73709581999138e+006 2.56963666803039e-003 1.59751061287578e-001 1.54663408566546e+000 1.09027501644790e-001 1.26070381140461e-004 121366 437
4.46404265561201e+003 1.73710826002891e+006 2.56980692085648e-003 4.05013703836587e-001 1.56504240134892e+000 1.09197302922469e-001 1.26070939534593e-004 121552 438
4.46464390926293e+003 1.73710851309739e+006 2.57015266744685e-003 5.27464991550989e-002 1.32956936323130e+000 1.09774109372241e-001 1.39298867020994e-004 122164 439
4.46382305556408e+003 1.73713794054243e+006 2.56963659963778e-003 8.02684756876474e-001 1.56130321222571e+000 1.09886789923029e-001 1.39299136275421e-004 122332 440
4.46403225207595e+003 1.73710079929250e+006 2.56981196898052e-003 7.74062498316994e-001 1.56954860362560e+000 1.09929799926439e-001 1.39299148803218e-004 122374 441
4.46393914475264e+003 1.73710302683721e+006 2.56975507479935e-003 3.69403988897418e-001 1.56542590792566e+000 1.10767533191655e-001 1.39299763180265e-004 123082 442
4.46641953635956e+003 1.73713856267214e+006 2.57113035785398e-003 5.07311234684004e-001 1.55967330927457e+000 1.11684231611184e-001 1.39300707258330e-004 123950 443
4.46405940526660e+003 1.73713100954653e+006 2.56978290881236e-003 5.11141179394210e-001 1.56139908886990e+000 1.12168115109757e-001 1.39301422659770e-004 124537 444
4.46385289600904e+003 1.73710799216847e+006 2.56969807903195e-003 8.45603526606113e-001 1.56811045396283e+000 1.12750846648259e-001 1.39301456572767e-004 125021 445
4.46367529193472e+003 1.73709626783253e+006 2.56961318158936e-003 5.30437084041051e-001 1.56935685033723e+000 1.12784849809666e-001 1.39301492498173e-004 125065 446
4.46627311080969e+003 1.73713613911596e+006 2.57104965414436e-003 5.55931067150210e-001 1.56063207571642e+000 1.12905880872464e-001 1.39302163953784e-004 125226 447
4.46556660534433e+003 1.73712143528709e+006 2.57066470886956e-003 5.39558784419557e-001 1.56379600497452e+000 1.13126818733937e-001 1.39302566525082e-004 125487 448
4.46784573388031e+003 1.73714188112603e+006 2.57194644315196e-003 5.74583774975489e-001 1.55948155598621e+000 1.13389332772844e-001 1.39303303601705e-004 125798 449
4.46388924865283e+003 1.73709979317408e+006 2.56973113484794e-003 4.75823826646660e-001 1.56801457731864e+000 1.13861465803173e-001 1.39303430481482e-004 126296 450
4.46415450367657e+003 1.73710502932140e+006 2.56987608741916e-003 3.15112329913807e-001 1.56322074510941e+000 1.14162929933194e-001 1.39304915838325e-004 126675 451
4.46416381028840e+003 1.73711502497860e+006 2.56986665745239e-003 7.82424056997292e-001 1.56638467436750e+000 1.14377128241037e-001 1.39305002721373e-004 126892 452
4.46434988581362e+003 1.73712347851718e+006 2.56996126783964e-003 9.04631453093948e-001 1.56475477141636e+000 1.14670211507080e-001 1.39305105516021e-004 127196 453
4.46446976400979e+003 1.73711022220517e+006 2.57004988942556e-003 1.59663352630093e-001 1.54337427976318e+000 1.14834260539044e-001 1.39353366631397e-004 127387 454
4.46383450979732e+003 1.73710064863067e+006 2.56969835794589e-003 8.86475760994421e-001 1.56983623355815e+000 1.15036950160687e-001 1.39353372819657e-004 127643 455
4.46532221100889e+003 1.73711405065331e+006 2.57053494802480e-003 3.08504944383222e-001 1.56091970564898e+000 1.15513029567952e-001 1.39355719202762e-004 128135 456
4.46543523860303e+003 1.73712667726732e+006 2.57058132911992e-003 2.71404182266797e-001 1.55612587343974e+000 1.15513140165019e-001 1.39361452664744e-004 128137 457
4.46651281507192e+003 1.73713414859587e+006 2.57119058763605e-003 3.50897462167948e-001 1.55794752967925e+000 1.15560672003274e-001 1.39364107524643e-004 128234 458
4.46478180180020e+003 1.73712703180891e+006 2.57020464747970e-003 3.69725587308198e-001 1.56005681585131e+000 1.15874512125185e-001 1.39365901065992e-004 128691 459
4.46684443801922e+003 1.73712848741534e+006 2.57138986861452e-003 6.78957077383399e-001 1.56302899182104e+000 1.16039889209534e-001 1.39366186308627e-004 128848 460
4.46583340980751e+003 1.73712706931490e+006 2.57080995994057e-003 9.91696913758026e-001 1.56408363490707e+000 1.16270473732945e-001 1.39366285178701e-004 128999 461
4.46369409278729e+003 1.73709505024490e+006 2.56962580579429e-003 2.20328507390993e-001 1.55871454283273e+000 1.16359105696217e-001 1.39373005211633e-004 129084 462
4.46372683102074e+003 1.73710078195797e+006 2.56963617348538e-003 1.51740337237223e-001 1.54279901989807e+000 1.16366173203861e-001 1.39428731510688e-004 129109 463
4.46378273971039e+003 1.73711450340690e+006 2.56964806063740e-003 5.70734595910571e-002 2.02155904263436e-001 1.16919706319552e-001 1.41432221618824e-004 129696 464
4.46373614115812e+003 1.73709613200034e+006 2.56964841156606e-003 7.77336954863124e-001 1.57060324671163e+000 1.17036209841516e-001 1.41432222302717e-004 129771 465
4.46652339205898e+003 1.73712699766416e+006 2.57120726070856e-003 6.11665302737203e-002 1.38977989577929e+000 1.17469063297115e-001 1.47971289508396e-004 130338 466
4.46632681817134e+003 1.73713595545699e+006 2.57108084295300e-003 9.73541221658499e-001 1.56207022537919e+000 1.17797958375137e-001 1.47971444088316e-004 130641 467
4.46463057487642e+003 1.73710834239898e+006 2.57014524385729e-003 6.35775181681303e-001 1.56734344080935e+000 1.17848428852341e-001 1.47971537879149e-004 130723 468
4.46557287845470e+003 1.73713977864023e+006 2.57064117516524e-003 3.89196909270010e-001 1.55765989974670e+000 1.17956829308623e-001 1.47973725241640e-004 130909 469
4.46387212508310e+003 1.73710040484412e+006 2.56972037250098e-003 9.72050174481243e-001 1.57002798684652e+000 1.18034969915082e-001 1.47973728816270e-004 130972 470
4.46393159353230e+003 1.73712232156782e+006 2.56972218495424e-003 7.84207466366166e-001 1.56475477141636e+000 1.18371533171495e-001 1.47973869570050e-004 131430 471
4.46368740503032e+003 1.73709592662704e+006 2.56962065945957e-003 1.54049998551012e-001 1.54471655278176e+000 1.18585299926716e-001 1.48022212843045e-004 131763 472
4.46386874195383e+003 1.73710189917028e+006 2.56971621437391e-003 5.43885744855515e-001 1.56820633060701e+000 1.19010623365980e-001 1.48022297471199e-004 132239 473
4.46389430912842e+003 1.73709915963476e+006 2.56973498521002e-003 8.62502061281680e-001 1.57012386349071e+000 1.19819721242610e-001 1.48022301251800e-004 133298 474
4.46487079914231e+003 1.73712679033972e+006 2.57025623690724e-003 5.45698390443552e-001 1.56264548524430e+000 1.19994484530012e-001 1.48022798281951e-004 133441 475
4.46369931695827e+003 1.73709629124174e+006 2.56962697743516e-003 7.90756379458427e-001 1.57060324671163e+000 1.20289808309899e-001 1.48022798940571e-004 133724 476
4.46700381806305e+003 1.73713838805477e+006 2.57146696132009e-003 4.34600757628409e-001 1.55881041947691e+000 1.20590652334504e-001 1.48024288231218e-004 134015 477
4.46599083580675e+003 1.73714025121101e+006 2.57088107507258e-003 9.76143245163906e-001 1.56111145893735e+000 1.20797211206705e-001 1.48024468811878e-004 134219 478
4.46499652425882e+003 1.73711496358428e+006 2.57034611117996e-003 5.77068853604249e-001 1.56552178456984e+000 1.20835768988675e-001 1.48024692740273e-004 134304 479
4.46408949443782e+003 1.73712502329302e+006 2.56980908555619e-003 1.23351968431038e-001 1.52304843119602e+000 1.21169249670009e-001 1.48223282995124e-004 134693 480
4.46687541823556e+003 1.73713445716353e+006 2.57139886591987e-003 8.83639847735719e-001 1.56226197866756e+000 1.21577953411938e-001 1.48223467831898e-004 135035 481
4.46677973376041e+003 1.73714176825673e+006 2.57133296255004e-003 1.97436547787241e-001 1.54500418271432e+000 1.21763711626715e-001 1.48251000927593e-004 135232 482
4.46618573102742e+003 1.73713212776425e+006 2.57100529029635e-003 2.59826639478693e-001 1.55411246391186e+000 1.22128175066344e-001 1.48258696834690e-004 135584 483
4.46559234147947e+003 1.73712004433140e+006 2.57068158256238e-003 2.34800435876124e-001 1.55468772377697e+000 1.22165507625910e-001 1.48267806836162e-004 135653 484
4.46727733412075e+003 1.73713821735977e+006 2.57162466505422e-003 9.26412436369549e-001 1.56149496551408e+000 1.22419215136018e-001 1.48267997153205e-004 135873 485
4.46490760546948e+003 1.73711129875665e+006 2.57030034648544e-003 6.75945746809726e-001 1.56686405758843e+000 1.22419215136018e-001 1.48268097433173e-004 135873 486
4.46757472225337e+003 1.73714284193410e+006 2.57178901167093e-003 1.71825619801435e-001 2.17160599078341e-002 1.22452198700761e-001 1.48269220157620e-004 135933 487
4.46732938789444e+003 1.73714343093353e+006 2.57164691199883e-003 3.03388606029893e-001 1.55411246391186e+000 1.22500884163769e-001 1.48274692402428e-004 135983 488
4.46413420220301e+003 1.73711959041338e+006 2.56984285920784e-003 2.58130938767304e-001 1.55679700994903e+000 1.22550552889951e-001 1.48280647970588e-004 136027 489
4.46496651118394e+003 1.73711134084038e+006 2.57033419414769e-003 6.78226171904352e-001 1.56686405758843e+000 1.23323988375243e-001 1.48280747510267e-004 136967 490
4.46800207285615e+003 1.73714259294099e+006 2.57203538645481e-003 6.76910542042068e-001 1.55986506256294e+000 1.23596549383233e-001 1.48281234773991e-004 137197 491
4.46544636178158e+003 1.73712089099883e+006 2.57059629475266e-003 9.62022151308718e-001 1.56542590792566e+000 1.23650978908483e-001 1.48281309579107e-004 137257 492
4.46434993462219e+003 1.73711888498403e+006 2.56996809175864e-003 6.84463488450283e-002 1.42803467680898e+000 1.24028634085656e-001 1.51950431458662e-004 137812 493
4.46430454695232e+003 1.73712744094733e+006 2.56992930598830e-003 3.52008438496099e-001 1.55948155598621e+000 1.24172792557474e-001 1.51952597532520e-004 137956 494
4.46392040081552e+003 1.73710851081527e+006 2.56973617198957e-003 3.84694531519081e-001 1.56456301812799e+000 1.24572502327334e-001 1.51953305450254e-004 138429 495
4.46454615614734e+003 1.73710767827164e+006 2.57009762949446e-003 5.76805727631792e-001 1.56715168752098e+000 1.24717748313482e-001 1.51953431801532e-004 138600 496
4.46602714760633e+003 1.73713554038404e+006 2.57090894997411e-003 9.76026300287259e-001 1.56216610202338e+000 1.25468271490716e-001 1.51953582910289e-004 139265 497
4.46409035669929e+003 1.73710145949754e+006 2.56984444126012e-003 7.93621528936291e-001 1.56945272698141e+000 1.26104302486609e-001 1.51953596213667e-004 140028 498
4.46462425673999e+003 1.73711185296001e+006 2.57013641270074e-003 2.00418642141753e-001 1.55219493102817e+000 1.26283503260819e-001 1.51969708099719e-004 140271 499
4.46403551944350e+003 1.73712660553867e+006 2.56977567366263e-003 7.50673522987490e-001 1.56370012833033e+000 1.26621211812389e-001 1.51969906932301e-004 140562 500
4.46613077249422e+003 1.73714010665537e+006 2.57096184426082e-003 3.27362305742635e-001 1.55583824350719e+000 1.26774801878274e-001 1.51973818293272e-004 140688 501
4.46428671651621e+003 1.73710786292572e+006 2.56994800580097e-003 7.92159717978198e-001 1.56801457731864e+000 1.27634345459565e-001 1.51973859634746e-004 141553 502
4.46503672871529e+003 1.73711079423709e+006 2.57037542468669e-003 8.71302163249406e-001 1.56753519409772e+000 1.27760209454400e-001 1.51973902544510e-004 141647 503
4.46397017351582e+003 1.73711689183867e+006 2.56975242619076e-003 8.80053794643258e-002 1.48393076036866e+000 1.27792726761610e-001 1.52999414037986e-004 141709 504
4.46398179317912e+003 1.73710039217010e+006 2.56978352368144e-003 9.03735132164381e-002 1.49198439848018e+000 1.28004449692570e-001 1.53836559072276e-004 142035 505
4.46388114314271e+003 1.73710696218862e+006 2.56971586358603e-003 6.72963652455214e-001 1.56782282403027e+000 1.28285243787164e-001 1.53836624705031e-004 142316 506
4.46405595799981e+003 1.73710116378949e+006 2.56982507649733e-003 4.07118711616242e-001 1.56667230430006e+000 1.28321388659662e-001 1.53836954093335e-004 142362 507
4.46374679253560e+003 1.73710599748004e+006 2.56963994956345e-003 7.45995727921590e-001 1.56830220725120e+000 1.28463217822050e-001 1.53836993921026e-004 142413 508
4.46686761796477e+003 1.73713702876159e+006 2.57139056905314e-003 7.95726536715947e-001 1.56149496551408e+000 1.28887947877445e-001 1.53837259850734e-004 142930 509
4.46438625999753e+003 1.73710640324028e+006 2.57000746912620e-003 1.19668204816641e-001 1.52458245750298e+000 1.28907804996033e-001 1.54039276647878e-004 142970 510
4.46368294928834e+003 1.73709976269355e+006 2.56961241991845e-003 6.16537749472786e-001 1.56916509704886e+000 1.28920197542617e-001 1.54039307981991e-004 142988 511
4.46400018398447e+003 1.73712088869813e+006 2.56976378946232e-003 4.95441329704281e-001 1.56350837504196e+000 1.29093351538599e-001 1.54039824915226e-004 143174 512
4.46409953266858e+003 1.73710541001664e+006 2.56984387925267e-003 4.22730852648686e-001 1.56600116779077e+000 1.29324839902545e-001 1.54040208011246e-004 143475 513
4.46561887739711e+003 1.73712968864369e+006 2.57068258616938e-003 6.14842048761397e-001 1.56245373195593e+000 1.29445297682221e-001 1.54040604321033e-004 143607 514
4.46567455135808e+003 1.73714048791331e+006 2.57069865408168e-003 3.32449407876802e-001 1.55593412015137e+000 1.29594690398760e-001 1.54044347871805e-004 143795 515
4.46586509426015e+003 1.73714183445348e+006 2.57080634828681e-003 3.01897558852637e-001 1.55440009384442e+000 1.29838484175391e-001 1.54049733330835e-004 144004 516
4.46484163105865e+003 1.73711262424312e+006 2.57026040615150e-003 5.84933396558794e-001 1.56609704443495e+000 1.29975760407425e-001 1.54049915054941e-004 144198 517
4.46478039141837e+003 1.73712004734361e+006 2.57021416959283e-003 9.64390285060830e-001 1.56561766121403e+000 1.30065583774800e-001 1.54049985378727e-004 144275 518
4.46383086795329e+003 1.73709883292064e+006 2.56969894742679e-003 6.87971834749709e-002 1.43407490539262e+000 1.30242902121825e-001 1.57461967186239e-004 144589 519
4.46722580171260e+003 1.73713781503782e+006 2.57159559571359e-003 2.57604686822390e-001 1.55267431424909e+000 1.30392518272738e-001 1.57470876327262e-004 144797 520
4.46367251841618e+003 1.73709862368139e+006 2.56960810007369e-003 9.00801508383742e-001 1.57031561677908e+000 1.30416320396847e-001 1.57470878367051e-004 144843 521
4.46615685332002e+003 1.73713311189672e+006 2.57098721009574e-003 3.59551383039864e-001 1.55842691290017e+000 1.30462525873005e-001 1.57473251082465e-004 144922 522
4.46640463102962e+003 1.73713023633866e+006 2.57113410124805e-003 5.03042746686370e-001 1.56149496551408e+000 1.30465248808277e-001 1.57473980399820e-004 144936 523
4.46475620879067e+003 1.73713756066756e+006 2.57017433667190e-003 8.98667264384925e-001 1.56159084215827e+000 1.30725582061147e-001 1.57474180646606e-004 145257 524
4.46371398320813e+003 1.73710008195555e+006 2.56962981289379e-003 8.24553448809560e-001 1.56983623355815e+000 1.30917434775281e-001 1.57474187903558e-004 145562 525
4.46371501990732e+003 1.73709657024588e+006 2.56963560442355e-003 1.28468306784367e-001 1.53273197225867e+000 1.31315908125669e-001 1.57602799626770e-004 145930 526
4.46374468763493e+003 1.73710547879811e+006 2.56963950510752e-003 1.82204477603902e-001 1.55027739814447e+000 1.31513100605551e-001 1.57625910376650e-004 146117 527
4.46408303182560e+003 1.73711006758474e+006 2.56982749001822e-003 4.46558371265618e-001 1.56533003128147e+000 1.31680173487321e-001 1.57626326401935e-004 146310 528
4.46388274440302e+003 1.73710229116762e+006 2.56972369524554e-003 4.15626451392349e-001 1.56657642765587e+000 1.31746281767964e-001 1.57626652560384e-004 146431 529
4.46766038583431e+003 1.73713798182410e+006 2.57184551963849e-003 9.53952954820040e-001 1.56159084215827e+000 1.31832381397586e-001 1.57626828160127e-004 146553 530
4.47255213458476e+003 1.73714062680793e+006 2.57465756250023e-003 1.83637052342834e-001 1.90315138706626e-002 1.31855275389681e-001 1.57627545504654e-004 146571 531
4.46406334859565e+003 1.73710776093107e+006 2.56981957143978e-003 3.04821180768825e-001 1.56216610202338e+000 1.32197596781331e-001 1.57629500769841e-004 146869 532
4.46403736551750e+003 1.73711028053172e+006 2.56980088650222e-003 2.19217531062842e-001 1.55516710699789e+000 1.32200520409422e-001 1.57639613889329e-004 146877 533
4.46438104905450e+003 1.73712744581581e+006 2.56997333792476e-003 2.43249703213907e-001 1.55382483397931e+000 1.32619018148287e-001 1.57648748671346e-004 147277 534
4.46454581030899e+003 1.73713111779919e+006 2.57006275161774e-003 4.92966252939971e-002 1.28565786019471e+000 1.32866736549775e-001 1.76493905148059e-004 147521 535
4.46561335600822e+003 1.73713799858121e+006 2.57066711044437e-003 6.22063394894382e-001 1.56063207571642e+000 1.33235187173431e-001 1.76494429505171e-004 147930 536
4.46802241129094e+003 1.73714397313497e+006 2.57204505082828e-003 5.34851753134495e-001 1.55871454283273e+000 1.33268119910923e-001 1.76495384527207e-004 148033 537
4.46428801307440e+003 1.73710337870770e+006 2.56995538630934e-003 7.74998057330174e-001 1.56897334376049e+000 1.33325067999230e-001 1.76495407039007e-004 148067 538
4.46383646202485e+003 1.73709839280635e+006 2.56970281881995e-003 4.51440819865652e-001 1.56801457731864e+000 1.33325308462453e-001 1.76495549485643e-004 148070 539
4.46593790755863e+003 1.73713132379800e+006 2.57086381864421e-003 5.65959090322735e-001 1.56178259544664e+000 1.33529894007681e-001 1.76496085537319e-004 148227 540
4.46391620987242e+003 1.73709905537844e+006 2.56974774700921e-003 4.35448607984104e-001 1.56763107074190e+000 1.33620891331457e-001 1.76496273970350e-004 148330 541
4.46391085681856e+003 1.73710649162342e+006 2.56973366485115e-003 7.21027996757344e-001 1.56811045396283e+000 1.33740622914040e-001 1.76496322125020e-004 148433 542
4.46529269442675e+003 1.73712176489231e+006 2.57050654125349e-003 1.05371693646482e-001 1.50809167470321e+000 1.33766790872670e-001 1.76920361100952e-004 148479 543
4.46383914054912e+003 1.73710833374040e+006 2.56968965520386e-003 1.20896126021440e-001 1.52506184072390e+000 1.34574700192015e-001 1.77114786083002e-004 149425 544
4.47262013944199e+003 1.73709480954761e+006 6.28060523538080e+000 7.86458655241631e-001 -1.57069912335582e+000 1.34804448020585e-001 1.77114786312489e-004 149621 545
4.46645297259652e+003 1.73713517555165e+006 2.57115461889391e-003 9.21237625577896e-001 1.56216610202338e+000 1.34944488423896e-001 1.77114957900646e-004 149795 546
4.46390592452500e+003 1.73710979914332e+006 2.56972593265781e-003 5.76162530810230e-001 1.56667230430006e+000 1.34956125593124e-001 1.77115111325418e-004 149814 547
4.46440738870778e+003 1.73711191814346e+006 2.57001147306554e-003 8.10403118735210e-001 1.56715168752098e+000 1.34958150650851e-001 1.77115171125566e-004 149825 548
4.46446742349005e+003 1.73710842926348e+006 2.57005119471254e-003 5.13597021803808e-001 1.56648055101169e+000 1.35353094576038e-001 1.77115383127009e-004 150237 549
4.47256601863233e+003 1.73709634280161e+006 6.28060526880911e+000 9.88480929650219e-001 -1.57069912335582e+000 1.36073024946558e-001 1.77115383265785e-004 151060 550
4.46481782043445e+003 1.73711239451014e+006 2.57024703914312e-003 1.59692588849255e-001 1.54289489654225e+000 1.36106078042425e-001 1.77164924925293e-004 151096 551
4.46441203643074e+003 1.73711063010026e+006 2.57001605421503e-003 4.70444362320874e-001 1.56552178456984e+000 1.36177552362869e-001 1.77165275912892e-004 151161 552
4.46503140609176e+003 1.73714372037229e+006 2.57032364155368e-003 6.93516714526015e-001 1.55967330927457e+000 1.36297514352279e-001 1.77165750467846e-004 151298 553
4.46379478782403e+003 1.73710463121843e+006 2.56966959991124e-003 2.11586877861591e-001 1.55545473693045e+000 1.36409560950505e-001 1.77176374416245e-004 151420 554
4.46399737316872e+003 1.73711350372183e+006 2.56977309614488e-003 4.06270861260548e-001 1.56389188161870e+000 1.36725456522750e-001 1.77177110038979e-004 151765 555
4.46399143296219e+003 1.73712905931053e+006 2.56974666499148e-003 3.20257904486298e-001 1.55804340632344e+000 1.37329682596974e-001 1.77180318614206e-004 152373 556
4.46423663718520e+003 1.73711985745577e+006 2.56990143205259e-003 1.42618636858717e-001 1.53484125843074e+000 1.37425852630144e-001 1.77273996770726e-004 152556 557
4.46490749466189e+003 1.73711202013906e+006 2.57029921531593e-003 7.48129971920407e-001 1.56695993423261e+000 1.37905386530526e-001 1.77274073974955e-004 153158 558
4.46503650706922e+003 1.73711827799879e+006 2.57036422358584e-003 1.39548833846720e-001 1.53378661534471e+000 1.38129333416061e-001 1.77376782362681e-004 153387 559
4.46431830943852e+003 1.73710916223000e+006 2.56996427051508e-003 1.76854249497278e-001 1.54826398861660e+000 1.38162370677302e-001 1.77405282674849e-004 153418 560
4.46381347157846e+003 1.73709992907536e+006 2.56968731134594e-003 9.03578949204121e-001 1.57002798684652e+000 1.38205665982317e-001 1.77405286872640e-004 153458 561
4.46531494183294e+003 1.73712054228131e+006 2.57052115738075e-003 9.74710670424974e-001 1.56552178456984e+000 1.38322260751583e-001 1.77405357550498e-004 153612 562
4.46502032253729e+003 1.73711536437076e+006 2.57035921794666e-003 9.68366410866846e-001 1.56667230430006e+000 1.38359918632111e-001 1.77405406506634e-004 153651 563
4.46542007780293e+003 1.73714183193958e+006 2.57055017631197e-003 6.21274016977011e-001 1.55976918591876e+000 1.38967171393030e-001 1.77406002957700e-004 154269 564
4.46445516680065e+003 1.73714403587114e+006 2.56999146045453e-003 9.67284670757857e-001 1.56024856913968e+000 1.39360548674641e-001 1.77406213202404e-004 154744 565
4.46710123268116e+003 1.73713490341831e+006 2.57152819695686e-003 7.30588240423279e-001 1.56178259544664e+000 1.39748422559354e-001 1.77406518873134e-004 155239 566
4.46620579482868e+003 1.73713327760226e+006 2.57101513838475e-003 8.97176217207669e-001 1.56254960860012e+000 1.39759237571222e-001 1.77406688389323e-004 155247 567
