4.23130765754630e+005 1.68478608831311e+006 2.46058902515519e-001 6.37120047762750e-001 1.54251138996551e+000 5.68161613635385e-006 2.40993212037092e-009 23 1
4.23128500224148e+005 1.68477908327966e+006 2.46058619870848e-001 4.88395400886268e-001 1.43196561922056e+000 9.58910663623014e-003 4.91647420112655e-008 10295 2
4.23141238771032e+005 1.68479831930950e+006 6.03711696519054e+000 9.31558010942040e-001 -1.51844635227515e+000 1.47483259858228e-001 5.18365516469959e-008 160100 3
4.23148977143884e+005 1.68482476124956e+006 2.46063647513846e-001 4.53516591426145e-001 1.38642421323283e+000 1.69408335368021e-001 1.33532688438343e-007 184720 4
4.23137434991338e+005 1.68477784049891e+006 6.03711621729180e+000 9.50152246328995e-001 -1.51566592959380e+000 1.79406181675834e-001 1.36299146757677e-007 195557 5
4.23129242198155e+005 1.68478180085874e+006 2.46058653069311e-001 3.47856895375112e-001 6.08097615741447e-001 1.86812327494908e-001 4.65559478430742e-007 203978 6
4.23129594163949e+005 1.68478284766648e+006 2.46058702795609e-001 6.28319945795024e-001 1.53819694097720e+000 1.97381892593987e-001 4.68648071040615e-007 215853 7
4.23138824289185e+005 1.68478387786722e+006 6.03711628820349e+000 9.66816891251267e-001 -1.51336489013337e+000 2.00775965224936e-001 4.71480368059939e-007 219398 8
4.23140880422919e+005 1.68481538346160e+006 2.46060441943457e-001 3.53967265179945e-001 1.12084590884121e+000 2.07365252250505e-001 8.61321210510006e-007 227498 9
4.23131238910586e+005 1.68478903891253e+006 2.46058752949490e-001 4.19514868540879e-001 1.32765183034761e+000 2.15265864610392e-001 1.00083635334795e-006 236468 10
4.23143257619029e+005 1.68482390491247e+006 2.46060574284907e-001 3.46979808800256e-001 1.07990658177435e+000 2.48737592388227e-001 1.43394950466138e-006 274634 11
4.23135365696690e+005 1.68480276073971e+006 2.46059132932998e-001 3.43529934939154e-001 6.37723498794519e-001 2.96657422964219e-001 1.79600877137791e-006 327817 12
4.23141036833667e+005 1.68481833933707e+006 2.46060114792690e-001 4.97517101264774e-001 1.44193679021577e+000 3.22166815867515e-001 1.83636617066367e-006 356819 13
4.23143507908309e+005 1.68482259219244e+006 2.46060898097268e-001 6.05954238136186e-001 1.52621236045412e+000 3.56186560889176e-001 1.84175965891701e-006 394945 14
4.23146149199632e+005 1.68482245127320e+006 2.46062392536252e-001 5.58591563093941e-001 1.97841455275124e-001 3.85665822857680e-001 1.85439716812870e-006 426906 15
4.23142941080298e+005 1.68480102732354e+006 6.03711639448009e+000 9.32873640804324e-001 -1.51825459898679e+000 3.86912915581889e-001 1.85707548018374e-006 428356 16
4.23139431969908e+005 1.68481405996654e+006 2.46059818825419e-001 5.11404305366667e-001 1.45612653355510e+000 4.14114117059790e-001 1.88917640534187e-006 457227 17
4.23142809982369e+005 1.68480761258169e+006 6.03711739108799e+000 8.34172164913819e-001 -1.53589590151677e+000 4.28032984286613e-001 1.89101423102713e-006 472199 18
4.23135538183587e+005 1.68480679308652e+006 2.46058663812803e-001 4.41822103761393e-001 1.36820765083773e+000 4.32686547451881e-001 1.98923680965373e-006 477170 19
4.23142781025307e+005 1.68479934102951e+006 6.03711624738227e+000 9.97573393809564e-001 -1.50943394772179e+000 4.54402849226617e-001 1.99215808333187e-006 501062 20
4.23141624769015e+005 1.68482620203887e+006 2.46059340531780e-001 6.62555558433585e-001 1.55392071062349e+000 4.64541632247949e-001 1.99315700086852e-006 512265 21
4.23132151889399e+005 1.68479305221382e+006 2.46058699934346e-001 4.35331663107456e-001 1.35727771340068e+000 6.01476918750284e-001 2.10193141328949e-006 663216 22
4.23144410092173e+005 1.68482529100020e+006 2.46061023371140e-001 3.32566352753449e-001 7.55364141209143e-001 6.06619391217468e-001 2.57539819675182e-006 668718 23
4.23140186813394e+005 1.68479392188141e+006 6.03711693589669e+000 9.93568031784386e-001 -1.50991333094272e+000 6.22322726944690e-001 2.57831082825244e-006 686088 24
4.23129416484632e+005 1.68478227717499e+006 2.46058683588106e-001 5.81805121108473e-001 1.51183086382641e+000 6.22921826822420e-001 2.58731947962499e-006 686674 25
4.23137960963841e+005 1.68478047678515e+006 6.03711629330260e+000 8.58028919749912e-001 -1.53100619266335e+000 6.37334560382043e-001 2.58942957757224e-006 702402 26
4.23142510742887e+005 1.68479985547095e+006 6.03711647042507e+000 8.86329579898612e-001 -1.52582885387738e+000 6.58205455904092e-001 2.59179650034829e-006 725549 27
4.23139322662053e+005 1.68481129064202e+006 2.46060146116537e-001 3.33268022013334e-001 9.50473112125004e-001 7.33317177023738e-001 3.11228363381078e-006 808693 28
4.23137947887907e+005 1.68481250869192e+006 2.46059207753375e-001 6.62701739529394e-001 1.55401658726768e+000 7.61404600517241e-001 3.11327333132495e-006 840031 29
4.23134429304666e+005 1.68480216434684e+006 2.46058693749586e-001 3.80104445110666e-001 1.22755661381878e+000 7.79105705795169e-001 3.37272802277339e-006 859788 30
4.23142315568837e+005 1.68480226406112e+006 6.03711691713911e+000 9.49889120356538e-001 -1.51576180623798e+000 8.09263095346170e-001 3.37548889310942e-006 892560 31
4.23144089695201e+005 1.68481819877611e+006 6.03711816102686e+000 7.24156272207665e-001 -1.56475477141636e+000 8.54595782448517e-001 3.37565661013628e-006 941034 32
4.23137757284294e+005 1.68481052321666e+006 2.46059379741866e-001 3.52856288851794e-001 1.11490155690176e+000 8.74745349972353e-001 3.77213586075631e-006 962756 33
4.23141617165156e+005 1.68479839592181e+006 6.03711676466657e+000 9.83803134584319e-001 -1.51115972731712e+000 9.04176251059888e-001 3.77502111476909e-006 994180 34
4.23131484721405e+005 1.68479090747107e+006 2.46058628177675e-001 6.62350904899452e-001 1.55392071062349e+000 9.31210120618852e-001 3.77602071145299e-006 1024498 35
4.23141759463346e+005 1.68480530097001e+006 6.03711765347358e+000 8.41510455923450e-001 -1.53436187520981e+000 9.59880528032691e-001 3.77794594018895e-006 1055631 36
4.23145953080096e+005 1.68481491878592e+006 6.03711666073345e+000 8.72676265550014e-001 -1.52832164662618e+000 9.61330113352716e-001 3.78019153818219e-006 1057137 37
4.23138258073361e+005 1.68481305973723e+006 2.46059303668113e-001 6.85242864503204e-001 1.56312486846522e+000 9.66803770555924e-001 3.78046573086991e-006 1063501 38
4.23130065618433e+005 1.68478521953885e+006 2.46058633430750e-001 5.31577296588364e-001 1.47463072588275e+000 9.81185894759563e-001 3.80326059366758e-006 1079657 39
4.23133105192951e+005 1.68479339811016e+006 2.46059183687700e-001 5.32951398888972e-001 1.47578124561296e+000 1.00482654087849e+000 3.82552827700399e-006 1106520 40
4.23140634371601e+005 1.68482646897511e+006 2.46058750146282e-001 5.13216950954704e-001 1.45785231315043e+000 1.02387092193481e+000 3.85668664270921e-006 1127669 41
4.23139877552923e+005 1.68482431391418e+006 2.46058629784357e-001 7.11672406625543e-001 1.21044263283181e-001 1.07500016891709e+000 3.85915786880063e-006 1184696 42
4.23132815728082e+005 1.68479617117254e+006 2.46058633224825e-001 5.45873807758523e-001 1.48632767647328e+000 1.13311462737696e+000 3.87690964440999e-006 1249255 43
4.23137800628308e+005 1.68480598766492e+006 2.46060039926619e-001 3.75105051633984e-001 1.21077820108646e+000 1.13897807310161e+000 4.15757502711117e-006 1256333 44
4.23142005958199e+005 1.68482127399242e+006 2.46060244371513e-001 3.76566862592078e-001 1.21576378658406e+000 1.13938949784459e+000 4.43191185752684e-006 1256736 45
4.23144190562061e+005 1.68481458089206e+006 6.03711759740136e+000 9.12759122020951e-001 -1.52141852824488e+000 1.16468393993982e+000 4.43446935596901e-006 1285435 46
4.23129871284153e+005 1.68478424358314e+006 2.46058661779910e-001 3.77970201111848e-001 4.73199177373577e-001 1.16946439632675e+000 4.61561115586930e-006 1290553 47
4.23136974878929e+005 1.68481049975610e+006 2.46058946197326e-001 3.55721438329658e-001 1.12995419003876e+000 1.18702034815296e+000 4.99511293244575e-006 1309408 48
4.23142017091946e+005 1.68479849254496e+006 6.03711655492643e+000 9.10741822898781e-001 -1.52170615817743e+000 1.28097061067959e+000 4.99766023728711e-006 1411612 49
4.23132363291254e+005 1.68479302908494e+006 2.46058821209123e-001 3.95482696389814e-001 1.27233100665304e+000 1.29481154006797e+000 5.20132427893173e-006 1428065 50
4.23129665546529e+005 1.68478341892928e+006 2.46058662546156e-001 5.02721148275589e-001 1.44749763557848e+000 1.29522973727143e+000 5.23834470754495e-006 1428438 51
4.23129777327464e+005 1.68478388491956e+006 2.46058659614077e-001 4.99651345263591e-001 2.49518966490677e-001 1.33433154002320e+000 5.26517133245357e-006 1471175 52
4.23138599105589e+005 1.68478475620678e+006 6.03711653709633e+000 8.65601100512839e-001 -1.52956804300058e+000 1.33864941794967e+000 5.26735612215388e-006 1476091 53
4.23138147794149e+005 1.68481296113395e+006 2.46059255923188e-001 6.71677258812091e-001 1.55775577639088e+000 1.36035604650436e+000 5.26800718795866e-006 1499844 54
4.23147378897070e+005 1.68482062373380e+006 6.03711666463975e+000 7.15180752924968e-001 -1.56772694738609e+000 1.39493712253255e+000 5.26806749593723e-006 1537763 55
4.23139136873244e+005 1.68478785449315e+006 6.03711667130509e+000 8.59110659858902e-001 -1.53081443937498e+000 1.46058102380134e+000 5.27018723351991e-006 1610925 56
4.23140263292152e+005 1.68478961828679e+006 6.03711628972306e+000 9.52374198985298e-001 -1.51537829966124e+000 1.46715212110622e+000 5.27296124582568e-006 1617929 57
4.23140672918581e+005 1.68481685409975e+006 2.46060119874130e-001 4.57960496738751e-001 1.39294382503739e+000 1.46905749368658e+000 5.34909236030447e-006 1620344 58
4.23144515689059e+005 1.68482422413618e+006 2.46061231924950e-001 3.30285927658823e-001 8.20656135898923e-001 1.47062364237933e+000 5.86159206476155e-006 1622103 59
4.23140433736858e+005 1.68481816258901e+006 2.46059802855954e-001 3.36279352587008e-001 9.90549549394208e-001 1.48432266369087e+000 6.36446401489722e-006 1636443 60
4.23139438102416e+005 1.68479022910349e+006 6.03711683610153e+000 9.11209602405372e-001 -1.52161028153325e+000 1.59535308488279e+000 6.36701598562215e-006 1757573 61
4.23140087474212e+005 1.68478888534650e+006 6.03711628510996e+000 7.99468772768667e-001 -1.54366190969573e+000 1.65033330646137e+000 6.36838831405136e-006 1818420 62
4.23138544540252e+005 1.68478312617272e+006 6.03711633898832e+000 7.23308421851971e-001 -1.56494652470473e+000 1.67540159059008e+000 6.36854826488316e-006 1845955 63
4.23138365799617e+005 1.68478279574653e+006 6.03711639245014e+000 9.45562159920580e-001 -1.51633706610309e+000 1.68937544484031e+000 6.37129304962939e-006 1861395 64
4.23139125571914e+005 1.68480935905450e+006 2.46060306928339e-001 5.72274113661701e-001 1.50550300531022e+000 1.76267656292847e+000 6.38218453178954e-006 1942528 65
4.23139811531371e+005 1.68481533117416e+006 2.46059852491515e-001 5.62743106214928e-001 1.49888751686148e+000 1.76851086239788e+000 6.39524556209893e-006 1949253 66
4.23142658598948e+005 1.68482128652099e+006 2.46060606995943e-001 5.61690602325100e-001 1.49812050370800e+000 1.77062229575822e+000 6.40857029734983e-006 1951493 67
4.23130749738939e+005 1.68478609533253e+006 2.46058892589186e-001 4.73367984237062e-001 1.41384493346965e+000 1.78641029365536e+000 6.46811170919062e-006 1969332 68
4.23135198978439e+005 1.68480134939693e+006 2.46059237751902e-001 5.32074312314116e-001 1.47501423245949e+000 1.82491785006534e+000 6.49072636320247e-006 2011218 69
4.23142869070677e+005 1.68480793808674e+006 6.03711740374120e+000 8.85891036611184e-001 -1.52592473052156e+000 1.83052193190204e+000 6.49308818718648e-006 2017339 70
4.23139403541877e+005 1.68478745552004e+006 6.03711646647006e+000 9.66173694429705e-001 -1.51346076677755e+000 1.83286982951982e+000 6.49591748849242e-006 2019600 71
4.23133862791221e+005 1.68479687217628e+006 2.46059119531642e-001 3.41278746063689e-001 1.03848787148656e+000 1.92631711222577e+000 6.96619957433802e-006 2123290 72
4.23134480282148e+005 1.68480190769448e+006 2.46058758199937e-001 3.31367667767812e-001 7.80675575273904e-001 1.93051494106258e+000 7.45725955501255e-006 2128001 73
4.23139993277576e+005 1.68479174463341e+006 6.03711673864781e+000 7.82102458586511e-001 -1.54797635868404e+000 1.94503667488234e+000 7.45836337062200e-006 2144162 74
4.23130370466992e+005 1.68478621641386e+006 2.46058663851721e-001 4.32437277410430e-001 1.35219625125889e+000 1.95202458707555e+000 7.57219779117149e-006 2151569 75
4.23142437628610e+005 1.68479957965911e+006 6.03711647257089e+000 9.08987649749069e-001 -1.52199378810999e+000 1.97211602110474e+000 7.57473321922657e-006 2173197 76
4.23141599101766e+005 1.68480476774638e+006 6.03711766823650e+000 7.85610804885936e-001 -1.54711346888638e+000 1.99713212924611e+000 7.57589041140983e-006 2200875 77
4.23131949732801e+005 1.68479072053689e+006 2.46058914019399e-001 3.39553809133138e-001 6.70129804528947e-001 2.05543627665889e+000 7.97237162843089e-006 2265005 78
4.23135901043407e+005 1.68480717188917e+006 2.46058813289565e-001 3.58294225615903e-001 5.51146889095737e-001 2.11553475811602e+000 8.23735572633662e-006 2330740 79
4.23129760489224e+005 1.68478392328498e+006 2.46058644833026e-001 3.74754217004042e-001 1.20962768135624e+000 2.13134309752910e+000 8.51951116316656e-006 2348500 80
4.23130974135600e+005 1.68478823738557e+006 2.46058717510540e-001 4.56907992848923e-001 1.39150567537461e+000 2.14102473313748e+000 8.59687597973147e-006 2359499 81
4.23142193673191e+005 1.68480111268136e+006 6.03711682374473e+000 9.89124126471781e-001 -1.51048859080782e+000 2.19558510081748e+000 8.59977570051302e-006 2420167 82
4.23140593150897e+005 1.68481983730980e+006 2.46059657028398e-001 5.66573050925134e-001 1.50157206289865e+000 2.24382981598376e+000 8.61193064420947e-006 2475101 83
4.23136848820776e+005 1.68480384754852e+006 2.46059808602414e-001 4.91085133049161e-001 1.43493779519028e+000 2.25519393588226e+000 8.65672252425763e-006 2487757 84
4.23145411220818e+005 1.68482082923350e+006 2.46062207956011e-001 4.49803591592587e-001 3.12893428296762e-001 2.26457877977886e+000 8.71142599099731e-006 2498604 85
4.23144158071231e+005 1.68481455033955e+006 6.03711761125747e+000 7.94966395017738e-001 -1.54481242942595e+000 2.28748735984352e+000 8.71272606577357e-006 2522783 86
4.23145854274715e+005 1.68482522694434e+006 2.46061838664234e-001 3.50371210223034e-001 1.10080769020661e+000 2.30207492744773e+000 9.12444912809035e-006 2538106 87
4.23131281047720e+005 1.68478814331937e+006 2.46058902058943e-001 5.39500311981233e-001 1.48124621433149e+000 2.30227815491271e+000 9.14431197805654e-006 2538325 88
4.23132135841139e+005 1.68479356215416e+006 2.46058619468869e-001 3.80542988398094e-001 1.22899476348155e+000 2.39392735585389e+000 9.40196249948453e-006 2641194 89
4.23138161618211e+005 1.68481514098890e+006 2.46058957979248e-001 6.11450647338619e-001 1.52928041306803e+000 2.40782214001119e+000 9.40670615821597e-006 2657151 90
4.23141608411612e+005 1.68482138914503e+006 2.46060006267149e-001 6.23788331824933e-001 1.53580002487259e+000 2.43379000718645e+000 9.41020404832051e-006 2686026 91
4.23139190850033e+005 1.68478506214035e+006 6.03711624960792e+000 7.92335135293169e-001 -1.54538768929105e+000 2.46462144375409e+000 9.41146937750628e-006 2719840 92
4.23142002858017e+005 1.68482568959053e+006 2.46059623481055e-001 3.77677838920229e-001 1.21950297570727e+000 2.47056861850947e+000 9.68107074809267e-006 2726581 93
4.23138208240656e+005 1.68481214623227e+006 2.46059403938576e-001 3.78554925495086e-001 4.71281644489883e-001 2.55615377646484e+000 9.86027352247513e-006 2820530 94
4.23138687298659e+005 1.68481514072552e+006 2.46059251514402e-001 3.62591949832700e-001 5.31588053682058e-001 2.55810002727154e+000 1.01034559564960e-005 2822450 95
4.23138747412724e+005 1.68478359863438e+006 6.03711629197012e+000 9.60501867912301e-001 -1.51422777993103e+000 2.56906552330252e+000 1.01062644426535e-005 2834685 96
4.23136744440907e+005 1.68480613651613e+006 2.46059429360179e-001 4.93248613267140e-001 1.43733471129490e+000 2.59583639487109e+000 1.01495126746952e-005 2864755 97
4.23137074613540e+005 1.68480903971744e+006 2.46059206610480e-001 3.94342483842501e-001 1.26926295403912e+000 2.62832923625646e+000 1.03569040609990e-005 2900099 98
4.23146922213988e+005 1.68481734866334e+006 6.03711646037331e+000 9.39568734992395e-001 -1.51729583254494e+000 2.63750062623951e+000 1.03596137217324e-005 2909494 99
4.23142120703675e+005 1.68480719019866e+006 6.03711771669951e+000 9.27289522944405e-001 -1.51911748878445e+000 2.69129292497968e+000 1.03622604370226e-005 2967463 100
4.23138414156958e+005 1.68478168739772e+006 6.03711621003101e+000 9.69623568290807e-001 -1.51298138355663e+000 2.70022228557189e+000 1.03651031438313e-005 2977551 101
4.23143573875495e+005 1.68480908622963e+006 6.03711717123016e+000 7.81517734203273e-001 -1.54816811197241e+000 2.70050981055664e+000 1.03661945204497e-005 2977868 102
4.23138302862767e+005 1.68478262248282e+006 6.03711640329354e+000 8.20168015935278e-001 -1.53886807748650e+000 2.80561129384932e+000 1.03678592473852e-005 3094049 103
4.23141188593761e+005 1.68481657028699e+006 2.46060447582486e-001 5.70461468073664e-001 1.50425660893582e+000 2.82865846549045e+000 1.03791429505574e-005 3119317 104
4.23137333425400e+005 1.68481421089957e+006 2.46058626000122e-001 3.59522146820702e-001 1.14836250572222e+000 2.86503664482981e+000 1.07370778811334e-005 3159409 105
4.23135939836619e+005 1.68480378386090e+006 2.46059310024973e-001 3.30578289850441e-001 8.88249170049135e-001 2.87955854369664e+000 1.12661417049352e-005 3175764 106
4.23134863577375e+005 1.68480239337416e+006 2.46058904100165e-001 3.79812082919047e-001 4.67158948789941e-001 2.88094476542648e+000 1.14412208997169e-005 3177358 107
4.23142905944985e+005 1.68480138073246e+006 6.03711646365365e+000 7.10532194078230e-001 -1.56926097369304e+000 2.92710228262383e+000 1.14412417732732e-005 3228812 108
4.23132817073645e+005 1.68479326149419e+006 2.46059041979387e-001 3.31981628370212e-001 9.27270964232307e-001 2.97035662030243e+000 1.19676613740525e-005 3276707 109
4.23142394508222e+005 1.68480395629555e+006 6.03711711035776e+000 9.97661102467050e-001 -1.50943394772179e+000 3.07887128641458e+000 1.19705820827528e-005 3396905 110
4.23141693495555e+005 1.68479632247418e+006 6.03711643130021e+000 8.84107627242309e-001 -1.52621236045412e+000 3.07921596708463e+000 1.19729313155503e-005 3397323 111
4.23148468103716e+005 1.68482435090611e+006 6.03711657915204e+000 7.28687886177757e-001 -1.56331662175359e+000 3.10915738344521e+000 1.19731616166543e-005 3430446 112
4.23135457421940e+005 1.68480521285633e+006 2.46058840304435e-001 5.35494949956056e-001 2.15866264381848e-001 3.12168448161914e+000 1.19899631783153e-005 3444657 113
4.23132005516682e+005 1.68479194713269e+006 2.46058773168065e-001 6.04287773643959e-001 1.52534947065645e+000 3.13073120381436e+000 1.19955499182886e-005 3454589 114
4.23139636537795e+005 1.68478814586956e+006 6.03711643318668e+000 9.86609811623859e-001 -1.51077622074038e+000 3.14519927403248e+000 1.19984449860760e-005 3470308 115
4.23142261875044e+005 1.68482214842785e+006 2.46060264640036e-001 6.35716709242979e-001 1.54174437681204e+000 3.19781416413036e+000 1.20009680687139e-005 3528650 116
4.23137172841329e+005 1.68481047653728e+006 2.46059059979902e-001 4.31618663273897e-001 1.35066222495193e+000 3.22199137395338e+000 1.21163249396504e-005 3555636 117
4.23138724481390e+005 1.68481061036005e+006 2.46059907529833e-001 3.46044249787076e-001 1.07377047654653e+000 3.22698413461050e+000 1.25554255397214e-005 3561008 118
4.23145953738750e+005 1.68482037194434e+006 6.03711742502429e+000 8.28471102177252e-001 -1.53714229789117e+000 3.29212771043511e+000 1.25571903806761e-005 3635414 119
4.23137358687282e+005 1.68481399829985e+006 2.46058669915329e-001 3.30461344973794e-001 8.10780841547899e-001 3.29949641059234e+000 1.30651656080786e-005 3643793 120
4.23135791400188e+005 1.68480325582001e+006 2.46059301192416e-001 6.69981558100702e-001 1.55708463988159e+000 3.30625101221051e+000 1.30658730787732e-005 3651564 121
4.23129707971007e+005 1.68478302940850e+006 2.46058740853115e-001 4.74800558975994e-001 1.41566658970916e+000 3.33227243025912e+000 1.31240617176681e-005 3681686 122
4.23130760722220e+005 1.68478755003719e+006 2.46058694737773e-001 3.83905153601710e-001 1.23954119434187e+000 3.38859769161031e+000 1.33684264476589e-005 3743609 123
4.23135440152792e+005 1.68480095466051e+006 2.46059427756558e-001 6.65128345719830e-001 1.55507123035371e+000 3.39119878521774e+000 1.33693146612109e-005 3746310 124
4.23138117464208e+005 1.68481234559453e+006 2.46059325301233e-001 4.76934802974811e-001 1.41825525910215e+000 3.43128389053322e+000 1.34255884411826e-005 3790719 125
4.23144226103043e+005 1.68482256219217e+006 2.46061303284699e-001 6.14958993638045e-001 1.62558850215155e-001 3.45605449521091e+000 1.34321992056927e-005 3818647 126
4.23139484652973e+005 1.68478776053931e+006 6.03711646395502e+000 7.56140695970762e-001 -1.55497535370952e+000 3.48389103364791e+000 1.34328753777159e-005 3849545 127
4.23134227031498e+005 1.68480031710070e+006 2.46058839840347e-001 4.03318003125198e-001 1.29198571871090e+000 3.52448232183376e+000 1.36129209145098e-005 3893839 128
4.23129358004438e+005 1.68478228106703e+006 2.46058650391008e-001 6.56094353998810e-001 1.55123616458632e+000 3.53946586314160e+000 1.36142023987376e-005 3910684 129
4.23139643445502e+005 1.68482237149714e+006 2.46058771444396e-001 3.47213698553551e-001 1.08144060808130e+000 3.53972389687111e+000 1.40458085456047e-005 3910950 130
4.23131803070185e+005 1.68479082406689e+006 2.46058817616143e-001 6.35950598996275e-001 1.54193613010041e+000 3.56441669938733e+000 1.40483041181155e-005 3938540 131
4.23131449841937e+005 1.68479073377670e+006 2.46058633059415e-001 6.84102651955890e-001 1.56274136188849e+000 3.58589152408604e+000 1.40486009119057e-005 3962620 132
4.23144665361667e+005 1.68480978556910e+006 6.03711665989415e+000 9.22991798727609e-001 -1.51978862529374e+000 3.60268994613446e+000 1.40512223837857e-005 3981542 133
4.23140124579275e+005 1.68482315964422e+006 2.46058929555741e-001 5.41809973295022e-001 2.10688925595874e-001 3.64551981212283e+000 1.40667463452011e-005 4028729 134
4.23140049330883e+005 1.68478849640879e+006 6.03711625186732e+000 8.82382690311758e-001 -1.52649999038667e+000 3.67300770845185e+000 1.40690825826905e-005 4058436 135
4.23144003099165e+005 1.68481199129157e+006 6.03711733894361e+000 7.31319145902326e-001 -1.56245373195593e+000 3.68876981598838e+000 1.40693531525127e-005 4075510 136
4.23145810918934e+005 1.68481637108734e+006 6.03711694375135e+000 9.91696913758026e-001 -1.51020096087527e+000 3.73664509400660e+000 1.40722570951475e-005 4126643 137
4.23133143469819e+005 1.68479392829505e+006 2.46059130714582e-001 4.54686040192621e-001 1.38824586947233e+000 3.75652267616265e+000 1.41524018433706e-005 4148174 138
4.23130851891140e+005 1.68478821204413e+006 2.46058652811295e-001 3.31338431548650e-001 9.12505961027863e-001 3.77666989158361e+000 1.46809103467900e-005 4170729 139
4.23141806735553e+005 1.68482289371713e+006 2.46059906022197e-001 3.37741163545102e-001 1.00617744239631e+000 3.78088949952520e+000 1.51744617802525e-005 4175102 140
4.23132988674254e+005 1.68479547807634e+006 2.46058826973160e-001 6.36769213132807e-001 1.54231963667714e+000 3.81700725461030e+000 1.51768997683660e-005 4214744 141
4.23145162038719e+005 1.68482188252189e+006 6.03711807886128e+000 7.94644796606957e-001 -1.54490830607013e+000 3.84986752384385e+000 1.51781936351826e-005 4253215 142
4.23140520092801e+005 1.68481318266956e+006 2.46060549363355e-001 4.59568488792654e-001 1.39524486449782e+000 3.85524532715570e+000 1.52524039297291e-005 4258633 143
4.23139880527135e+005 1.68481235820626e+006 2.46060307888419e-001 5.58211492244836e-001 1.49562771095920e+000 3.86459708322385e+000 1.52666102180691e-005 4268791 144
4.23148487658523e+005 1.68482466329126e+006 6.03711661203777e+000 8.28968117903004e-001 -1.53704642124699e+000 3.86996332411671e+000 1.52683804182920e-005 4274918 145
4.23135965057294e+005 1.68480668629755e+006 2.46058917120554e-001 3.73555532018404e-001 4.88443563798944e-001 3.88359479008366e+000 1.54651475389674e-005 4290357 146
4.23146351402000e+005 1.68482356358092e+006 6.03711765054107e+000 9.69652804509969e-001 -1.51307726020081e+000 3.89094823276069e+000 1.54679829455379e-005 4298024 147
4.23136148756413e+005 1.68480888157580e+006 2.46058711858329e-001 5.16491407500834e-001 1.46101624240852e+000 3.91959548976729e+000 1.54974642516809e-005 4329776 148
4.23134735830799e+005 1.68479745521738e+006 2.46059525217074e-001 5.39412603323748e-001 1.48115033768731e+000 3.93317407719298e+000 1.55173656686783e-005 4344373 149
4.23129707971007e+005 1.68478302940850e+006 2.46058740853115e-001 4.74800558975994e-001 1.41566658970916e+000 3.93488064416971e+000 1.55755543075732e-005 4346296 150
4.23139355616239e+005 1.68481321817804e+006 2.46059894232649e-001 4.78572031247876e-001 1.42026866863002e+000 3.94463874244935e+000 1.56303723220841e-005 4357111 151
4.23146527967404e+005 1.68481783553335e+006 6.03711674875902e+000 9.44158821400810e-001 -1.51662469603565e+000 3.95398961774930e+000 1.56331041235119e-005 4367941 152
4.23130432749806e+005 1.68478646970611e+006 2.46058663108594e-001 6.40540685404690e-001 1.54414129291665e+000 3.97639445916972e+000 1.56352785091355e-005 4392633 153
4.23130226628613e+005 1.68478549525124e+006 2.46058684666302e-001 4.32758875821211e-001 1.35277151112400e+000 3.97851562298512e+000 1.57485366261811e-005 4395226 154
4.23134700306734e+005 1.68479805866060e+006 2.46059420766499e-001 6.07211395560147e-001 1.52697937360759e+000 3.97948388934298e+000 1.57537657139111e-005 4396154 155
4.23140411073581e+005 1.68478981872764e+006 6.03711623531957e+000 8.60630943255320e-001 -1.53052680944243e+000 3.97957749855127e+000 1.57559004226966e-005 4396201 156
4.23145261937415e+005 1.68481558598011e+006 6.03711714016804e+000 7.67425876567247e-001 -1.55190730109561e+000 3.98667912487057e+000 1.57567606218020e-005 4404406 157
4.23145088723547e+005 1.68481114128641e+006 6.03711661362627e+000 9.65179662978201e-001 -1.51365252006592e+000 4.06082507452189e+000 1.57595820313306e-005 4487408 158
4.23129803896167e+005 1.68478375086511e+006 2.46058693245814e-001 6.30629607108812e-001 1.53934746070742e+000 4.09900006359038e+000 1.57624818143139e-005 4529302 159
4.23133407764122e+005 1.68479756855560e+006 2.46058767829752e-001 6.84395014147509e-001 1.56283723853267e+000 4.11924961393966e+000 1.57627728819717e-005 4551565 160
4.23130674094263e+005 1.68478694480366e+006 2.46058731238678e-001 5.28039714069777e-001 1.47156267326884e+000 4.12203736368495e+000 1.57869979573678e-005 4554780 161
4.23132342290291e+005 1.68479382639673e+006 2.46058697682341e-001 3.59492910601540e-001 5.45490167088839e-001 4.15641753058057e+000 1.60456500873068e-005 4592911 162
4.23137422161258e+005 1.68477798413639e+006 6.03711624459706e+000 8.84399989433928e-001 -1.52611648380993e+000 4.19584226226463e+000 1.60480052932126e-005 4636751 163
4.23131171021050e+005 1.68478752344483e+006 2.46058927548721e-001 3.32244754342668e-001 9.32640056306650e-001 4.24652526406397e+000 1.65733545089480e-005 4692410 164
4.23143241153855e+005 1.68480102232436e+006 6.03711622624081e+000 7.13338871117770e-001 -1.56830220725120e+000 4.28399104718077e+000 1.65733984584659e-005 4733678 165
4.23145249355572e+005 1.68482233904243e+006 6.03711809412504e+000 8.87177430254306e-001 -1.52573297723319e+000 4.32852140308072e+000 1.65757680686111e-005 4782629 166
4.23147233404353e+005 1.68481949046347e+006 6.03711658696026e+000 7.20355563716621e-001 -1.56600116779077e+000 4.32982663669122e+000 1.65758866578024e-005 4783949 167
4.23141260480606e+005 1.68480020280998e+006 6.03711721718259e+000 8.78260383409933e-001 -1.52726700354015e+000 4.41572831307273e+000 1.65781851898595e-005 4878566 168
4.23131538826716e+005 1.68479040794487e+006 2.46058728431328e-001 5.96335522031928e-001 1.52074739173559e+000 4.41900680376332e+000 1.65848442092500e-005 4882332 169
4.23137107053627e+005 1.68477654172726e+006 6.03711621826720e+000 8.52590982985803e-001 -1.53206083574938e+000 4.42504728303820e+000 1.65868981328303e-005 4889354 170
4.23137357393975e+005 1.68480751639828e+006 2.46059578096071e-001 3.42945210555916e-001 6.42133824427015e-001 4.46260887190546e+000 1.69537452616376e-005 4930628 171
4.23135522428834e+005 1.68480645400033e+006 2.46058702563812e-001 5.50990146111852e-001 1.49025861888485e+000 4.47555061671910e+000 1.69699476288217e-005 4945098 172
4.23134512877756e+005 1.68479984712889e+006 2.46059065336230e-001 4.66497472734020e-001 1.40483252891629e+000 4.51900988786514e+000 1.70364039803483e-005 4994785 173
4.23140517532325e+005 1.68479171679868e+006 6.03711644203902e+000 9.67664741606961e-001 -1.51326901348918e+000 4.52760380632715e+000 1.70392379476360e-005 5004480 174
4.23137193453362e+005 1.68477689285259e+006 6.03711621926468e+000 8.09526032160354e-001 -1.54126499359111e+000 4.60569837430769e+000 1.70407581460646e-005 5091274 175
4.23128810756778e+005 1.68478014700441e+006 2.46058644091605e-001 4.19076325253451e-001 1.32678894054994e+000 4.63951352974368e+000 1.71812212077186e-005 5128737 176
4.23129445933196e+005 1.68478274655403e+006 2.46058634212084e-001 4.67900811253790e-001 1.40675006179998e+000 4.64041816518840e+000 1.72461843812255e-005 5129712 177
4.23137222329900e+005 1.68480941220933e+006 2.46059236852364e-001 5.69730562594617e-001 1.50377722571490e+000 4.64506314293805e+000 1.72576225458345e-005 5134867 178
4.23133831399120e+005 1.68479777474287e+006 2.46058975444265e-001 4.79244464288600e-001 1.42113155842769e+000 4.70935297132034e+000 1.73118312050555e-005 5206687 179
4.23140921988939e+005 1.68481838622970e+006 2.46060044097313e-001 6.28115292260891e-001 1.53800518768883e+000 4.74315058716273e+000 1.73149498789552e-005 5243816 180
4.23137428591232e+005 1.68481306237958e+006 2.46058840180062e-001 3.39202974503196e-001 6.73389610431226e-001 4.75255927137304e+000 1.77147581009932e-005 5254271 181
4.23131463022664e+005 1.68478819567129e+006 2.46058996319972e-001 5.14415635940341e-001 1.45909870952483e+000 4.75478022120952e+000 1.77452609244428e-005 5256659 182
4.23136820863444e+005 1.68480441183058e+006 2.46059713868111e-001 3.98201664771869e-001 1.27933000167852e+000 4.79997771288639e+000 1.79404184253688e-005 5306379 183
4.23140286330541e+005 1.68479125717425e+006 6.03711650667418e+000 7.08514894956060e-001 -1.56993211020234e+000 4.81526586502539e+000 1.79404270293921e-005 5322838 184
4.23138656975362e+005 1.68478512147547e+006 6.03711655600612e+000 8.77003225985972e-001 -1.52745875682852e+000 4.88526139482573e+000 1.79427173776102e-005 5401434 185
4.23147047878111e+005 1.68482330850108e+006 2.46062774081199e-001 3.53967265179945e-001 5.72910887325663e-001 4.89386889986951e+000 1.82322294952191e-005 5410767 186
4.23136804360595e+005 1.68480847083835e+006 2.46059135491391e-001 6.35248929736389e-001 1.54155262352367e+000 4.90744432005641e+000 1.82347822856977e-005 5426249 187
4.23147726027732e+005 1.68482466087812e+006 6.03711703693028e+000 8.61566502268500e-001 -1.53043093279824e+000 4.95234897228403e+000 1.82369196316035e-005 5476002 188
4.23130754600426e+005 1.68478609182754e+006 2.46058895794984e-001 6.50510236138891e-001 1.54874337183752e+000 4.96389712364285e+000 1.82384902737690e-005 5488842 189
4.23131775404868e+005 1.68479162610076e+006 2.46058689706157e-001 5.42043863048317e-001 2.10497172307505e-001 4.97785036858415e+000 1.82539684985050e-005 5503125 190
4.23138905428705e+005 1.68481822874594e+006 2.46058940295092e-001 4.28168789412796e-001 1.34433436643574e+000 4.97925660995256e+000 1.83757766478010e-005 5504698 191
4.23138452985344e+005 1.68478255876358e+006 6.03711631054047e+000 7.10678375174039e-001 -1.56916509704886e+000 4.98396403127772e+000 1.83757995695564e-005 5509831 192
4.23143529357783e+005 1.68481300466085e+006 6.03711774554107e+000 7.30412823108308e-001 -1.56274136188849e+000 4.99245538395412e+000 1.83760565328895e-005 5519894 193
4.23139318506475e+005 1.68478837539433e+006 6.03711664293785e+000 7.71811309441529e-001 -1.55066090472121e+000 5.00833678811680e+000 1.83769938842881e-005 5536536 194
4.23140943279069e+005 1.68479680745014e+006 6.03711691817102e+000 8.19027803387965e-001 -1.53915570741905e+000 5.00969727046313e+000 1.83786407367714e-005 5538083 195
4.23137348740559e+005 1.68477773450871e+006 6.03711625058567e+000 8.63993108458936e-001 -1.52985567293313e+000 5.05682291730922e+000 1.83808112054655e-005 5589595 196
4.23134546733489e+005 1.68479976425301e+006 2.46059095859820e-001 6.13497182679951e-001 1.53043093279824e+000 5.07169686991931e+000 1.83853227217075e-005 5606454 197
4.23132447223166e+005 1.68479225777737e+006 2.46058976225748e-001 3.66538839419553e-001 1.17875540192877e+000 5.07293039777846e+000 1.87062289960359e-005 5607568 198
4.23137798822630e+005 1.68477974370124e+006 6.03711628103320e+000 9.94065047510138e-001 -1.50981745429853e+000 5.20510688057538e+000 1.87091453295468e-005 5753602 199
4.23145567920391e+005 1.68482387815743e+006 6.03711813208269e+000 8.01018292384247e-001 -1.54337427976318e+000 5.22432296787074e+000 1.87105341162118e-005 5774512 200
