1.64301604274232e+005 1.72933402624058e+006 9.47242687792577e-002 4.38021395270349e-001 1.49438131458480e+000 1.44532816244183e-002 2.48203142152414e-008 15279 1
1.64298962691765e+005 1.72931775949928e+006 9.47236406144158e-002 2.83449504561491e-001 1.30924351466414e+000 4.32380027250661e-002 3.86825331896131e-007 47584 2
1.64298498198187e+005 1.72931394202065e+006 9.47235822722062e-002 6.75887274371402e-001 1.56648055101169e+000 5.43145535716417e-002 3.86941205607727e-007 60336 3
1.64303206471534e+005 1.72935067968224e+006 9.47242802277258e-002 2.16995578406539e-001 6.58432853938414e-001 5.86859813910410e-002 1.42504978941761e-006 65059 4
1.64300042795243e+005 1.72932457532122e+006 9.47238885011573e-002 2.19597601911946e-001 9.95535134891812e-001 8.12464300109292e-002 2.70572977898448e-006 88594 5
1.64307628573999e+005 1.72931566326250e+006 6.18845127891774e+000 8.95831351126223e-001 -1.55286606753746e+000 8.21023841529303e-002 2.70629460536992e-006 89558 6
1.64306107670932e+005 1.72935722256403e+006 9.47255865953242e-002 3.96798326252099e-001 1.51245406201361e-001 8.67659781480929e-002 2.72104329656050e-006 94490 7
1.64301026404314e+005 1.72933181589424e+006 9.47240579596180e-002 4.91699093651560e-001 1.52017213187048e+000 1.12671350952192e-001 2.73140126804850e-006 122706 8
1.64300457648791e+005 1.72932677366889e+006 9.47240065526956e-002 5.31986603656630e-001 1.53455362849818e+000 1.17622903795117e-001 2.73663885338159e-006 127628 9
1.64308012782138e+005 1.72932387661886e+006 6.18845150595668e+000 7.10093650790801e-001 -1.57031561677908e+000 1.29040956612334e-001 2.73664229588914e-006 140213 10
1.64299410011823e+005 1.72932065807961e+006 9.47237391466185e-002 2.21585664814954e-001 1.01825789956359e+000 1.31360176370719e-001 3.97359346889488e-006 142704 11
1.64308104079519e+005 1.72933318546397e+006 6.18845196050558e+000 9.36586640637883e-001 -1.55046915143284e+000 1.39592487455270e-001 3.97421485275706e-006 151781 12
1.64299637775700e+005 1.72932286556727e+006 9.47237494821146e-002 2.39595175818672e-001 4.66775442213202e-001 1.41606616715923e-001 4.45592242186518e-006 154145 13
1.64310446084808e+005 1.72934986658457e+006 6.18845152663243e+000 7.33482626120305e-001 -1.56753519409772e+000 1.46662444966758e-001 4.45598509332879e-006 159941 14
1.64302922814464e+005 1.72935263915421e+006 9.47240109820021e-002 4.14983254570788e-001 1.47990394131291e+000 1.65497577153251e-001 4.49215146183671e-006 181536 15
1.64305341259135e+005 1.72935780172428e+006 9.47251158488321e-002 2.21381011280821e-001 6.02249140446181e-001 1.73197218051590e-001 5.36942223108689e-006 190433 16
1.64298596190454e+005 1.72931444376818e+006 9.47236111114455e-002 6.30775788204622e-001 1.55881041947691e+000 1.74484771163925e-001 5.37007845716219e-006 191787 17
1.64298417077572e+005 1.72931321826637e+006 9.47235751898091e-002 2.18194263392176e-001 9.77510325785089e-001 1.75395944438501e-001 6.68050170376298e-006 192839 18
1.64304600314593e+005 1.72934925939238e+006 9.47251563413140e-002 2.80935189713570e-001 1.30272390285958e+000 1.86528512414900e-001 7.06095508369184e-006 205000 19
1.64301793672243e+005 1.72933712495201e+006 9.47242086019514e-002 5.72975782921586e-001 1.54605882580035e+000 1.87017806188681e-001 7.06343275286293e-006 205569 20
1.64307936012799e+005 1.72932209276221e+006 6.18845145281999e+000 7.22694461249571e-001 -1.56868571382794e+000 1.88055159949404e-001 7.06346571008702e-006 206698 21
1.64308603290351e+005 1.72935530869180e+006 6.18845287901610e+000 8.49345762658834e-001 -1.55641350337230e+000 1.93768777930369e-001 7.06391768068723e-006 213061 22
1.64302857531999e+005 1.72934974953313e+006 9.47241309020287e-002 5.35816548366837e-001 1.53560827158422e+000 2.01422694479609e-001 7.06884578580176e-006 220948 23
1.64302997163445e+005 1.72933787190946e+006 9.47248576320813e-002 5.25934706290121e-001 1.53254021897031e+000 2.07125136541578e-001 7.07467905532773e-006 226907 24
1.64301375316496e+005 1.72933490032960e+006 9.47240899749289e-002 2.49769380087006e-001 4.17782477034822e-001 2.14843500639964e-001 7.43175004718806e-006 235250 25
1.64298707347129e+005 1.72931600405839e+006 9.47235898593786e-002 4.81963432670654e-001 1.51624118945891e+000 2.15840582417561e-001 7.44387138848071e-006 236443 26
1.64301997063976e+005 1.72933804992165e+006 9.47242747997458e-002 2.12288547121476e-001 8.16916946775719e-001 2.21753004249713e-001 8.79526949812819e-006 242841 27
1.64302519605752e+005 1.72934100759351e+006 9.47244132205233e-002 5.91014530144465e-001 1.55037327478866e+000 2.26202707198639e-001 8.79699293825547e-006 248221 28
1.64307567706990e+005 1.72931676220901e+006 6.18845137363873e+000 7.66782679745686e-001 -1.56360425168615e+000 2.29930549357614e-001 8.79718668284738e-006 252621 29
1.64302237672350e+005 1.72933548325357e+006 9.47245524381591e-002 2.17638775228100e-001 9.69360811029389e-001 2.47968204971677e-001 1.01191486158759e-005 272443 30
1.64300073732550e+005 1.72932436716269e+006 9.47239175647611e-002 6.81383683573835e-001 1.56724756416517e+000 2.55433673851410e-001 1.01192326432954e-005 280709 31
1.64308735781145e+005 1.72934627039631e+006 6.18845231096066e+000 9.46468482714598e-001 -1.54998976821192e+000 2.77356619824686e-001 1.01198620304187e-005 304523 32
1.64307424002392e+005 1.72931354264561e+006 6.18845128068587e+000 8.46071306112704e-001 -1.55641350337230e+000 2.79550819675076e-001 1.01203178582238e-005 307164 33
1.64300333385977e+005 1.72932738333971e+006 9.47239021440011e-002 4.15743396268997e-001 1.48057507782220e+000 2.82639003160451e-001 1.01559466283033e-005 310696 34
1.64311051018364e+005 1.72936098984558e+006 6.18845178561590e+000 9.00070602904695e-001 -1.55286606753746e+000 2.89065357608601e-001 1.01565056186032e-005 318029 35
1.64308185237044e+005 1.72932272296935e+006 6.18845134430791e+000 7.41025570664070e-001 -1.56648055101169e+000 3.25268641839276e-001 1.01566002587235e-005 357766 36
1.64301316931713e+005 1.72933248935629e+006 9.47241877878826e-002 5.87886254694144e-001 1.54970213827937e+000 3.25897600830047e-001 1.01584329298560e-005 358470 37
1.64305039922825e+005 1.72935113342643e+006 9.47253062341210e-002 4.00277436332363e-001 1.46935751045259e+000 3.28867533847328e-001 1.02044522831013e-005 361415 38
1.64299104411570e+005 1.72931888927767e+006 9.47236603182924e-002 2.80964425932732e-001 1.30301153279214e+000 3.29186258749537e-001 1.05843220740585e-005 361831 39
1.64301951104129e+005 1.72934551793327e+006 9.47238418459150e-002 4.86962826147336e-001 1.51815872234260e+000 3.32837800792050e-001 1.05955468907382e-005 365575 40
1.64307470751433e+005 1.72931347754960e+006 6.18845125034988e+000 9.24716735658160e-001 -1.55104441129795e+000 3.33627943324284e-001 1.05961583193814e-005 366552 41
1.64309620718511e+005 1.72933685365907e+006 6.18845129107890e+000 9.38662412198377e-001 -1.55037327478866e+000 3.34191744153978e-001 1.05967811807682e-005 367264 42
1.64305895521492e+005 1.72936003192297e+006 9.47253120540784e-002 4.16620482843853e-001 1.48095858439894e+000 3.42109247026218e-001 1.06320225589807e-005 375589 43
1.64307644426568e+005 1.72932914586157e+006 6.18845200396874e+000 7.72132907852310e-001 -1.56312486846522e+000 3.58916466014341e-001 1.06322334175619e-005 394729 44
1.64301423133296e+005 1.72934215467891e+006 9.47237223961086e-002 2.47313537677408e-001 4.28616537827692e-001 3.72588383487226e-001 1.10154524331971e-005 409412 45
1.64299608030233e+005 1.72932572789376e+006 9.47235765877036e-002 3.12598015065885e-001 1.36907054063540e+000 3.74272010672923e-001 1.12245348438522e-005 411448 46
1.64299613096442e+005 1.72932175125134e+006 9.47237960110199e-002 2.43103522118097e-001 1.16955124408704e+000 3.78571022930786e-001 1.20336120434161e-005 416321 47
1.64305559423027e+005 1.72936197701086e+006 9.47250135390239e-002 2.68392851693123e-001 1.26753717444380e+000 3.90763421591958e-001 1.25203103751259e-005 429780 48
1.64306602348145e+005 1.72935680939942e+006 9.47258925792076e-002 4.95967581649195e-001 1.52170615817743e+000 4.02614746850173e-001 1.25300099633994e-005 442485 49
1.64302294335374e+005 1.72934041442514e+006 9.47243164188152e-002 6.54807960355687e-001 1.56293311517685e+000 4.21493126555504e-001 1.25303247873365e-005 462750 50
1.64307651523767e+005 1.72932528076391e+006 6.18845178944561e+000 7.77570844616420e-001 -1.56254960860012e+000 4.27920270562375e-001 1.25305570151884e-005 469557 51
1.64300701029482e+005 1.72932902850266e+006 9.47240232596912e-002 2.15007515503531e-001 9.24394664906766e-001 4.33320551283007e-001 1.38995915216776e-005 475349 52
1.64301153125606e+005 1.72933678575120e+006 9.47238599840659e-002 3.53236359700898e-001 1.42573363734855e+000 4.44202882236350e-001 1.40010798415373e-005 487331 53
1.64303390802850e+005 1.72934226685836e+006 9.47248439233153e-002 4.08141979286908e-001 1.47520598574786e+000 4.45725975470004e-001 1.40414874398139e-005 489232 54
1.64308087869375e+005 1.72932597308285e+006 6.18845157707889e+000 7.30675949080765e-001 -1.56772694738609e+000 4.46516386101980e-001 1.40415449698948e-005 490138 55
1.64299285960693e+005 1.72932168413729e+006 9.47236121875409e-002 3.45810360033781e-001 1.41710473937193e+000 4.47076357817488e-001 1.41569038313887e-005 490840 56
1.64302596869567e+005 1.72934116303808e+006 9.47244490354026e-002 6.76355053877992e-001 1.56638467436750e+000 4.55681726305820e-001 1.41570235394644e-005 500857 57
1.64299622769501e+005 1.72932310513143e+006 9.47237278384578e-002 2.77309898537497e-001 1.29342386837367e+000 5.10270990868261e-001 1.45649624229087e-005 559236 58
1.64306751900160e+005 1.72935815481552e+006 9.47259050285470e-002 4.70853669389140e-001 1.51106385067293e+000 5.29213865778420e-001 1.45795937847050e-005 579116 59
1.64303111246874e+005 1.72934803280918e+006 9.47243697720312e-002 2.21497956157468e-001 1.01701150318918e+000 5.33918950089529e-001 1.58187731066794e-005 584736 60
1.64304796184721e+005 1.72934836066094e+006 9.47253175245673e-002 5.20642950621821e-001 1.53071856273080e+000 5.39146565572572e-001 1.58251761723050e-005 590853 61
1.64301183061837e+005 1.72932904185220e+006 9.47242987787950e-002 5.91950089157646e-001 1.55066090472121e+000 5.39172634030789e-001 1.58268565222525e-005 590902 62
1.64300106984514e+005 1.72932448705602e+006 9.47239300930887e-002 2.78976363029724e-001 1.29783419400616e+000 5.49802929665986e-001 1.62217673018707e-005 602479 63
1.64305761481560e+005 1.72935389983699e+006 9.47255691180000e-002 5.55931067150210e-001 1.54145674687948e+000 5.76970535063028e-001 1.62252078294556e-005 632089 64
1.64303019920223e+005 1.72933865609896e+006 9.47248279759506e-002 5.84787215462985e-001 1.54893512512589e+000 6.02306897674353e-001 1.62271666989685e-005 660575 65
1.64308754688305e+005 1.72933030952391e+006 6.18845143105593e+000 7.55906806217467e-001 -1.56485064806055e+000 6.25246375211603e-001 1.62273155702119e-005 685654 66
1.64305174292337e+005 1.72935815507186e+006 9.47250009251894e-002 7.02316816493741e-001 1.57002798684652e+000 6.31164315136372e-001 1.62273228777906e-005 692303 67
1.64302308056042e+005 1.72933553218548e+006 9.47245901096612e-002 6.15748371555416e-001 1.55574236686300e+000 6.34278204875317e-001 1.62283068595531e-005 696038 68
1.64298640207833e+005 1.72931559244041e+006 9.47235737943177e-002 2.53102309071460e-001 1.21422976027711e+000 6.44560700945864e-001 1.68887060330877e-005 707267 69
1.64304822180552e+005 1.72934868599318e+006 9.47253147085283e-002 6.74162337440851e-001 1.56600116779077e+000 6.45532173805050e-001 1.68888432369856e-005 708277 70
1.64302156816308e+005 1.72934790212081e+006 9.47238299229264e-002 4.16503537967206e-001 1.48095858439894e+000 6.70310329578316e-001 1.69241063878450e-005 735885 71
1.64301174350885e+005 1.72933213552258e+006 9.47241253424819e-002 2.14919806846045e-001 6.95537115237892e-001 6.75250087082646e-001 1.80586563366052e-005 741574 72
1.64309970722873e+005 1.72936140465073e+006 9.47275727081198e-002 3.68702319637532e-001 1.44193679021577e+000 7.07841961825827e-001 1.81366777632733e-005 777586 73
1.64307587078309e+005 1.72931680526167e+006 6.18845136488149e+000 8.73436407248223e-001 -1.55440009384442e+000 7.20775489694035e-001 1.81371980047934e-005 792334 74
1.64302791695128e+005 1.72934317596858e+006 9.47244510867388e-002 3.49698777182311e-001 1.42161094164861e+000 7.56348980781144e-001 1.82451437502977e-005 831423 75
1.64308255429884e+005 1.72934087463279e+006 6.18845229244365e+000 7.25150303659169e-001 -1.56849396053957e+000 7.88513206813551e-001 1.82451811902156e-005 865416 76
1.64307613993064e+005 1.72931633375735e+006 6.18845132378306e+000 9.09338484379011e-001 -1.55200317773980e+000 7.93524732091484e-001 1.82457687844897e-005 871464 77
1.64307624728469e+005 1.72934547039018e+006 6.18845290412292e+000 9.10624878022134e-001 -1.55209905438398e+000 7.95581243353824e-001 1.82463499555444e-005 873748 78
1.64308625971710e+005 1.72935702934613e+006 6.18845295970557e+000 7.98445505098002e-001 -1.56072795236061e+000 8.05347978011214e-001 1.82466483261969e-005 884739 79
1.64299461826591e+005 1.72932095110228e+006 9.47237528865624e-002 2.52283694934928e-001 1.21087407773064e+000 8.08160870770879e-001 1.89181568795195e-005 887766 80
1.64299921577876e+005 1.72932240071140e+006 9.47239374362564e-002 7.02112162959608e-001 1.57021974013489e+000 8.18514237844145e-001 1.89181615608297e-005 898909 81
1.64305733880121e+005 1.72935470354352e+006 9.47255095400124e-002 2.39682884476158e-001 1.15152643498032e+000 8.48958577562430e-001 1.97859399628841e-005 932757 82
1.64309582691991e+005 1.72935534003795e+006 6.18845231945045e+000 9.29014459874956e-001 -1.55104441129795e+000 8.68169669936967e-001 1.97865451860132e-005 954833 83
1.64305874420340e+005 1.72935741399113e+006 9.47254425021069e-002 6.86003006201412e-001 1.56772694738609e+000 8.74513512873184e-001 1.97866112815798e-005 961975 84
1.64305230860836e+005 1.72935991877798e+006 9.47249373137667e-002 2.48015206937293e-001 1.19236988540300e+000 8.80381086663688e-001 2.05193990631533e-005 968343 85
1.64302874813489e+005 1.72934103475050e+006 9.47246153050149e-002 6.08936332490698e-001 1.55430421720023e+000 8.82596495208234e-001 2.05205598748519e-005 970533 86
1.64301314059554e+005 1.72932996651745e+006 9.47243235054556e-002 3.04002566632293e-001 1.35353852427747e+000 9.02042977636489e-001 2.07657374469367e-005 991685 87
1.64304910807487e+005 1.72935709894920e+006 9.47249074315714e-002 5.58094547368189e-001 1.54203200674459e+000 9.02644496833315e-001 2.07690466883072e-005 992230 88
1.64308422634339e+005 1.72932432994203e+006 6.18845129575944e+000 8.23267055166438e-001 -1.55833103625599e+000 9.10216070725108e-001 2.07694347604584e-005 1001009 89
1.64301257346054e+005 1.72933666910034e+006 9.47239260624386e-002 5.54849327041220e-001 1.54126499359111e+000 9.11859643341483e-001 2.07729247404826e-005 1002923 90
1.64304209463100e+005 1.72935809474455e+006 9.47244512891574e-002 4.04048908604245e-001 1.47213793313395e+000 9.40484948647462e-001 2.08162029148807e-005 1034625 91
1.64302505728069e+005 1.72933890565559e+006 9.47245197134887e-002 2.13545704545437e-001 7.30148583788568e-001 9.66975203630650e-001 2.20299790212167e-005 1062862 92
1.64308118396651e+005 1.72932504803227e+006 6.18845150921458e+000 8.40867259101889e-001 -1.55689288659322e+000 9.85022569472421e-001 2.20304175132117e-005 1083066 93
1.64298418758133e+005 1.72931281675368e+006 9.47235980145705e-002 6.19344426512327e-001 1.55660525666066e+000 9.98839234610412e-001 2.20313043515255e-005 1098994 94
1.64305039455928e+005 1.72934975600067e+006 9.47253809646668e-002 6.81149793820540e-001 1.56705581087680e+000 1.00425868023334e+000 2.20313955957970e-005 1104514 95
1.64302111957515e+005 1.72934364806099e+006 9.47240358376118e-002 2.16644743776596e-001 9.54020547959838e-001 1.01574540411725e+000 2.33728191070591e-005 1116794 96
1.64301395410500e+005 1.72933314263061e+006 9.47241971934394e-002 3.82735704835235e-001 1.45516776711325e+000 1.04512877571238e+000 2.34342895343742e-005 1150023 97
1.64307309555359e+005 1.72931225905496e+006 6.18845127638145e+000 9.04397563340654e-001 -1.55229080767235e+000 1.07921002157408e+000 2.34348702466295e-005 1187757 98
1.64303522927132e+005 1.72934609376225e+006 9.47247112743193e-002 3.98230900991031e-001 1.46782348414563e+000 1.08072913618045e+000 2.34824462271365e-005 1189468 99
1.64309565839686e+005 1.72935415365009e+006 6.18845226451021e+000 8.69898824729636e-001 -1.55487947706534e+000 1.09981707069459e+000 2.34829476457642e-005 1211120 100
1.64303700422682e+005 1.72935775938098e+006 9.47241778297483e-002 2.97950669265784e-001 1.34145806711020e+000 1.10176410491511e+000 2.37578503118891e-005 1213702 101
1.64298652693991e+005 1.72931504095159e+006 9.47236109775563e-002 2.12960980162199e-001 7.50378555711539e-001 1.13730013511680e+000 2.50123706744330e-005 1252896 102
1.64299441753061e+005 1.72932240216116e+006 9.47236623753959e-002 3.01926795071799e-001 1.34960758186590e+000 1.14433409271866e+000 2.52671604355462e-005 1260494 103
1.64301274630724e+005 1.72933842314652e+006 9.47238404643804e-002 4.64041630324422e-001 1.50799579805902e+000 1.14853618476731e+000 2.52834523340519e-005 1264845 104
1.64299627200883e+005 1.72932289987800e+006 9.47237415536634e-002 3.41571108255308e-001 1.41183152394177e+000 1.15115840282262e+000 2.54077116986624e-005 1267885 105
1.64302520250046e+005 1.72935211056615e+006 9.47238090612152e-002 2.32695428096468e-001 1.10982009475997e+000 1.17413458029980e+000 2.64067379178175e-005 1293124 106
1.64300970878131e+005 1.72932921053632e+006 9.47241679947826e-002 2.24509286731142e-001 1.04692501617481e+000 1.20141323335097e+000 2.75788438013376e-005 1322969 107
1.64307582535565e+005 1.72932670555495e+006 6.18845190656224e+000 7.56579239258190e-001 -1.56475477141636e+000 1.20225978692423e+000 2.75789961113606e-005 1324010 108
1.64307689436915e+005 1.72933141835085e+006 6.18845210191134e+000 9.83072229105272e-001 -1.54797635868404e+000 1.22351227640052e+000 2.75796635150797e-005 1346833 109
1.64301325440531e+005 1.72933905124341e+006 9.47238353842731e-002 5.48124996633988e-001 1.53934746070742e+000 1.22855125859284e+000 2.75836111223786e-005 1352641 110
1.64309941893743e+005 1.72935950036418e+006 9.47276598733657e-002 7.78184805218819e-001 3.89738558610797e-002 1.23219980061514e+000 2.75837651360295e-005 1356249 111
1.64302985863020e+005 1.72935397817102e+006 9.47239742080610e-002 5.14591053255312e-001 1.52860927655873e+000 1.24108245694625e+000 2.75908690688641e-005 1366317 112
1.64305842201771e+005 1.72936186267563e+006 9.47251818177029e-002 2.12756326628066e-001 8.56705754112369e-001 1.24169724952029e+000 2.89697199043771e-005 1367077 113
1.64308466551200e+005 1.72934515580473e+006 6.18845240456203e+000 9.86668284062183e-001 -1.54788048203986e+000 1.24722514289781e+000 2.89703862511531e-005 1373158 114
1.64302901645921e+005 1.72935600680395e+006 9.47238154920479e-002 2.12405491998124e-001 8.33120099642933e-001 1.27035181256058e+000 3.03358182963895e-005 1398538 115
1.64303936350558e+005 1.72934935704970e+006 9.47247705201558e-002 2.93623708829825e-001 1.33244566255684e+000 1.27801654114338e+000 3.06340599713403e-005 1407382 116
1.64298913910009e+005 1.72931778636641e+006 9.47236111952284e-002 2.90641614475314e-001 1.32611780404065e+000 1.28422640706192e+000 3.09493596370268e-005 1414451 117
1.64307494308069e+005 1.72931456803602e+006 6.18845129622798e+000 9.79066867080094e-001 -1.54807223532823e+000 1.30268323162675e+000 3.09500287156554e-005 1435457 118
1.64304575753321e+005 1.72936155709939e+006 9.47244726855459e-002 3.53207123481736e-001 1.42554188406018e+000 1.30350495130958e+000 3.10517252374255e-005 1436399 119
1.64299877026524e+005 1.72932498639675e+006 9.47237711189664e-002 2.45120821240267e-001 1.17933066179388e+000 1.30396292784114e+000 3.18283472479627e-005 1436764 120
1.64308225856726e+005 1.72933330295638e+006 6.18845189711448e+000 7.53450963807869e-001 -1.56513827799310e+000 1.30490552617766e+000 3.18284860966644e-005 1437843 121
1.64303647113306e+005 1.72934474803980e+006 9.47248557147029e-002 5.18596415280489e-001 1.53004742622150e+000 1.31854665213157e+000 3.18351104616976e-005 1453269 122
1.64302915796054e+005 1.72935450043709e+006 9.47239056183743e-002 4.98394187839631e-001 1.52266492461928e+000 1.34385095282959e+000 3.18444235226052e-005 1481223 123
1.64310518972705e+005 1.72934632956732e+006 6.18845129227150e+000 9.36323514665426e-001 -1.55056502807703e+000 1.35304486122082e+000 3.18450407806268e-005 1491535 124
1.64303782751292e+005 1.72934421669463e+006 9.47249623768833e-002 2.14685917092750e-001 9.17203916592914e-001 1.36991890632811e+000 3.32184529043345e-005 1510716 125
1.64307605757320e+005 1.72931491072761e+006 6.18845125101743e+000 8.98696500604087e-001 -1.55267431424909e+000 1.37624834534145e+000 3.32190230494324e-005 1517132 126
1.64302220960809e+005 1.72935009737996e+006 9.47237471571256e-002 5.44733595211210e-001 1.53829281762139e+000 1.38268699036490e+000 3.32232322105018e-005 1524594 127
1.64304414997833e+005 1.72936192434869e+006 9.47243605649086e-002 2.24450814292818e-001 1.04606212637715e+000 1.42325542355438e+000 3.43970152031144e-005 1569054 128
1.64300655927674e+005 1.72933642177503e+006 9.47235948657587e-002 4.31823316808031e-001 1.27276245155187e-001 1.45144691230500e+000 3.44053223185423e-005 1600386 129
1.64309990078137e+005 1.72934722998396e+006 6.18845164439782e+000 8.53731195533116e-001 -1.55602999679556e+000 1.45580258715483e+000 3.44057877270720e-005 1605176 130
1.64308478491297e+005 1.72933025289165e+006 6.18845158625665e+000 9.18460184757518e-001 -1.55152379451888e+000 1.45667964299271e+000 3.44063853064127e-005 1606111 131
1.64302138644479e+005 1.72933593435843e+006 9.47244711251365e-002 3.78876523905867e-001 1.45171620792260e+000 1.46211045822408e+000 3.44719762836608e-005 1611803 132
1.64304177107103e+005 1.72934862655163e+006 9.47249482667449e-002 5.52715083042403e-001 1.54059385708182e+000 1.47300107352647e+000 3.44756193124140e-005 1624762 133
1.64308028873706e+005 1.72932329452731e+006 6.18845146503953e+000 8.45603526606113e-001 -1.55650938001648e+000 1.49052713012207e+000 3.44760710061020e-005 1644294 134
1.64298934306593e+005 1.72931775169828e+006 9.47236247719147e-002 4.54861457507592e-001 1.50358547242653e+000 1.49399804909593e+000 3.44949230009389e-005 1648114 135
1.64308720527519e+005 1.72934415536108e+006 6.18845220453948e+000 8.92644603237578e-001 -1.55324957411420e+000 1.50144722703904e+000 3.44954736105731e-005 1656219 136
1.64303615133403e+005 1.72934477053871e+006 9.47248361626207e-002 3.64960083584812e-001 1.43829347773675e+000 1.51096675548354e+000 3.45785158376041e-005 1667589 137
1.64307804819621e+005 1.72931785718798e+006 6.18845129737467e+000 9.91141425593950e-001 -1.54749697546312e+000 1.51658408381989e+000 3.45791926409313e-005 1673553 138
1.64300625324667e+005 1.72932702905577e+006 9.47240887401881e-002 3.42886738117593e-001 1.41346142689291e+000 1.53682538553641e+000 3.47006451533275e-005 1696150 139
1.64309063715711e+005 1.72933235161676e+006 6.18845136514999e+000 9.09367720598173e-001 -1.55209905438398e+000 1.53842304381010e+000 3.47012280934192e-005 1698031 140
1.64298543360638e+005 1.72931451371837e+006 9.47235770265037e-002 4.60182449395054e-001 1.50627001846370e+000 1.54598033196403e+000 3.47185126262134e-005 1706291 141
1.64307539202223e+005 1.72935316197875e+006 6.18845337193494e+000 9.20740609852144e-001 -1.55152379451888e+000 1.56078566060334e+000 3.47191069542992e-005 1722591 142
1.64307358841878e+005 1.72931295947734e+006 6.18845128627459e+000 7.23016059660352e-001 -1.56858983718375e+000 1.57835082941328e+000 3.47191422300249e-005 1742430 143
1.64302076755327e+005 1.72934009474993e+006 9.47242091331541e-002 5.28039714069777e-001 1.53321135547960e+000 1.58283492491375e+000 3.47247703588113e-005 1747558 144
1.64300924495497e+005 1.72932812328203e+006 9.47242006124227e-002 4.42202174610498e-001 1.49677823068941e+000 1.60382025623891e+000 3.47479478800958e-005 1769879 145
1.64300423295555e+005 1.72932536016248e+006 9.47240638279747e-002 3.02482283235875e-001 1.35066222495193e+000 1.60584379991434e+000 3.50001356768760e-005 1771916 146
1.64298934439644e+005 1.72931711527098e+006 9.47236595004223e-002 5.37658430174035e-001 1.53637528473769e+000 1.60611340605823e+000 3.50048646761333e-005 1772281 147
1.64299299457291e+005 1.72931915426669e+006 9.47237576687617e-002 4.21181333033106e-001 1.48421839030122e+000 1.60617792246281e+000 3.50374404566082e-005 1772341 148
1.64307493206675e+005 1.72931402573844e+006 6.18845126733049e+000 8.56128565504390e-001 -1.55564649021882e+000 1.60910484862365e+000 3.50379216773817e-005 1775503 149
1.64301263630838e+005 1.72933002154297e+006 9.47242916094505e-002 4.47669347593769e-001 1.49975040665914e+000 1.64299410353887e+000 3.50591398052035e-005 1811637 150
1.64301492202916e+005 1.72933279709123e+006 9.47242714775937e-002 6.42908819156802e-001 1.56091970564898e+000 1.65127529094479e+000 3.50596063001711e-005 1821029 151
1.64308433645042e+005 1.72932866481843e+006 6.18845152548608e+000 7.42165783211383e-001 -1.56638467436750e+000 1.67586354565266e+000 3.50597038902874e-005 1847798 152
1.64298680680155e+005 1.72931590314434e+006 9.47235800713729e-002 5.21753926949972e-001 1.53129382259590e+000 1.70273148551574e+000 3.50659380486357e-005 1877884 153
1.64308201998958e+005 1.72932825278404e+006 6.18845163580367e+000 7.84529064776947e-001 -1.56187847209082e+000 1.70545800493279e+000 3.50661950914129e-005 1880770 154
1.64301668129306e+005 1.72933602995043e+006 9.47241962758188e-002 4.28344206727767e-001 1.48862871593371e+000 1.70715746780774e+000 3.50952412526848e-005 1882340 155
1.64307636812866e+005 1.72932333050666e+006 6.18845169168374e+000 8.07771859010641e-001 -1.55967330927457e+000 1.70817003676506e+000 3.50955805469982e-005 1883627 156
1.64299835351166e+005 1.72932263558205e+006 9.47238752324949e-002 4.65444968844192e-001 1.50876281121250e+000 1.72448696966535e+000 3.51114679924783e-005 1901375 157
1.64308311482197e+005 1.72932726163032e+006 6.18845151909156e+000 7.14654500980055e-001 -1.56974035691397e+000 1.72577827816341e+000 3.51114795171184e-005 1903022 158
1.64304607400507e+005 1.72935217272284e+006 9.47250017774677e-002 6.04287773643959e-001 1.55324957411420e+000 1.73027420774200e+000 3.51127784906862e-005 1908139 159
1.64300930592318e+005 1.72933063436762e+006 9.47240673828285e-002 6.72203510757005e-001 1.56580941450240e+000 1.73079745167311e+000 3.51129252314963e-005 1908702 160
1.64305254723390e+005 1.72935514828951e+006 9.47252107307228e-002 2.47985970718131e-001 1.19227400875881e+000 1.74227355664853e+000 3.58460831045288e-005 1922412 161
1.64309042703493e+005 1.72935510324738e+006 6.18845261601234e+000 8.26629220370054e-001 -1.55823515961180e+000 1.75954057374182e+000 3.58464722937810e-005 1941415 162
1.64302214664631e+005 1.72933820242435e+006 9.47243911995175e-002 2.13077925038847e-001 8.71758387249367e-001 1.76445630502188e+000 3.72296470936471e-005 1946807 163
1.64309763356171e+005 1.72934076237797e+006 6.18845142216658e+000 9.10186334734706e-001 -1.55209905438398e+000 1.77053089822349e+000 3.72302288809198e-005 1953883 164
1.64299256446202e+005 1.72932015003064e+006 9.47236788021475e-002 6.99217777262582e-001 1.56983623355815e+000 1.77800195723883e+000 3.72302393110143e-005 1961808 165
1.64301065793405e+005 1.72933524160420e+006 9.47238940105822e-002 4.08346632821041e-001 1.47539773903623e+000 1.78858218613550e+000 3.72704832194108e-005 1973574 166
1.64308674609257e+005 1.72933793038299e+006 6.18845189190555e+000 9.97807283562859e-001 -1.54730522217475e+000 1.79246684276416e+000 3.72711585729775e-005 1977586 167
1.64298473588912e+005 1.72931337910806e+006 9.47235988184213e-002 3.92149767405360e-001 1.46322140522477e+000 1.79584752244477e+000 3.73236205037076e-005 1981241 168
1.64304055547171e+005 1.72934530580352e+006 9.47250594110970e-002 6.79687982862446e-001 1.56686405758843e+000 1.80276463642369e+000 3.73237195730164e-005 1988520 169
1.64304205814382e+005 1.72935633807861e+006 9.47245448439385e-002 2.12288547121476e-001 8.07329282357250e-001 1.80940977552964e+000 3.86647187483012e-005 1996273 170
1.64307578240248e+005 1.72931820261162e+006 6.18845144603346e+000 9.93158724716120e-001 -1.54740109881893e+000 1.81387871271476e+000 3.86653967987118e-005 2000828 171
1.64302069484350e+005 1.72933424194734e+006 9.47245236390303e-002 4.26005309194817e-001 1.48719056627094e+000 1.82018755328780e+000 3.86955624810568e-005 2007395 172
1.64304383169683e+005 1.72936156768649e+006 9.47243617442165e-002 5.86599861051022e-001 1.54922275505844e+000 1.82265425713840e+000 3.86974688086031e-005 2010089 173
1.64307710672325e+005 1.72934116319768e+006 6.18845262034641e+000 8.50719864959443e-001 -1.55622175008393e+000 1.82477118452815e+000 3.86979284789279e-005 2012267 174
1.64301514257180e+005 1.72934278570766e+006 9.47237402596715e-002 3.58908186218303e-001 1.43196561922056e+000 1.82513191182218e+000 3.87900074247934e-005 2012726 175
1.64301930526493e+005 1.72934846524089e+006 9.47236695805362e-002 2.13253342353818e-001 7.39928001495407e-001 1.83007643570624e+000 4.00239061105040e-005 2018530 176
1.64302208757075e+005 1.72934948981880e+006 9.47237732433932e-002 3.16749558186872e-001 1.37587778237251e+000 1.84812213566753e+000 4.02178917426369e-005 2038079 177
1.64299661523369e+005 1.72932632252604e+006 9.47235748675088e-002 6.47031126058627e-001 1.56168671880245e+000 1.85292941653102e+000 4.02182976346103e-005 2043598 178
1.64309436161428e+005 1.72933480430586e+006 6.18845128525736e+000 9.81551945708854e-001 -1.54807223532823e+000 1.86614490000299e+000 4.02189629921798e-005 2057676 179
1.64300816407028e+005 1.72933847497875e+006 9.47235750421002e-002 3.74812689442365e-001 1.70037228461562e-001 1.87256815583575e+000 4.02406856524772e-005 2065016 180
1.64301416042937e+005 1.72933988676690e+006 9.47238418147470e-002 3.40752494118776e-001 1.41068100421155e+000 1.88450212880496e+000 4.03668651492860e-005 2077979 181
1.64309676216104e+005 1.72934666022546e+006 6.18845179324249e+000 9.53485175313449e-001 -1.54960626163518e+000 1.90773049615739e+000 4.03675020482405e-005 2104231 182
1.64299214235963e+005 1.72931836771881e+006 9.47237516553787e-002 6.96381864003880e-001 1.56945272698141e+000 1.91224668046261e+000 4.03675197838902e-005 2108793 183
1.64302914065440e+005 1.72933820606952e+006 9.47247918156500e-002 5.73005019140748e-001 1.54605882580035e+000 1.91471254739838e+000 4.03699971749520e-005 2111280 184
1.64302692020354e+005 1.72934279878777e+006 9.47244145016367e-002 4.92108400719827e-001 1.52026800851466e+000 1.92010878462217e+000 4.03803065391622e-005 2117350 185
1.64307333652559e+005 1.72931259254067e+006 6.18845128073024e+000 9.29482239381546e-001 -1.55075678136540e+000 1.92394722762730e+000 4.03809247040922e-005 2121633 186
1.64304188834250e+005 1.72935196799971e+006 9.47247730529701e-002 6.45744732415504e-001 1.56130321222571e+000 1.92840949497222e+000 4.03813592423002e-005 2126418 187
1.64300877039960e+005 1.72932766164743e+006 9.47241985514260e-002 6.71472605277958e-001 1.56571353785821e+000 1.96014268048964e+000 4.03815107425534e-005 2161720 188
1.64300175812248e+005 1.72932513247249e+006 9.47239343957356e-002 3.11984054463486e-001 1.36801589754936e+000 1.96614844253715e+000 4.05929624582502e-005 2168606 189
1.64309199407771e+005 1.72934816867212e+006 6.18845214862592e+000 9.01824776054408e-001 -1.55267431424909e+000 1.96644388184820e+000 4.05935282613836e-005 2168951 190
1.64300824990009e+005 1.72932852824057e+006 9.47241215380005e-002 5.35085642887790e-001 1.53551239494003e+000 1.98270177012098e+000 4.05984917873483e-005 2187704 191
1.64299971169602e+005 1.72932779050842e+006 9.47236723932384e-002 5.94873711073834e-001 1.55133204123051e+000 2.01551684778944e+000 4.06000694619999e-005 2224131 192
1.64299483756147e+005 1.72932342464128e+006 9.47236307749353e-002 2.37168569628236e-001 1.13772019821772e+000 2.02354976165941e+000 4.15127000088352e-005 2233200 193
1.64311068726164e+005 1.72935219779284e+006 6.18845129674421e+000 9.72284064234538e-001 -1.54864749519333e+000 2.03647617275569e+000 4.15133531242642e-005 2248149 194
1.64299682088071e+005 1.72932241337958e+006 9.47237994977271e-002 2.21497956157468e-001 1.01729913312174e+000 2.04842366093477e+000 4.27522683226370e-005 2260915 195
1.64308749288539e+005 1.72932899130595e+006 6.18845136237279e+000 8.11397150186714e-001 -1.55938567934202e+000 2.05511081729442e+000 4.27526178187871e-005 2268008 196
1.64307591539777e+005 1.72931581417347e+006 6.18845130835894e+000 8.51216880685194e-001 -1.55602999679556e+000 2.05557847223613e+000 4.27530862570586e-005 2268433 197
1.64307580296666e+005 1.72933730918057e+006 6.18845248521279e+000 8.99310461206486e-001 -1.55277019089328e+000 2.06300787581774e+000 4.27536509102062e-005 2276773 198
1.64302161540412e+005 1.72934923446201e+006 9.47237600879574e-002 5.30057013191946e-001 8.41317552720725e-002 2.07185971419934e+000 4.27557228107977e-005 2287082 199
1.64311897752043e+005 1.72936043645991e+006 6.18845127024247e+000 9.62197568623690e-001 -1.54922275505844e+000 2.07584631482162e+000 4.27563645646211e-005 2291617 200
