2.71106140359404e+004 1.73693356463927e+006 1.56070521925785e-002 5.86186966083938e-001 1.56561766121403e+000 7.86210798328138e-003 2.10270774224339e-010 1733 1
2.71100660811557e+004 1.73689615474751e+006 1.56070728858147e-002 1.30065147955094e-001 1.33992404080325e+000 9.76345638356450e-003 1.71758293868825e-006 2277 2
2.71125768492632e+004 1.73693371466713e+006 1.56081806145188e-002 2.41212281427964e-001 1.50991333094272e+000 3.06842451842451e-002 1.78317353319081e-006 7772 3
2.71098147681308e+004 1.73689283935595e+006 1.56069580159418e-002 2.24198428701827e-001 1.50080504974517e+000 3.62388183920482e-002 1.87816725921209e-006 9010 4
2.71102133197821e+004 1.73689686897705e+006 1.56071512195054e-002 3.61694449139954e-001 1.54855161854915e+000 3.64185971396136e-002 1.88395712859948e-006 9124 5
2.71179529946792e+004 1.73693510618174e+006 1.56112625489274e-002 1.72614836277274e-001 1.31974200720237e-001 3.73837347412751e-002 1.95172535099774e-006 9418 6
2.71191463554876e+004 1.73693450281057e+006 6.26756804514642e+000 8.32240400818922e-001 -1.57031561677908e+000 4.00949602569783e-002 1.95172777884822e-006 9871 7
2.71127266463440e+004 1.73692473458953e+006 1.56083475189878e-002 2.61026644425837e-001 1.52007625522629e+000 4.03036936665632e-002 1.99356397034574e-006 9942 8
2.71130394201933e+004 1.73693824676996e+006 1.56084061446190e-002 4.17975671697741e-001 1.55449597048860e+000 5.22913867175843e-002 1.99617284058344e-006 13448 9
2.71189215584119e+004 1.73691631572614e+006 6.26756801109324e+000 9.64556982905021e-001 -1.56820633060701e+000 5.25679039848366e-002 1.99619683501118e-006 13539 10
2.71183465166841e+004 1.73691781353460e+006 6.26756835554337e+000 7.72345616620184e-001 -1.57060324671163e+000 5.28475328243838e-002 1.99619752866566e-006 13698 11
2.71104150050150e+004 1.73692059507169e+006 1.56070541508722e-002 4.58417449062701e-001 1.55890629612110e+000 6.00531076313942e-002 1.99750554272480e-006 16416 12
2.71132658298471e+004 1.73693774886430e+006 1.56085409362955e-002 2.75962699208428e-001 1.52563710058901e+000 6.34425773994268e-002 2.02853916012709e-006 17608 13
2.71105537412093e+004 1.73692274093021e+006 1.56071147277241e-002 7.06729359823277e-001 1.56954860362560e+000 6.85874744531487e-002 2.02855446483522e-006 18883 14
2.71159913704243e+004 1.73692314084548e+006 6.26756975901763e+000 8.92285750086032e-001 -1.56916509704886e+000 7.08153584396177e-002 2.02856835860153e-006 19364 15
2.71103429136358e+004 1.73689962441557e+006 1.56072010581521e-002 2.02336380774083e-001 1.48268436399426e+000 7.32160819331410e-002 2.19631711637176e-006 20182 16
2.71103800259224e+004 1.73693143034481e+006 1.56069366736909e-002 6.75592503683763e-001 1.56849396053957e+000 8.78480751278080e-002 2.19636086555523e-006 23807 17
2.71103697579260e+004 1.73689925983041e+006 1.56072197851920e-002 3.02642829324105e-001 1.53570414822840e+000 9.23405257383433e-002 2.21360563674395e-006 24737 18
2.71105661260188e+004 1.73691290960616e+006 1.56072101818363e-002 6.04525791411757e-001 1.56705581087680e+000 1.00529210281591e-001 2.21372427554742e-006 27182 19
2.71135589531377e+004 1.73693587518754e+006 1.56087264886225e-002 1.71350089702941e-001 1.44289555665761e+000 1.09738434384848e-001 2.63030772576768e-006 29651 20
2.71133803037527e+004 1.73693248072364e+006 1.56086541592648e-002 4.28997034702637e-001 1.55583824350719e+000 1.13800030211740e-001 2.63246542812184e-006 30808 21
2.71099014152315e+004 1.73689779882372e+006 1.56069633336757e-002 1.36930915072898e-001 1.36475609164708e+000 1.16933067533861e-001 3.95436179940156e-006 31812 22
2.71099279261792e+004 1.73690743050587e+006 1.56068920619380e-002 9.18818466157278e-002 9.97644421063875e-001 1.19211134719293e-001 1.26518123538509e-005 32560 23
2.71096337862381e+004 1.73689185831820e+006 1.56068626563580e-002 1.48976120542729e-001 1.78762003082369e-001 1.25546961740398e-001 1.28366635101584e-005 34069 24
2.71185822438788e+004 1.73689185816719e+006 6.26756798660279e+000 8.83492750093055e-001 -1.56811045396283e+000 1.31291645508081e-001 1.28366943056056e-005 35708 25
2.71184648626948e+004 1.73689594087516e+006 6.26756809085861e+000 8.19502596034575e-001 -1.56906922040468e+000 1.31885752008574e-001 1.28367126131779e-005 36019 26
2.71107384724062e+004 1.73691883560127e+006 1.56072561432107e-002 7.52079558417193e-001 1.57060324671163e+000 1.35899682779749e-001 1.28367133486202e-005 37114 27
2.71107413842185e+004 1.73690496520052e+006 1.56073824338552e-002 2.46873527998785e-001 1.51403602664266e+000 1.37465029901891e-001 1.28927850888636e-005 37586 28
2.71114578370650e+004 1.73692089888142e+006 1.56076516664202e-002 7.61685609779384e-001 1.57069912335582e+000 1.40769010394065e-001 1.28927853350917e-005 38787 29
2.71104178562617e+004 1.73689934738257e+006 1.56072466839279e-002 4.55857842900362e-001 1.55948155598621e+000 1.43477894527458e-001 1.28940118286649e-005 39332 30
2.71178208998383e+004 1.73690512794735e+006 6.26756854408449e+000 7.78789801546544e-001 -1.57002798684652e+000 1.45532972917001e-001 1.28940176499878e-005 39952 31
2.71137574275155e+004 1.73693314485656e+006 1.56088652597059e-002 1.25156726726137e-001 1.31758478270821e+000 1.54435690249097e-001 1.49946706459857e-005 42360 32
2.71111809541952e+004 1.73692931423507e+006 1.56074166896688e-002 4.73835312064085e-001 1.55976918591876e+000 1.54757188461433e-001 1.49957531200714e-005 42399 33
2.71106769697885e+004 1.73691822064273e+006 1.56072262676643e-002 2.74788291675119e-001 1.52592473052156e+000 1.57146534614266e-001 1.50267764286032e-005 43090 34
2.71180050659838e+004 1.73691119212781e+006 6.26756849257584e+000 9.89068976036128e-001 -1.56782282403027e+000 1.78510915042473e-001 1.50268045608033e-005 49792 35
2.71118376441060e+004 1.73691765354817e+006 1.56078994377126e-002 1.38707582879698e-001 1.36974167714469e+000 1.79572425487470e-001 1.62705677588943e-005 50223 36
2.71185097697792e+004 1.73688888364728e+006 6.26756800158691e+000 9.58594606197454e-001 -1.56724756416517e+000 1.81708238787941e-001 1.62706074127912e-005 50671 37
2.71128028882829e+004 1.73693677352359e+006 1.56082832368649e-002 5.61193164734038e-001 1.56446714148381e+000 1.82704438798278e-001 1.62709232502816e-005 50883 38
2.71185634246968e+004 1.73689579420066e+006 6.26756803280823e+000 8.63076126821690e-001 -1.56849396053957e+000 1.90873839829926e-001 1.62709487754450e-005 52972 39
2.71103852682887e+004 1.73692761595854e+006 1.56069739592447e-002 3.27967873824425e-001 1.54097736365856e+000 1.95992223329901e-001 1.62822111859662e-005 54589 40
2.71124021369264e+004 1.73693353239211e+006 1.56080816900318e-002 4.70763784669278e-001 1.55938567934202e+000 2.03691625263167e-001 1.62833688681435e-005 56600 41
2.71128912371200e+004 1.73693410435939e+006 1.56083580708035e-002 4.69770055218017e-001 1.55928980269784e+000 2.10806979707329e-001 1.62845470889657e-005 58854 42
2.71121936021280e+004 1.73693446695481e+006 1.56079532635611e-002 4.15777421699497e-001 1.55440009384442e+000 2.13503257273883e-001 1.62872103875933e-005 59759 43
2.71103968536107e+004 1.73689868222825e+006 1.56072405707367e-002 2.10737911589290e-001 1.49025861888485e+000 2.14287358032636e-001 1.64214439210570e-005 59893 44
2.71125154550978e+004 1.73692210322429e+006 1.56082496014088e-002 2.99240058778877e-001 1.53388249198889e+000 2.28679718854139e-001 1.64405442098043e-005 64257 45
2.71097512687557e+004 1.73689528382277e+006 1.56068995044089e-002 6.31296260568457e-001 1.56858983718375e+000 2.33668354045630e-001 1.64405917529986e-005 65875 46
2.71127043605921e+004 1.73692866712810e+006 1.56082993588159e-002 6.15938623594422e-001 1.56686405758843e+000 2.34901273356489e-001 1.64407147906041e-005 66069 47
2.71169747437890e+004 1.73693606589056e+006 1.56106908569930e-002 8.95932575764598e-002 6.52200872066408e-001 2.57832777580511e-001 2.36189134100616e-005 72319 48
2.71097812243110e+004 1.73689371598977e+006 1.56069308323467e-002 2.61237435521559e-001 1.52132265160070e+000 2.59443788132159e-001 2.36591294002656e-005 72860 49
2.71184764799100e+004 1.73693761903215e+006 6.26756845872185e+000 9.55794095925718e-001 -1.56906922040468e+000 2.65807546098012e-001 2.36591424511498e-005 74849 50
2.71099781167744e+004 1.73690813313910e+006 1.56069146389701e-002 5.31050038045785e-001 1.56408363490707e+000 2.78733031972836e-001 2.36595331126361e-005 78835 51
2.71097322730249e+004 1.73689314866185e+006 1.56069077528879e-002 2.30522161573489e-001 1.50502362208930e+000 2.83310870089492e-001 2.37409323891680e-005 79908 52
2.71107117807549e+004 1.73692720611334e+006 1.56071655782971e-002 7.01218678320829e-001 1.56926097369304e+000 2.87345689353383e-001 2.37409538775182e-005 80953 53
2.71119656139308e+004 1.73693228197140e+006 1.56078416673386e-002 6.17052805100382e-001 1.56676818094424e+000 2.94654290905357e-001 2.37410810928476e-005 83182 54
2.71098312651571e+004 1.73689481484828e+006 1.56069497636222e-002 1.32474189049060e-001 1.34922407528916e+000 2.95855677321689e-001 2.53051473726797e-005 83631 55
2.71183321086633e+004 1.73689576679502e+006 6.26756816570732e+000 8.40160123415336e-001 -1.56878159047212e+000 3.08878498087902e-001 2.53051693872477e-005 86786 56
2.71114797189649e+004 1.73691041359962e+006 1.56077584656072e-002 2.60906192371138e-001 1.52055563844722e+000 3.09069367960328e-001 2.53464495919307e-005 86874 57
2.71163604043714e+004 1.73692540021083e+006 6.26756956690776e+000 9.59558222635041e-001 -1.56858983718375e+000 3.09431384566390e-001 2.53464685173062e-005 87065 58
2.71135377617808e+004 1.73693524424972e+006 1.56087199600785e-002 1.58672510945944e-001 1.41998103869747e+000 3.14885013278961e-001 2.59700160868249e-005 88491 59
2.71136827851540e+004 1.73693178094814e+006 1.56088345512043e-002 4.96269507251646e-001 1.56120733558153e+000 3.16847366014340e-001 2.59708037426814e-005 88856 60
2.71122287081736e+004 1.73692585192407e+006 1.56080508720195e-002 7.40335483084107e-001 1.57012386349071e+000 3.17251041106346e-001 2.59708090331036e-005 89150 61
2.71166924213489e+004 1.73693788589612e+006 6.26756948799832e+000 9.68351222628018e-001 -1.56897334376049e+000 3.18366336595818e-001 2.59708228242120e-005 89578 62
2.71102373792119e+004 1.73691596701496e+006 1.56069934893667e-002 4.46131339483473e-001 1.55804340632344e+000 3.18388740631945e-001 2.59723701932473e-005 89601 63
2.71182737212546e+004 1.73689990617008e+006 6.26756823651503e+000 7.31030561858662e-001 -1.57069912335582e+000 3.21723345969863e-001 2.59723704627643e-005 90386 64
2.71112055924331e+004 1.73691485266693e+006 1.56075607976564e-002 3.16494815614411e-001 1.53877220084231e+000 3.21823316397195e-001 2.59859572355009e-005 90447 65
2.71113909148292e+004 1.73692324052784e+006 1.56075921084620e-002 3.68379538175710e-001 1.54864749519333e+000 3.23013898502794e-001 2.59914816316584e-005 90787 66
2.71098264934477e+004 1.73689662526971e+006 1.56069307520615e-002 9.36585144225280e-002 1.03752910504471e+000 3.23278345828740e-001 3.40857445726892e-005 90885 67
2.71118398282533e+004 1.73691522928288e+006 1.56079224757738e-002 6.27261116736064e-001 1.56772694738609e+000 3.24026007962970e-001 3.40858250555054e-005 91018 68
2.71165223290969e+004 1.73693565026762e+006 6.26756956581190e+000 8.50067304914272e-001 -1.57012386349071e+000 3.36437202964399e-001 3.40858289588410e-005 94314 69
2.71095857364031e+004 1.73688912832678e+006 1.56068595252144e-002 3.22125949171557e-001 1.54107324030274e+000 3.36488552635902e-001 3.40974879235987e-005 94367 70
2.71109879839691e+004 1.73692627212983e+006 1.56073329489065e-002 4.25714716212108e-001 1.55574236686300e+000 3.41001569968654e-001 3.40997041452242e-005 95751 71
2.71097440255180e+004 1.73689787624125e+006 1.56068720448102e-002 4.41855291541682e-001 1.55833103625599e+000 3.50219564399789e-001 3.41012299043125e-005 98709 72
2.71113765793278e+004 1.73693700968478e+006 1.56074601517499e-002 3.96776110070838e-001 1.55209905438398e+000 3.50308239480385e-001 3.41048444254297e-005 98770 73
2.71111235931877e+004 1.73691130662832e+006 1.56075454582166e-002 3.80936664878009e-001 1.55094853465377e+000 3.52490195561192e-001 3.41091788138703e-005 99811 74
2.71164419463043e+004 1.73693110573906e+006 6.26756957124255e+000 9.40135328814937e-001 -1.56897334376049e+000 3.54127688034788e-001 3.41091935320041e-005 100178 75
2.71098265424649e+004 1.73689281362734e+006 1.56069650244034e-002 3.12851140959787e-001 1.53867632419813e+000 3.58006834943613e-001 3.41231947991211e-005 101121 76
2.71111415037141e+004 1.73690675268838e+006 1.56075966817186e-002 7.01790825580646e-001 1.57002798684652e+000 3.58091415735717e-001 3.41232021187546e-005 101126 77
2.71098612340251e+004 1.73689325853905e+006 1.56069809957458e-002 6.69268770812101e-001 1.56974035691397e+000 3.64524039609354e-001 3.41232154330329e-005 102677 78
2.71108523042219e+004 1.73691206934472e+006 1.56073824533703e-002 5.85524479783098e-001 1.56638467436750e+000 3.67776138639055e-001 3.41233798356594e-005 103511 79
2.71100220091527e+004 1.73689505807748e+006 1.56070573706350e-002 2.70331565651282e-001 1.52506184072390e+000 3.68206201804032e-001 3.41564842906537e-005 103723 80
2.71097983518086e+004 1.73689369105844e+006 1.56069409149237e-002 9.12795863422363e-002 9.82975294503616e-001 3.70426552811325e-001 4.30484474506482e-005 104606 81
2.71185169009363e+004 1.73688928874582e+006 6.26756800112283e+000 7.78277880314077e-001 -1.56945272698141e+000 3.72869961391303e-001 4.30484613378640e-005 105363 82
2.71099407585966e+004 1.73689565588811e+006 1.56070052320300e-002 8.93824664807378e-002 6.58336977294229e-001 3.76819235207755e-001 5.03530768584971e-005 106292 83
2.71100546196821e+004 1.73689591256663e+006 1.56070684643862e-002 3.97679500481075e-001 1.55372895733512e+000 3.78007166021623e-001 5.03562015941596e-005 106385 84
2.71184102289601e+004 1.73691393707773e+006 6.26756828403448e+000 8.87678458993821e-001 -1.56887746711631e+000 3.85878625866638e-001 5.03562196771406e-005 108621 85
2.71165344353274e+004 1.73691820203070e+006 6.26756940205428e+000 7.97038287833339e-001 -1.57021974013489e+000 3.86317771952632e-001 5.03562232188058e-005 108878 86
2.71104315441364e+004 1.73690107799152e+006 1.56072390144559e-002 3.17940240270791e-001 1.53963509063997e+000 3.92949932060814e-001 5.03691234599691e-005 110796 87
2.71102554785368e+004 1.73691630224035e+006 1.56070008955416e-002 3.30888836150860e-001 1.54203200674459e+000 4.05162966659286e-001 5.03795751111599e-005 113791 88
2.71100475021427e+004 1.73690959058437e+006 1.56069414831644e-002 5.12771438745315e-001 1.56302899182104e+000 4.05497703665075e-001 5.03801040861299e-005 114011 89
2.71186174796625e+004 1.73689985197454e+006 6.26756803816130e+000 8.09535188508289e-001 -1.56935685033723e+000 4.07838570452231e-001 5.03801182596465e-005 114809 90
2.71095994443560e+004 1.73689003073139e+006 1.56068593082745e-002 1.14617171940035e-001 3.15865604266488e-001 4.32367323193041e-001 5.15095890232520e-005 122446 91
2.71106587276509e+004 1.73691719653565e+006 1.56072249683399e-002 6.00882116757133e-001 1.56676818094424e+000 4.34673770545851e-001 5.15097238922594e-005 123283 92
2.71100917068406e+004 1.73691972443576e+006 1.56068758849612e-002 5.30056308594524e-001 1.56360425168615e+000 4.35932826805179e-001 5.15101604083121e-005 123638 93
2.71163949218025e+004 1.73692634208555e+006 6.26756955550351e+000 8.45700917931458e-001 -1.56983623355815e+000 4.52492625697881e-001 5.15101672720184e-005 128590 94
2.71105694200924e+004 1.73693387466741e+006 1.56070237270038e-002 6.95196075585914e-001 1.56887746711631e+000 4.61323238670984e-001 5.15101982316966e-005 131164 95
2.71147883223128e+004 1.73693646833580e+006 1.56094287669781e-002 3.51275346408549e-001 1.54529181264687e+000 4.69225663533837e-001 5.15178171029818e-005 133329 96
2.71184447100442e+004 1.73690336224081e+006 6.26756816915347e+000 7.98935407694838e-001 -1.56964448026978e+000 4.73901212006217e-001 5.15178274241895e-005 134536 97
2.71131943328738e+004 1.73693230079008e+006 1.56085487334460e-002 7.37775876921768e-001 1.56983623355815e+000 4.88702960232360e-001 5.15178366925276e-005 138477 98
2.71101966501924e+004 1.73689720013368e+006 1.56071386493304e-002 2.75270099893913e-001 1.52688349696341e+000 4.97237059441783e-001 5.15477419807955e-005 141081 99
2.71184235630944e+004 1.73689757953414e+006 6.26756812935713e+000 8.45309448753689e-001 -1.56878159047212e+000 4.97237229605457e-001 5.15477637014106e-005 141083 100
2.71185932719899e+004 1.73689229928766e+006 6.26756798421936e+000 9.84612250012290e-001 -1.56715168752098e+000 5.01889788688809e-001 5.15478026651981e-005 142621 101
2.71120775520026e+004 1.73691753972894e+006 1.56080385494682e-002 4.88199219586859e-001 1.56120733558153e+000 5.03112192201732e-001 5.15486192506331e-005 142945 102
2.71104537916197e+004 1.73690585435537e+006 1.56072089082286e-002 1.20820452756998e-001 1.29764244071780e+000 5.11556222351294e-001 5.40398062026557e-005 145208 103
2.71112406311740e+004 1.73691107118987e+006 1.56076149398960e-002 5.08796520940271e-001 1.56274136188849e+000 5.16493779307784e-001 5.40403754808124e-005 146488 104
2.71099086487687e+004 1.73689975639343e+006 1.56069499103435e-002 3.19325438899821e-001 1.54001859721671e+000 5.20345991411494e-001 5.40529128447963e-005 148005 105
2.71124320200219e+004 1.73692928187707e+006 1.56081370794073e-002 6.84054260526319e-001 1.56878159047212e+000 5.26621915111461e-001 5.40529474472978e-005 150258 106
2.71106032289466e+004 1.73690315200601e+006 1.56073192023523e-002 2.22301308840329e-001 1.49907927014985e+000 5.32232626968476e-001 5.41533286171793e-005 151869 107
2.71177823353405e+004 1.73690418993866e+006 6.26756855785255e+000 7.49279048145457e-001 -1.57050737006745e+000 5.38137112445091e-001 5.41533300043974e-005 153252 108
2.71103915892531e+004 1.73689926054948e+006 1.56072323448088e-002 1.06456545234224e-001 1.20138228995636e+000 5.42534905429659e-001 5.87535828754275e-005 154168 109
2.71101164227210e+004 1.73690231024499e+006 1.56070465605609e-002 5.60590904460546e-001 1.56571353785821e+000 5.46640406595288e-001 5.87538082237415e-005 155088 110
2.71142933221662e+004 1.73693776474118e+006 1.56091322034391e-002 1.73096644496067e-001 1.31207187566759e-001 5.48081585454863e-001 5.88202836217403e-005 155573 111
2.71129366907280e+004 1.73692081546230e+006 1.56085036311025e-002 4.39596815516089e-001 1.55727639316996e+000 5.55003217561577e-001 5.88220329825749e-005 157369 112
2.71187863295168e+004 1.73692764279512e+006 6.26756819072380e+000 9.47302226069487e-001 -1.56878159047212e+000 5.55200004023117e-001 5.88220498882253e-005 157473 113
2.71118519834675e+004 1.73693816598434e+006 1.56077233991023e-002 1.28348706175643e-001 1.33129514282662e+000 5.60005171550203e-001 6.06751710688778e-005 158680 114
2.71172865830957e+004 1.73692155296767e+006 6.26756899923652e+000 8.62293188466151e-001 -1.56945272698141e+000 5.64218596189844e-001 6.06751821522163e-005 159881 115
2.71119238548102e+004 1.73691734638489e+006 1.56079518196521e-002 3.94065938840126e-001 1.55248256096072e+000 5.65493622288196e-001 6.06787362412493e-005 159988 116
2.71158393503137e+004 1.73693389117077e+006 6.26756994311846e+000 9.62539410988824e-001 -1.56887746711631e+000 5.67560242818156e-001 6.06787513737875e-005 160674 117
2.71129259435824e+004 1.73693088822593e+006 1.56084069434550e-002 8.83586240158021e-002 8.59102670216986e-001 5.79132054955690e-001 7.02199983383704e-005 163537 118
2.71180400030950e+004 1.73691758806002e+006 6.26756852994395e+000 9.48386294561772e-001 -1.56839808389538e+000 5.80890601366930e-001 7.02200204394200e-005 163905 119
2.71150539377017e+004 1.73693606369155e+006 1.56095852873708e-002 9.08278911371176e-002 6.09823395336772e-001 6.00966955006675e-001 7.65636244354429e-005 169428 120
2.71102969294520e+004 1.73690599996271e+006 1.56071173108036e-002 4.88982157942398e-001 1.56168671880245e+000 6.08916535739698e-001 7.65643760604419e-005 171723 121
2.71098030574962e+004 1.73689425102922e+006 1.56069385926923e-002 6.63366620131884e-001 1.56954860362560e+000 6.10744424011211e-001 7.65643936527974e-005 172220 122
2.71096345577726e+004 1.73689078236881e+006 1.56068727668466e-002 3.58050774485330e-001 1.54816811197241e+000 6.16524848448668e-001 7.65704716700607e-005 173585 123
2.71097283883748e+004 1.73689167846961e+006 1.56069187252043e-002 2.76263829345174e-001 1.52745875682852e+000 6.19980475375423e-001 7.65995514607374e-005 175131 124
2.71114138981567e+004 1.73693104183209e+006 1.56075352483619e-002 4.31375962782929e-001 1.55612587343974e+000 6.28393660193647e-001 7.66016201261070e-005 177430 125
2.71179594283860e+004 1.73692052590547e+006 6.26756860272316e+000 8.02729647417834e-001 -1.57021974013489e+000 6.48020142689365e-001 7.66016236127642e-005 183308 126
2.71181311796884e+004 1.73693439430790e+006 6.26756862849300e+000 9.22940798006753e-001 -1.56926097369304e+000 6.48661455422949e-001 7.66016353535797e-005 183550 127
2.71163466488915e+004 1.73692189798168e+006 6.26756954335442e+000 8.55487647375696e-001 -1.56954860362560e+000 6.49149400812618e-001 7.66016454069507e-005 183926 128
2.71109565569456e+004 1.73691251080974e+006 1.56074384943831e-002 6.82247479705845e-001 1.56935685033723e+000 6.50051357915445e-001 7.66016660571362e-005 184252 129
2.71177488440243e+004 1.73691603928113e+006 6.26756868361478e+000 8.53590527514198e-001 -1.56935685033723e+000 6.58112280974395e-001 7.66016786709709e-005 185870 130
2.71117173626440e+004 1.73692929313131e+006 1.56077256297713e-002 4.12284312113246e-001 1.55420834055605e+000 6.62660351010220e-001 7.66044409669472e-005 187254 131
2.71112831491984e+004 1.73691787317552e+006 1.56075783015113e-002 6.53158308496202e-001 1.56839808389538e+000 6.63292513956290e-001 7.66044911711286e-005 187456 132
2.71103623217503e+004 1.73689842919220e+006 1.56072229675794e-002 1.02632192497552e-001 1.16466153523362e+000 6.64515875334671e-001 8.20577285165121e-005 187969 133
2.71114983727345e+004 1.73690918843431e+006 1.56077802100974e-002 5.09248216145390e-001 1.56283723853267e+000 6.67333158256076e-001 8.20582862465775e-005 188786 134
2.71129928774572e+004 1.73693542571868e+006 1.56084047015976e-002 7.48917691981362e-001 1.56993211020234e+000 6.69300306744472e-001 8.20582938623568e-005 189354 135
2.71185860154799e+004 1.73689518507266e+006 6.26756801433076e+000 9.63563253453760e-001 -1.56743931745354e+000 6.76406247627031e-001 8.20583298303891e-005 191109 136
2.71101669755439e+004 1.73689795296047e+006 1.56071148051056e-002 3.82201411452342e-001 1.55161967116306e+000 6.80808872255125e-001 8.20624106601304e-005 192387 137
2.71099345921050e+004 1.73689954151575e+006 1.56069667737588e-002 1.29402661654253e-001 1.33714361812189e+000 6.84028352818912e-001 8.38260420898931e-005 193227 138
2.71099789411817e+004 1.73689936962427e+006 1.56069938453007e-002 2.05197117073168e-001 1.48536891003143e+000 6.89338779627142e-001 8.39814018735096e-005 194903 139
2.71107914985736e+004 1.73690711257144e+006 1.56073919869002e-002 5.17920764083668e-001 1.56341249839778e+000 6.94935234295570e-001 8.39818803162650e-005 196472 140
2.71097301645773e+004 1.73689180364204e+006 1.56069186230282e-002 2.73222414964041e-001 1.52630823709830e+000 6.95959779872238e-001 8.40128887324254e-005 196628 141
2.71097262448770e+004 1.73689268842077e+006 1.56069084179227e-002 7.00014157773846e-001 1.57050737006745e+000 7.02954352676905e-001 8.40128903435371e-005 199090 142
2.71168498460900e+004 1.73692214773714e+006 6.26756925596306e+000 8.97706092547456e-001 -1.56906922040468e+000 7.18443630022936e-001 8.40129053247271e-005 203463 143
2.71137272892533e+004 1.73693415653805e+006 1.56088388225752e-002 4.34598055246109e-001 1.55631762672811e+000 7.22118843834051e-001 8.40148994765579e-005 204257 144
2.71112153287939e+004 1.73691692385389e+006 1.56075477936162e-002 2.88339147828680e-001 1.53071856273080e+000 7.35954408860109e-001 8.40383951551818e-005 208513 145
2.71104988358250e+004 1.73689908146340e+006 1.56072956847204e-002 1.37412723291691e-001 1.36629011795404e+000 7.39987712856232e-001 8.53371751789356e-005 209620 146
2.71098030383164e+004 1.73690458831026e+006 1.56068457112007e-002 6.98237489967046e-001 1.57002798684652e+000 7.52587104091589e-001 8.53371825807686e-005 212582 147
2.71099732747034e+004 1.73690946587014e+006 1.56068998786534e-002 8.79671548380326e-002 8.20176752677999e-001 7.58503162747677e-001 9.47472196292037e-005 214090 148
2.71103798173334e+004 1.73691750666482e+006 1.56070616434532e-002 3.28449682043219e-001 1.54145674687948e+000 7.88797547783882e-001 9.47581702732231e-005 223001 149
2.71102624646031e+004 1.73689788051624e+006 1.56071704193501e-002 3.53473596406794e-001 1.54711346888638e+000 7.93159310177582e-001 9.47648764735689e-005 224043 150
2.71108105763836e+004 1.73692950243714e+006 1.56072018136649e-002 1.85774223253064e-001 1.46350903515732e+000 8.14298087778542e-001 9.50352560514851e-005 229757 151
2.71118586614952e+004 1.73691639246153e+006 1.56079228654301e-002 5.50924627071007e-001 1.56475477141636e+000 8.14546119707081e-001 9.50355621106562e-005 229824 152
2.71133421763464e+004 1.73692449166913e+006 1.56087039944872e-002 2.96620226589189e-001 1.53301960219123e+000 8.19043641333244e-001 9.50557347340764e-005 231391 153
2.71185207697573e+004 1.73689106791967e+006 6.26756801488539e+000 8.07065921386974e-001 -1.56906922040468e+000 8.27605147880651e-001 9.50557536680458e-005 233918 154
2.71107795731978e+004 1.73692067172334e+006 1.56072633045088e-002 1.14587058926360e-001 1.26120931592761e+000 8.29309205309010e-001 9.82966869598576e-005 234252 155
2.71096136817573e+004 1.73689086750323e+006 1.56068599857343e-002 1.41327415069386e-001 1.37884995834223e+000 8.30839054254655e-001 9.94183688414353e-005 234900 156
2.71174198019981e+004 1.73690748334889e+006 6.26756879612173e+000 8.66990818599386e-001 -1.56887746711631e+000 8.32633829092858e-001 9.94183878872971e-005 235340 157
2.71185655966511e+004 1.73689308051431e+006 6.26756800717019e+000 7.23321630357970e-001 -1.57060324671163e+000 8.32698782536619e-001 9.94183886886055e-005 235402 158
2.71096286119776e+004 1.73689096914628e+006 1.56068676664195e-002 1.01156654827498e-001 1.14884188894314e+000 8.34910933830369e-001 1.05239329393451e-004 236470 159
2.71114354268216e+004 1.73692277696503e+006 1.56076218939398e-002 3.67656825847520e-001 1.54855161854915e+000 8.47127422264743e-001 1.05244914700195e-004 240501 160
2.71185882350506e+004 1.73692168964670e+006 6.26756825124574e+000 8.87527893925448e-001 -1.56916509704886e+000 8.47836467799048e-001 1.05244928758348e-004 240989 161
2.71100305769669e+004 1.73690173735358e+006 1.56070022948706e-002 2.36966346499848e-001 1.50866693456832e+000 8.53181399946418e-001 1.05315246259883e-004 242808 162
2.71175831513278e+004 1.73693477107091e+006 6.26756894731651e+000 9.88767845899382e-001 -1.56868571382794e+000 8.54705295686256e-001 1.05315262796379e-004 243276 163
2.71098370753960e+004 1.73689282475123e+006 1.56069709872260e-002 3.95993171715299e-001 1.55363308069094e+000 8.59526630765426e-001 1.05318444246662e-004 244761 164
2.71095871183689e+004 1.73688921318661e+006 1.56068595582901e-002 1.02782757565925e-001 1.16667494476150e+000 8.60613515906037e-001 1.10729902644901e-004 244972 165
2.71120706048431e+004 1.73691626943553e+006 1.56080459638160e-002 1.75084103398589e-001 1.44941516846217e+000 8.69165176250731e-001 1.11098373117658e-004 248058 166
2.71171144228898e+004 1.73691147936046e+006 6.26756900780616e+000 8.40431140538407e-001 -1.56935685033723e+000 8.73865513548446e-001 1.11098386170092e-004 249326 167
2.71099816544724e+004 1.73690460269224e+006 1.56069483928517e-002 5.98623640731540e-001 1.56715168752098e+000 8.75104312304055e-001 1.11098502611161e-004 249749 168
2.71110824269470e+004 1.73691043008451e+006 1.56075296383232e-002 7.26061914602357e-001 1.57041149342326e+000 8.76340101292702e-001 1.11098504931456e-004 250148 169
2.71179565586849e+004 1.73690094397705e+006 6.26756842839969e+000 7.64004311832326e-001 -1.57012386349071e+000 8.77448630185954e-001 1.11098509867993e-004 250413 170
2.71102562449504e+004 1.73690545164702e+006 1.56070988190921e-002 2.89393103307290e-001 1.53148557588427e+000 8.86014478604096e-001 1.11121140964716e-004 252916 171
2.71103763062474e+004 1.73692566290300e+006 1.56069863469245e-002 5.78779164719992e-001 1.56561766121403e+000 8.93745233091038e-001 1.11121357201765e-004 254750 172
2.71162082503721e+004 1.73693335100306e+006 6.26756972593060e+000 8.02247839199041e-001 -1.57069912335582e+000 9.01740387992164e-001 1.11121357421432e-004 257036 173
2.71137075026641e+004 1.73693372348992e+006 1.56088313245987e-002 7.07783315301888e-001 1.56916509704886e+000 9.02852252622244e-001 1.11121380549960e-004 257475 174
2.71095954130211e+004 1.73688920231569e+006 1.56068644303715e-002 1.61653699299727e-001 1.42765117023225e+000 9.17380760757973e-001 1.11677405904476e-004 261301 175
2.71106229941504e+004 1.73690670521734e+006 1.56072986562236e-002 1.43013743835163e-001 1.38316440733055e+000 9.29250449010675e-001 1.12737148131470e-004 264247 176
2.71102994178104e+004 1.73691428314148e+006 1.56070443263162e-002 4.40078623734882e-001 1.55756402310251e+000 9.33645909722400e-001 1.12738836261688e-004 265299 177
2.71127369010519e+004 1.73692235744371e+006 1.56083747795627e-002 1.14647284953709e-001 1.26149694586016e+000 9.33663830726635e-001 1.15972620311442e-004 265301 178
2.71126114390503e+004 1.73692582719726e+006 1.56082713900831e-002 3.49619130656448e-001 1.54538768929105e+000 9.60371160704290e-001 1.15980274404234e-004 273507 179
2.71184106381877e+004 1.73690140975656e+006 6.26756817121844e+000 9.98163106165851e-001 -1.56753519409772e+000 9.62523281298905e-001 1.15980306223059e-004 274131 180
2.71098787510329e+004 1.73689917646541e+006 1.56069379113649e-002 5.28400092842422e-001 1.56427538819544e+000 9.63193825020446e-001 1.15980683863314e-004 274383 181
2.71122049425267e+004 1.73691414179834e+006 1.56081424037159e-002 2.78281401261370e-001 1.52736288018433e+000 9.65273839111677e-001 1.16009398241899e-004 274914 182
2.71116915664794e+004 1.73691567307523e+006 1.56078331500722e-002 3.95089781305062e-001 1.55267431424909e+000 9.70604450304428e-001 1.16012875231184e-004 276512 183
2.71099771444234e+004 1.73689448212328e+006 1.56070367209572e-002 4.58357223035351e-001 1.55986506256294e+000 9.73337678107220e-001 1.16014024135647e-004 277236 184
2.71112932731539e+004 1.73690814998827e+006 1.56076714856282e-002 2.18386617062633e-001 1.49601121753594e+000 9.76632958993120e-001 1.16125152167840e-004 277818 185
2.71102889911269e+004 1.73690090571507e+006 1.56071585090195e-002 3.16344250546038e-001 1.53925158406323e+000 9.77419199287570e-001 1.16138442677642e-004 278121 186
2.71121496131998e+004 1.73692326398953e+006 1.56080285971996e-002 5.99135561964007e-001 1.56648055101169e+000 9.77618349864586e-001 1.16138593738899e-004 278146 187
2.71106497043882e+004 1.73690134458058e+006 1.56073621919018e-002 2.65483370449674e-001 1.52285667790765e+000 9.87694203633795e-001 1.16175596953361e-004 280655 188
2.71104879729010e+004 1.73690279196066e+006 1.56072560960327e-002 8.79069288106834e-002 8.09055061952574e-001 9.89884461435946e-001 1.25517628462438e-004 281469 189
2.71176641842580e+004 1.73690982400755e+006 6.26756867649080e+000 9.59528109621366e-001 -1.56801457731864e+000 9.90760055985139e-001 1.25517655579778e-004 281631 190
2.71177405960144e+004 1.73691254215538e+006 6.26756865693533e+000 8.74699750100078e-001 -1.56897334376049e+000 9.92342762942833e-001 1.25517672829486e-004 282214 191
2.71113880248991e+004 1.73690892891095e+006 1.56077190261003e-002 2.09834521179053e-001 1.48910809915464e+000 1.01087897309932e+000 1.25656069870499e-004 287397 192
2.71127249740496e+004 1.73693397836900e+006 1.56082635039478e-002 6.99592575582402e-001 1.56897334376049e+000 1.01576365660555e+000 1.25656098068099e-004 288844 193
2.71127524881216e+004 1.73691907712777e+006 1.56084132242772e-002 5.33338627085053e-001 1.56379600497452e+000 1.01923760365987e+000 1.25656511040864e-004 289884 194
2.71125138015197e+004 1.73693061091306e+006 1.56081722110174e-002 8.79370418243580e-002 8.02631326792199e-001 1.02935968235041e+000 1.34940601899656e-004 292755 195
2.71100692887536e+004 1.73690054845468e+006 1.56070352584694e-002 3.80153726522470e-001 1.55123616458632e+000 1.04022775704143e+000 1.34944859145907e-004 295253 196
2.71185331536180e+004 1.73689099069893e+006 6.26756800706324e+000 7.94207664547929e-001 -1.56926097369304e+000 1.04946245223067e+000 1.34944875484918e-004 297972 197
2.71183023949689e+004 1.73690674789784e+006 6.26756828149578e+000 7.54458486497485e-001 -1.57050737006745e+000 1.05438604182091e+000 1.34944876851271e-004 299163 198
2.71105345113799e+004 1.73690655796910e+006 1.56072490488084e-002 1.05342363728265e-001 1.19102761238441e+000 1.05983730342219e+000 1.39782053221679e-004 301558 199
2.71179161093624e+004 1.73690075088431e+006 6.26756844994696e+000 8.70333363117264e-001 -1.56858983718375e+000 1.07381273780826e+000 1.39782076679790e-004 305519 200
