3.81299841652838e+005 1.69478399894338e+006 6.06188047310794e+000 9.16978421299186e-001 -1.52582885387738e+000 3.24067351538009e-001 2.19636022167886e-009 87174 1
3.81295432936219e+005 1.69474866053139e+006 6.06187848388898e+000 7.87161219348077e-001 -1.54912687841426e+000 3.59704636245893e-001 3.20137678671969e-009 96964 2
3.81293492500986e+005 1.69476979846703e+006 2.21297755384044e-001 5.93624880461559e-001 1.52439070421461e+000 4.55999218905434e-001 9.19854585359970e-009 123002 3
3.81289366682033e+005 1.69475855821442e+006 2.21296858489057e-001 6.97424438597832e-001 1.56801457731864e+000 5.52636824987960e-001 9.25325756020576e-009 151793 4
3.81295914978710e+005 1.69478103932082e+006 2.21297695561878e-001 4.34116247027316e-001 1.37932934156316e+000 6.49191328709550e-001 1.03914186405302e-007 178440 5
3.81298680224968e+005 1.69476975856980e+006 6.06187932603195e+000 8.91623263785191e-001 -1.52956804300058e+000 8.67619064982527e-001 1.05961148208074e-007 238459 6
3.81286854661208e+005 1.69474951037006e+006 2.21296590915662e-001 3.15922668354594e-001 9.02822419965209e-001 8.69348573068771e-001 6.92239307387839e-007 239055 7
3.81285775489546e+005 1.69474469013557e+006 2.21296593887083e-001 3.29051942316710e-001 1.05919722663045e+000 9.37738322632892e-001 1.19123525523938e-006 257225 8
3.81285918011238e+005 1.69474602183940e+006 2.21296505662309e-001 3.18843630681028e-001 7.22478452253792e-001 9.47216765115447e-001 1.68823183517534e-006 260010 9
3.81290816250068e+005 1.69476357815407e+006 2.21297038307033e-001 3.83436045013000e-001 1.28000113818781e+000 9.93859443526963e-001 1.89973434811230e-006 273863 10
3.81293884969387e+005 1.69474141254584e+006 6.06187843742438e+000 9.58474154142756e-001 -1.52017213187048e+000 1.21333757872007e+000 1.90211961244595e-006 338105 11
3.81286705809807e+005 1.69474825672302e+006 2.21296665722391e-001 4.00570349793835e-001 1.31950231559191e+000 1.26302331651969e+000 2.06309006021344e-006 352379 12
3.81296397869684e+005 1.69475379367539e+006 6.06187859057245e+000 9.13756328836006e-001 -1.52621236045412e+000 1.35050389537778e+000 2.06527485414986e-006 377664 13
3.81296652495898e+005 1.69478578954915e+006 2.21297509553772e-001 3.18572613557957e-001 7.26697024597919e-001 1.46827832957185e+000 2.56626200817130e-006 408825 14
3.81295268946786e+005 1.69477836213385e+006 2.21297671012365e-001 4.73714860009387e-001 1.43110272942289e+000 1.53852188739345e+000 2.61670612562915e-006 428030 15
3.81292858070021e+005 1.69477054351883e+006 2.21297304931982e-001 3.95390911441807e-001 1.30828474822230e+000 1.54985586452950e+000 2.79155132689663e-006 431247 16
3.81291159245462e+005 1.69476317806950e+006 2.21297281494758e-001 6.00309969497316e-001 1.52793814004944e+000 1.58386939944671e+000 2.79673604944287e-006 440135 17
3.81299346373846e+005 1.69477660479893e+006 6.06187981697410e+000 8.98609482957693e-001 -1.52851339991455e+000 1.89659118414804e+000 2.79882708189794e-006 529773 18
3.81300900936491e+005 1.69478516173238e+006 6.06188002512022e+000 7.84631726199413e-001 -1.54979801492355e+000 2.00964371048851e+000 2.79979139831084e-006 561173 19
3.81285802905854e+005 1.69474560282883e+006 2.21296493960215e-001 3.36068274502887e-001 5.76937706381420e-001 2.09397775399964e+000 3.12787948300029e-006 584322 20
3.81295808226365e+005 1.69477541030953e+006 2.21298346860339e-001 6.72310185193234e-001 1.55928980269784e+000 2.32187995969868e+000 3.12841493568428e-006 650322 21
3.81293694656186e+005 1.69474095604999e+006 6.06187848662769e+000 9.25711195264814e-001 -1.52448658085879e+000 2.34947634543603e+000 3.13066431222019e-006 658767 22
3.81297294520605e+005 1.69475993675000e+006 6.06187886321724e+000 8.20707116581558e-001 -1.54203200674459e+000 2.41400486504362e+000 3.13208099143236e-006 677564 23
3.81295776921713e+005 1.69477682271045e+006 2.21298150814940e-001 5.42071401050681e-001 1.49236790505692e+000 2.57918360227277e+000 3.14822499413311e-006 722260 24
3.81286057233804e+005 1.69474588966868e+006 2.21296600554656e-001 4.27581723059932e-001 1.36916641727958e+000 2.63593259270353e+000 3.25312366689445e-006 736612 25
3.81287146684542e+005 1.69474882725245e+006 2.21296841240938e-001 5.56615986655502e-001 1.50243495269631e+000 2.75032828631042e+000 3.26552666697163e-006 767447 26
3.81286963625326e+005 1.69474880155084e+006 2.21296741676933e-001 5.91035161285546e-001 1.52304843119602e+000 2.77555883821585e+000 3.27184976650745e-006 774406 27
3.81297774801944e+005 1.69478622193905e+006 2.21298085226273e-001 5.54026267479488e-001 1.50061329645680e+000 3.05801773105730e+000 3.28488442363670e-006 856131 28
3.81293470792813e+005 1.69476800681448e+006 2.21297969577262e-001 6.82729287924638e-001 1.56302899182104e+000 3.07721950144420e+000 3.28516621051631e-006 861494 29
3.81301918517063e+005 1.69477776695139e+006 6.06187851925324e+000 8.25314407673769e-001 -1.54116911694693e+000 3.12136721828843e+000 3.28663041966677e-006 873896 30
3.81288199821652e+005 1.69475432451994e+006 2.21296738099915e-001 4.59441291527636e-001 1.41432431669057e+000 3.25670830334162e+000 3.34994344301520e-006 909848 31
3.81288559674808e+005 1.69475832127065e+006 2.21296435191211e-001 3.97920404590472e-001 1.31384559358501e+000 3.28720201043531e+000 3.51786336496574e-006 919171 32
3.81294955031927e+005 1.69475083461306e+006 6.06187902700779e+000 9.84220780834521e-001 -1.51710407925657e+000 3.35621486448721e+000 3.52032319491314e-006 938382 33
3.81293227530058e+005 1.69473866156675e+006 6.06187845905074e+000 7.84932856336158e-001 -1.54960626163518e+000 3.41104788026512e+000 3.52130027395171e-006 954302 34
3.81291670036913e+005 1.69476700705078e+006 2.21297084555525e-001 3.16464702600736e-001 9.16341026795251e-001 3.45985677759353e+000 4.10613966453392e-006 969288 35
3.81294672758762e+005 1.69474870592612e+006 6.06187891656272e+000 8.74488959004356e-001 -1.53225258903775e+000 3.55439716352609e+000 4.10806748334374e-006 995117 36
3.81296530906312e+005 1.69476202880551e+006 6.06187955642925e+000 9.79523150701286e-001 -1.51767933912168e+000 3.58864104962476e+000 4.11051315078037e-006 1006005 37
3.81287881264818e+005 1.69475536776296e+006 2.21296427369623e-001 6.21118061946450e-001 1.53819694097720e+000 3.60017655853909e+000 4.11368107906334e-006 1009027 38
3.81290457318183e+005 1.69476513784601e+006 2.21296639646707e-001 3.61634223112605e-001 1.21605141651662e+000 3.73160514261555e+000 4.41330870669994e-006 1043764 39
3.81293375572407e+005 1.69476980247021e+006 2.21297689208451e-001 3.68349425162036e-001 1.23781541474654e+000 3.74566134824745e+000 4.68246258469584e-006 1048444 40
3.81285313056376e+005 1.69474408245818e+006 2.21296410953989e-001 5.74834359928622e-001 1.51384427335429e+000 3.82343567528378e+000 4.69124079327120e-006 1069738 41
3.81287297321619e+005 1.69475011313520e+006 2.21296763363815e-001 6.38011462617889e-001 1.54577119586779e+000 4.13879836592354e+000 4.69323162282764e-006 1158889 42
3.81299894520507e+005 1.69478471515656e+006 6.06188053391375e+000 9.03849147337070e-001 -1.52774638676107e+000 4.20369015054685e+000 4.69535336035181e-006 1177234 43
3.81296870241416e+005 1.69475993625062e+006 6.06187910144009e+000 9.17881811709424e-001 -1.52563710058901e+000 4.21830327933500e+000 4.69755919201072e-006 1182315 44
3.81293243939606e+005 1.69477772029617e+006 2.21296614826155e-001 3.93343226511936e-001 1.30368266930143e+000 4.38315828745163e+000 4.87821129388524e-006 1229104 45
3.81299663665872e+005 1.69476946324670e+006 6.06187873639359e+000 9.49982284286525e-001 -1.52132265160070e+000 4.38799649047872e+000 4.88056039958275e-006 1230800 46
3.81292690379022e+005 1.69476863551810e+006 2.21297451838515e-001 4.28997034702637e-001 1.37137158009583e+000 4.41431225508425e+000 4.98318243128467e-006 1237402 47
3.81285370218154e+005 1.69474319154887e+006 2.21296555630121e-001 4.78502829183645e-001 1.43647182149724e+000 4.54137403139609e+000 5.02984448225474e-006 1272810 48
3.81289507960645e+005 1.69476214919309e+006 2.21296484095173e-001 3.58532582704123e-001 1.20521735572375e+000 4.59992143367581e+000 5.34467611845364e-006 1288085 49
3.81294278329191e+005 1.69474594393248e+006 6.06187878908382e+000 8.12937959053517e-001 -1.54356603305155e+000 5.01710087507251e+000 5.34600610101541e-006 1404027 50
3.81299780544533e+005 1.69477554650322e+006 6.06187943941282e+000 9.34082613066347e-001 -1.52343193777276e+000 5.08510386725141e+000 5.34828809425831e-006 1423897 51
3.81286314475906e+005 1.69474698023091e+006 2.21296607230223e-001 4.76575596308472e-001 1.43436253532517e+000 5.08869262559027e+000 5.39642401724827e-006 1425004 52
3.81291924397171e+005 1.69476623494888e+006 2.21297324969505e-001 3.69915301873114e-001 1.24260924695578e+000 5.10073958303048e+000 5.65891365051340e-006 1428407 53
3.81287247035420e+005 1.69475048166892e+006 2.21296688555071e-001 5.20661048328055e-001 1.47606887554552e+000 5.16251083585709e+000 5.68224969113856e-006 1445027 54
3.81299741254558e+005 1.69476999096641e+006 6.06187875949925e+000 8.04054620019516e-001 -1.54548356593524e+000 5.22296450105175e+000 5.68346770696931e-006 1460171 55
3.81297044440309e+005 1.69477846124244e+006 2.21298655642096e-001 3.67988068997941e-001 1.23666489501633e+000 5.30705722153335e+000 5.95420873998703e-006 1482225 56
3.81291741908899e+005 1.69476598422432e+006 2.21297254160053e-001 6.06332572232232e-001 1.53100619266335e+000 5.33655810636365e+000 5.95873816291143e-006 1489436 57
3.81298030346907e+005 1.69476081420810e+006 6.06187856083245e+000 7.61113462519567e-001 -1.55535886028626e+000 5.38450113630890e+000 5.95937988689132e-006 1502271 58
3.81285341224742e+005 1.69474407915148e+006 2.21296427192062e-001 3.18030579311814e-001 7.34942415997803e-001 5.74625209522134e+000 6.46810692236999e-006 1599853 59
3.81294880312574e+005 1.69474707670025e+006 6.06187859412739e+000 9.03186661036229e-001 -1.52774638676107e+000 5.76274356838684e+000 6.47023208524314e-006 1604925 60
3.81295175682943e+005 1.69477928544467e+006 2.21297501969009e-001 3.14959051917007e-001 8.19984999389630e-001 5.80308968777747e+000 7.03892160853363e-006 1617028 61
3.81289969190240e+005 1.69476052842594e+006 2.21296947926351e-001 3.29985445740622e-001 6.15575993987854e-001 6.10653764270046e+000 7.41531208919074e-006 1703585 62
3.81288290641574e+005 1.69475379311096e+006 2.21296856253657e-001 3.39471045048115e-001 5.58241760765404e-001 6.35503760027810e+000 7.71992916761378e-006 1774216 63
3.81297939181611e+005 1.69476004540974e+006 6.06187851488936e+000 8.17364572063680e-001 -1.54270314325388e+000 6.41271125235774e+000 7.72130778982532e-006 1791583 64
3.81298805601454e+005 1.69478397613493e+006 2.21298947909087e-001 5.51075192139380e-001 1.82692945493942e-001 6.56838288119662e+000 7.73222219672232e-006 1835298 65
3.81299113294239e+005 1.69478516286252e+006 6.06188102923398e+000 7.56807301564102e-001 -1.55650938001648e+000 6.73332060462620e+000 7.73279875506459e-006 1882660 66
3.81292260703542e+005 1.69477187385342e+006 2.21296801343256e-001 3.33900137518317e-001 5.89881053346355e-001 6.83175262318213e+000 8.07712891553142e-006 1910483 67
3.81285929466738e+005 1.69474601686517e+006 2.21296512724600e-001 3.60971736811764e-001 1.21384625370037e+000 6.89856165439297e+000 8.37988636929194e-006 1930222 68
3.81288885762896e+005 1.69475967408160e+006 2.21296447396041e-001 4.55135130572172e-001 1.40885934797205e+000 7.08925209526431e+000 8.44769526207881e-006 1984674 69
3.81294748269760e+005 1.69474962886101e+006 6.06187899077432e+000 7.82132346064423e-001 -1.55027739814447e+000 7.09669526784117e+000 8.44863245153449e-006 1986838 70
3.81285788056318e+005 1.69474463227244e+006 2.21296608256365e-001 5.91366404435966e-001 1.52324018448439e+000 7.30816760481963e+000 8.45490929834411e-006 2045430 71
3.81289342157473e+005 1.69475857571860e+006 2.21296842503653e-001 3.50221390929939e-001 5.08194152500992e-001 7.44123803726651e+000 8.69801385913318e-006 2082613 72
3.81295876597090e+005 1.69477710753197e+006 2.21298170806048e-001 5.53845589397441e-001 1.50051741981262e+000 7.77701011767960e+000 8.71108457165047e-006 2176430 73
3.81284595383851e+005 1.69474079632237e+006 2.21296423110971e-001 3.27907647797076e-001 1.05066420529801e+000 7.83183971526674e+000 9.21852313223740e-006 2192966 74
3.81293593827432e+005 1.69476834321940e+006 2.21297996169753e-001 4.02919164860452e-001 1.32429614780114e+000 7.88294416222585e+000 9.37364915641932e-006 2208645 75
3.81295666477094e+005 1.69477831049057e+006 2.21297900798735e-001 6.46864688638215e-001 1.54941450834681e+000 7.88810513656907e+000 9.37516548421880e-006 2210313 76
3.81298076036702e+005 1.69476803692551e+006 6.06187944781603e+000 9.69977325366445e-001 -1.51882985885189e+000 8.00770217249030e+000 9.37758292767878e-006 2240839 77
3.81288222805938e+005 1.69475268736801e+006 2.21296957872579e-001 4.33935568945268e-001 1.37913758827479e+000 8.11239086039774e+000 9.47245852910548e-006 2271662 78
3.81288156511037e+005 1.69475654668566e+006 2.21296432992035e-001 3.36489856694331e-001 5.74540790276803e-001 8.19340592771141e+000 9.79752795490224e-006 2293935 79
3.81291357883007e+005 1.69476969351317e+006 2.21296569794773e-001 5.07652226420637e-001 1.46494718482009e+000 8.40940197334966e+000 9.82656403880931e-006 2354979 80
3.81285063281998e+005 1.69474233695191e+006 2.21296491228923e-001 3.28389456015870e-001 1.05430751777703e+000 8.57147518083652e+000 1.03304420209533e-005 2404040 81
3.81286203313097e+005 1.69474737720650e+006 2.21296494637389e-001 3.18964082735726e-001 7.20752672658467e-001 8.58007842805192e+000 1.08257634036804e-005 2407075 82
3.81297556210819e+005 1.69476319937008e+006 6.06187912850254e+000 7.13595126941081e-001 -1.56849396053957e+000 8.68544414813578e+000 1.08258021903449e-005 2435120 83
3.81288976004257e+005 1.69475616283831e+006 2.21296941743388e-001 3.61935353249350e-001 1.21710605960265e+000 8.70950001174718e+000 1.11239659788410e-005 2441310 84
3.81293128867966e+005 1.69473790860165e+006 6.06187841931813e+000 9.54589575378735e-001 -1.52065151509140e+000 8.74623772571828e+000 1.11263381889908e-005 2451277 85
3.81296636549607e+005 1.69475760954140e+006 6.06187893868945e+000 8.09836318645035e-001 -1.54423716956084e+000 8.80827595208934e+000 1.11276290010958e-005 2468195 86
3.81292808461833e+005 1.69476663774899e+006 2.21297770585515e-001 5.95582226350407e-001 1.52544534730064e+000 8.82026781375350e+000 1.11333784850214e-005 2471379 87
3.81295752057717e+005 1.69475005621262e+006 6.06187848101784e+000 8.41545322044366e-001 -1.53800518768883e+000 9.02931805153681e+000 1.11350171344490e-005 2526605 88
3.81294620403015e+005 1.69474697717994e+006 6.06187872752500e+000 9.36371202105615e-001 -1.52304843119602e+000 9.03717579077979e+000 1.11373148359695e-005 2528892 89
3.81292483182146e+005 1.69477479764466e+006 2.21296556858043e-001 3.44379466277071e-001 1.14740373928037e+000 9.09583904395551e+000 1.15315489097700e-005 2545711 90
3.81301743595053e+005 1.69478296423539e+006 6.06187927420229e+000 8.11552760424486e-001 -1.54394953962828e+000 9.19629815888688e+000 1.15328551440406e-005 2573955 91
3.81291349980842e+005 1.69476596720522e+006 2.21297036194174e-001 4.63536661387379e-001 1.41930990218818e+000 9.19704288289111e+000 1.15921885074806e-005 2574201 92
3.81294728185039e+005 1.69477498363424e+006 2.21297794198995e-001 5.03406291492521e-001 1.46111211905271e+000 9.33732608483156e+000 1.16233423639248e-005 2613974 93
3.81302875470851e+005 1.69478356780854e+006 2.21301285213996e-001 4.92716171638046e-001 2.30343637653737e-001 9.39247459245131e+000 1.16465987049222e-005 2630614 94
3.81296051730244e+005 1.69477686019861e+006 2.21298300416214e-001 5.38758969546477e-001 1.48997098895230e+000 9.60846265138648e+000 1.16637118621659e-005 2689715 95
3.81292847091506e+005 1.69477621223040e+006 2.21296582498375e-001 6.25815692079684e-001 1.54030622714927e+000 9.70857148676638e+000 1.16665243497451e-005 2717141 96
3.81288904771019e+005 1.69475493337442e+006 2.21297057086920e-001 4.76334692199075e-001 1.43407490539262e+000 9.71873014864991e+000 1.17148586335246e-005 2719971 97
3.81295731667463e+005 1.69475424715831e+006 6.06187902203113e+000 7.85113534418206e-001 -1.54960626163518e+000 9.83926769229931e+000 1.17158352179503e-005 2752382 98
3.81284745079378e+005 1.69474157832682e+006 2.21296408373355e-001 4.47155181948408e-001 1.39831291711173e+000 9.94815392584544e+000 1.17927668747578e-005 2783785 99
3.81295724480906e+005 1.69477541353804e+006 2.21298299419200e-001 6.69961370126617e-001 1.55842691290017e+000 1.01549322568807e+001 1.17933702816897e-005 2839430 100
3.81297424647463e+005 1.69475745797009e+006 6.06187847692088e+000 9.90243383569436e-001 -1.51643294274728e+000 1.01903585949849e+001 1.17958433544217e-005 2850110 101
3.81294443187244e+005 1.69477624279482e+006 2.21297475037249e-001 3.31159853273931e-001 6.07522355876339e-001 1.02151687652196e+001 1.21622270116063e-005 2856521 102
3.81300131497305e+005 1.69477401898658e+006 6.06187904929884e+000 8.24772373427626e-001 -1.54126499359111e+000 1.02305016274078e+001 1.21636860712630e-005 2861346 103
3.81294489846904e+005 1.69474762932229e+006 6.06187888325310e+000 7.45755825545531e-001 -1.55928980269784e+000 1.03202990743035e+001 1.21641123186986e-005 2884324 104
3.81290717589118e+005 1.69476072663050e+006 2.21297343202425e-001 5.85885835947193e-001 1.52017213187048e+000 1.03591735387015e+001 1.21711564073135e-005 2896140 105
3.81289108676113e+005 1.69475639623735e+006 2.21296986764218e-001 6.29519592761657e-001 1.54203200674459e+000 1.06052053621969e+001 1.21736954219639e-005 2964334 106
3.81301893663046e+005 1.69478286413159e+006 2.21300822727276e-001 3.21493575884391e-001 6.89305133365886e-001 1.07580250736934e+001 1.26365545140190e-005 3009054 107
3.81289291988745e+005 1.69476014203081e+006 2.21296616415335e-001 4.03280521024547e-001 3.56325548112430e-001 1.08203045548051e+001 1.27274312295868e-005 3026337 108
3.81289385306193e+005 1.69476065009885e+006 2.21296604627729e-001 4.89132723010771e-001 1.44749763557848e+000 1.08873043844149e+001 1.27667520349566e-005 3043983 109
3.81302764221697e+005 1.69478542971049e+006 6.06187901252795e+000 7.94478681671000e-001 -1.54759285210730e+000 1.09698097405596e+001 1.27678460576049e-005 3065491 110
3.81292717518537e+005 1.69476558302895e+006 2.21297852779364e-001 5.18613363398184e-001 1.47434309595019e+000 1.09898388002608e+001 1.27920193285854e-005 3070639 111
3.81294841399885e+005 1.69474556576817e+006 6.06187842506197e+000 9.82444113027721e-001 -1.51729583254494e+000 1.10191031711777e+001 1.27944756232375e-005 3078883 112
3.81294895826618e+005 1.69477283172669e+006 2.21298160254645e-001 4.19842678545565e-001 1.35612719367046e+000 1.10499072915116e+001 1.29131081794510e-005 3087697 113
3.81302667476944e+005 1.69478451585916e+006 2.21301048609068e-001 3.61573997085255e-001 1.21576378658406e+000 1.11933676023257e+001 1.32130955132234e-005 3127811 114
3.81285537128071e+005 1.69474485791174e+006 2.21296438816155e-001 3.33659233408921e-001 5.91319203009125e-001 1.13131348873851e+001 1.35592477192634e-005 3161214 115
3.81297617556181e+005 1.69477079095874e+006 6.06188005329942e+000 8.49736061763852e-001 -1.53656703802606e+000 1.14090811495542e+001 1.35609606850390e-005 3187937 116
3.81296372952696e+005 1.69475920718689e+006 6.06187928860732e+000 8.97675979533781e-001 -1.52860927655873e+000 1.14118829877404e+001 1.35630492723060e-005 3188885 117
3.81291960865941e+005 1.69477247239556e+006 2.21296557319219e-001 6.51773109867171e-001 1.55142791787469e+000 1.14785009964852e+001 1.35643299393689e-005 3207401 118
3.81292867604922e+005 1.69473676359401e+006 6.06187842136911e+000 9.56848051404329e-001 -1.52036388515885e+000 1.16528860608795e+001 1.35667103988686e-005 3257321 119
3.81294545844275e+005 1.69477286723986e+006 2.21297959209650e-001 5.65228308566432e-001 1.50789992141484e+000 1.20902691643913e+001 1.35772907792845e-005 3381755 120
3.81285423706760e+005 1.69474389056106e+006 2.21296497346219e-001 3.44650483400142e-001 5.32642696768090e-001 1.21583366037096e+001 1.38501001149267e-005 3400493 121
3.81299894818490e+005 1.69477958272649e+006 6.06187988523577e+000 9.40617137033731e-001 -1.52256904797510e+000 1.23679004705788e+001 1.38524098187619e-005 3456985 122
3.81292002885634e+005 1.69476742863798e+006 2.21297218221601e-001 3.14989164930682e-001 8.64184132358776e-001 1.24403477240101e+001 1.44359759899388e-005 3476725 123
3.81285036366884e+005 1.69474282255270e+006 2.21296414753640e-001 3.14898825889658e-001 8.24203571733756e-001 1.26366128091607e+001 1.50066680438488e-005 3533669 124
3.81296147000346e+005 1.69475652360844e+006 6.06187907641690e+000 9.15804013765878e-001 -1.52592473052156e+000 1.26960842652115e+001 1.50088634688791e-005 3551391 125
3.81302011401056e+005 1.69478390171178e+006 6.06187924225337e+000 9.55553191816322e-001 -1.52065151509140e+000 1.27489824948755e+001 1.50112304193124e-005 3565929 126
3.81299152216302e+005 1.69478604176583e+006 2.21298881571714e-001 5.11235675047912e-001 2.13277594988861e-001 1.27737044616758e+001 1.50293500092762e-005 3573141 127
3.81292862277765e+005 1.69477570105700e+006 2.21296655616228e-001 6.68034137251444e-001 1.23632932676168e-001 1.28149119349047e+001 1.50323293176875e-005 3584146 128
3.81296776135709e+005 1.69478565291129e+006 2.21297596256818e-001 3.47661784767600e-001 5.19124089938047e-001 1.30048876943915e+001 1.52885932974599e-005 3638757 129
3.81285673507698e+005 1.69474523651312e+006 2.21296467572512e-001 3.66121062150117e-001 1.23091229636525e+000 1.30878011284751e+001 1.55674305882281e-005 3661207 130
3.81286681112590e+005 1.69474982728128e+006 2.21296453401889e-001 3.82291750493366e-001 1.27712483886227e+000 1.32539976876526e+001 1.57827908114226e-005 3705588 131
3.81297606682264e+005 1.69476057710178e+006 6.06187876881286e+000 8.64943133669514e-001 -1.53388249198889e+000 1.33168835594895e+001 1.57846396999172e-005 3723720 132
3.81284341385560e+005 1.69473960797322e+006 2.21296430613139e-001 5.10392510665024e-001 1.46743997756890e+000 1.35483111617714e+001 1.58123511145625e-005 3788931 133
3.81296532075986e+005 1.69477772442566e+006 2.21298460988638e-001 5.70528198973157e-001 1.51115972731712e+000 1.36809481958526e+001 1.58219180412423e-005 3823677 134
3.81298202844777e+005 1.69477731262380e+006 6.06188054864074e+000 9.59226979484620e-001 -1.52017213187048e+000 1.36815755825976e+001 1.58242991890819e-005 3823821 135
3.81291147331956e+005 1.69476267455084e+006 2.21297338426227e-001 4.25323247034339e-001 1.36542722815638e+000 1.39298365155781e+001 1.59330518250811e-005 3897314 136
3.81297063766237e+005 1.69475935532698e+006 6.06187891934740e+000 9.07282030895972e-001 -1.52717112689596e+000 1.39760311169859e+001 1.59351988774359e-005 3910684 137
3.81291314155711e+005 1.69476386999648e+006 2.21297281067448e-001 6.59241137258467e-001 1.55440009384442e+000 1.40259330048816e+001 1.59361649647724e-005 3923028 138
3.81293928034863e+005 1.69474260146259e+006 6.06187856346825e+000 7.82885171406287e-001 -1.55008564485611e+000 1.40896256955128e+001 1.59371136621024e-005 3942670 139
3.81298359206709e+005 1.69478431936146e+006 2.21298653837495e-001 4.80309610004119e-001 1.43829347773675e+000 1.42006917661310e+001 1.59824965353890e-005 3973962 140
3.81293912775610e+005 1.69474137806592e+006 6.06187841745068e+000 7.19135921457204e-001 -1.56676818094424e+000 1.44508778522972e+001 1.59825873727300e-005 4044759 141
3.81298833627296e+005 1.69476833423817e+006 6.06187905990351e+000 8.28626839177972e-001 -1.54049798043764e+000 1.46348303053445e+001 1.59840894244620e-005 4095378 142
3.81295844259472e+005 1.69475047432387e+006 6.06187848206674e+000 9.68802917833136e-001 -1.51892573549608e+000 1.50578386223029e+001 1.59865065500996e-005 4216621 143
3.81294801705445e+005 1.69474537705215e+006 6.06187842350956e+000 9.34203065121045e-001 -1.52333606112857e+000 1.51888133402878e+001 1.59887949115356e-005 4253980 144
3.81291697631801e+005 1.69476314975148e+006 2.21297587444229e-001 5.61253390761387e-001 1.50540712866604e+000 1.52110244311368e+001 1.60001875326753e-005 4259456 145
3.81299556096366e+005 1.69476807238217e+006 6.06187862106116e+000 7.22297787893035e-001 -1.56590529114658e+000 1.54788622793964e+001 1.60003090964903e-005 4333961 146
3.81291586340044e+005 1.69476519241606e+006 2.21297266837999e-001 5.49268411318905e-001 1.49744936719871e+000 1.56057105035839e+001 1.60144995056967e-005 4369743 147
3.81288265915359e+005 1.69475498460249e+006 2.21296691814690e-001 3.24354312183476e-001 1.02094244560076e+000 1.57088409540129e+001 1.65483418112195e-005 4398525 148
3.81291864730933e+005 1.69477175530617e+006 2.21296593935117e-001 6.09825681818483e-001 1.53273197225867e+000 1.58424835426010e+001 1.65525218392633e-005 4438008 149
3.81296308593411e+005 1.69478466122757e+006 2.21297458979952e-001 4.13007024441436e-001 1.34385498321482e+000 1.58780684390071e+001 1.66847454304031e-005 4447635 150
3.81294968307301e+005 1.69477346340623e+006 2.21298121145335e-001 5.77574644173009e-001 1.51537829966124e+000 1.60011409838867e+001 1.66930812304375e-005 4480176 151
3.81294869464126e+005 1.69474640103844e+006 6.06187851484425e+000 7.86287941951514e-001 -1.54931863170263e+000 1.60640703711459e+001 1.66940750176950e-005 4498207 152
3.81302809271786e+005 1.69478295144932e+006 2.21301325916247e-001 6.95979013941453e-001 1.13853514969329e-001 1.61134667155911e+001 1.66963350642800e-005 4511551 153
3.81292193006289e+005 1.69477350738609e+006 2.21296556918741e-001 4.15114935398656e-001 3.33602783440657e-001 1.61746469301054e+001 1.67708742684635e-005 4528224 154
3.81292990247852e+005 1.69477577185473e+006 2.21296718541347e-001 5.93474315393187e-001 1.52429482757042e+000 1.64198652171891e+001 1.67768936292722e-005 4598381 155
3.81293535629291e+005 1.69477170016539e+006 2.21297539316437e-001 3.15862442327245e-001 7.80579698629719e-001 1.65233235491412e+001 1.73224984056245e-005 4627565 156
3.81290196696551e+005 1.69476472360124e+006 2.21296545617050e-001 3.28389456015870e-001 6.27177067934202e-001 1.65309664805758e+001 1.77131611650245e-005 4630292 157
3.81284202510634e+005 1.69473915517845e+006 2.21296409830079e-001 3.17548771093021e-001 7.43091930753502e-001 1.66087206853209e+001 1.82292058419957e-005 4652820 158
3.81294958501182e+005 1.69478150473525e+006 2.21297099578641e-001 3.18151031366513e-001 7.33216636402478e-001 1.67890050437651e+001 1.87362998166700e-005 4704609 159
3.81293220065340e+005 1.69477892692671e+006 2.21296448955260e-001 4.26226637444576e-001 1.36686537781915e+000 1.67991986553435e+001 1.88435407319523e-005 4707368 160
3.81285500502731e+005 1.69474448487303e+006 2.21296465382069e-001 3.31129740260256e-001 1.07377047654653e+000 1.69462777403352e+001 1.93273315453082e-005 4750885 161
3.81293208388542e+005 1.69473820654321e+006 6.06187841230461e+000 7.95653089204308e-001 -1.54720934553056e+000 1.71281620278707e+001 1.93284498527008e-005 4799545 162
3.81297700922074e+005 1.69476395116068e+006 6.06187914222353e+000 8.46453743273323e-001 -1.53714229789117e+000 1.73104051634932e+001 1.93301332579201e-005 4851329 163
3.81294779416367e+005 1.69478213593984e+006 2.21296919245952e-001 3.79942935426748e-001 1.27089285699026e+000 1.73241473158771e+001 1.95538113372995e-005 4854785 164
3.81296123150372e+005 1.69477737674019e+006 2.21298275259575e-001 4.37549130586218e-001 1.38450668034913e+000 1.73452505054416e+001 1.96434607229849e-005 4860087 165
3.81293411015154e+005 1.69477326129294e+006 2.21297272074232e-001 3.76148695703751e-001 1.26063405606250e+000 1.73946440409741e+001 1.98810842101467e-005 4874154 166
3.81295391044341e+005 1.69474859156387e+006 6.06187849870201e+000 8.87588119952797e-001 -1.53014330286569e+000 1.74605070049502e+001 1.98831079040991e-005 4892228 167
3.81294903233894e+005 1.69477496570183e+006 2.21297894775987e-001 3.30256462863693e-001 1.06763437131870e+000 1.75834250820754e+001 2.03733501004953e-005 4926736 168
3.81295622468901e+005 1.69478197495937e+006 2.21297413060809e-001 4.63416209332681e-001 1.41911814889981e+000 1.76040512821293e+001 2.04328230156707e-005 4933594 169
3.81289085834712e+005 1.69475909212427e+006 2.21296633295181e-001 3.37724490254989e-001 5.67637671895505e-001 1.76543996780396e+001 2.07492190300943e-005 4947785 170
3.81285901635084e+005 1.69474521358105e+006 2.21296598593621e-001 5.89439171560793e-001 1.52218554139836e+000 1.77222832363600e+001 2.07557551331984e-005 4968671 171
3.81298261620080e+005 1.69478384221257e+006 2.21298659321109e-001 6.04345113329709e-001 1.52995154957732e+000 1.77662867377178e+001 2.07605029886644e-005 4980372 172
3.81291021380751e+005 1.69476454755291e+006 2.21297031024819e-001 5.24033705859608e-001 1.47875342158269e+000 1.78099012109860e+001 2.07825549851196e-005 4992589 173
3.81294955374545e+005 1.69474847431790e+006 6.06187872857176e+000 9.10353558290779e-001 -1.52669174367504e+000 1.80137023723802e+001 2.07847218623282e-005 5049516 174
3.81284345935550e+005 1.69473957570146e+006 2.21296437246322e-001 3.52660545037580e-001 1.18316572756127e+000 1.81174647873686e+001 2.11303743703454e-005 5078717 175
3.81293596175738e+005 1.69476994251336e+006 2.21297795409137e-001 3.48083366959044e-001 1.16408627536851e+000 1.81448561775292e+001 2.15021880012775e-005 5086263 176
3.81293256469803e+005 1.69473890500398e+006 6.06187847355789e+000 9.83949763711449e-001 -1.51710407925657e+000 1.82875021565590e+001 2.15046493220385e-005 5127395 177
3.81300109977071e+005 1.69478182953962e+006 6.06188004829635e+000 9.34203065121045e-001 -1.52343193777276e+000 1.83069160575610e+001 2.15069306680250e-005 5133146 178
3.81297316372066e+005 1.69478248181018e+006 2.21298300345762e-001 4.48510267563764e-001 1.40003869670705e+000 1.83786283170367e+001 2.15823006115751e-005 5153677 179
3.81297406875040e+005 1.69476806319683e+006 6.06187982695205e+000 9.04842876788331e-001 -1.52755463347270e+000 1.86457341567110e+001 2.15844315915151e-005 5226666 180
3.81299297791798e+005 1.69477798904302e+006 6.06188001916627e+000 8.81445065163183e-001 -1.53119794595172e+000 1.86797879307638e+001 2.15864057331551e-005 5236258 181
3.81298894470830e+005 1.69477938025160e+006 6.06188042146634e+000 9.58504267156430e-001 -1.52026800851466e+000 1.86934688142481e+001 2.15887839896136e-005 5239891 182
3.81290156337646e+005 1.69476200037415e+006 2.21296867044449e-001 3.49739582711146e-001 5.10207562028871e-001 1.88721179732891e+001 2.18342992604102e-005 5291179 183
3.81293678654366e+005 1.69477520737012e+006 2.21297176490201e-001 3.15380634108452e-001 7.96878728141118e-001 1.89999751745281e+001 2.23905151242875e-005 5324972 184
3.81296080807912e+005 1.69476050375932e+006 6.06187961651498e+000 8.85962017214370e-001 -1.53043093279824e+000 1.90789438224060e+001 2.23925251284550e-005 5347405 185
3.81288328970279e+005 1.69475236388845e+006 2.21297058371180e-001 4.05267979927069e-001 1.32908998001038e+000 1.90848125036240e+001 2.25419338803760e-005 5349108 186
3.81291000791091e+005 1.69476423524206e+006 2.21297058923295e-001 3.23420808759564e-001 6.69266914731285e-001 1.92912253852366e+001 2.29825157278743e-005 5408924 187
3.81298915428712e+005 1.69476450304075e+006 6.06187852986179e+000 8.78855345987169e-001 -1.53158145252846e+000 1.93142780504592e+001 2.29844734176366e-005 5415440 188
3.81299222004720e+005 1.69477839392608e+006 6.06188011288912e+000 8.99271969258534e-001 -1.52841752327036e+000 1.93865739184277e+001 2.29865682746141e-005 5435960 189
3.81293525232536e+005 1.69478029382324e+006 2.21296447630577e-001 6.07747883874937e-001 1.53167732917264e+000 1.94220590831567e+001 2.29909591292550e-005 5445926 190
3.81297363471329e+005 1.69476251228753e+006 6.06187914993173e+000 9.66695006875916e-001 -1.51921336542863e+000 1.94700081156982e+001 2.29933674957186e-005 5459394 191
3.81289934113549e+005 1.69475988988213e+006 2.21297008909951e-001 3.41187486827566e-001 5.49421109500412e-001 1.95606464115294e+001 2.32869611313511e-005 5483642 192
3.81292505593732e+005 1.69476989719362e+006 2.21297188639653e-001 4.83080007262181e-001 1.44126565370647e+000 1.96735457717511e+001 2.33303415095052e-005 5516354 193
3.81293870616694e+005 1.69478132649674e+006 2.21296511122855e-001 3.49950373806868e-001 5.09344672231208e-001 1.96783105870350e+001 2.35748153423589e-005 5517875 194
3.81294483818138e+005 1.69478084012587e+006 2.21296916963564e-001 6.01514490044299e-001 1.52851339991455e+000 1.97947266641447e+001 2.35798721398491e-005 5552149 195
3.81300672311801e+005 1.69477308132755e+006 6.06187862708653e+000 9.33329787724483e-001 -1.52352781441694e+000 1.99066237830810e+001 2.35821511616001e-005 5584231 196
3.81291697036527e+005 1.69476892520109e+006 2.21296857351215e-001 4.64500277824966e-001 1.42046042191839e+000 1.99438868628552e+001 2.36405843443373e-005 5593529 197
3.81294994181601e+005 1.69474891449520e+006 6.06187876239684e+000 7.78819914560219e-001 -1.55104441129795e+000 1.99617982894376e+001 2.36414764236192e-005 5598152 198
3.81290377547552e+005 1.69476183996907e+006 2.21297011549682e-001 5.26563199008273e-001 1.48076683111057e+000 2.00179407986205e+001 2.36625947682860e-005 5612733 199
3.81298466801689e+005 1.69478379551772e+006 2.21298780454915e-001 4.64138921660871e-001 1.41998103869747e+000 2.01881334256136e+001 2.37213907630788e-005 5657909 200
