1.29017851919501e+004 1.73706763083174e+006 7.42719956730342e-003 6.08199579080056e-001 1.56830220725120e+000 1.24860419348357e-004 6.24171048522318e-011 83 1
1.29025564995017e+004 1.73709578620272e+006 7.42752318626487e-003 5.56104065423034e-001 1.56513827799310e+000 3.42554156474166e-004 3.33261250964527e-010 215 2
1.29019343258870e+004 1.73707898291952e+006 7.42723687970555e-003 7.03477154346423e-001 1.56868571382794e+000 1.77960180857370e-003 3.68231685339575e-010 564 3
1.29014020861570e+004 1.73706392123318e+006 7.42699489219579e-003 3.47149863535132e-001 1.55823515961180e+000 2.75341908620556e-003 2.99309744373787e-009 1057 4
1.29025371621170e+004 1.73708079104002e+006 7.42757616969831e-003 1.57046408207516e-001 1.49696998397778e+000 4.28517942887652e-003 2.28151392440567e-007 1514 5
1.29043299780950e+004 1.73709128566951e+006 7.42856332004592e-003 6.94232459148327e-001 1.56763107074190e+000 6.99457813392523e-003 2.28218924098972e-007 2576 6
1.29014675017974e+004 1.73707692552458e+006 7.42697694985739e-003 3.67837503929568e-001 1.55890629612110e+000 8.57166685477619e-003 2.30341893355833e-007 3217 7
1.29008397747363e+004 1.73706314970117e+006 7.42667449483319e-003 5.29634726403080e-001 1.56705581087680e+000 1.32109011584402e-002 2.30500598570777e-007 4548 8
1.29011229208612e+004 1.73707673736098e+006 7.42677939698754e-003 9.19658479516224e-001 1.57041149342326e+000 1.33121329099904e-002 2.30501978023604e-007 4608 9
1.29092781447945e+004 1.73706196387908e+006 6.27574846286301e+000 9.93043893841172e-001 -1.56974035691397e+000 1.37513595178362e-002 2.30507566691266e-007 4830 10
1.29008160794544e+004 1.73705960706444e+006 7.42667600028958e-003 5.15361157921329e-001 1.56695993423261e+000 1.66640187026237e-002 2.30682851754102e-007 5388 11
1.29022935407752e+004 1.73709838195482e+006 7.42736071790791e-003 7.19166034470878e-001 1.56734344080935e+000 1.78828246764874e-002 2.30754367896593e-007 5645 12
1.29010787749726e+004 1.73708140642070e+006 7.42673402303159e-003 3.92891531306817e-001 1.56024856913968e+000 2.38190057398409e-002 2.32280333227932e-007 7268 13
1.29011053765294e+004 1.73706884726646e+006 7.42680303017434e-003 7.01700486539623e-001 1.56945272698141e+000 2.69252705846546e-002 2.32297774477116e-007 8426 14
1.29032078704097e+004 1.73708567248127e+006 7.42794138792341e-003 9.04511633637911e-001 1.56964448026978e+000 2.75987034035813e-002 2.32305629456410e-007 8642 15
1.29016661789212e+004 1.73708601229665e+006 7.42705246793703e-003 5.61042599665665e-001 1.56600116779077e+000 2.97616587738310e-002 2.32511151058223e-007 9415 16
1.29095185468347e+004 1.73705602220193e+006 6.27574829905544e+000 9.97319941782963e-001 -1.56935685033723e+000 3.28271100436669e-002 2.32520108011710e-007 10335 17
1.29026161434848e+004 1.73707336733395e+006 7.42765337721716e-003 1.35365038361820e-001 1.47117916669210e+000 3.74180657119257e-002 7.19237128777625e-007 11857 18
1.29007299877811e+004 1.73706418860050e+006 7.42660685416445e-003 7.04413808794277e-002 1.15334809121982e+000 3.87820631937311e-002 1.35059684657050e-005 12215 19
1.29030898986547e+004 1.73710171260254e+006 7.42780489278166e-003 9.23603284307594e-001 1.56849396053957e+000 4.12294277056393e-002 1.35059904548594e-005 12990 20
1.29036579608631e+004 1.73709309388760e+006 7.42816874584543e-003 9.45465332235338e-001 1.56926097369304e+000 4.17289097776650e-002 1.35060015890943e-005 13204 21
1.29018795846840e+004 1.73707873851926e+006 7.42720641302016e-003 7.10824729683020e-001 1.56878159047212e+000 4.17326922047338e-002 1.35060333892428e-005 13218 22
1.29011700894057e+004 1.73707578770396e+006 7.42681060954429e-003 3.10231308770099e-001 1.55344132740257e+000 4.64504695225280e-002 1.35115703343265e-005 15007 23
1.29086594817621e+004 1.73707387735363e+006 6.27574886996201e+000 9.81299818508087e-001 -1.57069912335582e+000 4.68895530266037e-002 1.35115704753464e-005 15240 24
1.29013219732275e+004 1.73706150038490e+006 7.42695912515822e-003 5.76189445543978e-001 1.56820633060701e+000 5.20824801794816e-002 1.35116450151247e-005 16972 25
1.29017758379791e+004 1.73707532602195e+006 7.42716128164841e-003 6.21569757151568e-001 1.56791870067446e+000 5.69617526221303e-002 1.35117193059397e-005 18215 26
1.29031629525157e+004 1.73708648258834e+006 7.42791206720584e-003 8.62654544630246e-001 1.56935685033723e+000 5.74369665604780e-002 1.35117316300340e-005 18433 27
1.29012134690771e+004 1.73706286031202e+006 7.42689085018678e-003 4.34929298396529e-001 1.56389188161870e+000 5.81414011546915e-002 1.35123648120415e-005 18761 28
1.29025166853144e+004 1.73707582711626e+006 7.42758560676060e-003 4.38151390859709e-001 1.56302899182104e+000 5.81736077857732e-002 1.35131124551146e-005 18770 29
1.29095396841271e+004 1.73705494586367e+006 6.27574828228288e+000 9.11136496646318e-001 -1.56954860362560e+000 7.26045566504105e-002 1.35131212069344e-005 22492 30
1.29035777211094e+004 1.73708577717083e+006 7.42815384300122e-003 1.02029932224061e-001 1.39016340235603e+000 7.33060157351320e-002 1.56285043414950e-005 22679 31
1.29013764186282e+004 1.73706733659545e+006 7.42696551448702e-003 4.92987188761117e-001 1.56571353785821e+000 7.38978801567399e-002 1.56288033181117e-005 22805 32
1.29013575236827e+004 1.73706641581372e+006 7.42695857431447e-003 5.52791633918831e-001 1.56734344080935e+000 7.69210554309589e-002 1.56289309011777e-005 23795 33
1.29036584751907e+004 1.73708547231590e+006 7.42820163227405e-003 9.41972222649087e-001 1.56983623355815e+000 8.11055770800670e-002 1.56289363155965e-005 24606 34
1.29008052517542e+004 1.73706941636418e+006 7.42662783012750e-003 7.67798551555323e-001 1.57002798684652e+000 8.57282120254854e-002 1.56289423218300e-005 25789 35
1.29014196004199e+004 1.73707068327376e+006 7.42697606366016e-003 3.34321719709762e-001 1.55650938001648e+000 8.58927393652914e-002 1.56324212771189e-005 25966 36
1.29014248413088e+004 1.73706358375685e+006 7.42700943411568e-003 6.99442010514029e-001 1.56983623355815e+000 8.72765323821247e-002 1.56324316998585e-005 26378 37
1.29020956258147e+004 1.73707768843790e+006 7.42733526626535e-003 9.35618376763751e-001 1.57041149342326e+000 8.80722650640472e-002 1.56324330280726e-005 26564 38
1.29012434599519e+004 1.73707908722602e+006 7.42683873864638e-003 3.00414466312186e-001 1.55190730109561e+000 8.88912642196919e-002 1.56392046593095e-005 26866 39
1.29029880776747e+004 1.73708750764034e+006 7.42780701843418e-003 9.79703828783334e-001 1.56983623355815e+000 8.89150055370485e-002 1.56392096255424e-005 26881 40
1.29096533671005e+004 1.73706120047935e+006 6.27574824359923e+000 9.53625958941149e-001 -1.56983623355815e+000 9.36514862529896e-002 1.56392148954611e-005 27879 41
1.29010379256760e+004 1.73708724702455e+006 7.42668553838573e-003 5.06206801764257e-001 1.56456301812799e+000 9.37368866405670e-002 1.56396019003682e-005 27911 42
1.29016353913042e+004 1.73708659930747e+006 7.42703223548655e-003 3.72866377213222e-001 1.55852278954436e+000 9.40728189655639e-002 1.56417660127139e-005 27989 43
1.29017178233555e+004 1.73706924021171e+006 7.42715390555133e-003 6.04164435247662e-001 1.56811045396283e+000 9.44243856656651e-002 1.56418370672402e-005 28161 44
1.29009472639333e+004 1.73706968386673e+006 7.42670843586198e-003 8.48655144295510e-002 1.30349091601306e+000 1.02492122502727e-001 2.09203499178782e-005 30859 45
1.29008780747689e+004 1.73707470760395e+006 7.42664712945557e-003 6.22506411599423e-002 9.40118434553056e-001 1.03167980103361e-001 4.18232088943511e-005 31272 46
1.29025998909774e+004 1.73710139503966e+006 7.42752418266477e-003 6.34909822209407e-001 1.56609704443495e+000 1.05169187064093e-001 4.18233606273917e-005 32029 47
1.29029223404037e+004 1.73707907275166e+006 7.42780524348719e-003 4.30984493605159e-001 1.56245373195593e+000 1.06701451658631e-001 4.18242265897466e-005 32549 48
1.29013774955120e+004 1.73706996699033e+006 7.42695488836970e-003 2.30582387600838e-001 1.53829281762139e+000 1.06701903781894e-001 4.18521252409594e-005 32562 49
1.29010698181359e+004 1.73706704249881e+006 7.42679027691225e-003 7.68762167992910e-001 1.57021974013489e+000 1.12991618315141e-001 4.18521290755527e-005 34291 50
1.29044389421736e+004 1.73709682646899e+006 7.42860235034007e-003 6.98418168049094e-001 1.56724756416517e+000 1.13929772840098e-001 4.18522086600853e-005 34531 51
1.29027713524784e+004 1.73708106287057e+006 7.42770981831060e-003 1.49096572597428e-001 1.48862871593371e+000 1.14158292844604e-001 4.21482853840389e-005 34596 52
1.29009883360833e+004 1.73706876672962e+006 7.42673600008112e-003 1.63159349983456e-001 1.50348959578234e+000 1.22110304725877e-001 4.23285348905353e-005 36709 53
1.29011895162197e+004 1.73709505320530e+006 7.42673942735666e-003 5.36681171602931e-001 1.56475477141636e+000 1.29976476877405e-001 4.23288591048735e-005 38535 54
1.29007304519849e+004 1.73705469650244e+006 7.42664770242719e-003 3.33418329299524e-001 1.55765989974670e+000 1.34118539813798e-001 4.23319331947900e-005 39657 55
1.29045455769609e+004 1.73709974390188e+006 7.42865125786630e-003 1.53643637662289e-001 1.49208027512436e+000 1.40967451405562e-001 4.25919322496405e-005 41406 56
1.29007119178164e+004 1.73705935029395e+006 7.42661713700896e-003 5.01057476425904e-001 1.56657642765587e+000 1.49675558732177e-001 4.25921484333801e-005 44157 57
1.29012943420921e+004 1.73710208425063e+006 7.42676971013029e-003 4.18276801834487e-001 1.56005681585131e+000 1.49729649913977e-001 4.25935156143257e-005 44217 58
1.29094472035383e+004 1.73706762016901e+006 6.27574838974207e+000 9.79884506865381e-001 -1.57021974013489e+000 1.54370443892484e-001 4.25935178627432e-005 45354 59
1.29008201303230e+004 1.73707313222793e+006 7.42662050886160e-003 8.05650609744269e-001 1.57002798684652e+000 1.54940174732447e-001 4.25935232655995e-005 45550 60
1.29025744467033e+004 1.73707833123032e+006 7.42760814999548e-003 3.96926675139211e-001 1.56072795236061e+000 1.59710717739843e-001 4.25949117246984e-005 47256 61
1.29006872257961e+004 1.73705336305601e+006 7.42662851986627e-003 2.00499486939933e-001 1.52832164662618e+000 1.62028491383426e-001 4.26520016913062e-005 47934 62
1.29007894325031e+004 1.73706908781160e+006 7.42662012840127e-003 7.53374418005200e-001 1.56993211020234e+000 1.67697820481372e-001 4.26520092083215e-005 50046 63
1.29007840749535e+004 1.73705612734289e+006 7.42667245352941e-003 5.16023644222170e-001 1.56724756416517e+000 1.68471305774764e-001 4.26521640934459e-005 50483 64
1.29028589657049e+004 1.73709072274522e+006 7.42771894868350e-003 1.26180569191073e-001 1.45420900067141e+000 1.69218799847956e-001 4.33667558909536e-005 50687 65
1.29016287236126e+004 1.73707153653552e+006 7.42709279733035e-003 3.96113623769997e-001 1.56120733558153e+000 1.71373640123700e-001 4.33680492279237e-005 51202 66
1.29020131214428e+004 1.73707071091305e+006 7.42731760589612e-003 5.42071401050681e-001 1.56676818094424e+000 1.73958556409979e-001 4.33682183982884e-005 52025 67
1.29021767387100e+004 1.73708517830905e+006 7.42734993490843e-003 7.22327900906709e-001 1.56839808389538e+000 1.76034427198533e-001 4.33682586296595e-005 52530 68
1.29037260687673e+004 1.73708583493648e+006 7.42823899158354e-003 9.27036167866496e-001 1.56974035691397e+000 1.76692544673826e-001 4.33682651313482e-005 52757 69
1.29014408822926e+004 1.73706844909622e+006 7.42699786664195e-003 6.37318863303373e-001 1.56868571382794e+000 1.78399299781272e-001 4.33683085889866e-005 53175 70
1.29010156726299e+004 1.73706048770930e+006 7.42678713179288e-003 4.30894154564136e-001 1.56389188161870e+000 1.78572633547539e-001 4.33689548892029e-005 53338 71
1.29028111840119e+004 1.73708166065984e+006 7.42773019115483e-003 4.11802503894453e-001 1.56130321222571e+000 1.79737762721482e-001 4.33701239743023e-005 53727 72
1.29013382976143e+004 1.73710036301671e+006 7.42680237136096e-003 7.80054548120877e-001 1.56772694738609e+000 1.82021775897182e-001 4.33701737955535e-005 54413 73
1.29021583895408e+004 1.73707549517209e+006 7.42738077366290e-003 6.49032825622784e-001 1.56830220725120e+000 1.83056644110149e-001 4.33702278981885e-005 54565 74
1.29007456137678e+004 1.73705440777520e+006 7.42665766477678e-003 2.03661353375764e-001 1.52966391964476e+000 1.85725422848461e-001 4.34227532879927e-005 55581 75
1.29031630052643e+004 1.73707984300150e+006 7.42794048800586e-003 3.43837432030928e-001 1.55670113330485e+000 1.86025013814160e-001 4.34259563992432e-005 55653 76
1.29006589035060e+004 1.73705415090543e+006 7.42660884772316e-003 1.66863250665429e-001 1.50770816812647e+000 1.92926507301109e-001 4.35816208377135e-005 57800 77
1.29010850928677e+004 1.73709975526636e+006 7.42665921475497e-003 1.30908312337982e-001 1.46197500885037e+000 1.94571081427235e-001 4.41778410709308e-005 58439 78
1.29015003034220e+004 1.73707353558565e+006 7.42701032546675e-003 4.78201699046899e-001 1.56475477141636e+000 1.95593682476222e-001 4.41782589626400e-005 58818 79
1.29095895209566e+004 1.73705562947909e+006 6.27574825651869e+000 9.88406489735287e-001 -1.56926097369304e+000 1.99580494910170e-001 4.41782690603391e-005 59882 80
1.29021887702672e+004 1.73707081495489e+006 7.42741827330120e-003 7.94147438520579e-001 1.57012386349071e+000 2.05531042406655e-001 4.41782735940171e-005 61467 81
1.29029613739014e+004 1.73708232070444e+006 7.42781382515922e-003 8.91201681593747e-001 1.56983623355815e+000 2.05837765194630e-001 4.41782797103126e-005 61508 82
1.29021237306634e+004 1.73709422439771e+006 7.42728074400569e-003 1.19013671936523e-001 1.43906049089022e+000 2.06929097993565e-001 4.51472714169906e-005 61547 83
1.29046298154929e+004 1.73709872539403e+006 7.42870410445665e-003 7.88606644004457e-001 1.56791870067446e+000 2.17181967355608e-001 4.51473154238016e-005 64044 84
1.29007616512864e+004 1.73705460707705e+006 7.42666604479075e-003 1.04619651400075e-001 1.40195622959075e+000 2.17307622432350e-001 4.69719654182287e-005 64173 85
1.29021409633727e+004 1.73709258363602e+006 7.42729767903178e-003 2.10286216384172e-001 1.52947216635640e+000 2.19625705389266e-001 4.70212671194884e-005 64579 86
1.29023122999422e+004 1.73708779892651e+006 7.42741676528221e-003 5.33278401057704e-001 1.56523415463729e+000 2.22305695823691e-001 4.70215563597904e-005 65335 87
1.29016508900715e+004 1.73708591996373e+006 7.42704406174945e-003 3.06587634115475e-001 1.55219493102817e+000 2.28863163173733e-001 4.70278803332806e-005 67588 88
1.29009481584633e+004 1.73705799492212e+006 7.42675892448839e-003 4.91270746981666e-001 1.56638467436750e+000 2.31139049370556e-001 4.70281222143536e-005 68493 89
1.29047608867000e+004 1.73710194879914e+006 7.42876576988286e-003 1.63400254092852e-001 1.50109267967772e+000 2.32180862859929e-001 4.72174660832806e-005 68912 90
1.29024110284116e+004 1.73707750407203e+006 7.42751761535087e-003 1.18983558922849e-001 1.44030688726463e+000 2.33998478048608e-001 4.81738945613121e-005 69777 91
1.29008381553064e+004 1.73706222874425e+006 7.42667749993866e-003 7.70026914567242e-001 1.57060324671163e+000 2.37546731809991e-001 4.81738952595701e-005 71050 92
1.29028008636318e+004 1.73708057194214e+006 7.42772890543047e-003 6.80229907789648e-001 1.56830220725120e+000 2.37774270307357e-001 4.81739440531277e-005 71190 93
1.29009894371906e+004 1.73708883394036e+006 7.42665084188595e-003 3.12218767672621e-001 1.55267431424909e+000 2.38861948632778e-001 4.81797801742211e-005 71615 94
1.29091921580064e+004 1.73706532167773e+006 6.27574852672631e+000 8.99271969258534e-001 -1.57041149342326e+000 2.39591213582225e-001 4.81797816234101e-005 71758 95
1.29009495298674e+004 1.73708636798286e+006 7.42663841188210e-003 2.75149647839214e-001 1.54740109881893e+000 2.42050723521186e-001 4.81912012348031e-005 72208 96
1.29014570723673e+004 1.73706811535905e+006 7.42700861334529e-003 6.63908654378026e-001 1.56906922040468e+000 2.43923945006935e-001 4.81912303287851e-005 72683 97
1.29007688872451e+004 1.73706877889868e+006 7.42660962217920e-003 3.73649315568761e-001 1.55996093920713e+000 2.45185791543698e-001 4.81930069498314e-005 73047 98
1.29033561127428e+004 1.73708521328698e+006 7.42802868640233e-003 9.37455270597900e-001 1.56983623355815e+000 2.48485755379709e-001 4.81930124218106e-005 74311 99
1.29008427197471e+004 1.73705628966086e+006 7.42670551873367e-003 2.02908528033900e-001 1.52918453642384e+000 2.48580094475439e-001 4.82469105750855e-005 74318 100
1.29019270856093e+004 1.73708161520901e+006 7.42722145740376e-003 9.85455414395179e-001 1.57031561677908e+000 2.51479473118806e-001 4.82469122491336e-005 75233 101
1.29019793403540e+004 1.73708473632879e+006 7.42723819318311e-003 2.51902401282439e-001 1.54279901989807e+000 2.56695632603771e-001 4.82651836322349e-005 76542 102
1.29033767559878e+004 1.73708158146867e+006 7.42805609925661e-003 4.58327110021677e-001 1.56341249839778e+000 2.57906553812065e-001 4.82658097025188e-005 76999 103
1.29033885986548e+004 1.73709073093710e+006 7.42802379337277e-003 4.42698455924571e-001 1.56207022537919e+000 2.62348127783419e-001 4.82666848777559e-005 78144 104
1.29021793423143e+004 1.73709058373069e+006 7.42732832232174e-003 3.19927699173313e-001 1.55344132740257e+000 2.64737973273777e-001 4.82718593318358e-005 78897 105
1.29023121346119e+004 1.73708251807210e+006 7.42743924915528e-003 7.02212407772090e-001 1.56839808389538e+000 2.67987210302955e-001 4.82719021422859e-005 80056 106
1.29015672989519e+004 1.73708590701699e+006 7.42699599829103e-003 5.60651130487896e-001 1.56600116779077e+000 2.71130799011380e-001 4.82721079797276e-005 81061 107
1.29087701121567e+004 1.73707075937334e+006 6.27574879293950e+000 9.46880643878043e-001 -1.57060324671163e+000 2.74818624730529e-001 4.82721084228048e-005 81858 108
1.29017015133631e+004 1.73707970224093e+006 7.42709978636712e-003 7.96526366600871e-001 1.56945272698141e+000 2.77071295153422e-001 4.82721216196813e-005 82511 109
1.29038090313373e+004 1.73709311436857e+006 7.42825562087063e-003 6.58066729725158e-001 1.56705581087680e+000 2.80224907129755e-001 4.82722200537729e-005 82929 110
1.29013298713867e+004 1.73706157601536e+006 7.42696334840512e-003 3.11405716303407e-001 1.55468772377697e+000 2.82686021090779e-001 4.82771148830341e-005 83445 111
1.29027531328127e+004 1.73709406504301e+006 7.42764373583721e-003 8.64792568601141e-001 1.56878159047212e+000 2.85562149897934e-001 4.82771355416120e-005 84148 112
1.29035858777222e+004 1.73709466551986e+006 7.42812053138399e-003 5.02924483273728e-001 1.56389188161870e+000 2.88786794112973e-001 4.82775955264476e-005 85167 113
1.29014731221251e+004 1.73707142999351e+006 7.42700368088211e-003 2.11460623917480e-001 1.53158145252846e+000 2.89398558385751e-001 4.83225587279659e-005 85346 114
1.29015979438625e+004 1.73706639726536e+006 7.42709705184852e-003 1.44880750682986e-001 1.48479365016633e+000 2.89676966902569e-001 4.86600113979451e-005 85396 115
1.29049772703820e+004 1.73709794501856e+006 7.42890745089464e-003 9.90604739733531e-001 1.56906922040468e+000 2.96248393010468e-001 4.86600234610917e-005 86861 116
1.29088249478014e+004 1.73706724860336e+006 6.27574874635471e+000 9.30047469233954e-001 -1.57041149342326e+000 2.98095087732107e-001 4.86600248068718e-005 87254 117
1.29020014465329e+004 1.73708092477954e+006 7.42726721497587e-003 2.13116839669582e-001 1.53148557588427e+000 3.08440747692020e-001 4.87043877654809e-005 89928 118
1.29030228183907e+004 1.73708590209022e+006 7.42783388185934e-003 6.12776757158591e-001 1.56695993423261e+000 3.10303106245150e-001 4.87045075292863e-005 90432 119
1.29016368373848e+004 1.73707273062538e+006 7.42709236271104e-003 5.17559407919573e-001 1.56600116779077e+000 3.20922314375487e-001 4.87047529639298e-005 93196 120
1.29049667041499e+004 1.73709695430476e+006 7.42890560528742e-003 8.53951883678293e-001 1.56849396053957e+000 3.23087856052530e-001 4.87047790929472e-005 93638 121
1.29050184479251e+004 1.73709905066341e+006 7.42892642611631e-003 7.91979301536010e-001 1.56791870067446e+000 3.24787127345033e-001 4.87048226885232e-005 94038 122
1.29015422615159e+004 1.73707020679980e+006 7.42704871067244e-003 4.45860322360401e-001 1.56379600497452e+000 3.29186116677418e-001 4.87054351667867e-005 95551 123
1.29034722802631e+004 1.73708360154326e+006 7.42810244954696e-003 1.02240723319783e-001 1.39112216879788e+000 3.32895181841595e-001 5.07959915538150e-005 96430 124
1.29018062904052e+004 1.73708353428718e+006 7.42714371708069e-003 9.29836678138231e-001 1.56993211020234e+000 3.32968968217691e-001 5.07959962850516e-005 96489 125
1.29006702596287e+004 1.73705239868996e+006 7.42662287610640e-003 1.61804264368100e-001 1.50358547242653e+000 3.37314460906378e-001 5.09791912351540e-005 97734 126
1.29010632303010e+004 1.73706669220073e+006 7.42678798225261e-003 6.39068569120441e-002 1.00799909863582e+000 3.39766356802184e-001 7.01876494418262e-005 98350 127
1.29006594206698e+004 1.73705634182177e+006 7.42659977873398e-003 5.13102681895736e-001 1.56715168752098e+000 3.44320300174783e-001 7.01878128957146e-005 99503 128
1.29016255119230e+004 1.73706481622882e+006 7.42711968118247e-003 2.97282712890030e-001 1.55257843760491e+000 3.44339974769564e-001 7.01943666944408e-005 99510 129
1.29019259744541e+004 1.73707654178721e+006 7.42724250941082e-003 8.30614298080494e-001 1.56993211020234e+000 3.47559187632572e-001 7.01943727588801e-005 100412 130
1.29022995238631e+004 1.73708522581711e+006 7.42742041247159e-003 3.43144832716413e-001 1.55622175008393e+000 3.51085835398927e-001 7.01977606271163e-005 101771 131
1.29008850857317e+004 1.73705708085418e+006 7.42672652432099e-003 6.57012774246548e-001 1.56983623355815e+000 3.51819266857815e-001 7.01977725882754e-005 102007 132
1.29011779630136e+004 1.73706009980188e+006 7.42688221326540e-003 8.59194699081612e-002 1.31154455412458e+000 3.51840879458940e-001 7.51458379070009e-005 102037 133
1.29015017983012e+004 1.73706618721955e+006 7.42704260355787e-003 7.00375513937941e-001 1.56964448026978e+000 3.59733774719886e-001 7.51458516958523e-005 104113 134
1.29006858815767e+004 1.73705378026239e+006 7.42662596239323e-003 2.16700288296857e-001 1.53493713507492e+000 3.60207529063711e-001 7.51830192117028e-005 104340 135
1.29032502301195e+004 1.73709448727862e+006 7.42792808063518e-003 4.99190469578080e-001 1.56379600497452e+000 3.60595367255534e-001 7.51834968974345e-005 104536 136
1.29029937105765e+004 1.73709170794983e+006 7.42779230110542e-003 4.04966849790323e-001 1.56015269249550e+000 3.61525816899322e-001 7.51849446687358e-005 104759 137
1.29029437517982e+004 1.73709665500324e+006 7.42774239003376e-003 7.92732126877874e-001 1.56811045396283e+000 3.68516111666829e-001 7.51849837577649e-005 106535 138
1.29009658692651e+004 1.73708831264087e+006 7.42663950379879e-003 6.99351671473005e-001 1.56791870067446e+000 3.69151747444465e-001 7.51850410746381e-005 106696 139
1.29093050285907e+004 1.73705978901635e+006 6.27574843808304e+000 7.84511274144714e-001 -1.57069912335582e+000 3.69246990394090e-001 7.51850413053798e-005 106745 140
1.29014105488358e+004 1.73707926166824e+006 7.42693417710149e-003 1.81859531475369e-001 1.51633706610309e+000 3.71752675790361e-001 7.52882240621854e-005 107620 141
1.29092862222711e+004 1.73706701163975e+006 6.27574847980779e+000 8.87497780911774e-001 -1.57060324671163e+000 3.72584330185130e-001 7.52882245731148e-005 108044 142
1.29016303150966e+004 1.73707068926390e+006 7.42709733596537e-003 6.23135633862647e-001 1.56830220725120e+000 3.74704271485323e-001 7.52882837460868e-005 108533 143
1.29012338065230e+004 1.73710000633856e+006 7.42674374696002e-003 1.57498103412635e-001 1.49591534089175e+000 3.80456307388412e-001 7.55168152520491e-005 109969 144
1.29008079786728e+004 1.73705728813556e+006 7.42668125110393e-003 5.79140520884087e-001 1.56858983718375e+000 3.84344633345105e-001 7.55168727267525e-005 111249 145
1.29095869878724e+004 1.73705813460015e+006 6.27574826869427e+000 9.66393876739170e-001 -1.56954860362560e+000 3.87663543474321e-001 7.55168804152730e-005 112166 146
1.29011151978474e+004 1.73706985772456e+006 7.42680436378731e-003 5.27436476404835e-001 1.56648055101169e+000 3.92253820811640e-001 7.55170803710501e-005 113728 147
1.29007471770487e+004 1.73705432200246e+006 7.42665893139008e-003 5.21594551751967e-001 1.56753519409772e+000 3.92492038672927e-001 7.55172130477815e-005 113760 148
1.29045562309846e+004 1.73710127816594e+006 7.42865082976377e-003 7.12962753653915e-001 1.56705581087680e+000 3.93970820649116e-001 7.55172955740751e-005 114223 149
1.29008899321428e+004 1.73705675532044e+006 7.42673070593738e-003 1.85322528047946e-001 1.52017213187048e+000 3.94642595450589e-001 7.56059236524819e-005 114402 150
1.29015477048899e+004 1.73706677341216e+006 7.42706652350139e-003 6.55838366713239e-001 1.56906922040468e+000 3.95542157540838e-001 7.56059535399062e-005 114637 151
1.29007739440426e+004 1.73705539612536e+006 7.42666974777881e-003 5.57609716106763e-001 1.56830220725120e+000 3.96923710385937e-001 7.56060290975389e-005 115025 152
1.29013800146760e+004 1.73707989701968e+006 7.42691388384063e-003 2.98095764259243e-001 1.55152379451888e+000 4.10746638830845e-001 7.56131337941850e-005 118298 153
1.29095809309163e+004 1.73705312873157e+006 6.27574825076489e+000 9.65068904137488e-001 -1.56916509704886e+000 4.16378471958966e-001 7.56131454864968e-005 119861 154
1.29011387429106e+004 1.73706672429623e+006 7.42683131397144e-003 6.15697719485026e-001 1.56849396053957e+000 4.17438361472605e-001 7.56131991486335e-005 120211 155
1.29030721756276e+004 1.73708687451578e+006 7.42785813612349e-003 1.62255959573218e-001 1.50128443296609e+000 4.17438361472605e-001 7.58047010844821e-005 120211 156
1.29006838921768e+004 1.73705661017366e+006 7.42661271860502e-003 3.66000610095418e-001 1.56034444578387e+000 4.26769748716656e-001 7.58064596174747e-005 121819 157
1.29033123076427e+004 1.73709241792299e+006 7.42797266350068e-003 1.68338788335483e-001 1.50588651188696e+000 4.28160381309843e-001 7.59658149123408e-005 122294 158
1.29014880088544e+004 1.73709385503584e+006 7.42691637481124e-003 6.86282623538238e-001 1.56734344080935e+000 4.29707795633554e-001 7.59658941846746e-005 122658 159
1.29024354895180e+004 1.73707800910024e+006 7.42752953697373e-003 9.41189284293548e-001 1.57041149342326e+000 4.29928495111878e-001 7.59658954956544e-005 122871 160
1.29009833243797e+004 1.73707898205412e+006 7.42668944194723e-003 3.55190038186245e-001 1.55775577639088e+000 4.31054512124090e-001 7.59685401236730e-005 123213 161
1.29026244703377e+004 1.73707925917352e+006 7.42763297829821e-003 8.05108575498126e-001 1.56954860362560e+000 4.35015370620359e-001 7.59685516132000e-005 124330 162
1.29028088543154e+004 1.73707847152728e+006 7.42774248626836e-003 5.39120325710572e-001 1.56609704443495e+000 4.40124136401187e-001 7.59687690525338e-005 125919 163
1.29020833567545e+004 1.73707232085859e+006 7.42735115331918e-003 8.55246743266300e-001 1.57041149342326e+000 4.40161833866663e-001 7.59687706709276e-005 125942 164
1.29045033404207e+004 1.73709216045938e+006 7.42865937399744e-003 3.57177497088767e-001 1.55689288659322e+000 4.41569029665565e-001 7.59716548156313e-005 126476 165
1.29006762534776e+004 1.73705808985561e+006 7.42660199536052e-003 1.47199452735929e-001 1.48824520935697e+000 4.46460576095092e-001 7.62783058391265e-005 127555 166
1.29014445363979e+004 1.73707765732679e+006 7.42696060112889e-003 3.46186247097546e-001 1.55708463988159e+000 4.55440566729884e-001 7.62813297232026e-005 129823 167
1.29014543780070e+004 1.73708364665407e+006 7.42694065977729e-003 5.16927034632407e-001 1.56513827799310e+000 4.57862813063946e-001 7.62816477900957e-005 130481 168
1.29016677997685e+004 1.73707948227327e+006 7.42708131969727e-003 9.67959753450248e-001 1.57041149342326e+000 4.73917066848780e-001 7.62816490226307e-005 134250 169
1.29025186429717e+004 1.73707862707057e+006 7.42757476177881e-003 4.30231668263295e-001 1.56245373195593e+000 4.76290779176131e-001 7.62825183220864e-005 134876 170
1.29015161374985e+004 1.73707237911578e+006 7.42702438475478e-003 2.20223510896783e-001 1.53474538178655e+000 4.76450557942793e-001 7.63186836985103e-005 134923 171
1.29017126541221e+004 1.73706685943907e+006 7.42716110893912e-003 4.58537901117399e-001 1.56456301812799e+000 4.81132774916606e-001 7.63191647731846e-005 136161 172
1.29006429971790e+004 1.73705274825679e+006 7.42660568782486e-003 2.49493360188473e-001 1.54471655278176e+000 4.81338610955629e-001 7.63359011715410e-005 136386 173
1.29008840753166e+004 1.73707903502283e+006 7.42663208303913e-003 3.68740894339805e-001 1.55881041947691e+000 4.82990185881969e-001 7.63380390925044e-005 136944 174
1.29006682651144e+004 1.73705398577012e+006 7.42661494277971e-003 5.56977342819597e-001 1.56839808389538e+000 4.83006560020504e-001 7.63381103676197e-005 136956 175
1.29022241783774e+004 1.73710025485411e+006 7.42731278241407e-003 1.94928579410136e-001 1.52199378810999e+000 4.88852310512467e-001 7.64131261622709e-005 138513 176
1.29014079914538e+004 1.73708429745353e+006 7.42691117515987e-003 8.66478897366918e-001 1.56954860362560e+000 4.89673745112737e-001 7.64131359372169e-005 138915 177
1.29007749777645e+004 1.73706981583820e+006 7.42660869505566e-003 6.20398500642203e-002 9.29859633625294e-001 4.92724360112977e-001 9.74925162687477e-005 139917 178
1.29021792704656e+004 1.73706953516932e+006 7.42741827668369e-003 3.53323031338421e-001 1.55833103625599e+000 4.98035215234874e-001 9.74950115747608e-005 141469 179
1.29013600736826e+004 1.73706299293514e+006 7.42697467649494e-003 4.09815044991931e-001 1.56264548524430e+000 5.03016957955371e-001 9.74959447973428e-005 142909 180
1.29015323713793e+004 1.73709633891658e+006 7.42693129233837e-003 8.90211103166428e-002 1.32813121356853e+000 5.04667996269745e-001 1.01709981510224e-004 143346 181
1.29008876057409e+004 1.73706835771733e+006 7.42667976321995e-003 2.99240058778877e-001 1.55257843760491e+000 5.06992347782748e-001 1.01716441367648e-004 144022 182
1.29008074600309e+004 1.73705724077296e+006 7.42668115503385e-003 7.07271394069420e-001 1.57041149342326e+000 5.07976565958084e-001 1.01716443825728e-004 144460 183
1.29012714608025e+004 1.73706436885124e+006 7.42691778366337e-003 8.61302610038833e-002 1.31259919721061e+000 5.11006129601344e-001 1.06613210084892e-004 145122 184
1.29018675071264e+004 1.73706762657992e+006 7.42724697030161e-003 2.04926099950097e-001 1.52918453642384e+000 5.11393069599196e-001 1.06665947706667e-004 145309 185
1.29047611924091e+004 1.73710022881266e+006 7.42877330116896e-003 5.14879349702536e-001 1.56379600497452e+000 5.17612940594100e-001 1.06666393954432e-004 146778 186
1.29021593433680e+004 1.73710090040685e+006 7.42727270070176e-003 9.52270873325793e-001 1.56868571382794e+000 5.21750958910483e-001 1.06666411917393e-004 147591 187
1.29008046018249e+004 1.73707516558589e+006 7.42660287688755e-003 8.95056147344093e-001 1.57041149342326e+000 5.27130739974144e-001 1.06666413381641e-004 148709 188
1.29014396437425e+004 1.73706258396580e+006 7.42702222974081e-003 1.53884541771686e-001 1.49524420438246e+000 5.28005675462023e-001 1.06910142987163e-004 148872 189
1.29013643315232e+004 1.73706563168623e+006 7.42696584573414e-003 7.34282767335517e-001 1.57002798684652e+000 5.30311326323471e-001 1.06910149613094e-004 149557 190
1.29034676736078e+004 1.73708735061177e+006 7.42808376663979e-003 4.26286863471925e-001 1.56159084215827e+000 5.33551158653159e-001 1.06911182704844e-004 150779 191
1.29011750405018e+004 1.73708831086342e+006 7.42675991961105e-003 3.56996819006719e-001 1.55718051652577e+000 5.37258842897828e-001 1.06913978325392e-004 151735 192
1.29014769106046e+004 1.73707708938778e+006 7.42698166543668e-003 9.25470291155418e-001 1.57041149342326e+000 5.39984912350564e-001 1.06913979685859e-004 152299 193
1.29015981031439e+004 1.73706855056492e+006 7.42708793712239e-003 5.34994842837154e-001 1.56676818094424e+000 5.44994149076302e-001 1.06914153818210e-004 153670 194
1.29021609068337e+004 1.73707542196874e+006 7.42738253572987e-003 7.66172448816896e-001 1.56954860362560e+000 5.49977186615938e-001 1.06914166631587e-004 154998 195
1.29007239402618e+004 1.73705638129173e+006 7.42663675100354e-003 1.49247137665800e-001 1.49073800210578e+000 5.50938092863616e-001 1.07198379491818e-004 155100 196
1.29015309880918e+004 1.73710092251224e+006 7.42691089973536e-003 7.98667541595709e-002 1.26120931592761e+000 5.52484868707588e-001 1.14369104622850e-004 155584 197
1.29024943260625e+004 1.73708538169268e+006 7.42753188295198e-003 6.14074767770541e-002 8.84989364146855e-001 5.53220096227220e-001 1.35820144722043e-004 155792 198
1.29012092266982e+004 1.73706426976181e+006 7.42688238211218e-003 5.98412849635817e-001 1.56839808389538e+000 5.56991561908945e-001 1.35820205588565e-004 157051 199
1.29017775001020e+004 1.73707376053740e+006 7.42716893170352e-003 7.78792952570487e-002 1.24491028641621e+000 5.57587265429257e-001 1.43845624019632e-004 157310 200
1.29006561469553e+004 1.73705296258929e+006 7.42661234124700e-003 6.69630126976196e-001 1.57031561677908e+000 5.60578269409532e-001 1.43845627936441e-004 158043 201
1.29093355110122e+004 1.73705775678149e+006 6.27574841184162e+000 7.64576459092143e-001 -1.57069912335582e+000 5.68489476127372e-001 1.43845628180625e-004 160425 202
1.29039630447457e+004 1.73709886107769e+006 7.42831970384178e-003 1.36057637676335e-001 1.47022040025025e+000 5.70653211572862e-001 1.44333723086957e-004 160824 203
1.29012940444281e+004 1.73709470738660e+006 7.42680107664585e-003 9.52090195243745e-001 1.56916509704886e+000 5.72150216092001e-001 1.44333735132792e-004 161594 204
1.29009523125352e+004 1.73708240079275e+006 7.42665697422409e-003 4.22281832653206e-001 1.56178259544664e+000 5.77492937740948e-001 1.44334756092189e-004 163447 205
1.29010317682162e+004 1.73706756536337e+006 7.42676613802182e-003 7.98965520708512e-001 1.57041149342326e+000 5.78255925106921e-001 1.44334757972041e-004 163643 206
1.29014126392169e+004 1.73706336483170e+006 7.42700334595576e-003 3.08665432059020e-001 1.55420834055605e+000 5.91367212378898e-001 1.44339979884699e-004 167114 207
1.29022599269802e+004 1.73707554932075e+006 7.42743899201164e-003 9.20531756912787e-001 1.57050737006745e+000 5.92262953663114e-001 1.44339980766712e-004 167437 208
1.29009706781760e+004 1.73708428416608e+006 7.42665949452461e-003 3.32394486834588e-001 1.55526298364208e+000 5.93838415325302e-001 1.44343989880018e-004 167876 209
1.29033405477066e+004 1.73710173045216e+006 7.42794910002065e-003 8.07367051523720e-001 1.56782282403027e+000 5.94056775596516e-001 1.44344033848951e-004 167991 210
1.29015469287702e+004 1.73710129657446e+006 7.42691847659608e-003 2.95596384124253e-001 1.54951038499100e+000 5.96287377168086e-001 1.44352467987606e-004 168851 211
1.29008662400592e+004 1.73705625943404e+006 7.42671918754385e-003 4.47516538112503e-001 1.56494652470473e+000 5.96404334096909e-001 1.44352927945688e-004 168886 212
1.29030506760659e+004 1.73708731302567e+006 7.42784388500049e-003 5.65951020894621e-001 1.56600116779077e+000 5.97479409818671e-001 1.44353129566266e-004 169383 213
1.29096371625182e+004 1.73705423261549e+006 6.27574822311750e+000 7.66383239912618e-001 -1.57041149342326e+000 5.98021286561672e-001 1.44353131626441e-004 169707 214
1.29010120363629e+004 1.73705832809989e+006 7.42679427162404e-003 9.34477233268059e-002 1.35536018051698e+000 6.01258254861663e-001 1.47602310922138e-004 170716 215
1.29007297730759e+004 1.73705459553402e+006 7.42664774327660e-003 1.06667336329946e-001 1.40876347132786e+000 6.06000296124382e-001 1.49253830844900e-004 171812 216
1.29006726041630e+004 1.73705235757216e+006 7.42662440154123e-003 4.19782452518216e-001 1.56398775826289e+000 6.12950565199338e-001 1.49254500710383e-004 174024 217
1.29034152059270e+004 1.73709613088320e+006 7.42801601968182e-003 5.57368811997367e-001 1.56513827799310e+000 6.16295031835359e-001 1.49254770204288e-004 174822 218
1.29009309769750e+004 1.73707248553144e+006 7.42668708243999e-003 5.91005048271871e-001 1.56763107074190e+000 6.17154728997114e-001 1.49254866435866e-004 175021 219
1.29011458926293e+004 1.73709827276021e+006 7.42670055154774e-003 9.39295315455992e-002 1.35449729071932e+000 6.17902346465537e-001 1.52484353050893e-004 175380 220
1.29006830589745e+004 1.73705495803827e+006 7.42661930225520e-003 2.20464415006179e-001 1.53618353144932e+000 6.23002169750359e-001 1.52518255232158e-004 176741 221
1.29030706024214e+004 1.73708352062418e+006 7.42787157139882e-003 5.20209353122936e-001 1.56523415463729e+000 6.26491906138511e-001 1.52518560700108e-004 177989 222
1.29015184166995e+004 1.73706336158324e+006 7.42706425091508e-003 4.21529007311342e-001 1.56322074510941e+000 6.28479618537511e-001 1.52519343830808e-004 178688 223
1.29007429022153e+004 1.73705975601079e+006 7.42663323875625e-003 2.88128356732958e-001 1.55161967116306e+000 6.28743621459434e-001 1.52526941883499e-004 178879 224
1.29019078398449e+004 1.73709985935912e+006 7.42713237613302e-003 2.47566127313300e-001 1.54059385708182e+000 6.30495253406896e-001 1.52548264711513e-004 179304 225
1.29087496726781e+004 1.73706466873545e+006 6.27574877865058e+000 9.49530589081406e-001 -1.57012386349071e+000 6.30496261816568e-001 1.52548267771457e-004 179314 226
1.29015897347433e+004 1.73710088548015e+006 7.42694487498435e-003 6.13409130445758e-001 1.56580941450240e+000 6.33086820829713e-001 1.52548447245687e-004 179964 227
1.29096063847905e+004 1.73705225099827e+006 6.27574823235708e+000 7.96255349477800e-001 -1.57002798684652e+000 6.38570285365443e-001 1.52548452789787e-004 181419 228
1.29022817237677e+004 1.73707170292694e+006 7.42746798528218e-003 8.80662126807644e-001 1.57060324671163e+000 6.39914056600599e-001 1.52548453309482e-004 181733 229
1.29030145397682e+004 1.73710028723356e+006 7.42776760779810e-003 3.18964082735726e-001 1.55257843760491e+000 6.46337820872338e-001 1.52554066818468e-004 183195 230
1.29096118651971e+004 1.73705284259101e+006 6.27574823173322e+000 7.53494870059898e-001 -1.57041149342326e+000 6.48429481440821e-001 1.52554068956965e-004 184011 231
1.29019478790295e+004 1.73709743817869e+006 7.42716577595332e-003 3.46186247097546e-001 1.55555061357463e+000 6.50278911875093e-001 1.52557630821631e-004 184460 232
1.29014428885528e+004 1.73706845624632e+006 7.42699899097744e-003 2.21006449252322e-001 1.53532064165166e+000 6.52199555170303e-001 1.52592643712445e-004 185081 233
1.29032969904065e+004 1.73709979760762e+006 7.42793229134091e-003 1.06486658247899e-001 1.40454489898373e+000 6.52297948117551e-001 1.54310541306051e-004 185125 234
1.29011378724878e+004 1.73707974424237e+006 7.42677514858057e-003 7.60300411150353e-001 1.56916509704886e+000 6.59160203722919e-001 1.54310561064880e-004 186733 235
1.29029598373795e+004 1.73707685392607e+006 7.42783631597834e-003 7.35095818704730e-001 1.56916509704886e+000 6.59861911558898e-001 1.54310582344898e-004 186851 236
1.29015414374083e+004 1.73709531456813e+006 7.42694089055358e-003 9.40918267170476e-001 1.56906922040468e+000 6.62396851644768e-001 1.54310595854026e-004 187419 237
1.29020317797361e+004 1.73708936563536e+006 7.42724858688630e-003 1.73126757509741e-001 1.50972157765435e+000 6.62407323702327e-001 1.54447298311993e-004 187429 238
1.29012787435547e+004 1.73706678126506e+006 7.42691166197028e-003 2.67982750584665e-001 1.54759285210730e+000 6.65286053037581e-001 1.54459248430441e-004 187973 239
1.29012752419114e+004 1.73706218767428e+006 7.42692928568487e-003 7.16636541322214e-001 1.57012386349071e+000 6.65356453711841e-001 1.54459254113413e-004 188015 240
1.29010503546825e+004 1.73708320664142e+006 7.42670996661834e-003 9.24325996635784e-001 1.56993211020234e+000 6.71944638242969e-001 1.54459258906926e-004 190081 241
1.29032845769656e+004 1.73710067125311e+006 7.42792141005051e-003 1.21874408235608e-001 1.25933972136601e-001 6.72815776311022e-001 1.54590398152866e-004 190268 242
1.29019751336585e+004 1.73707191226872e+006 7.42729060171142e-003 3.67777277902219e-001 1.55928980269784e+000 6.75729045569037e-001 1.54592416926632e-004 191132 243
1.29019683234810e+004 1.73707309272326e+006 7.42728163429467e-003 1.74722747234494e-001 1.51211849375896e+000 6.84255283217303e-001 1.54718541103419e-004 193736 244
1.29018582253532e+004 1.73706861232815e+006 7.42723741259767e-003 4.57092476461019e-001 1.56437126483963e+000 6.85964787008818e-001 1.54719048818363e-004 194178 245
1.29012069447619e+004 1.73707844948582e+006 7.42682044531229e-003 7.38441514246551e-002 1.19975238700522e+000 6.88937193688741e-001 1.65050444398402e-004 195179 246
1.29023665579567e+004 1.73708157175567e+006 7.42747462388544e-003 7.43587688560962e-001 1.56887746711631e+000 6.93077767178127e-001 1.65050471097815e-004 196565 247
1.29034747950046e+004 1.73709964917947e+006 7.42803527752352e-003 4.12796233345714e-001 1.55996093920713e+000 6.95220688643399e-001 1.65051898010590e-004 197012 248
1.29007132945321e+004 1.73706090929886e+006 7.42661126440714e-003 6.57705373561063e-001 1.56954860362560e+000 7.12217438791446e-001 1.65051915937807e-004 201881 249
1.29034724779559e+004 1.73708190227235e+006 7.42810982949602e-003 6.43341466038289e-001 1.56772694738609e+000 7.19464989147016e-001 1.65051992061207e-004 204131 250
1.29036900655506e+004 1.73709740966929e+006 7.42816877217708e-003 3.76630503922545e-001 1.55794752967925e+000 7.24601835562223e-001 1.65054264143340e-004 205923 251
1.29096430640328e+004 1.73706009469032e+006 6.27574824479945e+000 8.77078678180369e-001 -1.57012386349071e+000 7.24892907505981e-001 1.65054267787088e-004 206003 252
1.29025877901071e+004 1.73707455456185e+006 7.42763197928329e-003 8.52145102857818e-001 1.57021974013489e+000 7.26270382730997e-001 1.65054270844345e-004 206318 253
1.29028656632670e+004 1.73707613130679e+006 7.42778519466316e-003 9.30228147316001e-001 1.57050737006745e+000 7.28281558799615e-001 1.65054271706258e-004 206614 254
1.29046335308887e+004 1.73709772743116e+006 7.42871051082557e-003 1.98873384201506e-001 1.52410307428205e+000 7.29374526958992e-001 1.65121396160897e-004 206887 255
1.29018634220746e+004 1.73707044891111e+006 7.42723255165418e-003 6.46295692402340e-002 1.02995485015412e+000 7.31963888724371e-001 1.83551732517334e-004 207549 256
1.29010584833761e+004 1.73709369544771e+006 7.42666980401067e-003 6.77007815326468e-001 1.56724756416517e+000 7.34447088240256e-001 1.83551817744242e-004 208095 257
1.29013249335870e+004 1.73706943056965e+006 7.42692692449026e-003 8.19683274116622e-001 1.57041149342326e+000 7.37063968560853e-001 1.83551819521146e-004 208828 258
1.29010776912125e+004 1.73707549859776e+006 7.42675865668507e-003 1.50240867117061e-001 1.49035449552904e+000 7.38482733328245e-001 1.83833911976203e-004 209119 259
1.29015318978109e+004 1.73709415364525e+006 7.42694036249778e-003 6.80019116693926e-001 1.56724756416517e+000 7.39853715208687e-001 1.83833996375021e-004 209712 260
1.29024185163113e+004 1.73708007711804e+006 7.42751092414807e-003 5.66643620209137e-001 1.56657642765587e+000 7.42296564009148e-001 1.83834161302728e-004 210241 261
1.29031176091491e+004 1.73708657557233e+006 7.42788556794144e-003 7.73071479972317e-002 1.23800716803491e+000 7.47302797016482e-001 1.92179023975490e-004 211727 262
1.29027266859557e+004 1.73707647656924e+006 7.42770371633632e-003 3.20439620405781e-001 1.55459184713279e+000 7.47655826245991e-001 1.92183662613828e-004 211858 263
1.29012967142242e+004 1.73708347070597e+006 7.42685065352196e-003 5.16415113399939e-001 1.56513827799310e+000 7.49859307427536e-001 1.92183981374792e-004 212527 264
1.29033043180178e+004 1.73709204650219e+006 7.42796965250190e-003 9.71753993173245e-001 1.56945272698141e+000 7.50294815966394e-001 1.92183989895733e-004 212809 265
1.29022771155599e+004 1.73707224568093e+006 7.42746301191775e-003 1.25518082890232e-001 1.45440075395978e+000 7.52082816685225e-001 1.92905183522200e-004 213261 266
1.29008016985533e+004 1.73706327784943e+006 7.42665202831523e-003 6.42859657819496e-001 1.56916509704886e+000 7.67597909434376e-001 1.92905212102917e-004 217801 267
1.29036854208880e+004 1.73709582669404e+006 7.42817286738498e-003 4.84073736713442e-001 1.56322074510941e+000 7.71564048065182e-001 1.92905789732369e-004 218982 268
1.29015030408454e+004 1.73707906690304e+006 7.42698825256916e-003 6.78423126969173e-001 1.56839808389538e+000 7.74142134887903e-001 1.92905835915043e-004 219939 269
1.29019029061079e+004 1.73708053071757e+006 7.42721217533223e-003 7.67678099500625e-001 1.56916509704886e+000 7.74862722439597e-001 1.92905855258521e-004 220094 270
1.29032687950252e+004 1.73709625221326e+006 7.42793122067766e-003 9.81390157549110e-001 1.56916509704886e+000 7.77235298196000e-001 1.92905866527302e-004 220784 271
1.29013199644441e+004 1.73708955868266e+006 7.42683800944527e-003 9.07977781234430e-002 1.33886939771722e+000 7.77249954010485e-001 1.96714711576518e-004 220808 272
1.29094107312275e+004 1.73706191259910e+006 6.27574838631987e+000 9.65912068520377e-001 -1.56983623355815e+000 7.79827036854547e-001 1.96714716700092e-004 221865 273
1.29011764658446e+004 1.73709405913391e+006 7.42673616488647e-003 6.71406794782996e-001 1.56715168752098e+000 7.83144879823201e-001 1.96714807164151e-004 222941 274
1.29014115375106e+004 1.73706209626236e+006 7.42700813546608e-003 7.57289109782895e-001 1.57050737006745e+000 7.84778214314855e-001 1.96714808519293e-004 223474 275
1.29094046274573e+004 1.73706818961784e+006 6.27574841668718e+000 8.86654616528885e-001 -1.57069912335582e+000 7.88548417117794e-001 1.96714808695566e-004 224859 276
1.29095656007089e+004 1.73707190160387e+006 6.27574833990311e+000 9.94248414388155e-001 -1.57050737006745e+000 7.91670203180358e-001 1.96714809440078e-004 225846 277
1.29007376643866e+004 1.73705573102843e+006 7.42664743140904e-003 5.93444202379512e-001 1.56897334376049e+000 7.93708211469156e-001 1.96714849938286e-004 226525 278
1.29041331380333e+004 1.73709034865143e+006 7.42845401729275e-003 1.69874552032887e-001 1.50722878490555e+000 7.94899147023490e-001 1.96866222088107e-004 227030 279
1.29024217524176e+004 1.73707414703369e+006 7.42753814237257e-003 5.18101442165716e-001 1.56590529114658e+000 7.94915153999981e-001 1.96866474591713e-004 227066 280
1.29014309948475e+004 1.73706334449606e+006 7.42701399936434e-003 7.25730671451936e-001 1.57012386349071e+000 7.96108033305029e-001 1.96866480119192e-004 227486 281
1.29096418235006e+004 1.73705791554634e+006 6.27574823619075e+000 9.83979876725124e-001 -1.56945272698141e+000 8.03538552469638e-001 1.96866488408950e-004 229390 282
1.29016167151498e+004 1.73706544278748e+006 7.42711193844424e-003 6.23710932146406e-002 9.47500936155278e-001 8.18778409621581e-001 2.17656216065719e-004 233258 283
1.29022136956009e+004 1.73708282900050e+006 7.42738125370698e-003 3.32243921766216e-001 1.55535886028626e+000 8.19955809879193e-001 2.17660191013784e-004 233614 284
