# 80 rows of flux data
# 12 columns of flux data
# 
# total cross-sectional flux  2.287288e+00 /m^2/yr
#
#                             +x ram      -x wake      +y port -y starboard    +z zenith     -z nadir        Earth          Sun     anti-Sun      rot (x)      rot (y)      rot (z) 
# average speed (km/s)         24.49        24.49        18.15        23.48        24.64        23.52        24.49        25.02        25.02        24.04        24.56        24.05 
# total flux (#/m2/yr)  6.960045e-01 6.953704e-01 1.280472e-01 4.475771e-01 1.350350e+00 5.094660e-04 6.888837e-01 9.975340e-01 9.977699e-01 1.553222e+00 2.159774e+00 1.612206e+00 
# velocity (km/s)
     0.5                0.000000e+00 0.000000e+00 0.000000e+00 0.000000e+00 0.000000e+00 0.000000e+00 0.000000e+00 0.000000e+00 0.000000e+00 0.000000e+00 0.000000e+00 0.000000e+00 
     1.5                0.000000e+00 0.000000e+00 0.000000e+00 0.000000e+00 0.000000e+00 0.000000e+00 0.000000e+00 0.000000e+00 0.000000e+00 0.000000e+00 0.000000e+00 0.000000e+00 
     2.5                2.101966e-08 5.023301e-08 9.465078e-09 0.000000e+00 1.920767e-09 2.170442e-10 2.106836e-08 3.935164e-08 1.625197e-08 9.942061e-09 7.130392e-08 7.196011e-08 
     3.5                3.126899e-05 3.155462e-05 9.870625e-06 4.952661e-06 1.506376e-05 5.987866e-08 3.113590e-05 1.769847e-05 1.759629e-05 2.470983e-05 6.592594e-05 6.655438e-05 
     4.5                2.201099e-04 2.215300e-04 6.921473e-05 8.744488e-05 2.599921e-04 2.858168e-07 2.192559e-04 1.296860e-04 1.294058e-04 3.394481e-04 5.616442e-04 4.893883e-04 
     5.5                8.472719e-04 8.533737e-04 3.167266e-04 4.361019e-04 1.149371e-03 9.962058e-07 8.439147e-04 5.571320e-04 5.557697e-04 1.526347e-03 2.270928e-03 1.961078e-03 
     6.5                2.188823e-03 2.194132e-03 8.551712e-04 1.431911e-03 3.667278e-03 2.085293e-06 2.179411e-03 1.693329e-03 1.692300e-03 4.735416e-03 6.359215e-03 5.268945e-03 
     7.5                3.873209e-03 3.881511e-03 1.661742e-03 2.734552e-03 6.793132e-03 3.790197e-06 3.855161e-03 3.302780e-03 3.301989e-03 8.873902e-03 1.149568e-02 9.569109e-03 
     8.5                6.456422e-03 6.461810e-03 2.723557e-03 4.709140e-03 1.146434e-02 5.996419e-06 6.424872e-03 5.713580e-03 5.715341e-03 1.494621e-02 1.925249e-02 1.605223e-02 
     9.5                9.553028e-03 9.556694e-03 3.935998e-03 7.078345e-03 1.746051e-02 8.504511e-06 9.502808e-03 8.854533e-03 8.856784e-03 2.254557e-02 2.883612e-02 2.374077e-02 
    10.5                1.221501e-02 1.220660e-02 5.416116e-03 9.692069e-03 2.352709e-02 1.056032e-05 1.214484e-02 1.248830e-02 1.249121e-02 3.052951e-02 3.778390e-02 3.101855e-02 
    11.5                1.447891e-02 1.447428e-02 6.850823e-03 1.175379e-02 2.780004e-02 1.276945e-05 1.438310e-02 1.627308e-02 1.627564e-02 3.662056e-02 4.472557e-02 3.734677e-02 
    12.5                1.627764e-02 1.626880e-02 7.659513e-03 1.342301e-02 3.187532e-02 1.412667e-05 1.615754e-02 1.975693e-02 1.976230e-02 4.180563e-02 5.075368e-02 4.223422e-02 
    13.5                1.754917e-02 1.753560e-02 8.170146e-03 1.440196e-02 3.429770e-02 1.542186e-05 1.740626e-02 2.252841e-02 2.253274e-02 4.496718e-02 5.467584e-02 4.553945e-02 
    14.5                1.942286e-02 1.941046e-02 8.442533e-03 1.544302e-02 3.744253e-02 1.681053e-05 1.925246e-02 2.579957e-02 2.580491e-02 4.857286e-02 6.011101e-02 4.977153e-02 
    15.5                2.106951e-02 2.105828e-02 8.201238e-03 1.615232e-02 4.062570e-02 1.777934e-05 2.087459e-02 2.885279e-02 2.885937e-02 5.159519e-02 6.523155e-02 5.300055e-02 
    16.5                2.277642e-02 2.275695e-02 8.011022e-03 1.700924e-02 4.405996e-02 1.872181e-05 2.255484e-02 3.197656e-02 3.198385e-02 5.499954e-02 7.059535e-02 5.645343e-02 
    17.5                2.407490e-02 2.406043e-02 7.544053e-03 1.748200e-02 4.652740e-02 1.925093e-05 2.383185e-02 3.445294e-02 3.446051e-02 5.707689e-02 7.459537e-02 5.878895e-02 
    18.5                2.532037e-02 2.530475e-02 6.952004e-03 1.775837e-02 4.877657e-02 1.973726e-05 2.505584e-02 3.689846e-02 3.690571e-02 5.875369e-02 7.833811e-02 6.077662e-02 
    19.5                2.636678e-02 2.634624e-02 6.523000e-03 1.806991e-02 5.094876e-02 2.005740e-05 2.608304e-02 3.902034e-02 3.903046e-02 6.052582e-02 8.167374e-02 6.255842e-02 
    20.5                2.691531e-02 2.689437e-02 6.013228e-03 1.809245e-02 5.205981e-02 2.012754e-05 2.662053e-02 4.029257e-02 4.030173e-02 6.112369e-02 8.342074e-02 6.327080e-02 
    21.5                2.748711e-02 2.746964e-02 5.342851e-03 1.794173e-02 5.288359e-02 2.035068e-05 2.718233e-02 4.132058e-02 4.133161e-02 6.126051e-02 8.498498e-02 6.379065e-02 
    22.5                2.844327e-02 2.842377e-02 5.043968e-03 1.816609e-02 5.456451e-02 2.083291e-05 2.812473e-02 4.291470e-02 4.292468e-02 6.266529e-02 8.780954e-02 6.550682e-02 
    23.5                2.905046e-02 2.902964e-02 4.512372e-03 1.826389e-02 5.596353e-02 2.083527e-05 2.872225e-02 4.408131e-02 4.409154e-02 6.356124e-02 8.985253e-02 6.634341e-02 
    24.5                2.918294e-02 2.915912e-02 4.015381e-03 1.801237e-02 5.624424e-02 2.071693e-05 2.885118e-02 4.436332e-02 4.437312e-02 6.330317e-02 9.028073e-02 6.616885e-02 
    25.5                2.922456e-02 2.920076e-02 3.527409e-03 1.771631e-02 5.631995e-02 2.053521e-05 2.889251e-02 4.439882e-02 4.440911e-02 6.284968e-02 9.040165e-02 6.582414e-02 
    26.5                2.902985e-02 2.900509e-02 3.040452e-03 1.729171e-02 5.605564e-02 2.014067e-05 2.870002e-02 4.411800e-02 4.412768e-02 6.202521e-02 8.987474e-02 6.499262e-02 
    27.5                2.828465e-02 2.825740e-02 2.621024e-03 1.667270e-02 5.487492e-02 1.941643e-05 2.796366e-02 4.301912e-02 4.303090e-02 6.031861e-02 8.776555e-02 6.305984e-02 
    28.5                2.744555e-02 2.741978e-02 2.230339e-03 1.590254e-02 5.310594e-02 1.878322e-05 2.713554e-02 4.159168e-02 4.160057e-02 5.802555e-02 8.505088e-02 6.090983e-02 
    29.5                2.651130e-02 2.648390e-02 1.887218e-03 1.520437e-02 5.144302e-02 1.792855e-05 2.621334e-02 4.009641e-02 4.010681e-02 5.589222e-02 8.225195e-02 5.861790e-02 
    30.5                2.523780e-02 2.521097e-02 1.559180e-03 1.432679e-02 4.907536e-02 1.695529e-05 2.495631e-02 3.807147e-02 3.807972e-02 5.304286e-02 7.838206e-02 5.563077e-02 
    31.5                2.384274e-02 2.381489e-02 1.247039e-03 1.338490e-02 4.645161e-02 1.589090e-05 2.357842e-02 3.583208e-02 3.584164e-02 4.994072e-02 7.411231e-02 5.238042e-02 
    32.5                2.223515e-02 2.220907e-02 9.781088e-04 1.237191e-02 4.344000e-02 1.470015e-05 2.199094e-02 3.327146e-02 3.328005e-02 4.647248e-02 6.920404e-02 4.871787e-02 
    33.5                2.042071e-02 2.039241e-02 7.633728e-04 1.130702e-02 4.008516e-02 1.332833e-05 2.019882e-02 3.041344e-02 3.042100e-02 4.270819e-02 6.369222e-02 4.465026e-02 
    34.5                1.836240e-02 1.833681e-02 5.922542e-04 1.013475e-02 3.619487e-02 1.190229e-05 1.816577e-02 2.720875e-02 2.721499e-02 3.843933e-02 5.738502e-02 4.009631e-02 
    35.5                1.629550e-02 1.626988e-02 4.401667e-04 8.960426e-03 3.223954e-02 1.045061e-05 1.612298e-02 2.401513e-02 2.402278e-02 3.412449e-02 5.100914e-02 3.553183e-02 
    36.5                1.422699e-02 1.420357e-02 3.132266e-04 7.792704e-03 2.823810e-02 9.055844e-06 1.407883e-02 2.082809e-02 2.083261e-02 2.978796e-02 4.460269e-02 3.097427e-02 
    37.5                1.224483e-02 1.222350e-02 2.174685e-04 6.694304e-03 2.440846e-02 7.697052e-06 1.211924e-02 1.779862e-02 1.780349e-02 2.567033e-02 3.846125e-02 2.662804e-02 
    38.5                1.030790e-02 1.028829e-02 1.470072e-04 5.636339e-03 2.065405e-02 6.400994e-06 1.020380e-02 1.488399e-02 1.488834e-02 2.166544e-02 3.245616e-02 2.239820e-02 
    39.5                8.432273e-03 8.414557e-03 9.325606e-05 4.633527e-03 1.705856e-02 5.133073e-06 8.348735e-03 1.210955e-02 1.211330e-02 1.784967e-02 2.666765e-02 1.831826e-02 
    40.5                6.603578e-03 6.586958e-03 5.634866e-05 3.657289e-03 1.351468e-02 3.934654e-06 6.539412e-03 9.432067e-03 9.435059e-03 1.411144e-02 2.099881e-02 1.434785e-02 
    41.5                4.924903e-03 4.911034e-03 3.186872e-05 2.757232e-03 1.021936e-02 2.852320e-06 4.878067e-03 7.004626e-03 7.006884e-03 1.065131e-02 1.576467e-02 1.070738e-02 
    42.5                3.498182e-03 3.487704e-03 1.679020e-05 1.975325e-03 7.338778e-03 1.978800e-06 3.465598e-03 4.947688e-03 4.949235e-03 7.637150e-03 1.125780e-02 7.609552e-03 
    43.5                2.365675e-03 2.357426e-03 8.510404e-06 1.355735e-03 5.045575e-03 1.287056e-06 2.344066e-03 3.332819e-03 3.334041e-03 5.244302e-03 7.672907e-03 5.151756e-03 
    44.5                1.452445e-03 1.446808e-03 3.708499e-06 8.583984e-04 3.199692e-03 7.380211e-07 1.439521e-03 2.055665e-03 2.056450e-03 3.322165e-03 4.787058e-03 3.173316e-03 
    45.5                7.799806e-04 7.762318e-04 1.388976e-06 4.781272e-04 1.784302e-03 3.622437e-07 7.732517e-04 1.112087e-03 1.112369e-03 1.851012e-03 2.619725e-03 1.710672e-03 
    46.5                3.423474e-04 3.403202e-04 4.332746e-07 2.226529e-04 8.316712e-04 1.359698e-07 3.395157e-04 4.982254e-04 4.985675e-04 8.622291e-04 1.186103e-03 7.561224e-04 
    47.5                1.079977e-04 1.072430e-04 9.202735e-08 7.640232e-05 2.855866e-04 3.540995e-08 1.071470e-04 1.632940e-04 1.633544e-04 2.959410e-04 3.924112e-04 2.413860e-04 
    48.5                2.356265e-05 2.337928e-05 1.234167e-08 1.837099e-05 6.871049e-05 5.348918e-09 2.338906e-05 3.734203e-05 3.737129e-05 7.117455e-05 9.057009e-05 5.344303e-05 
    49.5                2.784796e-06 2.762258e-06 4.405540e-10 2.544246e-06 9.521929e-06 1.785178e-10 2.766831e-06 4.834117e-06 4.846454e-06 9.860109e-06 1.178566e-05 6.489647e-06 
    50.5                5.339694e-08 5.363664e-08 0.000000e+00 7.282648e-08 2.725956e-07 0.000000e+00 5.323877e-08 1.235469e-07 1.238918e-07 2.822266e-07 3.011183e-07 1.372643e-07 
    51.5                0.000000e+00 0.000000e+00 0.000000e+00 0.000000e+00 0.000000e+00 0.000000e+00 0.000000e+00 0.000000e+00 0.000000e+00 0.000000e+00 0.000000e+00 0.000000e+00 
    52.5                0.000000e+00 0.000000e+00 0.000000e+00 0.000000e+00 0.000000e+00 0.000000e+00 0.000000e+00 0.000000e+00 0.000000e+00 0.000000e+00 0.000000e+00 0.000000e+00 
    53.5                0.000000e+00 0.000000e+00 0.000000e+00 0.000000e+00 0.000000e+00 0.000000e+00 0.000000e+00 0.000000e+00 0.000000e+00 0.000000e+00 0.000000e+00 0.000000e+00 
    54.5                0.000000e+00 0.000000e+00 0.000000e+00 0.000000e+00 0.000000e+00 0.000000e+00 0.000000e+00 0.000000e+00 0.000000e+00 0.000000e+00 0.000000e+00 0.000000e+00 
    55.5                0.000000e+00 0.000000e+00 0.000000e+00 0.000000e+00 0.000000e+00 0.000000e+00 0.000000e+00 0.000000e+00 0.000000e+00 0.000000e+00 0.000000e+00 0.000000e+00 
    56.5                0.000000e+00 0.000000e+00 0.000000e+00 0.000000e+00 0.000000e+00 0.000000e+00 0.000000e+00 0.000000e+00 0.000000e+00 0.000000e+00 0.000000e+00 0.000000e+00 
    57.5                0.000000e+00 0.000000e+00 0.000000e+00 0.000000e+00 0.000000e+00 0.000000e+00 0.000000e+00 0.000000e+00 0.000000e+00 0.000000e+00 0.000000e+00 0.000000e+00 
    58.5                0.000000e+00 0.000000e+00 0.000000e+00 0.000000e+00 0.000000e+00 0.000000e+00 0.000000e+00 0.000000e+00 0.000000e+00 0.000000e+00 0.000000e+00 0.000000e+00 
    59.5                0.000000e+00 0.000000e+00 0.000000e+00 0.000000e+00 0.000000e+00 0.000000e+00 0.000000e+00 0.000000e+00 0.000000e+00 0.000000e+00 0.000000e+00 0.000000e+00 
    60.5                0.000000e+00 0.000000e+00 0.000000e+00 0.000000e+00 0.000000e+00 0.000000e+00 0.000000e+00 0.000000e+00 0.000000e+00 0.000000e+00 0.000000e+00 0.000000e+00 
    61.5                0.000000e+00 0.000000e+00 0.000000e+00 0.000000e+00 0.000000e+00 0.000000e+00 0.000000e+00 0.000000e+00 0.000000e+00 0.000000e+00 0.000000e+00 0.000000e+00 
    62.5                0.000000e+00 0.000000e+00 0.000000e+00 0.000000e+00 0.000000e+00 0.000000e+00 0.000000e+00 0.000000e+00 0.000000e+00 0.000000e+00 0.000000e+00 0.000000e+00 
    63.5                0.000000e+00 0.000000e+00 0.000000e+00 0.000000e+00 0.000000e+00 0.000000e+00 0.000000e+00 0.000000e+00 0.000000e+00 0.000000e+00 0.000000e+00 0.000000e+00 
    64.5                0.000000e+00 0.000000e+00 0.000000e+00 0.000000e+00 0.000000e+00 0.000000e+00 0.000000e+00 0.000000e+00 0.000000e+00 0.000000e+00 0.000000e+00 0.000000e+00 
    65.5                0.000000e+00 0.000000e+00 0.000000e+00 0.000000e+00 0.000000e+00 0.000000e+00 0.000000e+00 0.000000e+00 0.000000e+00 0.000000e+00 0.000000e+00 0.000000e+00 
    66.5                0.000000e+00 0.000000e+00 0.000000e+00 0.000000e+00 0.000000e+00 0.000000e+00 0.000000e+00 0.000000e+00 0.000000e+00 0.000000e+00 0.000000e+00 0.000000e+00 
    67.5                0.000000e+00 0.000000e+00 0.000000e+00 0.000000e+00 0.000000e+00 0.000000e+00 0.000000e+00 0.000000e+00 0.000000e+00 0.000000e+00 0.000000e+00 0.000000e+00 
    68.5                0.000000e+00 0.000000e+00 0.000000e+00 0.000000e+00 0.000000e+00 0.000000e+00 0.000000e+00 0.000000e+00 0.000000e+00 0.000000e+00 0.000000e+00 0.000000e+00 
    69.5                0.000000e+00 0.000000e+00 0.000000e+00 0.000000e+00 0.000000e+00 0.000000e+00 0.000000e+00 0.000000e+00 0.000000e+00 0.000000e+00 0.000000e+00 0.000000e+00 
    70.5                0.000000e+00 0.000000e+00 0.000000e+00 0.000000e+00 0.000000e+00 0.000000e+00 0.000000e+00 0.000000e+00 0.000000e+00 0.000000e+00 0.000000e+00 0.000000e+00 
    71.5                0.000000e+00 0.000000e+00 0.000000e+00 0.000000e+00 0.000000e+00 0.000000e+00 0.000000e+00 0.000000e+00 0.000000e+00 0.000000e+00 0.000000e+00 0.000000e+00 
    72.5                0.000000e+00 0.000000e+00 0.000000e+00 0.000000e+00 0.000000e+00 0.000000e+00 0.000000e+00 0.000000e+00 0.000000e+00 0.000000e+00 0.000000e+00 0.000000e+00 
    73.5                0.000000e+00 0.000000e+00 0.000000e+00 0.000000e+00 0.000000e+00 0.000000e+00 0.000000e+00 0.000000e+00 0.000000e+00 0.000000e+00 0.000000e+00 0.000000e+00 
    74.5                0.000000e+00 0.000000e+00 0.000000e+00 0.000000e+00 0.000000e+00 0.000000e+00 0.000000e+00 0.000000e+00 0.000000e+00 0.000000e+00 0.000000e+00 0.000000e+00 
    75.5                0.000000e+00 0.000000e+00 0.000000e+00 0.000000e+00 0.000000e+00 0.000000e+00 0.000000e+00 0.000000e+00 0.000000e+00 0.000000e+00 0.000000e+00 0.000000e+00 
    76.5                0.000000e+00 0.000000e+00 0.000000e+00 0.000000e+00 0.000000e+00 0.000000e+00 0.000000e+00 0.000000e+00 0.000000e+00 0.000000e+00 0.000000e+00 0.000000e+00 
    77.5                0.000000e+00 0.000000e+00 0.000000e+00 0.000000e+00 0.000000e+00 0.000000e+00 0.000000e+00 0.000000e+00 0.000000e+00 0.000000e+00 0.000000e+00 0.000000e+00 
    78.5                0.000000e+00 0.000000e+00 0.000000e+00 0.000000e+00 0.000000e+00 0.000000e+00 0.000000e+00 0.000000e+00 0.000000e+00 0.000000e+00 0.000000e+00 0.000000e+00 
    79.5                0.000000e+00 0.000000e+00 0.000000e+00 0.000000e+00 0.000000e+00 0.000000e+00 0.000000e+00 0.000000e+00 0.000000e+00 0.000000e+00 0.000000e+00 0.000000e+00 


