4.23134194032913e+005 1.68479765759855e+006 2.46059194338570e-001 4.52372016591271e-001 1.38479431028169e+000 3.13279051793999e+000 2.09837823488119e-007 56984 1
4.23131403978338e+005 1.68478959041521e+006 2.46058767778160e-001 3.65814610487042e-001 5.17973570207831e-001 4.78226357820794e+000 3.78519278324340e-007 83675 2
4.23136036057383e+005 1.68480788030185e+006 2.46058789336147e-001 6.32496759575776e-001 1.54021035050508e+000 5.91913455435319e+000 4.80613050485451e-007 102609 3
4.23135971899989e+005 1.68480491429602e+006 2.46059169414597e-001 5.93820228467936e-001 1.51921336542863e+000 8.25025552926367e+000 5.97808750989263e-007 145921 4
4.23129494751607e+005 1.68478304478715e+006 2.46058619649587e-001 4.15097471638640e-001 1.31854354915006e+000 8.36094189952971e+000 8.47632678376033e-007 149098 5
4.23131833460569e+005 1.68479192114850e+006 2.46058680747832e-001 3.69593877514128e-001 1.19073998245186e+000 9.78594760655028e+000 1.15693653649357e-006 175326 6
4.23142870093525e+005 1.68481229371118e+006 6.03711801393034e+000 7.86440935009742e-001 -1.54692171559801e+000 1.16686311297373e+001 1.22016919852170e-006 208001 7
4.23139662700892e+005 1.68482302997804e+006 2.46058689862553e-001 5.69498816471043e-001 1.50358547242653e+000 1.20906218858539e+001 1.34853957626293e-006 216368 8
4.23148102725500e+005 1.68482442067785e+006 6.03711679293226e+000 8.94972950198883e-001 -1.52439070421461e+000 1.26769556269692e+001 1.39608197644981e-006 227377 9
4.23145877181660e+005 1.68481910529909e+006 6.03711729015505e+000 9.97957976686978e-001 -1.50943394772179e+000 1.53595430873410e+001 1.43346423947320e-006 277121 10
4.23136001467508e+005 1.68480301811856e+006 2.46059451809216e-001 3.86021497897994e-001 1.24586905285806e+000 1.69555779838391e+001 1.72030730409111e-006 304985 11
4.23139654989478e+005 1.68481314506096e+006 2.46060071631630e-001 6.25060137361187e-001 1.53647116138188e+000 1.79102105191774e+001 1.82507968928279e-006 321103 12
4.23135911897206e+005 1.68480122738094e+006 2.46059652901737e-001 4.89037002345985e-001 1.43263675572985e+000 1.81497738661719e+001 2.00324400899810e-006 326207 13
4.23143243293918e+005 1.68481269076698e+006 6.03711786124122e+000 8.49164576475412e-001 -1.53282784890286e+000 1.83830147448992e+001 2.05663100283605e-006 328663 14
4.23130667498050e+005 1.68478765724852e+006 2.46058627654409e-001 5.31248976801745e-001 1.47434309595019e+000 1.87076063082669e+001 2.20585942600684e-006 334350 15
4.23135901488705e+005 1.68480504421929e+006 2.46059111884174e-001 6.09485899854405e-001 1.52822576998199e+000 1.89426798421549e+001 2.31657710975341e-006 339308 16
4.23132783963884e+005 1.68479494645576e+006 2.46058787223080e-001 3.30094441489099e-001 8.55938740958892e-001 2.49479638845148e+001 2.63911512308359e-006 460154 17
4.23137081063474e+005 1.68477657296145e+006 6.03711623715821e+000 8.18381836980598e-001 -1.53925158406323e+000 2.56958216733285e+001 2.69703283828273e-006 470607 18
4.23139116140902e+005 1.68478763171367e+006 6.03711665164112e+000 8.46482516004576e-001 -1.53330723212378e+000 2.90780385871989e+001 2.75079365457328e-006 527655 19
4.23139751916589e+005 1.68479155864185e+006 6.03711684732549e+000 7.96315794015999e-001 -1.54442892284921e+000 3.18484893462578e+001 2.81231020618223e-006 575541 20
4.23128395590916e+005 1.68477856354169e+006 2.46058634330440e-001 6.16434874710660e-001 1.53206083574938e+000 3.43931517664795e+001 2.92031746773382e-006 619518 21
4.23139231003447e+005 1.68481797548588e+006 2.46059157582236e-001 3.41676066249524e-001 6.52104995422224e-001 3.85122679807051e+001 3.16056988342229e-006 696522 22
4.23138644895562e+005 1.68481919812081e+006 2.46058658907837e-001 3.72580717583922e-001 1.20176579653310e+000 4.01631306565559e+001 3.46576484647388e-006 728572 23
4.23140750578209e+005 1.68481879446687e+006 2.46059891151813e-001 5.24665737464240e-001 1.46849462065493e+000 4.55130433493953e+001 3.61905426809673e-006 826949 24
4.23143016648155e+005 1.68482389914668e+006 2.46060440555185e-001 3.44937207958381e-001 1.06610034501175e+000 4.64768768739522e+001 3.95842173301990e-006 843511 25
4.23129317131708e+005 1.68478233026110e+006 2.46058620672296e-001 4.76022913470455e-001 1.41720061601611e+000 4.71785622392970e+001 4.14704978349927e-006 854281 26
4.23129205278297e+005 1.68478163697938e+006 2.46058655435566e-001 3.38414924540668e-001 1.01308056077761e+000 4.91867834708405e+001 4.49011473443103e-006 893755 27
4.23142232313132e+005 1.68482263148481e+006 2.46060180400246e-001 4.94248733488176e-001 1.43838935438093e+000 5.06966366439885e+001 4.66430839086975e-006 922723 28
4.23143091653628e+005 1.68482546191332e+006 2.46060263299140e-001 5.74192422295005e-001 1.50674940168462e+000 5.40813366721666e+001 4.79040776764156e-006 982248 29
4.23148232749090e+005 1.68482500023753e+006 2.46063198394664e-001 5.93911662347623e-001 1.51921336542863e+000 5.55648553441672e+001 4.90756377828812e-006 1011678 30
4.23129738236640e+005 1.68478385001643e+006 2.46058642682699e-001 3.78097228325071e-001 1.22103700201422e+000 5.64454571150971e+001 5.20519541234968e-006 1027298 31
4.23144037503607e+005 1.68481542062251e+006 6.03711780060639e+000 9.65956118796330e-001 -1.51355664342174e+000 5.66756347100215e+001 5.24536640589252e-006 1031186 32
4.23145776208483e+005 1.68482523321382e+006 2.46061794199452e-001 5.08512418719437e-001 1.45325023422956e+000 6.02031815444624e+001 5.40929698687640e-006 1088141 33
4.23138923792646e+005 1.68481579316393e+006 2.46059292068056e-001 6.12686085643470e-001 1.52995154957732e+000 6.36316211085804e+001 5.51875427638672e-006 1153402 34
4.23131298939080e+005 1.68478856151831e+006 2.46058853406954e-001 3.66607037444334e-001 1.17904303186132e+000 6.76803421041855e+001 5.83213638370933e-006 1215699 35
4.23130979395730e+005 1.68478857171139e+006 2.46058673567167e-001 4.82849976487126e-001 2.68310788750877e-001 6.92794797649320e+001 5.88117729562515e-006 1242718 36
4.23134840866322e+005 1.68479944290357e+006 2.46059305142200e-001 3.30216353328683e-001 8.24778831598865e-001 7.05528980029473e+001 6.19458172237525e-006 1266120 37
4.23144887635548e+005 1.68480984599760e+006 6.03711654426746e+000 9.34929555622349e-001 -1.51796696905423e+000 7.10780443238177e+001 6.23775458151739e-006 1273074 38
4.23129612114810e+005 1.68478334650270e+006 2.46058642869477e-001 3.47985003947966e-001 1.08652207022309e+000 7.46834617439344e+001 6.57430273519922e-006 1339809 39
4.23144120910318e+005 1.68480517069134e+006 6.03711631675572e+000 8.41514608541552e-001 -1.53436187520981e+000 7.48279196967526e+001 6.62876638268970e-006 1342962 40
4.23128979318195e+005 1.68478093154069e+006 2.46058628194139e-001 4.57492313853775e-001 1.39236856517228e+000 7.58657557362482e+001 6.83375801456175e-006 1360560 41
4.23136222134156e+005 1.68480325987988e+006 2.46059541112437e-001 6.55995266655481e-001 1.55114028794214e+000 7.70013557936689e+001 6.92800451641954e-006 1379693 42
4.23139408051062e+005 1.68478806377745e+006 6.03711654924586e+000 7.66477871277956e-001 -1.55209905438398e+000 7.75127568941146e+001 6.99492446703195e-006 1390103 43
4.23137178511277e+005 1.68480548442533e+006 2.46059763149558e-001 5.73399995337713e-001 1.50627001846370e+000 7.82966804407376e+001 7.12140364528656e-006 1404643 44
4.23141095287492e+005 1.68481903698401e+006 2.46060049603498e-001 3.50910888097969e-001 1.10397161946471e+000 7.90343541707406e+001 7.45479166607616e-006 1420740 45
4.23132905516825e+005 1.68479340491456e+006 2.46059071248836e-001 3.46826841471924e-001 1.07904369197668e+000 8.19234230848514e+001 7.79247401079838e-006 1471093 46
4.23141164225201e+005 1.68479834417946e+006 6.03711701029872e+000 9.69918253582791e-001 -1.51298138355663e+000 8.26016691918724e+001 7.83228355163526e-006 1483447 47
4.23138106643383e+005 1.68478142490249e+006 6.03711634491642e+000 7.18048393003442e-001 -1.56667230430006e+000 8.29487484426572e+001 7.90954962270907e-006 1488417 48
4.23137356504603e+005 1.68477757462733e+006 6.03711622383111e+000 9.40872757802041e-001 -1.51700820261238e+000 8.38954649380990e+001 7.95212261558844e-006 1506890 49
4.23135301548698e+005 1.68480332522480e+006 2.46059017964225e-001 3.45363899396923e-001 1.06916839762566e+000 8.42444067305553e+001 8.29114035948039e-006 1511361 50
4.23143596430983e+005 1.68480779203465e+006 6.03711697715998e+000 7.37462853457102e-001 -1.56053619907224e+000 8.58549802349929e+001 8.36399873874045e-006 1535486 51
4.23136797510446e+005 1.68481012304128e+006 2.46058899992097e-001 5.48255678423632e-001 1.48814933271279e+000 8.61506354723853e+001 8.50340518888086e-006 1540709 52
4.23144640728839e+005 1.68482596023679e+006 2.46061058298125e-001 3.63833543093811e-001 1.16744195791498e+000 8.68891443781722e+001 8.82051834902595e-006 1553049 53
4.23131316949463e+005 1.68478904000903e+006 2.46058796367130e-001 5.40209497011126e-001 1.48182147419660e+000 8.95398197279269e+001 8.96445536579243e-006 1603663 54
4.23146200936807e+005 1.68482389985155e+006 2.46062218299063e-001 4.42649547384493e-001 3.24206872310556e-001 9.13404680880529e+001 9.03580403859765e-006 1637051 55
4.23147941276172e+005 1.68482395815942e+006 6.03711681821651e+000 7.47490102262838e-001 -1.55756402310251e+000 9.40071876673406e+001 9.10652704110036e-006 1686975 56
4.23136345903046e+005 1.68480540333581e+006 2.46059309655215e-001 4.70354012929826e-001 1.40991399105808e+000 9.86492790863486e+001 9.29996920984703e-006 1779433 57
4.23146672287036e+005 1.68481937315527e+006 6.03711688379284e+000 8.67573264252508e-001 -1.52928041306803e+000 9.89585231293634e+001 9.35088854988438e-006 1784679 58
4.23134062822771e+005 1.68479913417175e+006 2.46058914031545e-001 5.59745869304369e-001 1.49677823068941e+000 9.89647503233955e+001 9.48416700575774e-006 1784983 59
4.23141103330345e+005 1.68479425252779e+006 6.03711647054603e+000 8.31761661374878e-001 -1.53637528473769e+000 1.04865820454901e+002 9.54004950093217e-006 1889584 60
4.23144646204560e+005 1.68482470949040e+006 2.46061236736818e-001 3.47741180268800e-001 1.08479629062777e+000 1.11020600198404e+002 9.87681050854889e-006 1991216 61
4.23129627663416e+005 1.68478346194269e+006 2.46058635363332e-001 5.38898944735605e-001 1.48076683111057e+000 1.14305190786657e+002 1.00215050450642e-005 2057395 62
4.23134462045516e+005 1.68480162737504e+006 2.46058787324976e-001 7.08051622157602e-001 1.22290659657582e-001 1.16472145294145e+002 1.00312257583563e-005 2093770 63
4.23139593117521e+005 1.68481346660197e+006 2.46059992000131e-001 4.84739610000669e-001 1.42765117023225e+000 1.16729905504395e+002 1.02127552670584e-005 2099954 64
4.23143145662594e+005 1.68482326887649e+006 2.46060600963494e-001 4.84434830401711e-001 1.42726766365551e+000 1.18100319258080e+002 1.03945260675928e-005 2126953 65
4.23140721147320e+005 1.68481989411422e+006 2.46059720526034e-001 5.76630659086673e-001 1.50837930463576e+000 1.18151317388416e+002 1.05194682703473e-005 2128506 66
4.23145318780013e+005 1.68482126155928e+006 2.46062095722924e-001 4.13604051603743e-001 3.78473052919095e-001 1.18917695688126e+002 1.06155544620504e-005 2139679 67
4.23130570335665e+005 1.68478715889573e+006 2.46058643286425e-001 3.49661291742239e-001 1.09678087115085e+000 1.19007910634794e+002 1.09503428861390e-005 2143175 68
4.23131201947732e+005 1.68478879911258e+006 2.46058765937574e-001 3.32227898681809e-001 7.61500246436964e-001 1.19675381721991e+002 1.12408959545522e-005 2153391 69
4.23132146028343e+005 1.68479360783744e+006 2.46058618750832e-001 6.75348771189349e-001 1.55928980269784e+000 1.19753203640631e+002 1.13293138335641e-005 2155264 70
4.23134554313444e+005 1.68479993163621e+006 2.46059076621009e-001 3.76969543808925e-001 1.21720193624683e+000 1.20458928476868e+002 1.16284864598031e-005 2167933 71
4.23136575948735e+005 1.68480511196078e+006 2.46059478952453e-001 4.49171830802206e-001 1.37990460142827e+000 1.20535660645010e+002 1.18414287248188e-005 2169266 72
4.23138701128209e+005 1.68481576447146e+006 2.46059171773264e-001 6.27528852112752e-001 1.53771755775628e+000 1.20832621823107e+002 1.19453008246567e-005 2174247 73
4.23138928014266e+005 1.68481032103199e+006 2.46060061736886e-001 4.83185234045981e-001 1.42582951399274e+000 1.22340979295916e+002 1.21280692418773e-005 2198881 74
4.23138588919945e+005 1.68478277369835e+006 6.03711626478362e+000 7.49440691696173e-001 -1.55689288659322e+000 1.22723912418882e+002 1.21983872764681e-005 2206747 75
4.23136717393301e+005 1.68480464537495e+006 2.46059623350091e-001 3.40395991933898e-001 6.62747302926725e-001 1.24399750090644e+002 1.24439945232197e-005 2234661 76
4.23144222423593e+005 1.68481250495804e+006 6.03711728851832e+000 7.68458938671187e-001 -1.55161967116306e+000 1.26959947161520e+002 1.25105349172561e-005 2273892 77
4.23140804050765e+005 1.68481470100060e+006 2.46060494999369e-001 5.00405281387139e-001 1.44500484282968e+000 1.29600725464984e+002 1.26801941189925e-005 2323898 78
4.23133656565996e+005 1.68479453729434e+006 2.46059331794537e-001 6.24968703481500e-001 1.53647116138188e+000 1.32126472223536e+002 1.27850002295378e-005 2372695 79
4.23135435347287e+005 1.68480125697262e+006 2.46059382682538e-001 3.39146395578168e-001 1.01988780251473e+000 1.34174765225587e+002 1.31278813428623e-005 2413050 80
4.23144116077396e+005 1.68480880429128e+006 6.03711682897268e+000 8.32828389971233e-001 -1.53618353144932e+000 1.37439172180998e+002 1.31836061204095e-005 2475013 81
4.23145453489460e+005 1.68481111728664e+006 6.03711640660458e+000 8.78941543293662e-001 -1.52717112689596e+000 1.37799181004662e+002 1.32330833433473e-005 2483788 82
4.23144153483692e+005 1.68482563903778e+006 2.46060831300048e-001 4.85836816556920e-001 1.42889756660665e+000 1.39644830536427e+002 1.34137444628918e-005 2514087 83
4.23135932092821e+005 1.68480754425881e+006 2.46058778410855e-001 6.52764602906520e-001 1.44054657887509e-001 1.39921631231716e+002 1.34274245980005e-005 2519995 84
4.23135401593317e+005 1.68480123513244e+006 2.46059366899334e-001 5.17594850768402e-001 1.46207088549455e+000 1.40198272264757e+002 1.35852514127412e-005 2523844 85
4.23140539188391e+005 1.68481356015815e+006 2.46060507092557e-001 6.17684471066390e-001 1.53263609561449e+000 1.43131291489102e+002 1.36927809320652e-005 2577753 86
4.23141303232455e+005 1.68481713877267e+006 2.46060431873428e-001 6.01714020080962e-001 1.52381544434950e+000 1.43994653721586e+002 1.38066466378035e-005 2594628 87
4.23139772079964e+005 1.68481207259909e+006 2.46060287388505e-001 4.38778846477720e-001 1.36312618869594e+000 1.44727221801839e+002 1.40300847287414e-005 2612502 88
4.23142508305793e+005 1.68480599410372e+006 6.03711733257163e+000 8.11493818044135e-001 -1.54088148701437e+000 1.46774942556026e+002 1.40890924531016e-005 2648463 89
4.23141603611728e+005 1.68481691341601e+006 2.46060631180984e-001 4.46184990732412e-001 1.37520664586322e+000 1.47885789160515e+002 1.43049847962838e-005 2670982 90
4.23140604128807e+005 1.68479737909350e+006 6.03711718768582e+000 9.70619246660395e-001 -1.51288550691244e+000 1.48549510369166e+002 1.43447308917210e-005 2681244 91
4.23141222335505e+005 1.68480129994783e+006 6.03711739232535e+000 8.02807599473816e-001 -1.54289489654225e+000 1.50129469394410e+002 1.44051558530031e-005 2709246 92
4.23140081230660e+005 1.68481634786874e+006 2.46059860507531e-001 4.57492313853775e-001 1.39227268852809e+000 1.55570953660762e+002 1.46101439394351e-005 2806032 93
4.23136313653634e+005 1.68480299489025e+006 2.46059629367508e-001 6.11924136646074e-001 1.52956804300058e+000 1.60152201564550e+002 1.47198995689091e-005 2885552 94
4.23129028886656e+005 1.68478099772951e+006 2.46058646588548e-001 3.42133235647962e-001 6.48365806299020e-001 1.60884561996651e+002 1.49582714906759e-005 2897490 95
4.23132428580028e+005 1.68479097519647e+006 2.46059145664343e-001 5.73918120655942e-001 1.50665352504044e+000 1.61655423831310e+002 1.50845027197014e-005 2912626 96
4.23144205195270e+005 1.68482468165017e+006 2.46060994417692e-001 5.46213655110610e-001 1.48651942976165e+000 1.67707095272699e+002 1.52250391569258e-005 3023622 97
4.23138591708261e+005 1.68481410724616e+006 2.46059343060227e-001 5.42068652564773e-001 1.48325962385937e+000 1.68462012547176e+002 1.53679105211763e-005 3037891 98
4.23140589201710e+005 1.68481937740798e+006 2.46059719311472e-001 4.36371087645947e-001 1.35900349299600e+000 1.76160337189593e+002 1.55938715070794e-005 3165400 99
4.23135218897304e+005 1.68480530214192e+006 2.46058694610618e-001 4.95437373924115e-001 1.43973162739952e+000 1.76579792324028e+002 1.57671778816426e-005 3172838 100
4.23129108909747e+005 1.68478127418872e+006 2.46058652501826e-001 4.33780461054799e-001 1.35459316736351e+000 1.76832254514219e+002 1.59958990493579e-005 3176268 101
4.23139410245866e+005 1.68478800348572e+006 6.03711653956598e+000 8.81836949483769e-001 -1.52659586703085e+000 1.78582073277832e+002 1.60450183389893e-005 3205894 102
4.23140750578209e+005 1.68481879446687e+006 2.46059891151813e-001 5.24665737464240e-001 1.46849462065493e+000 1.79100461509404e+002 1.61983077606122e-005 3215051 103
4.23137831823678e+005 1.68477958458054e+006 6.03711624029472e+000 9.59738614977575e-001 -1.51432365657521e+000 1.87082107831594e+002 1.62390552895223e-005 3356563 104
4.23134487490832e+005 1.68480025850236e+006 2.46058993478254e-001 6.78518479018518e-001 1.56053619907224e+000 1.87747720007265e+002 1.63265682023098e-005 3370740 105
4.23139132945947e+005 1.68478768453452e+006 6.03711664966523e+000 9.38434521010372e-001 -1.51739170918912e+000 1.91674399868365e+002 1.63693858040997e-005 3445639 106
4.23142009720437e+005 1.68482546508971e+006 2.46059658792117e-001 7.05582907406037e-001 1.23153549455245e-001 1.92462953479821e+002 1.63792502694003e-005 3460052 107
4.23145522988714e+005 1.68481184916088e+006 6.03711647042797e+000 8.24843164478519e-001 -1.53790931104465e+000 1.93181139383496e+002 1.64361720870721e-005 3472502 108
4.23135396873738e+005 1.68480028628312e+006 2.46059497314418e-001 4.62765000915758e-001 1.39975106677450e+000 1.93981337610288e+002 1.66363210741093e-005 3488726 109
4.23141953626132e+005 1.68481924914629e+006 2.46060499080501e-001 4.13482139764160e-001 1.31499611331523e+000 1.96071703850137e+002 1.68880652089611e-005 3521679 110
4.23143928359730e+005 1.68480408240000e+006 6.03711627165594e+000 8.84214230355645e-001 -1.52621236045412e+000 1.96209304266036e+002 1.69368936008122e-005 3524562 111
4.23140100770936e+005 1.68482094495971e+006 2.46059226807651e-001 3.83004179868304e-001 1.23666489501633e+000 1.96673592761705e+002 1.72278144298982e-005 3530292 112
4.23144722574926e+005 1.68481472373621e+006 6.03711732039809e+000 8.05794439543610e-001 -1.54222376003296e+000 1.99206137472939e+002 1.72877466005669e-005 3578107 113
4.23139930861418e+005 1.68479338295976e+006 6.03711700323115e+000 7.37036162018560e-001 -1.56063207571642e+000 2.00217050884951e+002 1.73606978790773e-005 3592592 114
4.23136095411341e+005 1.68480135109303e+006 2.46059738015025e-001 4.99460464630368e-001 1.44404607638783e+000 2.00280585953861e+002 1.75310432160665e-005 3594106 115
4.23135360833281e+005 1.68480343848058e+006 2.46059035183288e-001 3.34452789754207e-001 9.68018538010804e-001 2.00497744592169e+002 1.78728627515669e-005 3597606 116
4.23143365174489e+005 1.68480516450994e+006 6.03711673783338e+000 8.93022360765548e-001 -1.52467833414716e+000 2.02388487125333e+002 1.79206345458174e-005 3631727 117
4.23131870784771e+005 1.68478919391078e+006 2.46059084008975e-001 4.99429986670472e-001 1.44404607638783e+000 2.09106615463012e+002 1.80910027535409e-005 3743446 118
4.23137359463298e+005 1.68477776613037e+006 6.03711624903303e+000 9.08078472954100e-001 -1.52208966475417e+000 2.09421137654867e+002 1.81370436644059e-005 3749611 119
4.23140115126883e+005 1.68481422689107e+006 2.46060176839625e-001 5.01136752424640e-001 1.44577185598315e+000 2.11656145522892e+002 1.83061748920488e-005 3788255 120
4.23136175936410e+005 1.68480140671014e+006 2.46059775175399e-001 6.37799924597655e-001 1.54279901989807e+000 2.13050849286806e+002 1.84064180273713e-005 3810918 121
4.23131391659002e+005 1.68478929307741e+006 2.46058802593582e-001 4.39997964873554e-001 1.36523547486801e+000 2.15385796687932e+002 1.86285945955459e-005 3856408 122
4.23145603194395e+005 1.68482141192845e+006 6.03711776656861e+000 8.50231305071767e-001 -1.53263609561449e+000 2.15390206950686e+002 1.86818339530888e-005 3856858 123
4.23146205942616e+005 1.68482511991001e+006 2.46062050014777e-001 3.46674451672445e-001 1.07789317224647e+000 2.16486427026107e+002 1.90196344183676e-005 3877560 124
4.23134653951604e+005 1.68479942160730e+006 2.46059203769116e-001 3.58957069510474e-001 1.14577383632923e+000 2.19281224783493e+002 1.93432054182866e-005 3921435 125
4.23136959649186e+005 1.68481222894895e+006 2.46058695224344e-001 5.02051091221515e-001 1.44673062242500e+000 2.19599579148271e+002 1.95116799568405e-005 3926112 126
4.23132944530233e+005 1.68479545134195e+006 2.46058806075121e-001 5.63250834692393e-001 1.94485772728660e-001 2.19714266601934e+002 1.95371560700426e-005 3927961 127
4.23145689475002e+005 1.68482434320857e+006 6.03711812942708e+000 8.32096918933733e-001 -1.53637528473769e+000 2.21377947473895e+002 1.95929890432215e-005 3959968 128
4.23140075206758e+005 1.68478831883377e+006 6.03711621251947e+000 9.37154446694746e-001 -1.51758346247749e+000 2.22651546443956e+002 1.96359358574428e-005 3985627 129
4.23142233050084e+005 1.68480227666935e+006 6.03711696497927e+000 8.12712936439969e-001 -1.54059385708182e+000 2.26268844300511e+002 1.96947485151006e-005 4049652 130
4.23143672247895e+005 1.68481126017375e+006 6.03711742114493e+000 8.66445579736362e-001 -1.52947216635640e+000 2.27314755564533e+002 1.97458141728875e-005 4065872 131
4.23129453017388e+005 1.68478258308973e+006 2.46058661088983e-001 3.85838630138619e-001 1.24538966963713e+000 2.28932595956143e+002 2.00329100071051e-005 4094027 132
4.23129726813332e+005 1.68478361565585e+006 2.46058669167604e-001 5.76783048886153e-001 1.50857105792413e+000 2.28975776015183e+002 2.01577810923651e-005 4094101 133
4.23138191619934e+005 1.68480728792507e+006 2.46060075900612e-001 5.05312232930372e-001 1.45008630497147e+000 2.32855226127408e+002 2.03239414282376e-005 4157844 134
4.23146743904073e+005 1.68482071954777e+006 2.46062967397154e-001 5.21770331274134e-001 2.27850844904935e-001 2.33855807895788e+002 2.03591754622865e-005 4176707 135
4.23137639696265e+005 1.68481506043469e+006 2.46058677874827e-001 6.31948156297651e-001 1.53992272057253e+000 2.37963649394647e+002 2.04614634155787e-005 4252124 136
4.23132166546314e+005 1.68479035628826e+006 2.46059086148751e-001 7.02748457135723e-001 1.56964448026978e+000 2.39021319477554e+002 2.05424793834266e-005 4267465 137
4.23146096161578e+005 1.68482105033626e+006 2.46062559367020e-001 3.98852719014149e-001 4.12796891537217e-001 2.39153458574969e+002 2.06554783849720e-005 4270955 138
4.23129585401237e+005 1.68478341890513e+006 2.46058617801922e-001 3.31984075002642e-001 7.66389955290384e-001 2.39384168967239e+002 2.09479903536439e-005 4277541 139
4.23129496762324e+005 1.68478311862671e+006 2.46058610418179e-001 4.60052462485027e-001 1.39601187765130e+000 2.40888488308218e+002 2.11506123952095e-005 4307890 140
4.23145624199099e+005 1.68481136756985e+006 6.03711634638956e+000 7.16829274607608e-001 -1.56715168752098e+000 2.42155946310579e+002 2.12281680014527e-005 4326246 141
4.23143372209730e+005 1.68482559894206e+006 2.46060400724015e-001 7.57639262908158e-001 1.06758643299661e-001 2.46926603518440e+002 2.12354842931903e-005 4404686 142
4.23132799337890e+005 1.68479528938518e+006 2.46058747720302e-001 3.73921747819339e-001 1.20665550538652e+000 2.47569432713049e+002 2.15388454129052e-005 4415542 143
4.23130843466864e+005 1.68478680210363e+006 2.46058845814381e-001 3.62705858577665e-001 1.16274400234993e+000 2.48140470144967e+002 2.18574880251066e-005 4424071 144
4.23139980818579e+005 1.68479394145096e+006 6.03711705365320e+000 8.22892575045185e-001 -1.53829281762139e+000 2.49137678880321e+002 2.19147078239375e-005 4438251 145
4.23143752054807e+005 1.68480522107531e+006 6.03711652976116e+000 9.43951031751522e-001 -1.51662469603565e+000 2.52783363915211e+002 2.19569751063526e-005 4495415 146
4.23133982777285e+005 1.68479956530537e+006 2.46058808885466e-001 3.75567557653716e-001 1.21240810403760e+000 2.54112232895390e+002 2.22580730204997e-005 4518796 147
4.23135555585511e+005 1.68480684393085e+006 2.46058666399227e-001 4.43350540462098e-001 1.37070044358654e+000 2.56117363369857e+002 2.24768158862535e-005 4555856 148
4.23142995006410e+005 1.68480847297827e+006 6.03711740843297e+000 7.63856766726913e-001 -1.55286606753746e+000 2.57679105645904e+002 2.25442430097456e-005 4579673 149
4.23132089344707e+005 1.68479114674234e+006 2.46058932204848e-001 5.78276468921049e-001 1.50952982436598e+000 2.60971720246641e+002 2.26684130890678e-005 4636302 150
4.23131518971778e+005 1.68479086886365e+006 2.46058652714292e-001 5.00527193226722e-001 1.44519659611805e+000 2.62719545840038e+002 2.28379855014366e-005 4669470 151
4.23130394562290e+005 1.68478538158502e+006 2.46058794367483e-001 3.88764514288621e-001 1.25392269096957e+000 2.65571175106325e+002 2.31211518671351e-005 4714071 152
4.23146106899686e+005 1.68481474509526e+006 6.03711655049745e+000 9.51448609885903e-001 -1.51557005294961e+000 2.67366777014886e+002 2.31626874521906e-005 4746328 153
4.23133638273197e+005 1.68479601586345e+006 2.46059114251814e-001 4.54170216225126e-001 1.38747885631886e+000 2.67462297983162e+002 2.33708061620556e-005 4748910 154
4.23137072084718e+005 1.68480898804079e+006 2.46059212444776e-001 3.92635215195395e-001 1.26466087511826e+000 2.71440502264950e+002 2.36488270912847e-005 4809352 155
4.23132236873190e+005 1.68479297188183e+006 2.46058758647563e-001 4.21436887296978e-001 1.33148689611499e+000 2.72508507635038e+002 2.38912439087947e-005 4826083 156
4.23139195389209e+005 1.68478500120744e+006 6.03711623852918e+000 9.23226019022340e-001 -1.51969274864956e+000 2.73104356659120e+002 2.39356339627317e-005 4835037 157
4.23135423029488e+005 1.68480438114775e+006 2.46058937726146e-001 5.86139782574180e-001 1.51451540986358e+000 2.76462876470965e+002 2.40562041319888e-005 4903532 158
4.23136085604838e+005 1.68480654938423e+006 2.46059003623321e-001 3.41249374810982e-001 1.03820024155400e+000 2.78362403772036e+002 2.43982022522795e-005 4939849 159
4.23146873863740e+005 1.68482234108573e+006 6.03711718742054e+000 9.15271271489522e-001 -1.52103502166814e+000 2.79283022205596e+002 2.44434485602317e-005 4962305 160
4.23135567539261e+005 1.68480526878975e+006 2.46058893942478e-001 3.95134407906855e-001 4.22384555955687e-001 2.82439056618615e+002 2.45613200369424e-005 5015518 161
4.23141466545965e+005 1.68479531635100e+006 6.03711641692818e+000 7.50202640693570e-001 -1.55670113330485e+000 2.82933015689858e+002 2.46314808570242e-005 5023917 162
4.23130185600076e+005 1.68478521935930e+006 2.46058700445354e-001 5.12809811064752e-001 1.45756468321787e+000 2.87963227289966e+002 2.47924848607199e-005 5103909 163
4.23129042271356e+005 1.68478100483485e+006 2.46058653065317e-001 3.50240372980260e-001 1.10023243034150e+000 2.95832640592121e+002 2.51266454024230e-005 5245142 164
4.23138391287609e+005 1.68481477078452e+006 2.46059138118940e-001 4.45514475614704e-001 1.37415200277718e+000 2.96715811979569e+002 2.53432078472545e-005 5263727 165
4.23140637832155e+005 1.68479121931801e+006 6.03711630511283e+000 8.99026518865031e-001 -1.52362369106113e+000 2.98525500178665e+002 2.53902782377525e-005 5298777 166
4.23142655730289e+005 1.68482607081768e+006 2.46059934534702e-001 3.97907902257378e-001 4.15193807641835e-001 3.00626459810098e+002 2.55044897072263e-005 5340541 167
4.23145075292265e+005 1.68481473563326e+006 6.03711712513730e+000 9.23683188420778e-001 -1.51969274864956e+000 3.05661243289186e+002 2.55488314404339e-005 5419659 168
4.23144255839469e+005 1.68482375939928e+006 2.46061152012644e-001 6.52002653909124e-001 1.54931863170263e+000 3.07476306443227e+002 2.56443487143169e-005 5454086 169
4.23129565373612e+005 1.68478266136650e+006 2.46058712844739e-001 5.30121292285598e-001 1.47338432950835e+000 3.12334597204948e+002 2.57942624238224e-005 5533529 170
4.23147942998595e+005 1.68481966622628e+006 6.03711621542714e+000 7.39443920850333e-001 -1.55996093920713e+000 3.17868676786680e+002 2.58666916199981e-005 5631794 171
4.23138302195445e+005 1.68478136618587e+006 6.03711622750011e+000 7.88056266884222e-001 -1.54644233237709e+000 3.19157479282271e+002 2.59296387579373e-005 5653977 172
4.23135732536103e+005 1.68480526154721e+006 2.46058987079725e-001 3.86509145256328e-001 1.24730720252083e+000 3.21790627460759e+002 2.62158245258730e-005 5704207 173
4.23147263518670e+005 1.68481995649766e+006 6.03711663549566e+000 9.21305907548902e-001 -1.52007625522629e+000 3.23450509315467e+002 2.62604192369877e-005 5732581 174
4.23129197429969e+005 1.68478189348936e+006 2.46058615084793e-001 3.30338265168266e-001 8.16437563554796e-001 3.23897211922772e+002 2.65711443622906e-005 5738465 175
4.23142689446848e+005 1.68480019768471e+006 6.03711641863717e+000 7.65533054521185e-001 -1.55238668431654e+000 3.26101903706557e+002 2.66382465085315e-005 5774375 176
4.23142428580042e+005 1.68480194065929e+006 6.03711680869342e+000 9.57361334105698e-001 -1.51470716315195e+000 3.30034577037445e+002 2.66792178561529e-005 5841768 177
4.23138385823023e+005 1.68478189615758e+006 6.03711625512436e+000 8.93814787722840e-001 -1.52448658085879e+000 3.30696955090717e+002 2.67268961007506e-005 5853909 178
4.23139464092813e+005 1.68481902283862e+006 2.46059140859718e-001 5.75899188049173e-001 1.50789992141484e+000 3.35231300416791e+002 2.68521839276375e-005 5934756 179
4.23132393566667e+005 1.68479359058861e+006 2.46058759377054e-001 3.75506601733924e-001 1.21221635074923e+000 3.36850154228006e+002 2.71533677427617e-005 5959448 180
4.23143903146102e+005 1.68482533861898e+006 2.46060733657498e-001 6.10369760691385e-001 1.65051642963958e-001 3.40186656036394e+002 2.71715175612835e-005 6026497 181
4.23138511452762e+005 1.68478276093083e+006 6.03711630624553e+000 9.09328069309830e-001 -1.52189791146580e+000 3.42362902105326e+002 2.72174189645442e-005 6061966 182
4.23147004883260e+005 1.68482270528721e+006 6.03711716533938e+000 8.85006657312938e-001 -1.52611648380993e+000 3.45679417607501e+002 2.72661510142939e-005 6121165 183
4.23130694579291e+005 1.68478776409317e+006 2.46058627792565e-001 9.49924711891110e-001 6.79286024048585e-002 3.46290663123967e+002 2.72689845789044e-005 6129804 184
4.23137360641730e+005 1.68477778686520e+006 6.03711625128266e+000 7.88787737921722e-001 -1.54625057908872e+000 3.49390890991656e+002 2.73318030728351e-005 6188854 185
4.23142428455752e+005 1.68481045887891e+006 6.03711800322017e+000 7.27374648731574e-001 -1.56370012833033e+000 3.50606137085701e+002 2.74069051254163e-005 6210195 186
4.23133555139488e+005 1.68479715450929e+006 2.46058908171984e-001 4.48105102205851e-001 1.37827469847713e+000 3.53019290686552e+002 2.76208964920454e-005 6253921 187
4.23140959885034e+005 1.68479685112077e+006 6.03711691502319e+000 9.44469157069752e-001 -1.51652881939146e+000 3.57657508528232e+002 2.76631125593807e-005 6343240 188
4.23142416901401e+005 1.68480604982613e+006 6.03711739141839e+000 7.99637891644647e-001 -1.54366190969573e+000 3.58825129715832e+002 2.77240670056734e-005 6363881 189
4.23137376592493e+005 1.68480751944544e+006 2.46059588387764e-001 3.50819454218281e-001 1.10349223624378e+000 3.59904666809598e+002 2.80575655854248e-005 6384721 190
4.23129380235531e+005 1.68478232974765e+006 2.46058655977151e-001 4.46124034812621e-001 1.37520664586322e+000 3.62418117822239e+002 2.82735228302649e-005 6435111 191
4.23136128778609e+005 1.68480738160903e+006 2.46058911032135e-001 4.50299515318353e-001 1.38163038102359e+000 3.67154979702676e+002 2.84853639712020e-005 6508455 192
4.23135708745702e+005 1.68480769811036e+006 2.46058632137654e-001 6.54928538059126e-001 1.55066090472121e+000 3.67779091804033e+002 2.85799476140259e-005 6518512 193
4.23143976067872e+005 1.68482412775720e+006 2.46060944159651e-001 5.07354256243394e-001 1.45209971449934e+000 3.69559587981201e+002 2.87446800964779e-005 6551183 194
4.23131474718220e+005 1.68479039961622e+006 2.46058693805572e-001 3.31618339483892e-001 9.19313202764977e-001 3.69921383467081e+002 2.90808774417506e-005 6558980 195
4.23139984118538e+005 1.68481640057279e+006 2.46059798897649e-001 6.10583106410656e-001 1.52880102984710e+000 3.70360614239067e+002 2.91911605746404e-005 6563473 196
4.23139646410622e+005 1.68481481850254e+006 2.46059832188891e-001 3.51733793015157e-001 1.10866957502976e+000 3.70638289361716e+002 2.95236166705172e-005 6569892 197
4.23139546266137e+005 1.68478945295181e+006 6.03711666687443e+000 9.28894919562969e-001 -1.51882985885189e+000 3.71214142931036e+002 2.95674109644161e-005 6578342 198
4.23140296003599e+005 1.68479020379178e+006 6.03711635356223e+000 7.31458695357619e-001 -1.56235785531175e+000 3.73666831290536e+002 2.96415928137942e-005 6620082 199
4.23142744891641e+005 1.68482386398310e+006 2.46060293759487e-001 3.47619268429216e-001 1.08402927747429e+000 3.74827358727438e+002 2.99784770501015e-005 6643944 200
4.23140423301310e+005 1.68482100770685e+006 2.46059398083901e-001 4.74803795074621e-001 1.41557071306497e+000 3.77498747012361e+002 3.01681241416360e-005 6676888 201
4.23134265557396e+005 1.68479919659874e+006 2.46059018469874e-001 3.30094441489099e-001 8.38201561784722e-001 3.78604023897059e+002 3.04856458665468e-005 6695293 202
4.23139795978667e+005 1.68481382995842e+006 2.46060054311218e-001 6.81779620727374e-001 1.56178259544664e+000 3.79192023424228e+002 3.05722415446873e-005 6700954 203
4.23142724351789e+005 1.68482291427872e+006 2.46060415460440e-001 4.96991749878803e-001 1.44136153035066e+000 3.79375892813948e+002 3.07443944469711e-005 6706411 204
4.23145979141316e+005 1.68482284297302e+006 2.46062242664712e-001 4.71695043165243e-001 2.82117025513474e-001 3.84149110190048e+002 3.07986106157238e-005 6788550 205
4.23132905516825e+005 1.68479340491456e+006 2.46059071248836e-001 3.46826841471924e-001 1.07904369197668e+000 3.86058064795142e+002 3.11362929604461e-005 6816537 206
4.23135421829917e+005 1.68480170472535e+006 2.46059312350434e-001 3.52587175892241e-001 1.11346340723899e+000 3.93380700899396e+002 3.14677671957451e-005 6937775 207
4.23131287746142e+005 1.68479024812689e+006 2.46058610655948e-001 3.41615110329733e-001 1.04126829416791e+000 3.94743425141964e+002 3.18095756994959e-005 6959620 208
4.23144195921384e+005 1.68481875914930e+006 6.03711818029567e+000 7.25942184616469e-001 -1.56417951155126e+000 3.96418984123259e+002 3.18850044150387e-005 6995529 209
4.23140438583417e+005 1.68482373668640e+006 2.46059023956724e-001 5.76935438685632e-001 1.50857105792413e+000 3.97568889477552e+002 3.20098029491295e-005 7014987 210
4.23137041760970e+005 1.68480521325663e+006 2.46059724822552e-001 4.40485612231887e-001 1.36600248802148e+000 4.03193479409654e+002 3.22314741351602e-005 7104903 211
4.23131591701526e+005 1.68479042919521e+006 2.46058754973073e-001 5.14120363340274e-001 1.45881107959227e+000 4.06130317762165e+002 3.23915991685879e-005 7155599 212
4.23147574221316e+005 1.68482481482133e+006 2.46062856727422e-001 3.92726649075082e-001 1.26485262840663e+000 4.06545478521055e+002 3.26694945519207e-005 7162959 213
4.23134778011185e+005 1.68480021797641e+006 2.46059161365838e-001 4.78308760462644e-001 1.41998103869747e+000 4.08360784652589e+002 3.28562247038746e-005 7196790 214
4.23138597109606e+005 1.68478435035243e+006 6.03711648129938e+000 9.18928626677025e-001 -1.52036388515885e+000 4.09120534842205e+002 3.29010742696843e-005 7209740 215
4.23145899572277e+005 1.68481635136187e+006 6.03711689148852e+000 9.01099020137949e-001 -1.52333606112857e+000 4.11349476291205e+002 3.29479061778277e-005 7250964 216
4.23129200589780e+005 1.68478191553308e+006 2.46058613757963e-001 4.85653948797545e-001 1.42880168996246e+000 4.11413480477779e+002 3.31287145110119e-005 7253664 217
4.23143484282470e+005 1.68480315004065e+006 6.03711638885483e+000 8.67878043851467e-001 -1.52918453642384e+000 4.15519141263092e+002 3.31795943166203e-005 7322416 218
4.23148196602985e+005 1.68482207823436e+006 2.46063587945165e-001 3.53196735090158e-001 5.77033583025605e-001 4.16799858091317e+002 3.33803744701231e-005 7346190 219
4.23137947086145e+005 1.68481623867711e+006 2.46058684282590e-001 4.97509875197033e-001 1.44193679021577e+000 4.18211570047965e+002 3.35521460210756e-005 7371938 220
4.23134491156620e+005 1.68479887694711e+006 2.46059189250154e-001 3.40030256415148e-001 6.65911232184820e-001 4.20268526280649e+002 3.37993315524586e-005 7401019 221
4.23144494255287e+005 1.68481272560498e+006 6.03711716768900e+000 9.69461084184353e-001 -1.51307726020081e+000 4.20483186685713e+002 3.38391826265669e-005 7403363 222
4.23139778192910e+005 1.68481464790817e+006 2.46059929686678e-001 5.26921106496533e-001 1.47050803018281e+000 4.25166696122038e+002 3.39910633661470e-005 7487571 223
4.23141598457187e+005 1.68479858243739e+006 6.03711680126580e+000 7.42125981321168e-001 -1.55909804940947e+000 4.25956279623433e+002 3.40629172384149e-005 7500314 224
4.23130304014477e+005 1.68478581983272e+006 2.46058682359241e-001 4.95833587402761e-001 1.44021101062044e+000 4.27407696488327e+002 3.42359300009991e-005 7521350 225
4.23142170775334e+005 1.68480062016441e+006 6.03711676746617e+000 9.13747373494729e-001 -1.52122677495651e+000 4.31948927896098e+002 3.42813429184420e-005 7597806 226
4.23146029681110e+005 1.68482186642202e+006 2.46062407816223e-001 3.36129077548479e-001 7.04933026367992e-001 4.33025702714420e+002 3.45472811657282e-005 7616633 227
4.23139294086147e+005 1.68481793956619e+006 2.46059197839244e-001 4.16286112074578e-001 1.32094046525468e+000 4.34052675328850e+002 3.47956911046784e-005 7634292 228
4.23130890089182e+005 1.68478642651505e+006 2.46058924511377e-001 5.21496029635071e-001 1.46571419797357e+000 4.35052055375096e+002 3.49509928225696e-005 7650095 229
4.23134753825368e+005 1.68480028236685e+006 2.46059138833289e-001 4.80594607454833e-001 1.42276146137883e+000 4.35813337161795e+002 3.51358519981218e-005 7661364 230
4.23132510383514e+005 1.68479391854160e+006 2.46058778612637e-001 6.61694645156006e-001 1.55363308069094e+000 4.36843943174771e+002 3.52283260656122e-005 7678266 231
4.23143051810665e+005 1.68481350142324e+006 6.03711808182286e+000 9.66626633914038e-001 -1.51346076677755e+000 4.41537541766090e+002 3.52684355606513e-005 7750668 232
4.23141851351161e+005 1.68480031142910e+006 6.03711690251617e+000 8.04422931348296e-001 -1.54251138996551e+000 4.41697632853965e+002 3.53285932535280e-005 7752441 233
4.23134660971058e+005 1.68480289282507e+006 2.46058720945952e-001 5.02965430018391e-001 2.46067407300027e-001 4.42621560101852e+002 3.53697849153932e-005 7765954 234
4.23139804373698e+005 1.68478887505834e+006 6.03711644173025e+000 7.25424059298239e-001 -1.56427538819544e+000 4.43935745076719e+002 3.54453322522065e-005 7788506 235
4.23133460699077e+005 1.68479367214154e+006 2.46059343751083e-001 5.25884855860074e-001 1.46964514038514e+000 4.45714629798911e+002 3.55978588833618e-005 7821895 236
4.23136803393865e+005 1.68480398755321e+006 2.46059763607658e-001 3.57555083355265e-001 1.13906247123630e+000 4.46441340554887e+002 3.59232289338434e-005 7835750 237
4.23130166325447e+005 1.68478440875337e+006 2.46058803349816e-001 5.56545683515305e-001 1.49447719122898e+000 4.46520030035088e+002 3.60581758192220e-005 7836481 238
4.23141564626447e+005 1.68482181966697e+006 2.46059921452804e-001 5.73460951257504e-001 1.50627001846370e+000 4.53410775835293e+002 3.61846254223880e-005 7958763 239
4.23139159691925e+005 1.68481913489803e+006 2.46058955193754e-001 4.46977417689705e-001 1.37645304223762e+000 4.56613573752279e+002 3.63997295570183e-005 8013816 240
4.23144280992486e+005 1.68482180626835e+006 6.03711856007252e+000 9.33832349066098e-001 -1.51815872234260e+000 4.56836152671143e+002 3.64430145300490e-005 8017200 241
4.23139302810926e+005 1.68481958314247e+006 2.46058972246637e-001 3.73647446180277e-001 1.20560086230049e+000 4.57685741546714e+002 3.67467435061228e-005 8029430 242
4.23140979384659e+005 1.68479943611564e+006 6.03711726661610e+000 7.89763032638390e-001 -1.54605882580035e+000 4.62998969115693e+002 3.68093911635326e-005 8125035 243
4.23143451761102e+005 1.68481334870807e+006 6.03711783710822e+000 9.02775307932221e-001 -1.52304843119602e+000 4.64117955340862e+002 3.68560313375448e-005 8142888 244
4.23132371578299e+005 1.68479144360748e+006 2.46059048156540e-001 6.51606440430477e-001 1.54922275505844e+000 4.67309916115264e+002 3.69516762363848e-005 8197659 245
4.23140090115477e+005 1.68482277447508e+006 2.46058964322598e-001 3.47497356589633e-001 1.08326226432081e+000 4.68087040653623e+002 3.72886835838667e-005 8211622 246
4.23142565447726e+005 1.68481942761942e+006 2.46060815646172e-001 5.09853448954854e-001 1.45459250724815e+000 4.69303878529260e+002 3.74516927650537e-005 8235658 247
4.23143535467302e+005 1.68482509173898e+006 2.46060562994054e-001 5.39264680254355e-001 1.48095858439894e+000 4.70405848224820e+002 3.75961739940206e-005 8258067 248
4.23146544038895e+005 1.68482089378266e+006 6.03711716862280e+000 9.26883374209843e-001 -1.51921336542863e+000 4.72945309945808e+002 3.76401785303791e-005 8301040 249
4.23141699095332e+005 1.68479585817505e+006 6.03711636306728e+000 9.66321854315080e-001 -1.51346076677755e+000 4.73233514090675e+002 3.76803158620156e-005 8308688 250
4.23139864289317e+005 1.68482350519728e+006 2.46058735777581e-001 3.31222126005246e-001 7.84702394329661e-001 4.73646259635822e+002 3.79798530640073e-005 8316627 251
4.23133522444177e+005 1.68479565012752e+006 2.46059100865886e-001 6.07200052862216e-001 1.52697937360759e+000 4.75016537266756e+002 3.80914837755482e-005 8341329 252
4.23139421643177e+005 1.68481513091160e+006 2.46059662890124e-001 5.60599252181453e-001 1.49735349055452e+000 4.77614567578580e+002 3.82243219349278e-005 8383287 253
4.23132783518096e+005 1.68479555873322e+006 2.46058701118970e-001 3.86661535055807e-001 1.24778658574175e+000 4.79634201259591e+002 3.85103055455209e-005 8422530 254
4.23142763011756e+005 1.68482540398146e+006 2.46060087936093e-001 5.80928051431989e-001 1.51115972731712e+000 4.82098421188783e+002 3.86332442922681e-005 8467498 255
4.23142614615210e+005 1.68482497955144e+006 2.46060064597751e-001 3.32441244401080e-001 7.57665180669576e-001 4.82740358835617e+002 3.89222179540046e-005 8475480 256
4.23141277196209e+005 1.68479888807823e+006 6.03711702349221e+000 7.92079357590475e-001 -1.54548356593524e+000 4.85654749248267e+002 3.89844623727860e-005 8521914 257
4.23128731624831e+005 1.68478007349448e+006 2.46058610217530e-001 6.77908919820601e-001 1.56034444578387e+000 4.86143557184535e+002 3.90721483217013e-005 8528164 258
4.23130484729532e+005 1.68478621493117e+006 2.46058727855867e-001 3.36007165708895e-001 7.06179422742393e-001 4.95481813410681e+002 3.93386886068857e-005 8687086 259
4.23135043401908e+005 1.68479945215283e+006 2.46059416926072e-001 3.53684382448491e-001 1.11940775917844e+000 4.96539085098382e+002 3.96688620469297e-005 8703869 260
4.23134867573615e+005 1.68480297267693e+006 2.46058825100275e-001 5.19454006322049e-001 1.46379666508988e+000 4.97160833408663e+002 3.98254780775478e-005 8715233 261
4.23139903606417e+005 1.68482434484139e+006 2.46058639993862e-001 7.43131753997731e-001 1.10977215643788e-001 4.99546878082154e+002 3.98334127297100e-005 8754917 262
4.23138051694150e+005 1.68481717038629e+006 2.46058612042264e-001 4.16560413713641e-001 1.32151572511979e+000 5.00295305087032e+002 4.00814993164461e-005 8771555 263
4.23133602661288e+005 1.68479869083104e+006 2.46058719277723e-001 3.30246831288579e-001 8.71279004028443e-001 5.02787720798728e+002 4.04079623082907e-005 8820520 264
4.23129303859811e+005 1.68478199518113e+006 2.46058660248348e-001 6.89581978460713e-001 1.56485064806055e+000 5.03870127030398e+002 4.04924189933327e-005 8841357 265
4.23134285001823e+005 1.68479916892661e+006 2.46059033206458e-001 5.69133080952293e-001 1.50339371913816e+000 5.05278122990397e+002 4.06209692644558e-005 8866045 266
4.23135557437724e+005 1.68480118386566e+006 2.46059461099943e-001 3.33203193398477e-001 9.49514345683157e-001 5.08090425785755e+002 4.09611675285003e-005 8911771 267
4.23139563410026e+005 1.68478796047953e+006 6.03711644801951e+000 9.04146816127535e-001 -1.52276080126347e+000 5.17910779924335e+002 4.10076515557927e-005 9090039 268
4.23144388975019e+005 1.68481754130417e+006 6.03711790174091e+000 7.62546214451391e-001 -1.55324957411420e+000 5.20804177485408e+002 4.10753343471024e-005 9139804 269
4.23138236457000e+005 1.68481034847642e+006 2.46059671776952e-001 5.16802423811109e-001 1.46130387234107e+000 5.20828011250208e+002 4.12336807467620e-005 9140778 270
4.23146686706438e+005 1.68482425164311e+006 2.46062440183391e-001 3.30124919448995e-001 8.58527410351878e-001 5.24474924086185e+002 4.15568767650773e-005 9199378 271
4.23139537766383e+005 1.68481774155343e+006 2.46059361656282e-001 3.40060734375044e-001 1.02803731727042e+000 5.24824211885271e+002 4.18994281489999e-005 9206721 272
4.23131234257889e+005 1.68478868028400e+006 2.46058800639820e-001 3.69502443634440e-001 5.03400320291757e-001 5.27688725157684e+002 4.20601911273588e-005 9254620 273
4.23137965063647e+005 1.68480774462616e+006 2.46059885369353e-001 5.33108132355392e-001 1.47587712225715e+000 5.28716846895824e+002 4.22082988319390e-005 9273239 274
4.23133374536120e+005 1.68479344540143e+006 2.46059327438136e-001 5.04428372093392e-001 1.44922341517380e+000 5.29128510932401e+002 4.23750828429096e-005 9279789 275
4.23141705577687e+005 1.68480532646083e+006 6.03711768713360e+000 9.70040165422374e-001 -1.51298138355663e+000 5.29575889160754e+002 4.24148813776512e-005 9290024 276
4.23132537103409e+005 1.68479363349763e+006 2.46058833500782e-001 3.56153097200056e-001 5.61597443311869e-001 5.29814961729556e+002 4.26073151464848e-005 9296007 277
4.23129240751045e+005 1.68478188607303e+006 2.46058640312272e-001 4.57004666495441e-001 3.02155244148076e-001 5.34224649918858e+002 4.26694459330149e-005 9370667 278
4.23133951884855e+005 1.68479517351568e+006 2.46059407466184e-001 4.13360227924576e-001 1.31480436002686e+000 5.34323874689728e+002 4.29213408017088e-005 9374570 279
4.23148348462778e+005 1.68482184384259e+006 2.46063705598212e-001 5.82360515547094e-001 1.81638302407910e-001 5.36058944021307e+002 4.29434679371479e-005 9400874 280
4.23128517750945e+005 1.68477922190555e+006 2.46058610217955e-001 3.85899586058411e-001 1.24558142292550e+000 5.37169124460026e+002 4.32304825755529e-005 9419572 281
4.23134928443383e+005 1.68479772318477e+006 2.46059595182564e-001 5.41184791727794e-001 1.48258848735008e+000 5.37286122291548e+002 4.33738593065371e-005 9421349 282
4.23144671056212e+005 1.68480759804366e+006 6.03711634997099e+000 8.64373078463444e-001 -1.52985567293313e+000 5.37449053251659e+002 4.34251955296522e-005 9425222 283
4.23143155410485e+005 1.68480460375362e+006 6.03711677631777e+000 7.19663724877923e-001 -1.56619292107913e+000 5.39073937801882e+002 4.35020804105024e-005 9451581 284
4.23133150730259e+005 1.68479543101871e+006 2.46058924051984e-001 6.15794837552847e-001 1.53167732917264e+000 5.41011165714077e+002 4.36103331794906e-005 9479883 285
4.23128731690158e+005 1.68478004043642e+006 2.46058614889535e-001 4.73279897079828e-001 1.41374905682546e+000 5.42913795439719e+002 4.38012715096154e-005 9512764 286
4.23133151576100e+005 1.68479680806437e+006 2.46058731431185e-001 5.86109304614284e-001 1.51451540986358e+000 5.42918850954595e+002 4.39218554726552e-005 9512998 287
4.23145200280789e+005 1.68482501769067e+006 6.03711849712949e+000 7.09301218513332e-001 -1.56974035691397e+000 5.44201341587693e+002 4.40012339747446e-005 9539415 288
4.23146643699037e+005 1.68482244204821e+006 6.03711733008267e+000 8.46421560084785e-001 -1.53340310876797e+000 5.44269012121729e+002 4.40550035021204e-005 9541105 289
4.23147823398551e+005 1.68481963875658e+006 6.03711627835008e+000 9.27492933407760e-001 -1.51911748878445e+000 5.45001831051490e+002 4.40989442212070e-005 9551858 290
4.23131810854635e+005 1.68478987506653e+006 2.46058955034299e-001 3.80779288795907e-001 1.22976177663503e+000 5.46238255033880e+002 4.43929046614059e-005 9570294 291
4.23138418259121e+005 1.68481032405883e+006 2.46059776704962e-001 7.04241877170620e-001 1.57012386349071e+000 5.52663695046244e+002 4.44735431787506e-005 9672093 292
4.23137314897862e+005 1.68477740295101e+006 6.03711622298784e+000 7.71354344861293e-001 -1.55075678136540e+000 5.54547554921744e+002 4.45395341985139e-005 9705485 293
4.23140305104161e+005 1.68481476102336e+006 2.46060208010800e-001 4.14914603879265e-001 1.31806416592914e+000 5.54573474753744e+002 4.47895694976501e-005 9706548 294
4.23135687171414e+005 1.68479978529606e+006 2.46059729644800e-001 4.27166743757399e-001 1.34251271019623e+000 5.55257038191627e+002 4.50255088483634e-005 9721015 295
4.23137315367139e+005 1.68480610993564e+006 2.46059751848860e-001 6.34843562487757e-001 1.54136087023530e+000 5.57837048594069e+002 4.51267776653860e-005 9761919 296
4.23134381161455e+005 1.68480114194137e+006 2.46058810233960e-001 3.52221440373490e-001 1.11144999771111e+000 5.60449825372044e+002 4.54586797263269e-005 9804882 297
4.23138073099628e+005 1.68478097667817e+006 6.03711630079200e+000 8.69645765525427e-001 -1.52880102984710e+000 5.62438272861462e+002 4.55093314663704e-005 9845291 298
4.23142554163557e+005 1.68482257190069e+006 2.46060368450027e-001 6.00342511885649e-001 1.70708364970855e-001 5.62689149800500e+002 4.55287938535419e-005 9850752 299
4.23131570492117e+005 1.68478871730084e+006 2.46058983178657e-001 6.04274168712214e-001 1.52534947065645e+000 5.64718029416846e+002 4.56416089386500e-005 9886266 300
