1.97284237441150e+004 1.73700232434383e+006 6.27182274663179e+000 7.79583394033174e-001 -1.57050737006745e+000 1.46143250120835e-001 6.44811836815732e-008 3370 1
1.97212077072858e+004 1.73700189427824e+006 1.13531024098791e-002 1.19826996167593e-001 1.37348086626789e+000 1.52524336516875e-001 3.95673094927490e-006 3394 2
1.97215738859132e+004 1.73700971516281e+006 1.13532620795429e-002 1.95351380789523e-001 1.50099680303354e+000 1.70001101148238e-001 5.30779404415725e-006 3717 3
1.97205887528160e+004 1.73700762564043e+006 1.13527086650055e-002 2.93856147172927e-001 1.54270314325388e+000 1.75566941151908e-001 5.85918898512579e-006 3914 4
1.97206112447473e+004 1.73699573728527e+006 1.13527993056820e-002 4.09276181298532e-001 1.55919392605365e+000 1.78723236468509e-001 6.12530145565548e-006 4004 5
1.97211457111278e+004 1.73700357626238e+006 1.13530557304906e-002 4.44996350296474e-001 1.56139908886990e+000 2.09292443749838e-001 6.34667582164639e-006 4449 6
1.97222500299755e+004 1.73703000286985e+006 1.13535186928705e-002 8.37857253354050e-001 1.57031561677908e+000 3.22614100695213e-001 6.40170038059426e-006 7528 7
1.97241127731829e+004 1.73702566576547e+006 1.13546192754835e-002 7.65776878200352e-001 1.56974035691397e+000 3.40049310109501e-001 6.46876685925037e-006 8126 8
1.97209497602012e+004 1.73701083243108e+006 1.13528955137115e-002 1.09251144083732e-001 1.32870647343364e+000 4.34026057648594e-001 1.11909275671135e-005 9666 9
1.97218035946332e+004 1.73701353545013e+006 1.13533693384171e-002 1.53809921451472e-001 1.45449663060396e+000 4.54379036394592e-001 1.34671852667934e-005 9895 10
1.97227761928414e+004 1.73702266959274e+006 1.13538694921995e-002 8.29262468663418e-001 1.57060324671163e+000 4.58374193678051e-001 1.35234722877575e-005 10441 11
1.97209136589859e+004 1.73700527155174e+006 1.13529110750317e-002 4.21467365256874e-001 1.55967330927457e+000 5.34107816009457e-001 1.37729450484827e-005 12309 12
1.97286916053735e+004 1.73700610491420e+006 6.27182261715987e+000 7.79583394033174e-001 -1.57069912335582e+000 6.13789670178379e-001 1.38374262345516e-005 14255 13
1.97207462020927e+004 1.73701602888570e+006 1.13527443800393e-002 1.67890738923357e-001 1.47405546601764e+000 6.73521197357523e-001 1.57186326500402e-005 14657 14
1.97239568310736e+004 1.73702704113838e+006 1.13545205219842e-002 3.26101828742742e-001 1.54788048203986e+000 6.81301549389023e-001 1.61572032725284e-005 15025 15
1.97213166873765e+004 1.73701389785720e+006 1.13530866931904e-002 5.77240218284590e-001 1.56667230430006e+000 7.27437117055756e-001 1.62820975443864e-005 16856 16
1.97208525849071e+004 1.73701555442796e+006 1.13528087174243e-002 6.70258951886741e-001 1.56878159047212e+000 8.01103745613320e-001 1.63720050693522e-005 18312 17
1.97211406572099e+004 1.73700859483033e+006 1.13530200228651e-002 1.78710414686386e-001 1.48642355311747e+000 8.48559053054686e-001 1.80135521349216e-005 19665 18
1.97244344082710e+004 1.73703113349983e+006 1.13547686769024e-002 2.26469377843191e-001 1.51902161214026e+000 8.81434811062952e-001 1.89906261721020e-005 20132 19
1.97222233159358e+004 1.73701422528373e+006 1.13536064325833e-002 6.17532081266911e-001 1.56772694738609e+000 9.21834537669950e-001 1.90982919530599e-005 21833 20
1.97281187248906e+004 1.73700693475609e+006 6.27182295235175e+000 9.73209873251543e-001 -1.56906922040468e+000 1.05160356530335e+000 1.91378719478837e-005 23443 21
1.97206706527403e+004 1.73699975552448e+006 1.13528072423514e-002 4.99978589948597e-001 1.56456301812799e+000 1.05396722181168e+000 1.93092002697519e-005 23558 22
1.97203211428896e+004 1.73698938096322e+006 1.13526738537801e-002 6.86960873909670e-001 1.57041149342326e+000 1.11974315733169e+000 1.93943690165811e-005 24804 23
1.97206625872592e+004 1.73699682339929e+006 1.13528217619809e-002 1.36376528391043e-001 1.42161094164861e+000 1.16599042198167e+000 2.23472951469985e-005 25871 24
1.97207407645030e+004 1.73702854261684e+006 1.13526594707416e-002 4.48318447925122e-001 1.56034444578387e+000 1.22654731051572e+000 2.25650743631366e-005 27117 25
1.97246782189214e+004 1.73703180620312e+006 1.13549046223019e-002 3.23511202151595e-001 1.54720934553056e+000 1.30584312181194e+000 2.30114015716906e-005 27728 26
1.97212960791303e+004 1.73699984267998e+006 1.13531666876387e-002 1.50823081381678e-001 1.45027805825983e+000 1.31290316426837e+000 2.53868185743721e-005 28193 27
1.97203792492759e+004 1.73699515963343e+006 1.13526695366559e-002 4.41369473068867e-001 1.56159084215827e+000 1.43881326807261e+000 2.56122151169333e-005 30372 28
1.97225343674345e+004 1.73701264601705e+006 1.13537958038214e-002 1.39820537859274e-001 1.42851406002991e+000 1.55340335695591e+000 2.84103179392104e-005 31375 29
1.97220601191891e+004 1.73702469881118e+006 1.13534440412244e-002 7.61845221373786e-001 1.56974035691397e+000 1.57303790516975e+000 2.84781482187963e-005 32095 30
1.97239385110910e+004 1.73702709827416e+006 1.13545096031479e-002 3.86509145256328e-001 1.55555061357463e+000 1.61839014534583e+000 2.87799548079118e-005 32640 31
1.97237987175244e+004 1.73702359071188e+006 1.13544520608563e-002 3.03548138419809e-001 1.54394953962828e+000 1.71994121177581e+000 2.92933756615260e-005 34655 32
1.97217837206196e+004 1.73700975128417e+006 1.13533826301616e-002 1.42350208530630e-001 1.43397902874844e+000 1.71997324541993e+000 3.19853154345280e-005 34703 33
1.97283185950224e+004 1.73700433774035e+006 6.27182282032200e+000 7.72146771818585e-001 -1.57069912335582e+000 1.79752473263097e+000 3.20511707751249e-005 36233 34
1.97208344375405e+004 1.73701055664690e+006 1.13528309331496e-002 3.96902129580814e-001 1.55737226981414e+000 1.84179254065632e+000 3.23358711363294e-005 36643 35
1.97204263222891e+004 1.73700256194141e+006 1.13526482575916e-002 2.20587131583291e-001 1.51748758583331e+000 1.99761784432371e+000 3.33711013219218e-005 40837 36
1.97215894144587e+004 1.73700254853049e+006 1.13533178562068e-002 1.73590117423882e-001 1.48134209097568e+000 1.99896469050360e+000 3.51202863585300e-005 40901 37
1.97233338203100e+004 1.73703198040127e+006 1.13541296203787e-002 2.63012451758322e-001 1.53330723212378e+000 2.18012615982610e+000 3.58238081527301e-005 44927 38
1.97228753427084e+004 1.73703115814508e+006 1.13538710854082e-002 1.33938291599374e-001 1.41394081011383e+000 2.18417505605616e+000 3.88926574712284e-005 45013 39
1.97235914700787e+004 1.73702329951145e+006 1.13543346677328e-002 2.62220024801030e-001 1.53349898541215e+000 2.24598126074598e+000 3.96008701111333e-005 45743 40
1.97203811227229e+004 1.73699362116709e+006 1.13526806693421e-002 4.75901001630871e-001 1.56370012833033e+000 2.45318857574826e+000 3.97918480483808e-005 47915 41
1.97204778200780e+004 1.73699317778159e+006 1.13527392292005e-002 2.52162298035397e-001 1.53167732917264e+000 2.59950543520826e+000 4.05636430684780e-005 49688 42
1.97208568088311e+004 1.73700302951821e+006 1.13528930028654e-002 5.81354742870531e-001 1.56734344080935e+000 2.66889926998826e+000 4.06866012472066e-005 50385 43
1.97211667340837e+004 1.73701630817549e+006 1.13529846238165e-002 4.91231415458487e-001 1.56331662175359e+000 2.69731376389125e+000 4.08647115544269e-005 50742 44
1.97211261329383e+004 1.73700288084618e+006 1.13530490055474e-002 1.13365668669672e-001 1.34807355555895e+000 2.70926399897572e+000 4.52380122690051e-005 51293 45
1.97204686786849e+004 1.73699166997080e+006 1.13527438211033e-002 1.71212836552005e-001 1.47923280480361e+000 2.70982257808362e+000 4.70407298715734e-005 51401 46
1.97203081005839e+004 1.73698847031309e+006 1.13526722975239e-002 4.64075553191280e-001 1.56331662175359e+000 2.81232707183161e+000 4.72425773951748e-005 52162 47
1.97202806906385e+004 1.73699016477584e+006 1.13526454456503e-002 2.68986131897909e-001 1.53723817453536e+000 2.83834056119708e+000 4.79122774754325e-005 52505 48
1.97227394310971e+004 1.73703264289947e+006 1.13537831478823e-002 6.37373233159113e-001 1.56724756416517e+000 3.03209026129971e+000 4.80127070339109e-005 55698 49
1.97202824123531e+004 1.73698826427661e+006 1.13526588569861e-002 2.09615066020783e-001 1.51192674047060e+000 3.03967626428563e+000 4.91705461578833e-005 56335 50
1.97263436873901e+004 1.73702637294787e+006 6.27182410118294e+000 9.20269656912442e-001 -1.57041149342326e+000 3.34435376034195e+000 4.92153089776370e-005 58569 51
1.97210397048326e+004 1.73701480944552e+006 1.13529212971930e-002 6.58372547527357e-001 1.56858983718375e+000 3.36366911927238e+000 4.93088262577888e-005 59041 52
1.97229193714624e+004 1.73701987822245e+006 1.13539701532782e-002 6.34112091450256e-001 1.56782282403027e+000 3.40281521173199e+000 4.94103958008239e-005 59798 53
1.97222272052760e+004 1.73703710617973e+006 1.13534591303036e-002 9.27828190966614e-001 1.57069912335582e+000 3.45320834369566e+000 4.94543602920623e-005 60699 54
1.97270607275098e+004 1.73701854719080e+006 6.27182363727971e+000 8.93449052204090e-001 -1.57021974013489e+000 3.47534868124686e+000 4.95021326941379e-005 61673 55
1.97284573283467e+004 1.73701611159399e+006 6.27182281743823e+000 9.28193926485365e-001 -1.56983623355815e+000 3.50634313399249e+000 4.95460590631024e-005 62304 56
1.97211762895535e+004 1.73703636483161e+006 1.13528590483767e-002 2.40306371635910e-001 1.52496596407971e+000 3.71762996240720e+000 5.04038684698126e-005 65566 57
1.97208219466018e+004 1.73699564542616e+006 1.13529211928427e-002 4.67153827140761e-001 1.56312486846522e+000 3.71953012716538e+000 5.06028011392820e-005 65880 58
1.97204236581876e+004 1.73699448015048e+006 1.13526995404767e-002 2.36374714809344e-001 1.52544534730064e+000 3.72088065801951e+000 5.14923333785091e-005 65977 59
1.97223669010670e+004 1.73703401031534e+006 1.13535597751575e-002 3.35702386109937e-001 1.54903100177007e+000 3.75370182434225e+000 5.19037938083171e-005 66842 60
1.97209322491305e+004 1.73700010816170e+006 1.13529555207512e-002 3.40975073171920e-001 1.55152379451888e+000 3.91687960511064e+000 5.23014065065170e-005 70406 61
1.97220067351494e+004 1.73703184103365e+006 1.13533666338846e-002 7.52682187998528e-002 8.35996398968474e-001 3.91920468607219e+000 6.04930011353269e-005 70614 62
1.97292695194947e+004 1.73699904434888e+006 6.27182223833282e+000 8.56052595411875e-001 -1.56954860362560e+000 3.92653179541717e+000 6.05454854305980e-005 71145 63
1.97219625503379e+004 1.73701604321623e+006 1.13534444477222e-002 1.07879635888418e-001 1.32151572511979e+000 3.95067492367798e+000 6.53919834191160e-005 71429 64
1.97207649100468e+004 1.73700388982935e+006 1.13528344807620e-002 1.14005705827485e-001 1.35075810159612e+000 3.98047524516346e+000 6.97140621305532e-005 72157 65
1.97286661385649e+004 1.73701622465705e+006 6.27182269798090e+000 8.79063455133246e-001 -1.57021974013489e+000 3.98330518693625e+000 6.97635713552802e-005 72597 66
1.97278712903872e+004 1.73700805046143e+006 6.27182310207622e+000 9.82566606939571e-001 -1.56906922040468e+000 4.00748105765984e+000 6.98023268822111e-005 73271 67
1.97217261548777e+004 1.73703418043341e+006 1.13531898371976e-002 8.39929754626968e-001 1.57012386349071e+000 4.04109839077989e+000 6.98570531800933e-005 73685 68
1.97241670343592e+004 1.73702813411068e+006 1.13546343756820e-002 9.66332686868474e-002 1.24941648869289e+000 4.15683963650455e+000 7.59024791664323e-005 76335 69
1.97209155452304e+004 1.73702793855842e+006 1.13527640259294e-002 5.88730409165328e-001 1.56628879772332e+000 4.19402535013955e+000 7.60220733481223e-005 77328 70
1.97293006187513e+004 1.73700307741355e+006 6.27182224679994e+000 8.57454581567085e-001 -1.56974035691397e+000 4.22668792810612e+000 7.60743690476732e-005 78220 71
1.97207869939968e+004 1.73702035764957e+006 1.13527395715289e-002 8.27037577591021e-001 1.57069912335582e+000 4.28064514646627e+000 7.61309897377780e-005 80001 72
1.97220265806280e+004 1.73700833356798e+006 1.13535316928870e-002 1.52346979376471e-001 1.45238734443190e+000 4.56952135375781e+000 7.84550347470399e-005 85391 73
1.97217854288804e+004 1.73702013054267e+006 1.13533157791652e-002 1.15468647902486e-001 1.35593544038209e+000 4.58311450676866e+000 8.26623686214768e-005 86399 74
1.97292629444403e+004 1.73699362746303e+006 6.27182220670104e+000 9.88936500557805e-001 -1.56830220725120e+000 4.74760029247347e+000 8.27005770212671e-005 88703 75
1.97205629604129e+004 1.73699927255202e+006 1.13527484076544e-002 4.30397407506359e-001 1.56063207571642e+000 4.79051612975616e+000 8.29388062460078e-005 89328 76
1.97271964883905e+004 1.73703704637280e+006 1.13563199336483e-002 7.62435135165202e-002 6.64952465742973e-001 4.82005971314948e+000 8.95607390217694e-005 90433 77
1.97218793460347e+004 1.73700851179637e+006 1.13534457756551e-002 4.11348682571450e-001 1.55871454283273e+000 4.94720759676412e+000 8.98239092476512e-005 93469 78
1.97207959343414e+004 1.73700609279716e+006 1.13528379421869e-002 7.63003383849829e-001 1.57069912335582e+000 5.08371876705710e+000 8.98915132598725e-005 96046 79
1.97206502910305e+004 1.73700104539602e+006 1.13527870918221e-002 3.48960298664634e-001 1.55257843760491e+000 5.33665764070534e+000 9.02693910590705e-005 100662 80
1.97206815133681e+004 1.73701238144344e+006 1.13527309803272e-002 5.17076725450172e-001 1.56465889477218e+000 5.33979326672334e+000 9.04285025470737e-005 101024 81
1.97232196858301e+004 1.73703127590793e+006 1.13540685267489e-002 1.96936234704107e-001 1.50109267967772e+000 5.34142828599242e+000 9.17557699281240e-005 101095 82
1.97218025169810e+004 1.73702093544933e+006 1.13533203550017e-002 2.67462233903117e-001 1.53522476500748e+000 5.34768219213005e+000 9.24338460380950e-005 101776 83
1.97278468671738e+004 1.73702372308718e+006 6.27182321859574e+000 9.02561962212950e-001 -1.57041149342326e+000 5.38403022515331e+000 9.24805637112438e-005 102564 84
1.97271444487960e+004 1.73701788089635e+006 6.27182358473188e+000 8.89243093738462e-001 -1.57021974013489e+000 5.38624786825943e+000 9.25288346250250e-005 102694 85
1.97219086173834e+004 1.73702583978396e+006 1.13533493764636e-002 6.77756530021121e-001 1.56839808389538e+000 5.46911376505902e+000 9.26165684941006e-005 105423 86
1.97291841644775e+004 1.73699324193297e+006 6.27182224952873e+000 8.34870413284256e-001 -1.56945272698141e+000 5.50244235624462e+000 9.26720270232725e-005 106207 87
1.97217312442780e+004 1.73701166555227e+006 1.13533399124702e-002 2.62768628079155e-001 1.53426599856563e+000 5.54260321558415e+000 9.33770108027500e-005 107390 88
1.97283980949540e+004 1.73701289795979e+006 6.27182283052452e+000 8.10213743728509e-001 -1.57069912335582e+000 5.54291436009514e+000 9.34362503266468e-005 107520 89
1.97206078626384e+004 1.73700753736456e+006 1.13527202420672e-002 5.54625572041866e-001 1.56628879772332e+000 5.55050595449917e+000 9.35726227397089e-005 108077 90
1.97290151929137e+004 1.73699424663587e+006 6.27182235336324e+000 7.33500718670641e-001 -1.57069912335582e+000 5.63655243237732e+000 9.36463536331090e-005 108451 91
1.97230196969370e+004 1.73702346278502e+006 1.13540044746471e-002 7.91389197066264e-002 1.01336819071017e+000 5.76497278183830e+000 1.02036796864715e-004 110327 92
1.97207965710097e+004 1.73700196425982e+006 1.13528652899822e-002 6.54562802540375e-001 1.56916509704886e+000 5.79787818236371e+000 1.02131515887573e-004 111240 93
1.97207893340357e+004 1.73701760393987e+006 1.13527589145685e-002 4.18358613347496e-001 1.55881041947691e+000 5.79789226331333e+000 1.02385082649823e-004 111297 94
1.97291559331600e+004 1.73699231189247e+006 6.27182225969885e+000 9.48004600417671e-001 -1.56849396053957e+000 5.82123805817519e+000 1.02427014745176e-004 111942 95
1.97203085499985e+004 1.73699059168668e+006 1.13526586924800e-002 3.17994691410445e-001 1.54835986526078e+000 5.83176614332060e+000 1.02890565892810e-004 112125 96
1.97223898898188e+004 1.73701205752611e+006 1.13537164848783e-002 1.09464489803003e-001 1.32966523987548e+000 6.00884082528752e+000 1.07593613675272e-004 113440 97
1.97207708066356e+004 1.73700803235993e+006 1.13528108023485e-002 4.90469466461090e-001 1.56370012833033e+000 6.11967481465957e+000 1.07772333780817e-004 114819 98
1.97205801140474e+004 1.73701069991428e+006 1.13526836012612e-002 2.30705814268715e-001 1.52208966475417e+000 6.27815144468793e+000 1.08710514614241e-004 118004 99
1.97229341880796e+004 1.73701940546414e+006 1.13539817719911e-002 5.90467652879392e-001 1.56676818094424e+000 6.38223098372889e+000 1.08829336304736e-004 120234 100
1.97216189082643e+004 1.73703218298314e+006 1.13531411580149e-002 5.04611239852767e-001 1.56312486846522e+000 6.39782863621492e+000 1.08997221612519e-004 121466 101
1.97206915093163e+004 1.73699787374531e+006 1.13528315460820e-002 5.75685842329902e-001 1.56743931745354e+000 6.58808407210449e+000 1.09122859330438e-004 125577 102
1.97214168147213e+004 1.73701959246564e+006 1.13531071124256e-002 2.73923561401038e-001 1.53714229789117e+000 6.80400981965895e+000 1.09766287471841e-004 127945 103
1.97204516208645e+004 1.73699809639663e+006 1.13526920035913e-002 3.27656204697431e-001 1.54960626163518e+000 6.80410842198142e+000 1.10200310439167e-004 127980 104
1.97263822043522e+004 1.73703381063944e+006 6.27182412763171e+000 9.96220732972914e-001 -1.57031561677908e+000 6.82854246007540e+000 1.10237907022334e-004 129452 105
1.97233227331069e+004 1.73702762642594e+006 1.13541516957776e-002 2.94130448811990e-001 1.54174437681204e+000 6.86630221787170e+000 1.10788156228400e-004 131144 106
1.97222139215021e+004 1.73702631720198e+006 1.13535219961504e-002 6.73855351154452e-001 1.56830220725120e+000 6.97772191779675e+000 1.10877011386590e-004 132179 107
1.97206155887784e+004 1.73699338541662e+006 1.13528171764869e-002 1.23240527675929e-001 1.38556132343516e+000 6.97837034178509e+000 1.14544587422926e-004 132202 108
1.97203837141518e+004 1.73699023428566e+006 1.13527042952519e-002 1.16047729140507e-001 1.35986638279366e+000 7.03283896632403e+000 1.18709408770785e-004 133543 109
1.97204420704207e+004 1.73699170967183e+006 1.13527282450290e-002 2.89071107469278e-001 1.54241551332133e+000 7.15808296590263e+000 1.19281078841135e-004 135890 110
1.97235540350543e+004 1.73702068086092e+006 1.13543302350168e-002 3.44327648760464e-001 1.55094853465377e+000 7.15847077983268e+000 1.19670219825886e-004 136035 111
1.97289388853525e+004 1.73699709215475e+006 6.27182241589262e+000 8.45263397608742e-001 -1.56954860362560e+000 7.18075948878378e+000 1.19724189254172e-004 136525 112
1.97214117894462e+004 1.73702456755441e+006 1.13530717056208e-002 6.74221086673202e-001 1.56839808389538e+000 7.21686923644479e+000 1.19812938427588e-004 136720 113
1.97209336209601e+004 1.73701284883088e+006 1.13528730457313e-002 4.29300200950109e-001 1.55986506256294e+000 7.40521027018724e+000 1.20052507275633e-004 140663 114
1.97203320648316e+004 1.73698999858891e+006 1.13526761044746e-002 6.26401167596605e-001 1.56916509704886e+000 7.45717514822847e+000 1.20156848153862e-004 141280 115
1.97211606839392e+004 1.73701437038093e+006 1.13529938053736e-002 4.05679782030821e-001 1.55794752967925e+000 7.50624872654532e+000 1.20428174173075e-004 143129 116
1.97231541554269e+004 1.73703148858770e+006 1.13540294160424e-002 6.83059695043000e-001 1.56820633060701e+000 7.51272275233685e+000 1.20514416444448e-004 143386 117
1.97203654671551e+004 1.73698998870170e+006 1.13526953966154e-002 3.97024041420398e-001 1.55842691290017e+000 7.51278231643421e+000 1.20798928384262e-004 143428 118
1.97203774313297e+004 1.73699244535995e+006 1.13526862286632e-002 6.03908433193464e-001 1.56849396053957e+000 7.65390717736823e+000 1.20912010294435e-004 145034 119
1.97223614302483e+004 1.73701794829743e+006 1.13536616021397e-002 1.24246300352492e-001 1.38747885631886e+000 7.68167931030351e+000 1.24515875438808e-004 145809 120
1.97221351713117e+004 1.73702834941811e+006 1.13534633840571e-002 7.39840134328979e-001 1.56926097369304e+000 7.84413960855171e+000 1.24588223489026e-004 146601 121
1.97203294136761e+004 1.73699151808419e+006 1.13526646480748e-002 5.84402538860116e-001 1.56801457731864e+000 7.96361656325233e+000 1.24709775572514e-004 147914 122
1.97225402361173e+004 1.73701268097487e+006 1.13537989535142e-002 7.00157830544575e-001 1.56945272698141e+000 8.04748944789837e+000 1.24791452466080e-004 148798 123
1.97203415282517e+004 1.73699002443537e+006 1.13526813830307e-002 5.53863623044469e-001 1.56715168752098e+000 8.06726322296330e+000 1.24928238436880e-004 149249 124
1.97288753355933e+004 1.73699582173313e+006 6.27182244416780e+000 9.31759847793180e-001 -1.56878159047212e+000 8.26208674138604e+000 1.24971795744956e-004 151439 125
1.97209689155133e+004 1.73699961565800e+006 1.13529798457706e-002 7.25180235619072e-001 1.57050737006745e+000 8.34889192124895e+000 1.25047400579316e-004 152564 126
1.97292415314853e+004 1.73699135504674e+006 6.27182220416953e+000 8.89060225979087e-001 -1.56887746711631e+000 8.37705958725518e+000 1.25095693258008e-004 153854 127
1.97208176553586e+004 1.73699903243872e+006 1.13528965872602e-002 3.87606351812578e-001 1.55708463988159e+000 8.37879743853445e+000 1.25395630172518e-004 154187 128
1.97290996319490e+004 1.73699229943663e+006 6.27182229202627e+000 8.29993939700919e-001 -1.56945272698141e+000 8.42682313686774e+000 1.25451808069262e-004 154785 129
1.97209767048104e+004 1.73700414644730e+006 1.13529547190334e-002 5.11651648588710e-001 1.56485064806055e+000 8.47526770944473e+000 1.25614654928483e-004 155392 130
1.97290556201978e+004 1.73700601367312e+006 6.27182240702586e+000 8.63397783746776e-001 -1.56983623355815e+000 8.58277428113192e+000 1.25666161951491e-004 158495 131
1.97202945529580e+004 1.73698850357871e+006 1.13526642816383e-002 6.53983721302354e-001 1.56983623355815e+000 8.69844572903113e+000 1.25761065670235e-004 159566 132
1.97222243715854e+004 1.73703073622586e+006 1.13534991304426e-002 7.52986967597487e-002 8.40214971312601e-001 8.71604508532610e+000 1.33976492474152e-004 159906 133
1.97208613499824e+004 1.73701062690758e+006 1.13528459655184e-002 5.98818613890856e-001 1.56743931745354e+000 8.76283529206955e+000 1.34091699404651e-004 160495 134
1.97229408342506e+004 1.73702012857333e+006 1.13539808715129e-002 3.39390219257335e-001 1.55027739814447e+000 8.76373133379995e+000 1.34493398407825e-004 160512 135
1.97203750562812e+004 1.73699211754855e+006 1.13526870038410e-002 3.06565456449499e-001 1.54615470244453e+000 8.80051620460168e+000 1.34995796231155e-004 161244 136
1.97220407330534e+004 1.73703221704624e+006 1.13533837463363e-002 2.33326918819759e-001 1.52218554139836e+000 8.80080737863833e+000 1.35910951343602e-004 161305 137
1.97276076627966e+004 1.73701632639477e+006 6.27182330793177e+000 8.57424103607189e-001 -1.57041149342326e+000 8.85776004595113e+000 1.35963251158108e-004 161990 138
1.97214102793634e+004 1.73701450934786e+006 1.13531365708475e-002 2.59903699848945e-001 1.53321135547960e+000 8.91856963396592e+000 1.36685416192882e-004 162692 139
1.97216961158058e+004 1.73701006926471e+006 1.13533301242101e-002 5.36338796104353e-001 1.56552178456984e+000 8.93922948024385e+000 1.36832227121273e-004 163075 140
1.97227172578306e+004 1.73702950606262e+006 1.13537908860908e-002 1.22051887239991e-001 1.37971284813990e+000 9.02293375148732e+000 1.40574671866008e-004 163605 141
1.97202892495567e+004 1.73698940474719e+006 1.13526553394409e-002 4.55023599102210e-001 1.56274136188849e+000 9.02417326199944e+000 1.40785457970849e-004 163777 142
1.97208603037459e+004 1.73701101275427e+006 1.13528428416560e-002 2.36770928287990e-001 1.52477421079134e+000 9.27531370651118e+000 1.41671691501325e-004 166884 143
1.97278849380318e+004 1.73700801286552e+006 6.27182309397447e+000 8.53248623101456e-001 -1.57002798684652e+000 9.27567805817419e+000 1.41724556016646e-004 167071 144
1.97207443929194e+004 1.73700699545118e+006 1.13528023743488e-002 5.48133766584049e-001 1.56609704443495e+000 9.29431060014275e+000 1.41864506845366e-004 167569 145
1.97291801663341e+004 1.73699075461899e+006 6.27182223556767e+000 7.63094817729516e-001 -1.57012386349071e+000 9.47188408847328e+000 1.41932093023246e-004 170088 146
1.97208805957647e+004 1.73700162303428e+006 1.13529158872178e-002 5.66176718842395e-001 1.56695993423261e+000 9.47615236161479e+000 1.42062419628410e-004 170645 147
1.97211538396652e+004 1.73700555410993e+006 1.13530474834276e-002 7.53524738322218e-001 1.57060324671163e+000 9.80680377406259e+000 1.42131908643107e-004 174156 148
1.97293442123700e+004 1.73700492052811e+006 6.27182223375671e+000 8.91102249292109e-001 -1.56954860362560e+000 9.92132805243119e+000 1.42179958242222e-004 176379 149
1.97230607894633e+004 1.73702021934282e+006 1.13540493273902e-002 4.89402737864735e-001 1.56302899182104e+000 9.99095519865925e+000 1.42359535578566e-004 178579 150
1.97204704016524e+004 1.73699209498041e+006 1.13527420353350e-002 6.26858336995043e-001 1.56906922040468e+000 9.99389778327773e+000 1.42463709101920e-004 178790 151
1.97228072051239e+004 1.73701460152708e+006 1.13539400754732e-002 2.57587374896860e-001 1.53244434232612e+000 1.00136710650181e+001 1.43200216576583e-004 179226 152
1.97213737699145e+004 1.73701530987475e+006 1.13531103232646e-002 2.09676021940575e-001 1.51058446745201e+000 1.00825089175156e+001 1.44357222726660e-004 180618 153
1.97210173526281e+004 1.73703516246066e+006 1.13527754189433e-002 7.51056023570653e-001 1.56906922040468e+000 1.00827534946062e+001 1.44427215131078e-004 180770 154
1.97213255473727e+004 1.73700602780037e+006 1.13531432276022e-002 4.39571273435012e-001 1.56091970564898e+000 1.01561327493379e+001 1.44654643714045e-004 182567 155
1.97225352089844e+004 1.73701269534167e+006 1.13537959658627e-002 5.95587950141895e-001 1.56724756416517e+000 1.01745489047315e+001 1.44771229867583e-004 183424 156
1.97221582084571e+004 1.73700802614106e+006 1.13536094708487e-002 5.86932209531472e-001 1.56724756416517e+000 1.02419494740446e+001 1.44891632084799e-004 184742 157
1.97210627650134e+004 1.73701075170774e+006 1.13529610899392e-002 5.22166544752780e-001 1.56494652470473e+000 1.02730970729650e+001 1.45047351716828e-004 186290 158
1.97292418480454e+004 1.73698881754466e+006 6.27182218739655e+000 9.09571892988997e-001 -1.56858983718375e+000 1.03259799490876e+001 1.45093280841411e-004 187753 159
1.97286633482462e+004 1.73701843064313e+006 6.27182271400943e+000 9.31119810635367e-001 -1.56993211020234e+000 1.03854423993155e+001 1.45136904118245e-004 189389 160
1.97211089909142e+004 1.73699990065831e+006 1.13530586149302e-002 7.57253881982906e-002 8.84126474349193e-001 1.03860065760105e+001 1.53562137163674e-004 189498 161
1.97292131226567e+004 1.73699408497715e+006 6.27182223837142e+000 8.01832304757149e-001 -1.56983623355815e+000 1.04339693285797e+001 1.53622747498841e-004 190806 162
1.97208881673025e+004 1.73701062543341e+006 1.13528614119400e-002 1.77491296290552e-001 1.48508128009888e+000 1.06256397116304e+001 1.55289011480086e-004 193921 163
1.97221298142463e+004 1.73701601369445e+006 1.13535409220739e-002 1.70389931634817e-001 1.47702764198737e+000 1.08000054096846e+001 1.57110565123485e-004 195763 164
1.97204842634575e+004 1.73699405011242e+006 1.13527372372855e-002 4.46428814411579e-001 1.56197434873501e+000 1.08230607293214e+001 1.57330380928036e-004 196404 165
1.97206199495724e+004 1.73699898762747e+006 1.13527830744642e-002 9.53836723311173e-002 1.24107522064882e+000 1.08504659960000e+001 1.63533924719539e-004 197148 166
1.97207059745605e+004 1.73699942345175e+006 1.13528297448929e-002 6.77878441860705e-001 1.56974035691397e+000 1.09189203711855e+001 1.63621624083319e-004 198522 167
1.97208011887117e+004 1.73700680065187e+006 1.13528363407100e-002 1.41527303613442e-001 1.43244500244148e+000 1.09517803918286e+001 1.66347539779456e-004 199306 168
1.97209274893094e+004 1.73700046571094e+006 1.13529504441265e-002 1.96113329786919e-001 1.50205144611957e+000 1.10034046929528e+001 1.67687179537495e-004 200559 169
1.97211825912067e+004 1.73701497457577e+006 1.13530024671372e-002 6.58799238965899e-001 1.56858983718375e+000 1.11672493537851e+001 1.67780563616921e-004 203708 170
1.97224022223947e+004 1.73701164628499e+006 1.13537262716291e-002 2.56276822621338e-001 1.53215671239357e+000 1.11674583993426e+001 1.68525374271648e-004 203833 171
1.97294202783130e+004 1.73700417457606e+006 6.27182218509375e+000 9.67266671071851e-001 -1.56897334376049e+000 1.11744479881171e+001 1.68565491256165e-004 204291 172
1.97214433263284e+004 1.73701154998908e+006 1.13531749343362e-002 6.00616813524712e-001 1.56743931745354e+000 1.12578197156711e+001 1.68679940724377e-004 206048 173
1.97291337628053e+004 1.73700436229516e+006 6.27182235124788e+000 8.43678543694158e-001 -1.56993211020234e+000 1.12639340510684e+001 1.68734133466017e-004 206367 174
1.97211507785242e+004 1.73701104675138e+006 1.13530098247105e-002 5.96014641580437e-001 1.56734344080935e+000 1.12688513441870e+001 1.68850536114676e-004 206770 175
1.97214378778271e+004 1.73703797419707e+006 1.13529991058961e-002 7.56339543186031e-002 7.02823740195929e-001 1.12773408444728e+001 1.75911080002948e-004 207017 176
1.97222861091318e+004 1.73703205657426e+006 1.13535260385831e-002 5.92875411711164e-001 1.56619292107913e+000 1.12796902792047e+001 1.76028842369991e-004 207253 177
1.97218645644072e+004 1.73700915622414e+006 1.13534330551871e-002 3.63742109214124e-001 1.55401658726768e+000 1.12798740330639e+001 1.76373766576562e-004 207452 178
1.97217144152338e+004 1.73701139984395e+006 1.13533319617697e-002 2.02605135244736e-001 1.50617414181951e+000 1.12841769060350e+001 1.77621127867355e-004 207743 179
1.97204740881639e+004 1.73699458110492e+006 1.13527279098628e-002 6.50295888154956e-001 1.56945272698141e+000 1.13269676676142e+001 1.77717219613426e-004 208479 180
1.97288952507451e+004 1.73701025168794e+006 6.27182252704719e+000 9.85248667410406e-001 -1.56916509704886e+000 1.13270581421169e+001 1.77755743423507e-004 208512 181
1.97220849596286e+004 1.73700937919451e+006 1.13535584635783e-002 5.04489328013184e-001 1.56427538819544e+000 1.13744804775184e+001 1.77923719369984e-004 208837 182
1.97211326031710e+004 1.73702762150457e+006 1.13528910412350e-002 8.55717337853021e-001 1.57060324671163e+000 1.16029588447353e+001 1.77976248953477e-004 212500 183
1.97218631342168e+004 1.73702413765702e+006 1.13533343196073e-002 6.06803839383570e-001 1.56695993423261e+000 1.16058769403473e+001 1.78088146662390e-004 212717 184
1.97209822113698e+004 1.73700181884171e+006 1.13529731005801e-002 6.84675026917481e-001 1.56974035691397e+000 1.16075214083169e+001 1.78173942176253e-004 212879 185
1.97208751464835e+004 1.73700828077184e+006 1.13528692398761e-002 7.51463069602694e-002 8.24970584887234e-001 1.16447487656903e+001 1.86312400279756e-004 214077 186
1.97208682305127e+004 1.73700459898347e+006 1.13528893205316e-002 1.25526374668118e-001 1.39217681188391e+000 1.16635154805873e+001 1.89838937734758e-004 214772 187
1.97202820869018e+004 1.73698959250865e+006 1.13526499892996e-002 3.29759183930245e-001 1.55037327478866e+000 1.16761277872422e+001 1.90266901437683e-004 215116 188
1.97209059025577e+004 1.73699664999073e+006 1.13529629553716e-002 1.84684094825974e-001 1.49275141163366e+000 1.16815591771999e+001 1.91794684934395e-004 215299 189
1.97218885725908e+004 1.73700989851709e+006 1.13534420236103e-002 3.06778802168770e-001 1.54529181264687e+000 1.17372871109350e+001 1.92296303572698e-004 216280 190
1.97236535969873e+004 1.73703287010729e+006 1.13543078752005e-002 7.42583150719606e-001 1.56906922040468e+000 1.17555257394602e+001 1.92368064963467e-004 216997 191
1.97211115970260e+004 1.73700610304436e+006 1.13530195798193e-002 6.24420100203374e-001 1.56830220725120e+000 1.18822939221952e+001 1.92473135323274e-004 217816 192
1.97229741384532e+004 1.73702071788249e+006 1.13539961905469e-002 7.68672284390458e-001 1.57002798684652e+000 1.18834865114229e+001 1.92539647303399e-004 218066 193
1.97207941379599e+004 1.73702720440995e+006 1.13526989390239e-002 1.92212150920250e-001 1.49764112048708e+000 1.18965573882384e+001 1.93939394827508e-004 218565 194
1.97217471846655e+004 1.73700634627734e+006 1.13533838528277e-002 7.56603012271699e-001 1.57060324671163e+000 1.21723003904068e+001 1.94008263377817e-004 221632 195
1.97206786350178e+004 1.73699464556154e+006 1.13528452325021e-002 5.83244376384074e-001 1.56782282403027e+000 1.21737104418304e+001 1.94130347038301e-004 221798 196
1.97278977714307e+004 1.73700799667611e+006 6.27182308648136e+000 8.75009886467097e-001 -1.56983623355815e+000 1.21740958585857e+001 1.94180362235134e-004 221907 197
1.97225326825885e+004 1.73703347033340e+006 1.13536587314216e-002 8.90645079893671e-001 1.57060324671163e+000 1.22227516693781e+001 1.94228466148150e-004 222389 198
1.97212031315498e+004 1.73699944449202e+006 1.13531157864740e-002 7.12044234903959e-001 1.57031561677908e+000 1.23020469966560e+001 1.94307173499966e-004 223671 199
1.97294420747478e+004 1.73700855748989e+006 6.27182220120330e+000 8.90187910495233e-001 -1.56974035691397e+000 1.24103175065358e+001 1.94355331753653e-004 224573 200
1.97210246578149e+004 1.73700376984533e+006 1.13529847834482e-002 5.43440160760087e-001 1.56609704443495e+000 1.24207448017631e+001 1.94497955583084e-004 225018 201
1.97292536484972e+004 1.73700088900193e+006 6.27182225952929e+000 7.98327339369125e-001 -1.57021974013489e+000 1.25620803986437e+001 1.94559152905005e-004 227443 202
1.97210035071719e+004 1.73701436138068e+006 1.13529033891155e-002 6.77360316542475e-001 1.56897334376049e+000 1.25835885273400e+001 1.94646999821800e-004 227888 203
1.97205774801113e+004 1.73699984353903e+006 1.13527530340867e-002 1.44544621643132e-001 1.43886873760186e+000 1.26193460203245e+001 1.97251569592326e-004 228201 204
1.97214197343209e+004 1.73703396522795e+006 1.13530148619175e-002 3.76725720129758e-001 1.55420834055605e+000 1.26747959549388e+001 1.97570881668380e-004 228939 205
1.97232915617409e+004 1.73702299436012e+006 1.13541640279750e-002 8.40844093423843e-001 1.57069912335582e+000 1.27950391751132e+001 1.97625477142428e-004 231225 206
1.97204566784402e+004 1.73699637734890e+006 1.13527061493125e-002 4.88153141509005e-001 1.56417951155126e+000 1.28389536904541e+001 1.97806068844980e-004 233266 207
1.97232365299506e+004 1.73701970250410e+006 1.13541538659514e-002 4.50390949198040e-001 1.56091970564898e+000 1.29480624324013e+001 1.98021650733376e-004 237451 208
1.97230241236663e+004 1.73702097305388e+006 1.13540232954606e-002 6.96622387196656e-001 1.56897334376049e+000 1.30803262211908e+001 1.98104242286504e-004 238831 209
1.97294526092175e+004 1.73701855860106e+006 6.27182226052778e+000 9.32064627392138e-001 -1.56993211020234e+000 1.31485304300704e+001 1.98147768338255e-004 239802 210
1.97203095387525e+004 1.73698828069580e+006 1.13526743645852e-002 4.99826200149118e-001 1.56513827799310e+000 1.31718784896521e+001 1.98319212185718e-004 241106 211
1.97203128824511e+004 1.73699021045191e+006 1.13526636778568e-002 2.95928648445846e-001 1.54404541627247e+000 1.31896751242691e+001 1.98862167214061e-004 242113 212
1.97214710471190e+004 1.73700431984691e+006 1.13532381438699e-002 2.13363855087973e-001 1.51336489013337e+000 1.32022238124476e+001 1.99975815875116e-004 242902 213
1.97217236550096e+004 1.73700447928411e+006 1.13533825104283e-002 2.92728462656781e-001 1.54260726660970e+000 1.32533877373767e+001 2.00531893252373e-004 243728 214
1.97213013072415e+004 1.73703039276030e+006 1.13529700400060e-002 7.85435162333178e-001 1.56974035691397e+000 1.32675227784788e+001 2.00595322229029e-004 244202 215
1.97225169435942e+004 1.73703116371319e+006 1.13536647470665e-002 4.30245017706880e-001 1.55900217276528e+000 1.32685748453937e+001 2.00833732860747e-004 244375 216
1.97222563419367e+004 1.73701869207823e+006 1.13535962495468e-002 2.84804193083858e-001 1.54001859721671e+000 1.34275750850363e+001 2.01424372964132e-004 247511 217
1.97210522789700e+004 1.73702245679953e+006 1.13528785574855e-002 1.14127617667068e-001 1.35027871837519e+000 1.34905170313250e+001 2.05735838252830e-004 248785 218
1.97276218811958e+004 1.73702081769055e+006 6.27182332910901e+000 9.79061641551547e-001 -1.56974035691397e+000 1.35015052610016e+001 2.05774899703995e-004 248927 219
1.97233656499201e+004 1.73703624343094e+006 1.13541200792279e-002 1.68043128722836e-001 1.47319257621998e+000 1.35817359326555e+001 2.07652197112280e-004 249687 220
1.97212548759057e+004 1.73703486640492e+006 1.13529140767420e-002 1.25922588146764e-001 1.39179330530717e+000 1.36105548841413e+001 2.11154126266864e-004 251142 221
1.97285001454946e+004 1.73701040629512e+006 6.27182275549146e+000 9.27980580766094e-001 -1.56954860362560e+000 1.36271144639318e+001 2.11198074842328e-004 251857 222
1.97236745406870e+004 1.73702447021153e+006 1.13543748332700e-002 3.38933049858897e-001 1.54998976821192e+000 1.37621462283483e+001 2.11600964444077e-004 254536 223
1.97208576045822e+004 1.73702043516659e+006 1.13527797101069e-002 8.27433791069667e-001 1.57069912335582e+000 1.38124030880833e+001 2.11657525503600e-004 255470 224
1.97217686305766e+004 1.73700855087931e+006 1.13533817892830e-002 1.11597946995712e-001 1.33992404080325e+000 1.38740398356584e+001 2.16176171819522e-004 256449 225
1.97205102220732e+004 1.73699394422638e+006 1.13527528719187e-002 7.65482931154787e-002 9.29763756981109e-001 1.38850785553158e+001 2.24702549116517e-004 256654 226
1.97233801749825e+004 1.73703402217911e+006 1.13541429581019e-002 6.23505761406499e-001 1.56686405758843e+000 1.38905091666550e+001 2.24807958263993e-004 256824 227
1.97210234110283e+004 1.73699905348215e+006 1.13530148891484e-002 1.97423882062441e-001 1.50310608920560e+000 1.41101334683836e+001 2.26128206693615e-004 258799 228
1.97203538131795e+004 1.73699362044910e+006 1.13526649537557e-002 3.62736336537560e-001 1.55468772377697e+000 1.41532658291013e+001 2.26475242277011e-004 259508 229
1.97213280045035e+004 1.73702828323810e+006 1.13529991938812e-002 8.59466126920211e-001 1.57060324671163e+000 1.41921185136364e+001 2.26527269111585e-004 260557 230
1.97221552805583e+004 1.73703475141769e+006 1.13534331187056e-002 7.64873371956870e-002 6.52104995422223e-001 1.41970464103811e+001 2.32994566020554e-004 260778 231
1.97211618747237e+004 1.73701625786274e+006 1.13529821554556e-002 4.02327206442277e-001 1.55756402310251e+000 1.42384386504057e+001 2.33270889626979e-004 261562 232
1.97232058957103e+004 1.73701993572578e+006 1.13541347077957e-002 3.57951296833911e-001 1.55277019089328e+000 1.42385485003676e+001 2.33628201512012e-004 261604 233
1.97211389349214e+004 1.73700986125828e+006 1.13530107548619e-002 4.43990577619911e-001 1.56101558229316e+000 1.42553446769558e+001 2.33850679815049e-004 262376 234
1.97228750462528e+004 1.73701818177217e+006 1.13539557264256e-002 4.70536880689201e-001 1.56216610202338e+000 1.44120706581837e+001 2.34046477904137e-004 265944 235
1.97214158370602e+004 1.73701255398540e+006 1.13531525491833e-002 7.90128768157140e-001 1.57069912335582e+000 1.44222790079058e+001 2.34109080936276e-004 266037 236
1.97242414601001e+004 1.73703758022166e+006 1.13546154746678e-002 1.47897197231676e-001 1.44318318659017e+000 1.45034638126309e+001 2.36586918945232e-004 267411 237
1.97207829826567e+004 1.73699598142687e+006 1.13528965680389e-002 4.09428571098011e-001 1.55919392605365e+000 1.45035015111876e+001 2.36852813560194e-004 267426 238
1.97219111125366e+004 1.73701049973374e+006 1.13534510688917e-002 7.73407200727710e-002 9.59773146610920e-001 1.45434368286547e+001 2.45371038644014e-004 268063 239
1.97225953768978e+004 1.73701772349033e+006 1.13537977369959e-002 1.17663061014988e-001 1.36466021500290e+000 1.45492809858643e+001 2.49415207156164e-004 268471 240
1.97215202356613e+004 1.73700407267691e+006 1.13532680736450e-002 6.50417799994539e-001 1.56897334376049e+000 1.46522477721826e+001 2.49511259209430e-004 270266 241
1.97210338303102e+004 1.73701115784507e+006 1.13529417800810e-002 4.83916705083481e-001 1.56322074510941e+000 1.46975695494939e+001 2.49695346107844e-004 271632 242
1.97214875665034e+004 1.73701656380029e+006 1.13531676325569e-002 2.43049388026537e-001 1.52707525025178e+000 1.47548929294900e+001 2.50532080283979e-004 273004 243
1.97283118532895e+004 1.73700385024123e+006 6.27182282101556e+000 8.61812929832192e-001 -1.56974035691397e+000 1.48007282726651e+001 2.50583795916421e-004 274056 244
1.97203392061829e+004 1.73698974448295e+006 1.13526818759340e-002 2.15223010641621e-001 1.51518654637288e+000 1.48080341010180e+001 2.51676502819548e-004 274313 245
1.97228572699493e+004 1.73701508878533e+006 1.13539657094164e-002 4.94004909809009e-001 1.56350837504196e+000 1.48105940385591e+001 2.51852420859316e-004 274432 246
1.97227483869037e+004 1.73703431185871e+006 1.13537773951343e-002 8.72602127635325e-001 1.57041149342326e+000 1.48347186338461e+001 2.51902740192072e-004 275308 247
1.97207014808114e+004 1.73701316397384e+006 1.13527373601154e-002 4.91901930576195e-001 1.56350837504196e+000 1.48393636141070e+001 2.52080317063907e-004 276182 248
1.97209285889750e+004 1.73701472149264e+006 1.13528579107985e-002 3.15190719100026e-001 1.54663408566546e+000 1.48908310319568e+001 2.52552970024152e-004 276642 249
1.97243661676499e+004 1.73703183767456e+006 1.13547247934942e-002 2.36801406247886e-001 1.52371956770531e+000 1.51796068518389e+001 2.53438909106556e-004 282852 250
1.97217468869023e+004 1.73700837775622e+006 1.13533704044744e-002 5.50206267856967e-001 1.56609704443495e+000 1.51823287162347e+001 2.53577702797608e-004 283026 251
1.97207910017379e+004 1.73700962365197e+006 1.13528120276810e-002 7.69617101147229e-001 1.57060324671163e+000 1.53029724444910e+001 2.53644035291531e-004 283794 252
1.97208660452663e+004 1.73701599133725e+006 1.13528136102422e-002 2.24701656169232e-001 1.51892573549608e+000 1.53904718112884e+001 2.54638094799259e-004 285136 253
1.97206599825266e+004 1.73699585375752e+006 1.13528265995442e-002 2.48047773449457e-001 1.53004742622150e+000 1.54583681853021e+001 2.55438283279524e-004 287056 254
1.97213645702104e+004 1.73700950755993e+006 1.13531429483833e-002 8.78860941967369e-002 4.09920592211676e-001 1.54695559899257e+001 2.58567059023303e-004 287663 255
1.97206236984523e+004 1.73699448842627e+006 1.13528146361436e-002 3.93244774393312e-001 1.55785165303507e+000 1.55447715541109e+001 2.58857619001829e-004 289060 256
1.97209266043307e+004 1.73699829188526e+006 1.13529641415205e-002 7.50243951206860e-002 7.90742622913297e-001 1.55467057067756e+001 2.66762200822456e-004 289104 257
1.97226202816297e+004 1.73702614247816e+006 1.13537570480579e-002 9.80352548420567e-002 1.26025054948576e+000 1.56197557700321e+001 2.72639837939651e-004 289440 258
1.97218318258239e+004 1.73701941448888e+006 1.13533471661774e-002 1.70786145113463e-001 1.47731527191992e+000 1.56357917334803e+001 2.74452156502744e-004 289613 259
1.97232276573005e+004 1.73703097803130e+006 1.13540750621902e-002 9.22444424618442e-002 1.21116170766320e+000 1.57857962013836e+001 2.81058328866497e-004 292336 260
1.97286633110104e+004 1.73700763700984e+006 6.27182264346362e+000 9.35173379301516e-001 -1.56935685033723e+000 1.59669714074720e+001 2.81101537202950e-004 294495 261
1.97215249578227e+004 1.73703216315785e+006 1.13530872077919e-002 7.33165461111786e-001 1.56897334376049e+000 1.62559492857728e+001 2.81175342167910e-004 299027 262
1.97207145140554e+004 1.73701801122569e+006 1.13527131846121e-002 3.65936522326625e-001 1.55382483397931e+000 1.64817893969499e+001 2.81515731140504e-004 302421 263
1.97210337603741e+004 1.73703507760161e+006 1.13527854181279e-002 7.36792338339393e-001 1.56887746711631e+000 1.65120557052065e+001 2.81588739177660e-004 302559 264
1.97241681931427e+004 1.73703683764682e+006 1.13545781544548e-002 7.52682187998528e-002 8.33982989440596e-001 1.66321081796539e+001 2.89765414123803e-004 304361 265
1.97214802859826e+004 1.73703756796028e+006 1.13530261716892e-002 6.53770375583083e-001 1.56734344080935e+000 1.67879314912440e+001 2.89860385467626e-004 307188 266
1.97229921138799e+004 1.73702949273164e+006 1.13539491862027e-002 6.10004025172635e-001 1.56676818094424e+000 1.67945405738318e+001 2.89970995680815e-004 308055 267
1.97226318729809e+004 1.73701635422446e+006 1.13538276943479e-002 4.33201379816778e-001 1.55996093920713e+000 1.69882377044543e+001 2.90205844061991e-004 310093 268
1.97205490212783e+004 1.73700487749362e+006 1.13527037541455e-002 4.01199521926130e-001 1.55804340632344e+000 1.70707792007880e+001 2.90483880990574e-004 311615 269
1.97207740626141e+004 1.73699877993210e+006 1.13528731441287e-002 4.61484926600132e-001 1.56264548524430e+000 1.71182456276434e+001 2.90688228676102e-004 312762 270
1.97292319152247e+004 1.73699098247733e+006 6.27182220726903e+000 7.64009156526392e-001 -1.57012386349071e+000 1.71328262211154e+001 2.90755637035369e-004 313283 271
1.97290974946461e+004 1.73699983153675e+006 6.27182234250242e+000 8.60502377556670e-001 -1.56954860362560e+000 1.72220186189638e+001 2.90807526094054e-004 314214 272
1.97206668964219e+004 1.73701349987627e+006 1.13527152572264e-002 2.28359011356734e-001 1.52084326837977e+000 1.72786427775400e+001 2.91766990086093e-004 314475 273
1.97230093545033e+004 1.73702164455268e+006 1.13540104051107e-002 7.36152301181580e-001 1.56954860362560e+000 1.73433750512599e+001 2.91840137920590e-004 315334 274
1.97215075401645e+004 1.73701122244356e+006 1.13532140382411e-002 2.25372171286940e-001 1.51950099536119e+000 1.74264160292320e+001 2.92827731932832e-004 316636 275
1.97213190583685e+004 1.73700078300225e+006 1.13531737697070e-002 3.15525976658881e-001 1.54740109881893e+000 1.74482309789782e+001 2.93299289336258e-004 317537 276
1.97225972832803e+004 1.73701271820605e+006 1.13538315480542e-002 5.62763187334059e-001 1.56628879772332e+000 1.75596525896305e+001 2.93431361041412e-004 320290 277
1.97292060187534e+004 1.73698960845028e+006 6.27182221319225e+000 9.41817574558812e-001 -1.56839808389538e+000 1.77648995667904e+001 2.93473901533277e-004 324205 278
1.97206792062593e+004 1.73701341679234e+006 1.13527228860667e-002 5.83000552704907e-001 1.56686405758843e+000 1.78018095439392e+001 2.93596097145187e-004 324731 279
1.97214381849682e+004 1.73701950797952e+006 1.13531199658161e-002 8.16685903779824e-002 1.07031891735588e+000 1.82877636603710e+001 3.01690488825397e-004 331035 280
1.97292191756299e+004 1.73700186303489e+006 6.27182228574128e+000 8.72327825996262e-001 -1.56954860362560e+000 1.84733258124288e+001 3.01740842939430e-004 334605 281
1.97204318417581e+004 1.73699274624984e+006 1.13527155827299e-002 2.69108043737493e-001 1.53714229789117e+000 1.85001512871152e+001 3.02409873589268e-004 335154 282
1.97210047444384e+004 1.73700182884473e+006 1.13529860059264e-002 4.64197465030863e-001 1.56264548524430e+000 1.85921040364064e+001 3.02611603448779e-004 336079 283
1.97206849218775e+004 1.73700177261230e+006 1.13528022738225e-002 5.92783977831477e-001 1.56772694738609e+000 1.85921627919084e+001 3.02729406474134e-004 336085 284
1.97205084563349e+004 1.73700622404770e+006 1.13526716037532e-002 7.52986967597487e-002 7.28806310769982e-001 1.88277407073392e+001 3.10075547211681e-004 336695 285
1.97217910602581e+004 1.73700773560447e+006 1.13534000287651e-002 1.60118859149914e-001 1.46427604831080e+000 1.88279906725711e+001 3.12161424104262e-004 336834 286
1.97204049627703e+004 1.73699502429906e+006 1.13526852226277e-002 3.58560856031828e-001 1.55411246391186e+000 1.88282607525820e+001 3.12517409286664e-004 336936 287
1.97293210374962e+004 1.73700288714710e+006 6.27182223380230e+000 8.07623117137361e-001 -1.57021974013489e+000 1.90691128145908e+001 3.12577067657705e-004 340424 288
1.97224864994817e+004 1.73701293099631e+006 1.13537663871718e-002 3.05620639692728e-001 1.54490830607013e+000 1.91225801769324e+001 3.13082872813028e-004 341293 289
1.97289671470089e+004 1.73699393194109e+006 6.27182237896254e+000 8.93388096284298e-001 -1.56897334376049e+000 1.92966390051877e+001 3.13130652314877e-004 344907 290
1.97206678177415e+004 1.73702130652245e+006 1.13526647697537e-002 6.46303275408599e-001 1.56801457731864e+000 1.93946403983627e+001 3.13228054573794e-004 346073 291
1.97204264831333e+004 1.73699895636992e+006 1.13526719133866e-002 1.47683851512405e-001 1.44481308954131e+000 1.94138070040492e+001 3.15714290881073e-004 346552 292
1.97205105627441e+004 1.73699829552039e+006 1.13527246310769e-002 1.75601662777009e-001 1.48373900708029e+000 1.94556147974917e+001 3.17420058574654e-004 348985 293
1.97278771541302e+004 1.73701097280544e+006 6.27182311780607e+000 8.10030875969134e-001 -1.57060324671163e+000 1.94851246142008e+001 3.17479327523550e-004 349253 294
1.97234642847770e+004 1.73702661581819e+006 1.13542397813766e-002 5.89827615721579e-001 1.56638467436750e+000 1.96173757271231e+001 3.17598432866244e-004 350618 295
1.97237393787591e+004 1.73703377446012e+006 1.13543513419979e-002 4.25459978003231e-001 1.55852278954436e+000 1.96227486010499e+001 3.17842780880157e-004 351212 296
1.97203797768265e+004 1.73699630447427e+006 1.13526623585172e-002 4.82270895249105e-001 1.56389188161870e+000 1.96631422224008e+001 3.18028253593480e-004 352473 297
1.97205974791871e+004 1.73699676011886e+006 1.13527846972421e-002 5.83640589862720e-001 1.56772694738609e+000 1.96938220732690e+001 3.18150154960460e-004 353588 298
1.97289589679730e+004 1.73699641543516e+006 6.27182239990797e+000 8.85220003032209e-001 -1.56916509704886e+000 1.98061109027070e+001 3.18198909766711e-004 355448 299
1.97289063936325e+004 1.73700203402653e+006 6.27182246690604e+000 8.62270099230630e-001 -1.56964448026978e+000 1.98076638252745e+001 3.18250565090511e-004 355624 300
