1.64301264179293e+005 1.72933907230661e+006 9.47237991296821e-002 3.38963527818793e-001 1.40837996475112e+000 4.91405812620574e-001 3.97594760412935e-007 8020 1
1.64303446856969e+005 1.72934328969864e+006 9.47248203552977e-002 4.56120805658461e-001 1.50406485564745e+000 7.63393849264038e-001 6.06807081548530e-007 13709 2
1.64307683432604e+005 1.72931836353234e+006 6.18845139451116e+000 9.30083559998908e-001 -1.55075678136540e+000 7.88890932511086e-001 6.50528591932059e-007 14511 3
1.64300099759765e+005 1.72932353837415e+006 9.47239776065713e-002 3.55726405761514e-001 1.42860993667409e+000 1.78189263070671e+000 1.00917817751753e-006 35504 4
1.64300180700609e+005 1.72932877296306e+006 9.47237389800847e-002 4.25795235562085e-001 1.48709468962676e+000 2.01203265503917e+000 1.25226747262565e-006 39762 5
1.64303664395808e+005 1.72934868649918e+006 9.47246511784744e-002 6.94976577362280e-001 1.56906922040468e+000 2.23254818871476e+000 1.33528994786876e-006 42676 6
1.64303605009270e+005 1.72936071513229e+006 9.47239622187469e-002 6.95494702680509e-001 1.56906922040468e+000 2.76124922890733e+000 1.41817641488157e-006 54561 7
1.64307904000190e+005 1.72932441555854e+006 6.18845159764381e+000 7.69068497869104e-001 -1.56341249839778e+000 3.27096222952156e+000 1.48461124151377e-006 62315 8
1.64301500921566e+005 1.72933439351059e+006 9.47241895523941e-002 5.22958971710072e-001 1.53158145252846e+000 3.57540450013059e+000 1.63969557176057e-006 67854 9
1.64307676008464e+005 1.72933992816709e+006 6.18845257296483e+000 7.89214429360264e-001 -1.56149496551408e+000 3.80194637113673e+000 1.70245556243275e-006 74293 10
1.64307352070495e+005 1.72931256623423e+006 6.18845126874267e+000 8.05977307302985e-001 -1.55976918591876e+000 4.83492629675884e+000 1.76237863834942e-006 91008 11
1.64308487145218e+005 1.72935523470236e+006 6.18845294154756e+000 8.15394996910804e-001 -1.55919392605365e+000 4.93512073605993e+000 1.82078925203553e-006 93222 12
1.64299878159838e+005 1.72932623041078e+006 9.47237040345069e-002 2.45365712978622e-001 1.18048118152409e+000 5.59787919364287e+000 2.57933699147506e-006 107562 13
1.64308195134320e+005 1.72932168936392e+006 6.18845128235524e+000 8.31121624217065e-001 -1.55765989974670e+000 6.37989635857506e+000 2.63534255105824e-006 119374 14
1.64300001973045e+005 1.72932700543425e+006 9.47237327918538e-002 6.86686572270607e-001 1.56801457731864e+000 6.71543624711764e+000 2.72058583904810e-006 127381 15
1.64308246978250e+005 1.72932489103041e+006 6.18845142697731e+000 9.90033707114055e-001 -1.54759285210730e+000 6.96389031750555e+000 2.75869100114104e-006 132496 16
1.64298917491798e+005 1.72931706105086e+006 9.47236527399652e-002 6.70441819646116e-001 1.56561766121403e+000 7.74717830875856e+000 2.84854356201637e-006 149358 17
1.64301884075548e+005 1.72934221411758e+006 9.47239833173509e-002 3.61974387540164e-001 1.43522542512284e+000 7.97006176836793e+000 3.19403405824214e-006 153804 18
1.64305636702541e+005 1.72935605258407e+006 9.47253803973064e-002 4.24240859607396e-001 1.48594416989654e+000 8.62808056456032e+000 3.43906328631272e-006 163911 19
1.64304047500082e+005 1.72935441833203e+006 9.47245586428817e-002 4.69134894533991e-001 1.51029683751946e+000 9.08719798368652e+000 3.63579772360998e-006 170547 20
1.64299754906544e+005 1.72932355281704e+006 9.47237791890174e-002 4.88732222747026e-001 1.51902161214026e+000 9.91334660010022e+000 3.81568158555455e-006 183768 21
1.64299146197003e+005 1.72931966027510e+006 9.47236422857687e-002 2.92118903458864e-001 1.32937760994293e+000 1.05169203386099e+001 4.35833003114739e-006 196336 22
1.64303804125666e+005 1.72934768100951e+006 9.47247860014380e-002 5.84615884579387e-001 1.54883924848170e+000 1.29322551637265e+001 4.47975574111709e-006 237741 23
1.64301242346033e+005 1.72933373300988e+006 9.47240773296718e-002 2.41312144312473e-001 1.16034708624531e+000 1.30852459058221e+001 5.25994183518910e-006 240956 24
1.64301177101713e+005 1.72932854321688e+006 9.47243225128882e-002 4.35639616608446e-001 1.49303904156621e+000 1.31639514752439e+001 5.49122085970424e-006 241931 25
1.64307494340851e+005 1.72931555628240e+006 6.18845135002023e+000 9.67937186189560e-001 -1.54864749519333e+000 1.32273617556290e+001 5.53126697329600e-006 242729 26
1.64305876528565e+005 1.72935919499678e+006 9.47253467384254e-002 2.38264348322887e-001 1.14366455015717e+000 1.40750206325193e+001 6.32764156743007e-006 258014 27
1.64303225266236e+005 1.72934775374462e+006 9.47244503085967e-002 6.72880056437784e-001 1.56580941450240e+000 1.45242108420868e+001 6.41677947805412e-006 269143 28
1.64305449472167e+005 1.72935880807484e+006 9.47251230697118e-002 2.90381659744800e-001 1.32525491424299e+000 1.53187495255781e+001 6.96603299847313e-006 282348 29
1.64300085881604e+005 1.72932510587066e+006 9.47238843060471e-002 4.55328378701169e-001 1.50377722571490e+000 1.53619620585290e+001 7.17604313248111e-006 283064 30
1.64303140796215e+005 1.72933891013850e+006 9.47248834159063e-002 3.78158184244863e-001 1.45104507141331e+000 1.55861108440545e+001 7.49047571609870e-006 287331 31
1.64304219061204e+005 1.72935696475337e+006 9.47245183145913e-002 2.72369185446349e-001 1.27942587832270e+000 1.57600747752374e+001 8.11490197083947e-006 290770 32
1.64299405045819e+005 1.72931955720878e+006 9.47237962409672e-002 3.43078052404734e-001 1.41374905682546e+000 1.80575780592434e+001 8.50241685509397e-006 332960 33
1.64302525448670e+005 1.72935153730812e+006 9.47238432526848e-002 2.82152610572919e-001 1.30579195547349e+000 1.96212621188636e+001 9.08456586071526e-006 361704 34
1.64301122555317e+005 1.72933100048719e+006 9.47241574595510e-002 2.13760068566620e-001 8.94385275276955e-001 2.02025616958807e+001 9.95090721289329e-006 375048 35
1.64309081954844e+005 1.72933891934746e+006 6.18845171231212e+000 8.35937141880611e-001 -1.55737226981414e+000 2.02137939121402e+001 1.00062052344988e-005 375699 36
1.64300202593274e+005 1.72932549243919e+006 9.47239301441256e-002 6.47004268486203e-001 1.56168671880245e+000 2.02173400138778e+001 1.01033718226394e-005 376056 37
1.64304513713420e+005 1.72935834821183e+006 9.47246118471650e-002 2.23055846334855e-001 5.84991344492935e-001 2.10620827071006e+001 1.06619847631094e-005 392204 38
1.64299872282928e+005 1.72932761805218e+006 9.47236251124871e-002 5.64927122486665e-001 1.54404541627247e+000 2.21805916895536e+001 1.07929005274903e-005 406212 39
1.64298683059283e+005 1.72931565497937e+006 9.47235949469448e-002 6.20397009497122e-001 1.55679700994903e+000 2.33027471840564e+001 1.08994655806208e-005 430213 40
1.64300939977899e+005 1.72933316208385e+006 9.47239351328535e-002 2.24366398610377e-001 1.04558274315622e+000 2.38735459765200e+001 1.17635346841160e-005 440777 41
1.64299046364236e+005 1.72931871338756e+006 9.47236366288570e-002 2.52893769072898e-001 1.21336687047945e+000 2.41149438013573e+001 1.24825089609668e-005 444726 42
1.64305667278086e+005 1.72935283240502e+006 9.47255732516930e-002 5.09975360794438e-001 1.52697937360759e+000 2.56640409390230e+001 1.26463812152131e-005 477860 43
1.64306547308111e+005 1.72935857610119e+006 9.47257648435624e-002 5.42647733802795e-001 1.53762168111209e+000 2.79220475111937e+001 1.27893864981718e-005 513331 44
1.64298561311485e+005 1.72931454993982e+006 9.47235853417780e-002 4.39997964873554e-001 1.49562771095920e+000 2.79743324460093e+001 1.30157003397646e-005 514065 45
1.64299557149119e+005 1.72932041393685e+006 9.47238367624584e-002 6.52947470665895e-001 1.56274136188849e+000 2.80195002924795e+001 1.31109326826183e-005 515337 46
1.64309189522083e+005 1.72935058955398e+006 6.18845228610687e+000 7.61479485855036e-001 -1.56437126483963e+000 2.84382750565848e+001 1.31788332921162e-005 520536 47
1.64302701494690e+005 1.72934651044297e+006 9.47242178403832e-002 5.33900559312684e-001 1.53503301171911e+000 2.98150995255991e+001 1.33270305179316e-005 541542 48
1.64304275555687e+005 1.72935339945865e+006 9.47247448115815e-002 4.02845331760506e-001 1.47127504333628e+000 3.00860569037229e+001 1.36012334315841e-005 548454 49
1.64300806878139e+005 1.72933153569192e+006 9.47239474088599e-002 2.43415123545287e-001 4.47024853511155e-001 3.01450092399301e+001 1.39620910535977e-005 549796 50
1.64302958785948e+005 1.72935312292361e+006 9.47240052565844e-002 4.15981332475620e-001 1.48057507782220e+000 3.38553780347902e+001 1.42178308342815e-005 610943 51
1.64298942389379e+005 1.72931705528850e+006 9.47236673222687e-002 5.64317563288748e-001 1.54394953962828e+000 3.41795044385875e+001 1.43490575680213e-005 617524 52
1.64303533589157e+005 1.72935673618419e+006 9.47241379314998e-002 6.40512463028386e-001 1.56034444578387e+000 3.43761237719968e+001 1.44484026302903e-005 618778 53
1.64304271561768e+005 1.72935231154566e+006 9.47248017570353e-002 6.38775219314322e-001 1.56005681585131e+000 3.55244994105817e+001 1.45483427619915e-005 640566 54
1.64303334260039e+005 1.72935122735788e+006 9.47243236410646e-002 6.71782849881534e-001 1.56561766121403e+000 3.67859986643734e+001 1.46378011902424e-005 666899 55
1.64301446924458e+005 1.72933312790834e+006 9.47242275168906e-002 6.97719593752907e-001 1.56954860362560e+000 3.69550597441501e+001 1.47201073490948e-005 671266 56
1.64307674895295e+005 1.72932788207927e+006 6.18845191769429e+000 9.10455753825977e-001 -1.55200317773980e+000 3.74313274789789e+001 1.47659304567060e-005 679779 57
1.64309302468250e+005 1.72935118569125e+006 6.18845225383917e+000 7.24113507022717e-001 -1.56868571382794e+000 3.75686816120512e+001 1.48417803720458e-005 682109 58
1.64310486613759e+005 1.72934555376282e+006 6.18845126857314e+000 8.51084687948851e-001 -1.55622175008393e+000 3.78200423341171e+001 1.48949354130104e-005 688953 59
1.64308135826248e+005 1.72933192362076e+006 6.18845187360448e+000 8.20423860293620e-001 -1.55861866618854e+000 3.98269408925376e+001 1.49525608551265e-005 721183 60
1.64307692312063e+005 1.72934838258816e+006 6.18845302395869e+000 7.70470484024313e-001 -1.56341249839778e+000 3.98565921835684e+001 1.50187300182856e-005 721872 61
1.64298533081222e+005 1.72931409626657e+006 9.47235938649493e-002 6.84187379559147e-001 1.56772694738609e+000 4.01703208985224e+001 1.51046597624843e-005 727341 62
1.64306808868360e+005 1.72936019639506e+006 9.47258265156194e-002 2.13485766927557e-001 7.32449623249001e-001 4.12814413371498e+001 1.58496418885231e-005 745483 63
1.64309256394071e+005 1.72935696556739e+006 6.18845259495275e+000 9.25938557453072e-001 -1.55123616458632e+000 4.21064990021599e+001 1.58937955614815e-005 758464 64
1.64308201553519e+005 1.72932807426609e+006 6.18845162633856e+000 7.78699533196194e-001 -1.56245373195593e+000 4.25403966124124e+001 1.59584356242550e-005 765756 65
1.64302110177610e+005 1.72934316523085e+006 9.47240611064821e-002 6.84095945679459e-001 1.56753519409772e+000 4.27511930399101e+001 1.60443905854638e-005 769774 66
1.64301017789552e+005 1.72933105101235e+006 9.47240946688425e-002 2.18453674390581e-001 6.37244115573595e-001 4.29616015068054e+001 1.66745413230851e-005 773438 67
1.64308075680739e+005 1.72934016418164e+006 6.18845235677077e+000 8.34839935324360e-001 -1.55746814645833e+000 4.31747775672931e+001 1.67299994304935e-005 777921 68
1.64300537535219e+005 1.72933023903803e+006 9.47238636523651e-002 6.82267268085708e-001 1.56734344080935e+000 4.37311480307162e+001 1.68164619975377e-005 788615 69
1.64306388144228e+005 1.72936208547362e+006 9.47254825527863e-002 5.49291929060091e-001 1.53953921399579e+000 4.41518649931590e+001 1.69556979616349e-005 795553 70
1.64299847659427e+005 1.72932411139882e+006 9.47238019309023e-002 6.75043991590390e-001 1.56628879772332e+000 4.41946980466209e+001 1.70442086493491e-005 797088 71
1.64302783210452e+005 1.72935686991240e+006 9.47237006258053e-002 4.06929378386551e-001 1.47424721930601e+000 4.46792726819154e+001 1.73124720680276e-005 805254 72
1.64311266220034e+005 1.72935852617084e+006 6.18845152814344e+000 7.64649193684205e-001 -1.56408363490707e+000 4.49349431726161e+001 1.73797548581753e-005 809373 73
1.64309271566633e+005 1.72934736572216e+006 6.18845206355290e+000 8.88633534540545e-001 -1.55353720404675e+000 4.49389713583539e+001 1.74280914551690e-005 809415 74
1.64310876534338e+005 1.72935932238085e+006 9.47282051839999e-002 2.94130448811990e-001 2.84418064973907e-001 4.49430171708003e+001 1.75825559814384e-005 809560 75
1.64298980242975e+005 1.72931713107085e+006 9.47236848895760e-002 5.39234202294459e-001 1.53685466795862e+000 4.56696901296182e+001 1.77275566943727e-005 819567 76
1.64307568220390e+005 1.72932902967608e+006 6.18845204131507e+000 9.90551832432285e-001 -1.54759285210730e+000 4.57372427415756e+001 1.77656180207817e-005 822646 77
1.64298902474402e+005 1.72931662189903e+006 9.47236680446412e-002 5.84615884579387e-001 1.54903100177007e+000 4.63055651386087e+001 1.78870442398449e-005 835217 78
1.64310490862779e+005 1.72935431345017e+006 6.18845174310162e+000 9.14600756371813e-001 -1.55190730109561e+000 4.63344755785875e+001 1.79324116292407e-005 836037 79
1.64310036178055e+005 1.72936012929678e+006 6.18845232033940e+000 8.82720810320749e-001 -1.55401658726768e+000 4.71166380030881e+001 1.79814637905825e-005 849021 80
1.64301959097618e+005 1.72933959785480e+006 9.47241687603974e-002 3.35489040390666e-001 1.40377788583026e+000 4.74159832077739e+001 1.83878627826496e-005 853642 81
1.64303411073251e+005 1.72935302048580e+006 9.47242700299304e-002 2.99982217111994e-001 1.34558076281014e+000 4.82793322044092e+001 1.89016839940741e-005 866655 82
1.64306558944711e+005 1.72935865901187e+006 9.47257669978962e-002 9.15819874767648e-001 2.81397950682089e-002 4.86779750761582e+001 1.89029569464799e-005 873346 83
1.64307790688142e+005 1.72932802995640e+006 6.18845185938700e+000 7.90464025715995e-001 -1.56130321222571e+000 4.93492027015811e+001 1.89654987618897e-005 887639 84
1.64300920635069e+005 1.72933938517432e+006 9.47235852156173e-002 3.69624355474024e-001 1.44299143330180e+000 5.19591710927813e+001 1.92957928626535e-005 938885 85
1.64307924778587e+005 1.72934672118818e+006 6.18845280027515e+000 9.66047552676017e-001 -1.54893512512589e+000 5.22835065365015e+001 1.93360117636157e-005 945106 86
1.64307800186752e+005 1.72931757524160e+006 6.18845128467746e+000 7.97931125890479e-001 -1.56053619907224e+000 5.28418047565840e+001 1.93972727437165e-005 954745 87
1.64298926949837e+005 1.72931659611947e+006 9.47236834749195e-002 4.76236259189726e-001 1.51374839671010e+000 5.30827247585743e+001 1.95876496234168e-005 962076 88
1.64302809434198e+005 1.72935033695598e+006 9.47240713545819e-002 6.72361931119555e-001 1.56571353785821e+000 5.34904878549523e+001 1.96769386790336e-005 969973 89
1.64300262200250e+005 1.72932551173804e+006 9.47239632533322e-002 6.86625616350815e-001 1.56801457731864e+000 5.53535207114918e+001 1.97621986165502e-005 998199 90
1.64307532194571e+005 1.72932924038399e+006 6.18845207343403e+000 9.41208015360895e-001 -1.55018152150029e+000 5.83559772628706e+001 1.98047908142305e-005 1045134 91
1.64304580121523e+005 1.72935519731278e+006 9.47248214625872e-002 4.89920863182965e-001 1.51930924207282e+000 5.89360539797139e+001 1.99837185823765e-005 1057873 92
1.64302921996997e+005 1.72935524922483e+006 9.47238684027036e-002 5.84402538860116e-001 1.54874337183752e+000 5.91009265216501e+001 2.01052415798588e-005 1059547 93
1.64299053081700e+005 1.72931817711250e+006 9.47236696777092e-002 2.47621082010915e-001 1.19093173574023e+000 5.91388744705478e+001 2.08518284165172e-005 1061692 94
1.64300127533748e+005 1.72933012921129e+006 9.47236346662486e-002 3.91263707000081e-001 1.55655731833857e-001 5.92978763256159e+001 2.08973804341245e-005 1062314 95
1.64308761529131e+005 1.72936032132762e+006 6.18845306126501e+000 8.38741114191029e-001 -1.55727639316996e+000 6.02310877229250e+001 2.09522724967828e-005 1073278 96
1.64309905619506e+005 1.72933993691885e+006 6.18845129569164e+000 8.89395483537941e-001 -1.55344132740257e+000 6.02746491969535e+001 2.10005179581562e-005 1075335 97
1.64298474768281e+005 1.72931386882231e+006 9.47235728302540e-002 3.81724105552678e-001 1.45440075395978e+000 6.05714578172974e+001 2.13086472902914e-005 1082576 98
1.64307709803015e+005 1.72933467895112e+006 6.18845226777946e+000 7.65990223919623e-001 -1.56379600497452e+000 6.07379195947527e+001 2.13756710759256e-005 1085768 99
1.64309266430182e+005 1.72933367658472e+006 6.18845132112266e+000 8.61599584112921e-001 -1.55535886028626e+000 6.09304268987416e+001 2.14274087481920e-005 1088888 100
1.64305379738133e+005 1.72935162417240e+006 9.47254742547825e-002 5.03666423095996e-001 1.52467833414716e+000 6.16067566591176e+001 2.15958134015545e-005 1100501 101
1.64308645668769e+005 1.72932712459466e+006 6.18845132011223e+000 7.96498661775374e-001 -1.56072795236061e+000 6.16857913804920e+001 2.16573171478805e-005 1104797 102
1.64301393416882e+005 1.72934268427641e+006 9.47236765310017e-002 6.85376019995085e-001 1.56772694738609e+000 6.17005531221193e+001 2.17429193736847e-005 1105286 103
1.64298967000787e+005 1.72931782251060e+006 9.47236396530260e-002 2.78921946823958e-001 1.29773831736198e+000 6.27403178245424e+001 2.23386814374838e-005 1122944 104
1.64300826606271e+005 1.72933637350663e+006 9.47236953069488e-002 3.50728020338594e-001 1.42285733802301e+000 6.28455949442944e+001 2.27083612746614e-005 1125412 105
1.64298555850917e+005 1.72931469461692e+006 9.47235743349757e-002 3.03243358820851e-001 1.35219625125889e+000 6.30080991013499e+001 2.32108537123829e-005 1128172 106
1.64304663802024e+005 1.72935087831163e+006 9.47251045778361e-002 4.36706345204801e-001 1.49351842478713e+000 6.32852822785188e+001 2.34409002605256e-005 1133159 107
1.64298381898874e+005 1.72931278654900e+006 9.47235785354385e-002 6.43834560657034e-001 1.56120733558153e+000 6.34352811320787e+001 2.35391219272334e-005 1135824 108
1.64308342245496e+005 1.72932586112892e+006 6.18845142520342e+000 8.74217459509805e-001 -1.55440009384442e+000 6.38368216512127e+001 2.35892302040577e-005 1144071 109
1.64307762393211e+005 1.72931809326033e+006 6.18845133454314e+000 8.33194125489984e-001 -1.55746814645833e+000 6.47175572620583e+001 2.36449295994306e-005 1159395 110
1.64307867087070e+005 1.72931907339766e+006 6.18845132791363e+000 9.41817574558812e-001 -1.55008564485611e+000 6.47482788410556e+001 2.36874610904368e-005 1160663 111
1.64304887878487e+005 1.72935304807755e+006 9.47251148520978e-002 6.73093402157055e-001 1.56580941450240e+000 6.50498823405104e+001 2.37765368553541e-005 1166554 112
1.64299682520057e+005 1.72932514590728e+006 9.47236509647687e-002 3.73616968220381e-001 1.44692237571337e+000 6.54856125375195e+001 2.40992759408884e-005 1173345 113
1.64311144463435e+005 1.72935919308661e+006 6.18845163423241e+000 8.78484373895225e-001 -1.55430421720023e+000 6.61136655775779e+001 2.41488502579560e-005 1182886 114
1.64309895574484e+005 1.72936170271998e+006 6.18845248658708e+000 9.37946873652038e-001 -1.55056502807703e+000 6.62204453885725e+001 2.41917692664590e-005 1184377 115
1.64300081627082e+005 1.72932623841013e+006 9.47238202033718e-002 2.40580673274972e-001 4.61502226783044e-001 6.70093683670666e+001 2.45731893933487e-005 1201580 116
1.64307541227890e+005 1.72931668200629e+006 6.18845138444651e+000 7.50812199891487e-001 -1.56533003128147e+000 6.71234164552525e+001 2.46432308710727e-005 1202683 117
1.64302280639406e+005 1.72934043494693e+006 9.47243074525349e-002 6.68917921651323e-001 1.56523415463729e+000 6.76201867098414e+001 2.47335341971349e-005 1212373 118
1.64304649010470e+005 1.72935243006117e+006 9.47250116117272e-002 5.30974675162682e-001 1.53407424527726e+000 6.79532645697506e+001 2.48835287286070e-005 1219812 119
1.64307941494228e+005 1.72933343898575e+006 6.18845206748491e+000 9.97470329328644e-001 -1.54730522217475e+000 6.81955438405480e+001 2.49210114301901e-005 1223974 120
1.64299757727042e+005 1.72932618906939e+006 9.47236372669964e-002 5.62001238336663e-001 1.54327840311899e+000 6.85772763127657e+001 2.50534285820451e-005 1230781 121
1.64305773989308e+005 1.72936101393594e+006 9.47251889386718e-002 4.21650233016249e-001 1.33604103671377e-001 6.93501274096880e+001 2.50866304512338e-005 1247472 122
1.64309932979355e+005 1.72935239383778e+006 6.18845195829003e+000 8.59252781200940e-001 -1.55564649021882e+000 7.02199589584708e+001 2.51386797366085e-005 1264092 123
1.64308233461806e+005 1.72932526752611e+006 6.18845145522384e+000 8.16614115306638e-001 -1.55890629612110e+000 7.07183252571218e+001 2.51968984835188e-005 1271582 124
1.64310557867852e+005 1.72935724290491e+006 9.47281357901358e-002 3.32746024000039e-001 2.17975550553911e-001 7.08601370570177e+001 2.52876482590858e-005 1274655 125
1.64305740639403e+005 1.72935919826184e+006 9.47252686858591e-002 2.58288367974464e-001 3.84129774925993e-001 7.11094112138910e+001 2.55622128539320e-005 1278570 126
1.64305548691204e+005 1.72935470490686e+006 9.47254033382203e-002 2.97147766841680e-001 1.33982816415906e+000 7.35548315671101e+001 2.60861784543540e-005 1320495 127
1.64302424710654e+005 1.72933940483053e+006 9.47244461047982e-002 6.91197310335194e-001 1.56858983718375e+000 7.35587558098209e+001 2.61702028021986e-005 1320939 128
1.64310275013629e+005 1.72934354679478e+006 6.18845128055732e+000 8.33925596527484e-001 -1.55756402310251e+000 7.40517111693113e+001 2.62257948411277e-005 1328898 129
1.64309282777919e+005 1.72934804913146e+006 6.18845209433929e+000 7.79918651592028e-001 -1.56245373195593e+000 7.46629058291579e+001 2.62902128217972e-005 1339191 130
1.64299474798337e+005 1.72932130768038e+006 9.47237409055420e-002 4.29604980549067e-001 1.48949160573138e+000 7.53897454714954e+001 2.65286320022274e-005 1354523 131
1.64304914495370e+005 1.72934933738616e+006 9.47253321451438e-002 6.62090858634652e-001 1.56408363490707e+000 7.79903480897934e+001 2.66209958906472e-005 1401358 132
1.64302059892677e+005 1.72933528373351e+006 9.47244614189836e-002 2.16167827398392e-001 9.46158663136693e-001 7.89250210827660e+001 2.75002308779127e-005 1412990 133
1.64310993702777e+005 1.72935201123511e+006 6.18845132958040e+000 8.05459181984755e-001 -1.56005681585131e+000 7.92062432045676e+001 2.75602389767989e-005 1417887 134
1.64300726499005e+005 1.72933258504119e+006 9.47238442100456e-002 6.64407183586737e-001 1.56456301812799e+000 7.95754202644373e+001 2.76518962123896e-005 1426966 135
1.64309302468250e+005 1.72935118569125e+006 6.18845225383917e+000 7.24113507022717e-001 -1.56868571382794e+000 7.96159358780227e+001 2.77277461277294e-005 1428341 136
1.64301016990512e+005 1.72933837578362e+006 9.47236953939802e-002 4.71207395806910e-001 1.51135148060549e+000 8.02790830763161e+001 2.79225942814269e-005 1442765 137
1.64308066412904e+005 1.72932222005756e+006 6.18845138502062e+000 9.56050781830176e-001 -1.54931863170263e+000 8.04852324287893e+001 2.79637445244566e-005 1446211 138
1.64310838592273e+005 1.72934960422992e+006 6.18845128740962e+000 8.09573706570696e-001 -1.55967330927457e+000 8.23196285228778e+001 2.80230834611568e-005 1482239 139
1.64298866420943e+005 1.72931798274450e+006 9.47235732873291e-002 2.47407736291644e-001 1.18997296929838e+000 8.44349162875737e+001 2.87708007163110e-005 1522939 140
1.64300461722524e+005 1.72932928171359e+006 9.47238723294407e-002 4.45880211133454e-001 1.49879164021729e+000 8.56311113006770e+001 2.89906493883123e-005 1540030 141
1.64309791312265e+005 1.72935466000688e+006 6.18845216286780e+000 8.65957932378028e-001 -1.55516710699789e+000 8.76613022079404e+001 2.90418157693399e-005 1573997 142
1.64308165534015e+005 1.72932622362101e+006 6.18845154621228e+000 9.88265985440096e-001 -1.54768872875149e+000 8.91906036044508e+001 2.90800711273489e-005 1603186 143
1.64300065231398e+005 1.72932399296295e+006 9.47239330673020e-002 4.69348240253263e-001 1.51058446745201e+000 8.94909941454687e+001 2.92766122947850e-005 1607830 144
1.64298461807911e+005 1.72931364261794e+006 9.47235777191974e-002 2.12419038331202e-001 8.37146918698691e-001 8.95731317236646e+001 3.01132539193210e-005 1609278 145
1.64298501420243e+005 1.72931418717356e+006 9.47235707706101e-002 5.92387764352830e-001 1.55085265800958e+000 9.05580009034090e+001 3.02312074494820e-005 1630406 146
1.64308506485392e+005 1.72936135453779e+006 9.47267363189792e-002 2.94831441889595e-001 1.33493845530564e+000 9.13545527079488e+001 3.07636527350940e-005 1645796 147
1.64304131239018e+005 1.72934891465185e+006 9.47249062942589e-002 6.41853493263804e-001 1.56063207571642e+000 9.21033754737531e+001 3.08625420253682e-005 1658133 148
1.64300840779010e+005 1.72932765387015e+006 9.47241781942265e-002 2.17173600074955e-001 9.62553569292276e-001 9.23358118959607e+001 3.17430129318670e-005 1661216 149
1.64309960039695e+005 1.72936070591056e+006 9.47276046315392e-002 2.45213323179142e-001 4.38395955534532e-001 9.23769180182182e+001 3.20916702789010e-005 1662204 150
1.64307393111309e+005 1.72931269591114e+006 6.18845125228361e+000 9.49711366171839e-001 -1.54960626163518e+000 9.26572331939550e+001 3.21334274996512e-005 1666715 151
1.64307441298882e+005 1.72931319126175e+006 6.18845125164016e+000 8.32828389971233e-001 -1.55746814645833e+000 9.36359852058927e+001 3.21891807219032e-005 1680321 152
1.64298819883210e+005 1.72931720541446e+006 9.47235889411430e-002 2.12937163649431e-001 7.51433198797571e-001 9.41320418310213e+001 3.29540706168099e-005 1687566 153
1.64301569218922e+005 1.72933763992834e+006 9.47240519322292e-002 2.77276136989582e-001 1.29323211508530e+000 9.48313452928167e+001 3.35568722793008e-005 1700832 154
1.64300596413622e+005 1.72932896271877e+006 9.47239668876082e-002 6.54959016019022e-001 1.56302899182104e+000 9.54927389111387e+001 3.36514625609711e-005 1708534 155
1.64307526626342e+005 1.72931834317384e+006 6.18845148326656e+000 8.21703934609246e-001 -1.55842691290017e+000 9.59453995656070e+001 3.37088905572015e-005 1714898 156
1.64307456431543e+005 1.72931351884724e+006 6.18845126080518e+000 9.90643266311973e-001 -1.54749697546312e+000 9.60739707396700e+001 3.37469440706695e-005 1718650 157
1.64301553085429e+005 1.72933739321089e+006 9.47240561195946e-002 6.87783778826858e-001 1.56811045396283e+000 9.61847966966193e+001 3.38318884963564e-005 1721611 158
1.64303968136502e+005 1.72936230662145e+006 9.47240836662553e-002 3.70264392631837e-001 1.44347081652272e+000 9.67311967615191e+001 3.41609480534502e-005 1728973 159
1.64307921916637e+005 1.72931964556906e+006 6.18845132764667e+000 7.93968991104018e-001 -1.56091970564898e+000 9.69879342197399e+001 3.42228838491473e-005 1731176 160
1.64307482104718e+005 1.72931500242328e+006 6.18845132687444e+000 8.71931612517616e-001 -1.55449597048860e+000 9.76322358194205e+001 3.42732816589957e-005 1741563 161
1.64307537551663e+005 1.72932056490830e+006 6.18845159798054e+000 8.96283502474404e-001 -1.55286606753746e+000 9.88343638965620e+001 3.43207147026847e-005 1759687 162
1.64301199034299e+005 1.72934123788955e+006 9.47236438858152e-002 4.78765929861082e-001 1.51470716315195e+000 9.94755283914747e+001 3.45088958316728e-005 1769499 163
1.64309508082742e+005 1.72935032176989e+006 6.18845208896594e+000 8.27433791069667e-001 -1.55813928296762e+000 9.98873917289639e+001 3.45654523609618e-005 1780469 164
1.64304532161548e+005 1.72934804600037e+006 9.47251833509629e-002 5.77484041963757e-001 1.54711346888638e+000 1.00202376089818e+002 3.46901967204433e-005 1785211 165
1.64298738348232e+005 1.72931639133721e+006 9.47235865392090e-002 5.21191250036112e-001 1.53110206930754e+000 1.00210641012478e+002 3.48464376466474e-005 1785294 166
1.64304881244497e+005 1.72935023671017e+006 9.47252641233561e-002 3.95804923024563e-001 1.46590595126194e+000 1.02112520050558e+002 3.51313285794691e-005 1825164 167
1.64304983107786e+005 1.72935542226055e+006 9.47250401569259e-002 4.79192621299624e-001 1.51480303979614e+000 1.02790852428425e+002 3.53191422754977e-005 1838322 168
1.64308647762503e+005 1.72936009630081e+006 9.47268857905415e-002 2.28267577477047e-001 1.07808492553484e+000 1.02794448415486e+002 3.61662832726305e-005 1838510 169
1.64308181592959e+005 1.72933455458776e+006 6.18845199063277e+000 8.50200827111871e-001 -1.55622175008393e+000 1.02842495413467e+002 3.62195599602955e-005 1839346 170
1.64298630181023e+005 1.72931471428926e+006 9.47236158617484e-002 5.12809811064752e-001 1.52822576998199e+000 1.02977901830240e+002 3.63814548476231e-005 1840973 171
1.64306787583369e+005 1.72936044668102e+006 9.47258006901490e-002 2.44999977459871e-001 1.17846777199622e+000 1.03337381777766e+002 3.71418640466741e-005 1846404 172
1.64307536750180e+005 1.72931695293042e+006 6.18845140176471e+000 9.33222789868181e-001 -1.55056502807703e+000 1.03739353629938e+002 3.71852624817821e-005 1851744 173
1.64301945250977e+005 1.72934830950430e+006 9.47236864982493e-002 4.48958485082935e-001 1.50032566652425e+000 1.05069036106789e+002 3.74018322432406e-005 1874003 174
1.64299785933714e+005 1.72932131311884e+006 9.47239189175430e-002 5.24452391744969e-001 1.53215671239357e+000 1.07063891536567e+002 3.75559501330157e-005 1907051 175
1.64302525600899e+005 1.72934053735717e+006 9.47244422595738e-002 6.19238847021079e-001 1.55641350337230e+000 1.07732218071422e+002 3.76629535748514e-005 1921348 176
1.64303842281381e+005 1.72934756492843e+006 9.47248141880640e-002 5.59288699905932e-001 1.54241551332133e+000 1.08436933433873e+002 3.77967844958843e-005 1937813 177
1.64303163681817e+005 1.72935072393649e+006 9.47242532963200e-002 2.59263662691132e-001 1.23733603152562e+000 1.11001251582087e+002 3.84833658196367e-005 1981784 178
1.64301631267053e+005 1.72934086070964e+006 9.47239121271001e-002 2.93551367573969e-001 1.33234978591266e+000 1.11711165143035e+002 3.90205962072657e-005 1993337 179
1.64303130666457e+005 1.72936195937052e+006 9.47236226398205e-002 4.31768915701673e-001 1.49054624881741e+000 1.13222549281422e+002 3.92564146275452e-005 2015221 180
1.64298446989374e+005 1.72931358664271e+006 9.47235722745748e-002 2.74624554478643e-001 1.28613724341563e+000 1.14973626728934e+002 3.98708349639467e-005 2045498 181
1.64299790896924e+005 1.72932453665474e+006 9.47237462467030e-002 2.12876207729640e-001 8.63800625782037e-001 1.15283341121051e+002 4.07232391627383e-005 2049905 182
1.64307369999524e+005 1.72931254057983e+006 6.18845125707080e+000 7.65624488400872e-001 -1.56370012833033e+000 1.16239876820331e+002 4.07903333605630e-005 2065127 183
1.64309571421480e+005 1.72934747382194e+006 6.18845189759825e+000 8.52486674104060e-001 -1.55612587343974e+000 1.16469942705383e+002 4.08432961975464e-005 2068045 184
1.64302663870002e+005 1.72934093750388e+006 9.47244997119870e-002 2.14796319203079e-001 9.19696709341716e-001 1.16620771849555e+002 4.17176093005785e-005 2071085 185
1.64308107620073e+005 1.72933346809063e+006 6.18845197386560e+000 9.55532656511947e-001 -1.54941450834681e+000 1.16856994423989e+002 4.17588087332617e-005 2074570 186
1.64309460136809e+005 1.72936122276553e+006 9.47272900075179e-002 2.74624554478643e-001 3.32068757133702e-001 1.18466842035388e+002 4.19675080266169e-005 2102986 187
1.64307571151043e+005 1.72932893423752e+006 6.18845203443891e+000 7.70257138305042e-001 -1.56331662175359e+000 1.18872133495005e+002 4.20337174698567e-005 2111356 188
1.64308332222193e+005 1.72933692174778e+006 6.18845203320151e+000 7.51056023570653e-001 -1.56542590792566e+000 1.19356943038486e+002 4.21037089693265e-005 2120232 189
1.64304386215690e+005 1.72935952443664e+006 9.47244747390079e-002 3.20189104522946e-001 1.38134275109104e+000 1.21565191050357e+002 4.25522428133991e-005 2153086 190
1.64302347280529e+005 1.72935029048515e+006 9.47238090342731e-002 3.57097913956827e-001 1.42995220969268e+000 1.26426328499232e+002 4.29079369646588e-005 2232116 191
1.64302415147937e+005 1.72934605201864e+006 9.47240787007729e-002 3.35519518350562e-001 1.40377788583026e+000 1.27066479372878e+002 4.33142547448138e-005 2244774 192
1.64303253071051e+005 1.72934883402653e+006 9.47244074242360e-002 4.34054762693862e-001 1.49198439848018e+000 1.27681901525768e+002 4.35473763731113e-005 2252990 193
1.64308846838641e+005 1.72933209270187e+006 6.18845147534083e+000 7.88726782001931e-001 -1.56149496551408e+000 1.28120143763117e+002 4.36102217614341e-005 2262507 194
1.64307570303154e+005 1.72932947092008e+006 6.18845206414728e+000 8.25909893074874e-001 -1.55813928296762e+000 1.28423558294604e+002 4.36670081220620e-005 2267221 195
1.64301721495036e+005 1.72934234199729e+006 9.47238831827282e-002 5.10859221631418e-001 1.52736288018433e+000 1.28567480539828e+002 4.38302600064532e-005 2268876 196
1.64302043351923e+005 1.72933352834055e+006 9.47245475174737e-002 6.62669939872673e-001 1.56427538819544e+000 1.29170411914333e+002 4.39224465359523e-005 2282544 197
1.64304801425698e+005 1.72935746211337e+006 9.47248249740438e-002 2.23147280214543e-001 1.03378991592151e+000 1.29253372073708e+002 4.47908982184662e-005 2286154 198
1.64307861907241e+005 1.72935989932972e+006 9.47264461610015e-002 2.33875522097884e-001 1.11739434965056e+000 1.30150836450219e+002 4.56103164223157e-005 2300324 199
1.64298753619070e+005 1.72931667127783e+006 9.47235800485426e-002 2.60056089648424e-001 1.24040408413953e+000 1.30164513283305e+002 4.62930250985990e-005 2300577 200
1.64307507953161e+005 1.72931703357799e+006 6.18845142265932e+000 9.60835821533826e-001 -1.54903100177007e+000 1.30327617327563e+002 4.63337255858373e-005 2302907 201
1.64308392389868e+005 1.72934990145419e+006 6.18845270545971e+000 9.93264370863016e-001 -1.54759285210730e+000 1.30893279904557e+002 4.63715586124251e-005 2311549 202
1.64307568300809e+005 1.72934126059776e+006 6.18845270724028e+000 8.86652467147314e-001 -1.55363308069094e+000 1.32081353203979e+002 4.64201332071352e-005 2329530 203
1.64299968078507e+005 1.72932413052463e+006 9.47238699002211e-002 5.80409926113759e-001 1.54797635868404e+000 1.32936661066352e+002 4.65435007675369e-005 2346016 204
1.64300222416010e+005 1.72932549020118e+006 9.47239416261356e-002 3.36494813067229e-001 1.40521603549303e+000 1.33271625937580e+002 4.69473296497817e-005 2354574 205
1.64300679720112e+005 1.72932611567299e+006 9.47241696454433e-002 6.19756972339309e-001 1.55660525666066e+000 1.33332976687316e+002 4.70541366790004e-005 2355362 206
1.64299891283425e+005 1.72932300883949e+006 9.47238869634570e-002 3.42559927086504e-001 1.41307792031617e+000 1.33700676484379e+002 4.74429007898894e-005 2361695 207
1.64302553758349e+005 1.72934322097992e+006 9.47243122788770e-002 5.73887642696046e-001 1.54625057908872e+000 1.34213162233287e+002 4.75693688130563e-005 2372586 208
1.64303924807066e+005 1.72936073258880e+006 9.47241445365559e-002 3.46887797391716e-001 1.41815938245796e+000 1.34255361228450e+002 4.79478427454083e-005 2373849 209
1.64304437956472e+005 1.72934609651175e+006 9.47252355098005e-002 2.35033684573927e-001 1.12477685125278e+000 1.34799497735709e+002 4.87612976619915e-005 2383502 210
1.64309226722609e+005 1.72934530307452e+006 6.18845197694165e+000 9.36209629937975e-001 -1.55056502807703e+000 1.34850455954179e+002 4.88043920760429e-005 2384775 211
1.64308578717091e+005 1.72933419096760e+006 6.18845174324823e+000 7.09118350753956e-001 -1.57050737006745e+000 1.35013643168030e+002 4.88838156604267e-005 2386018 212
1.64303200027711e+005 1.72935840151414e+006 9.47238561029940e-002 4.60540109843360e-001 1.50617414181951e+000 1.36536440367373e+002 4.90886651270351e-005 2410653 213
1.64299115561129e+005 1.72931876189542e+006 9.47236736437040e-002 2.52680423353627e-001 1.21250398068178e+000 1.37057849578732e+002 4.98087431958035e-005 2416442 214
1.64300496652239e+005 1.72933009909926e+006 9.47238478422799e-002 6.26248777797126e-001 1.55785165303507e+000 1.38186743334692e+002 4.99131313326973e-005 2434587 215
1.64303318032875e+005 1.72935498387350e+006 9.47241098094899e-002 2.18331762550998e-001 9.78852598803674e-001 1.38214875227177e+002 5.07931200309875e-005 2435152 216
1.64307922848539e+005 1.72932362166526e+006 6.18845154361408e+000 9.27371021568177e-001 -1.55094853465377e+000 1.38918299247295e+002 5.08371235491854e-005 2447501 217
1.64303127563960e+005 1.72935639729294e+006 9.47239236995131e-002 6.52551257187249e-001 1.56245373195593e+000 1.39753106996011e+002 5.09324829236511e-005 2463449 218
1.64309692559579e+005 1.72935046969062e+006 6.18845199130045e+000 7.94944285820685e-001 -1.56101558229316e+000 1.40608245681445e+002 5.09942517285897e-005 2479685 219
1.64301677678372e+005 1.72934404830404e+006 9.47237651682660e-002 2.12388560371306e-001 7.85757037415693e-001 1.41566666763876e+002 5.17912970762913e-005 2498356 220
1.64300834564152e+005 1.72933618700840e+006 9.47237100218495e-002 5.80318492234072e-001 1.54788048203986e+000 1.42037190166014e+002 5.19147071327407e-005 2506377 221
1.64298851423126e+005 1.72931689273482e+006 9.47236240411618e-002 5.61787892617392e-001 1.54327840311899e+000 1.44044247952551e+002 5.20472349412231e-005 2545760 222
1.64303866319359e+005 1.72934941703960e+006 9.47247271204243e-002 4.13969787122493e-001 1.47923280480361e+000 1.44258640242742e+002 5.23056849715927e-005 2549036 223
1.64307554490231e+005 1.72931789111433e+006 6.18845144268304e+000 7.50019772934195e-001 -1.56542590792566e+000 1.45046168392416e+002 5.23758893927899e-005 2560121 224
1.64302304286759e+005 1.72934493778599e+006 9.47240758355373e-002 4.38138809319907e-001 1.49438131458480e+000 1.46653081228008e+002 5.26042996950594e-005 2590441 225
1.64304151469226e+005 1.72936085796419e+006 9.47242676047430e-002 5.57124764753326e-001 1.54174437681204e+000 1.46736902085301e+002 5.27392742713505e-005 2592675 226
1.64303914784452e+005 1.72934788314659e+006 9.47248384118153e-002 2.12540950170785e-001 8.44625296945097e-001 1.48916643387640e+002 5.35804704710421e-005 2626342 227
1.64307607328719e+005 1.72931666181606e+006 6.18845134546544e+000 8.47549244600932e-001 -1.55631762672811e+000 1.49887939169605e+002 5.36341146127652e-005 2640385 228
1.64300605651404e+005 1.72933036917936e+006 9.47238956028528e-002 2.36740450328094e-001 4.82882718436232e-001 1.50010175317788e+002 5.40461760219184e-005 2643317 229
1.64298518531996e+005 1.72931398088706e+006 9.47235918091236e-002 2.12297126491618e-001 7.95440578478347e-001 1.50818459015150e+002 5.48516592442764e-005 2661966 230
1.64303030412793e+005 1.72935229658702e+006 9.47240912960906e-002 6.97871983552386e-001 1.56945272698141e+000 1.51158831996360e+002 5.49339258582277e-005 2667620 231
1.64304266679932e+005 1.72935210282848e+006 9.47248103235252e-002 6.61603211276318e-001 1.56398775826289e+000 1.52097566286953e+002 5.50264395257923e-005 2681078 232
1.64300307734195e+005 1.72932729755551e+006 9.47238921140831e-002 4.06807466546967e-001 1.47434309595019e+000 1.52295189418452e+002 5.52948823323658e-005 2684134 233
1.64305425726079e+005 1.72935674845479e+006 9.47252216029636e-002 5.01197708344431e-001 1.52371956770531e+000 1.52611437590482e+002 5.54651096680429e-005 2691917 234
1.64307452349613e+005 1.72931479784496e+006 6.18845133278730e+000 7.17042620326879e-001 -1.56935685033723e+000 1.53424716287746e+002 5.55426149515947e-005 2709736 235
1.64309435427292e+005 1.72934539788779e+006 6.18845186249971e+000 8.61264326554066e-001 -1.55545473693045e+000 1.55184700823121e+002 5.55943970175525e-005 2738692 236
1.64299434181555e+005 1.72932391330927e+006 9.47235757574062e-002 6.57061995251836e-001 1.56341249839778e+000 1.55723243162338e+002 5.56883228146552e-005 2746570 237
1.64301015836871e+005 1.72933725037226e+006 9.47237560086898e-002 3.85198592980806e-001 1.45727705328532e+000 1.59345520757124e+002 5.59904710386593e-005 2806381 238
1.64308572277409e+005 1.72934025710092e+006 6.18845207723967e+000 7.74676442489941e-001 -1.56293311517685e+000 1.62161377893939e+002 5.60558521802316e-005 2854669 239
1.64300605785848e+005 1.72933262018769e+006 9.47237731175250e-002 3.86966314654765e-001 1.45881107959227e+000 1.62306872382861e+002 5.63550241156859e-005 2856180 240
1.64305277275377e+005 1.72935607380677e+006 9.47251732623898e-002 4.89463693784527e-001 1.51911748878445e+000 1.62534668153273e+002 5.65343179839441e-005 2860881 241
1.64305622193796e+005 1.72936186807266e+006 9.47250554427901e-002 2.13333377128078e-001 8.80387285225990e-001 1.63355740072791e+002 5.73946133260407e-005 2876001 242
1.64309511403460e+005 1.72934231372229e+006 6.18845165102680e+000 8.12316722961323e-001 -1.55938567934202e+000 1.66299684705804e+002 5.74535121405779e-005 2936743 243
1.64304331391509e+005 1.72935742967980e+006 9.47245573744404e-002 2.87608165394277e-001 1.31892705572680e+000 1.66428945472208e+002 5.80135849043927e-005 2938417 244
1.64309112670739e+005 1.72934018046654e+006 6.18845176337736e+000 8.03600026431108e-001 -1.56015269249550e+000 1.66440878592194e+002 5.80738989167819e-005 2939346 245
1.64309543185903e+005 1.72934039512706e+006 6.18845152834526e+000 8.64769291942090e-001 -1.55516710699789e+000 1.66964993249335e+002 5.81252201494015e-005 2949221 246
1.64310269086745e+005 1.72935649511799e+006 6.18845198898694e+000 8.46970163362910e-001 -1.55660525666066e+000 1.67521953436442e+002 5.81789452351353e-005 2957781 247
1.64310440834048e+005 1.72936045749211e+006 6.18845210631104e+000 7.24570676421155e-001 -1.56868571382794e+000 1.67714777753591e+002 5.82546899034706e-005 2961780 248
1.64308549190613e+005 1.72933675505594e+006 6.18845189978425e+000 8.56692632569688e-001 -1.55574236686300e+000 1.68390234684399e+002 5.83070820765140e-005 2974303 249
1.64308894908247e+005 1.72935037158169e+006 6.18845244307527e+000 9.28498706084323e-001 -1.55104441129795e+000 1.69327617103218e+002 5.83509681883242e-005 2989654 250
1.64299349530175e+005 1.72932271152513e+006 9.47235926793261e-002 6.02110233559608e-001 1.55296194418165e+000 1.69350260024143e+002 5.84647766111585e-005 2990396 251
1.64299855447016e+005 1.72932195048679e+006 9.47239240513205e-002 3.27412381018264e-001 1.39256031846065e+000 1.69948008892312e+002 5.88927199707991e-005 2999402 252
1.64302419386152e+005 1.72934216605459e+006 9.47242927109083e-002 2.44847587660392e-001 1.17789251213111e+000 1.70397290068306e+002 5.96539893742880e-005 3003175 253
1.64307328816072e+005 1.72931200229004e+006 6.18845125136216e+000 9.63883617523411e-001 -1.54883924848170e+000 1.71344719255307e+002 5.96944071006099e-005 3021998 254
1.64309388713003e+005 1.72935510777979e+006 6.18845241796906e+000 7.66264525558685e-001 -1.56389188161870e+000 1.71580002058891e+002 5.97613781583418e-005 3025716 255
1.64299869580000e+005 1.72932561884883e+006 9.47237324157621e-002 4.17444274550621e-001 1.48172559755242e+000 1.71822637352986e+002 6.00151765899438e-005 3031380 256
1.64307794697695e+005 1.72935093459827e+006 6.18845310423794e+000 9.33466613547348e-001 -1.55075678136540e+000 1.72246462781181e+002 6.00585502577480e-005 3039788 257
1.64298567809923e+005 1.72931461930957e+006 9.47235852889178e-002 6.13234688921596e-001 1.55535886028626e+000 1.74054720079036e+002 6.01678703961450e-005 3072000 258
1.64305299089550e+005 1.72935576457245e+006 9.47252026007063e-002 2.16503084957246e-001 6.66390615405743e-001 1.75548085170485e+002 6.08356075836603e-005 3101964 259
1.64307410185800e+005 1.72931357475806e+006 6.18845129035258e+000 8.71809700678032e-001 -1.55449597048860e+000 1.76025847945188e+002 6.08860208993369e-005 3113038 260
1.64310159315360e+005 1.72934321028998e+006 6.18845132853903e+000 8.52151416545206e-001 -1.55612587343974e+000 1.76060931990152e+002 6.09390295883155e-005 3113729 261
1.64298788209547e+005 1.72931583357081e+006 9.47236454835796e-002 4.10342909894887e-001 1.47693176534318e+000 1.76121863913550e+002 6.12024754834684e-005 3114384 262
1.64308504485255e+005 1.72932506405894e+006 6.18845128882497e+000 7.38681971852936e-001 -1.56676818094424e+000 1.77099064158287e+002 6.12750728173118e-005 3128396 263
1.64306146046150e+005 1.72935591088315e+006 9.47256800056638e-002 2.50120274722375e-001 1.20157404324473e+000 1.77695259481864e+002 6.20084077888938e-005 3138705 264
1.64303809516361e+005 1.72935172063283e+006 9.47245691426468e-002 2.19886138505686e-001 9.98699064149907e-001 1.78299537604185e+002 6.28861586608283e-005 3151888 265
1.64299875664407e+005 1.72932597687740e+006 9.47237164087594e-002 4.75718133871496e-001 1.51346076677755e+000 1.78556052418118e+002 6.30769888610615e-005 3154613 266
1.64307439580165e+005 1.72931423659825e+006 6.18845130954487e+000 8.27098533510813e-001 -1.55794752967925e+000 1.79889744788015e+002 6.31335956985703e-005 3174638 267
1.64305749658480e+005 1.72935632282531e+006 9.47254304156710e-002 4.65081325867843e-001 1.50837930463576e+000 1.80285491209364e+002 6.33340985622582e-005 3183453 268
1.64299058767502e+005 1.72931768167322e+006 9.47236999119158e-002 6.33441576332548e-001 1.55928980269784e+000 1.80824558595629e+002 6.34358984971344e-005 3193039 269
1.64298590196718e+005 1.72931434552210e+006 9.47236130258104e-002 3.24791276467221e-001 1.38872525269326e+000 1.81376400954844e+002 6.38711723512100e-005 3203020 270
1.64307996879471e+005 1.72932665210444e+006 6.18845166619704e+000 8.79764448210851e-001 -1.55401658726768e+000 1.82230773627967e+002 6.39205878808250e-005 3216056 271
1.64306336890909e+005 1.72935659308287e+006 9.47257522299083e-002 3.21895870277114e-001 1.38402729712821e+000 1.85031686480078e+002 6.43641328690223e-005 3269614 272
1.64309537367202e+005 1.72936116423934e+006 9.47273374530015e-002 2.84438457565108e-001 1.31135280083621e+000 1.86220234511538e+002 6.49368933400254e-005 3286026 273
1.64300618484367e+005 1.72933011436328e+006 9.47239168314254e-002 5.80166102434593e-001 1.54788048203986e+000 1.86929982138602e+002 6.50603747220395e-005 3295594 274
1.64300934505554e+005 1.72933238427870e+006 9.47239743465112e-002 6.47796695443495e-001 1.56178259544664e+000 1.87331885674787e+002 6.51572800932356e-005 3300917 275
1.64301763236760e+005 1.72934506206302e+006 9.47237590036839e-002 4.94797336766302e-001 1.52132265160070e+000 1.87865043456944e+002 6.53323690684426e-005 3309558 276
1.64302631628171e+005 1.72934536689197e+006 9.47242400647899e-002 3.02999535141684e-001 1.35152511474960e+000 1.88013024554749e+002 6.58356763538535e-005 3310554 277
1.64301186082375e+005 1.72934212819106e+006 9.47235879887706e-002 5.35973060585602e-001 1.53570414822840e+000 1.88092399775888e+002 6.59826192908583e-005 3311269 278
1.64301628697353e+005 1.72933735401295e+006 9.47241015857549e-002 6.39323822592448e-001 1.56024856913968e+000 1.88886869668724e+002 6.60823710544784e-005 3326192 279
1.64302654041376e+005 1.72933910948251e+006 9.47245936113058e-002 6.50814013473185e-001 1.56226197866756e+000 1.89779268694804e+002 6.61782911732439e-005 3341469 280
1.64309528234060e+005 1.72934291412144e+006 6.18845167407322e+000 9.78726383992693e-001 -1.54826398861660e+000 1.90466362749233e+002 6.62173721659689e-005 3353747 281
1.64301823472456e+005 1.72933670030732e+006 9.47242488009335e-002 4.71816955004827e-001 1.51163911053804e+000 1.92856348417319e+002 6.64116702562066e-005 3394262 282
1.64300239450052e+005 1.72932874466153e+006 9.47237741895281e-002 2.14156282045266e-001 9.05027582781457e-001 1.93410728377548e+002 6.72818113890851e-005 3403671 283
1.64300493701556e+005 1.72933214988158e+006 9.47237344907964e-002 7.04668568609162e-001 1.57050737006745e+000 1.93866367394799e+002 6.73623425380528e-005 3412800 284
1.64308520426695e+005 1.72935655545220e+006 6.18845299438798e+000 7.22833432707091e-001 -1.56887746711631e+000 1.95107508681793e+002 6.74384883085785e-005 3427038 285
1.64311175376757e+005 1.72935311761443e+006 6.18845128570931e+000 8.27647136788938e-001 -1.55813928296762e+000 1.95124851387746e+002 6.74950127694911e-005 3427722 286
1.64299797052328e+005 1.72932724775178e+006 9.47236021608748e-002 2.12693339970265e-001 8.54788221228675e-001 1.96096962309691e+002 6.83424200532551e-005 3445031 287
1.64299833982864e+005 1.72932817877448e+006 9.47235726331771e-002 6.15520535913785e-001 1.55574236686300e+000 1.96201034957347e+002 6.84508496590201e-005 3446414 288
1.64299213910037e+005 1.72931938173019e+006 9.47236962576002e-002 6.73611527475285e-001 1.56609704443495e+000 1.96833402512309e+002 6.85397748846501e-005 3459039 289
1.64307954670650e+005 1.72932796028843e+006 6.18845176161750e+000 9.67540972710914e-001 -1.54874337183752e+000 1.96927985407680e+002 6.85798571700931e-005 3461970 290
1.64307408715825e+005 1.72931354244713e+006 6.18845128943564e+000 9.73270829171335e-001 -1.54835986526078e+000 1.97149450365546e+002 6.86194218101726e-005 3466074 291
1.64309085781905e+005 1.72933208919579e+006 6.18845133821525e+000 8.55046822735312e-001 -1.55583824350719e+000 1.98093651739222e+002 6.86720361750942e-005 3480690 292
1.64308395375872e+005 1.72934036141891e+006 6.18845218429882e+000 9.17892376040566e-001 -1.55161967116306e+000 1.98247514566372e+002 6.87170461693106e-005 3484209 293
1.64307899633374e+005 1.72931986434143e+006 6.18845135232930e+000 7.91957445750891e-001 -1.56111145893735e+000 1.98523582603508e+002 6.87793287020059e-005 3487778 294
1.64301327448540e+005 1.72934158123137e+006 9.47236987836333e-002 4.84373874481919e-001 1.51710407925657e+000 1.98699360800412e+002 6.89627741017271e-005 3490197 295
1.64302494289105e+005 1.72934744100997e+006 9.47240484280104e-002 2.75538893275518e-001 1.28843828287606e+000 2.00738912214216e+002 6.95731269079644e-005 3530654 296
1.64308184243854e+005 1.72932510396176e+006 6.18845147452381e+000 8.38466812551967e-001 -1.55708463988159e+000 2.00911322918469e+002 6.96280583420135e-005 3534152 297
1.64302588698234e+005 1.72935115927173e+006 9.47239000826623e-002 4.05039744873008e-001 1.45013424329356e-001 2.01023974998019e+002 6.96674061825143e-005 3538111 298
1.64301803123751e+005 1.72934151066123e+006 9.47239752268133e-002 4.65690885065760e-001 1.50876281121250e+000 2.02212683418919e+002 6.98673368972621e-005 3560778 299
1.64299671588873e+005 1.72932342604099e+006 9.47237383433749e-002 4.41460906948555e-001 1.49639472411267e+000 2.02410143564076e+002 7.00920169883657e-005 3563340 300
