2.25561347702609e+005 1.72243888820291e+006 1.30213654322288e-001 3.46400150033382e-001 1.35545605716117e+000 7.33318840330209e-001 3.75241367885509e-007 13899 1
2.25558212244246e+005 1.72241817181124e+006 1.30213413134190e-001 5.56972374953847e-001 1.53100619266335e+000 1.30888549699110e+000 5.10247272320165e-007 22220 2
2.25565543740272e+005 1.72242081167170e+006 6.15296259944813e+000 7.30696746360222e-001 -1.56657642765587e+000 2.41498097018787e+000 5.84601393662342e-007 40941 3
2.25561442377140e+005 1.72243291812898e+006 1.30214154606391e-001 2.46828655053623e-001 8.34078866084780e-001 3.79338304975337e+000 1.18424035476560e-006 61414 4
2.25557344859533e+005 1.72242065030393e+006 1.30212732778870e-001 6.53831331502875e-001 1.55986506256294e+000 4.61392761462724e+000 1.27918711376721e-006 74345 5
2.25553476286621e+005 1.72239540732803e+006 1.30212411469683e-001 3.17293698332840e-001 1.29457438810388e+000 5.23612470007750e+000 1.72744962039840e-006 88216 6
2.25556556922979e+005 1.72241839827460e+006 1.30212451364819e-001 4.70414968849617e-001 1.48824520935697e+000 5.56701959086187e+000 1.92269947904475e-006 92844 7
2.25562320865393e+005 1.72243860579605e+006 1.30214230896780e-001 6.83242562802375e-001 1.56619292107913e+000 5.86628214141973e+000 2.00889035295505e-006 97563 8
2.25565345600250e+005 1.72243980878549e+006 6.15296413255535e+000 7.93847079264434e-001 -1.55737226981414e+000 7.05340133703173e+000 2.07084451529973e-006 120363 9
2.25555612501963e+005 1.72240653684654e+006 1.30212798906442e-001 5.67761572756979e-001 1.53503301171911e+000 7.18768438686033e+000 2.20029023997539e-006 123498 10
2.25562688661951e+005 1.72244248699877e+006 1.30214150720582e-001 6.80987193770082e-001 1.56571353785821e+000 9.27467413334246e+000 2.28711016484875e-006 152392 11
2.25557438881853e+005 1.72242223563231e+006 1.30212667947312e-001 4.39053148116782e-001 1.69941351817377e-001 1.09395783465108e+001 2.32567573250350e-006 174942 12
2.25566049514075e+005 1.72242347330758e+006 6.15296250971444e+000 8.85372392831688e-001 -1.54720934553056e+000 1.10903987464276e+001 2.37439858735503e-006 177031 13
2.25555642960974e+005 1.72241002131741e+006 1.30212555836613e-001 4.86293985955358e-001 1.49792875041963e+000 1.17000391951955e+001 2.55603340930573e-006 188404 14
2.25555303381385e+005 1.72240826773379e+006 1.30212493082576e-001 2.64140136274468e-001 5.54502571642201e-001 1.19731220753753e+001 2.92323984197301e-006 193819 15
2.25560716175819e+005 1.72243711516653e+006 1.30213426385594e-001 6.82267268085708e-001 1.56600116779077e+000 1.60059400735155e+001 3.00970193039665e-006 265583 16
2.25560165794767e+005 1.72243204445086e+006 1.30213491256259e-001 6.15368146114305e-001 1.54998976821192e+000 1.71089533790526e+001 3.11817942748595e-006 283398 17
2.25559424860824e+005 1.72242702779823e+006 1.30213443321007e-001 2.88735849910424e-001 1.20646375209815e+000 1.72244489152656e+001 3.65390725126508e-006 285992 18
2.25559456958732e+005 1.72243497256410e+006 1.30212867795999e-001 3.75415167854236e-001 2.35616853083895e-001 1.87274461513473e+001 3.72903238498669e-006 312778 19
2.25553617735689e+005 1.72239616170345e+006 1.30212435820535e-001 2.64963041191656e-001 1.08709733008820e+000 1.96074626648801e+001 4.34223507318277e-006 325185 20
2.25565268181133e+005 1.72242711222372e+006 6.15296322769611e+000 8.23867869761852e-001 -1.55363308069094e+000 1.97933420487014e+001 4.39932770713181e-006 327311 21
2.25555931655156e+005 1.72241004348223e+006 1.30212718964583e-001 3.35763342029728e-001 1.33560959181494e+000 2.07380077604709e+001 4.79939594225806e-006 344093 22
2.25557930853841e+005 1.72241807410006e+006 1.30213259822852e-001 3.73738880059964e-001 1.39792941053499e+000 2.11996019729671e+001 5.11954991536508e-006 352934 23
2.25557443319473e+005 1.72242287611779e+006 1.30212622605947e-001 5.54016012843949e-001 1.52985567293313e+000 2.13136529955578e+001 5.25613948161035e-006 355228 24
2.25553431740853e+005 1.72239479229400e+006 1.30212432015579e-001 5.11712604508501e-001 1.51154323389386e+000 2.21458307549814e+001 5.41866082636582e-006 371820 25
2.25559057922951e+005 1.72243183768321e+006 1.30212874353692e-001 2.48474464887999e-001 9.03397679830317e-001 2.54389108907124e+001 6.04530461718092e-006 431844 26
2.25554638731583e+005 1.72240224784818e+006 1.30212563675760e-001 2.62463848480196e-001 5.66583028809473e-001 2.60686091694205e+001 6.42492682070978e-006 442284 27
2.25553432710284e+005 1.72239505293167e+006 1.30212413086788e-001 5.13084112703815e-001 1.51221437040315e+000 2.76024709262365e+001 6.58650034726053e-006 467371 28
2.25553361259099e+005 1.72239445631387e+006 1.30212416898538e-001 6.10369760691385e-001 1.54874337183752e+000 2.79544007951357e+001 6.69693883710947e-006 473982 29
2.25563340165960e+005 1.72240573093535e+006 6.15296272994570e+000 9.96982681970310e-001 -1.53838869426557e+000 2.89818319835179e+001 6.73445253207914e-006 491703 30
2.25553673659424e+005 1.72239676576939e+006 1.30212422589015e-001 2.65267820790615e-001 5.46736563463240e-001 2.99093044934713e+001 7.09366083980215e-006 507349 31
2.25560966976814e+005 1.72243083310347e+006 1.30214039104634e-001 3.54202507766721e-001 1.36878291070284e+000 3.07723836456407e+001 7.45196719765641e-006 521065 32
2.25554069813605e+005 1.72239886828070e+006 1.30212491554564e-001 5.66329108641874e-001 1.53455362849818e+000 3.13191126148283e+001 7.58213208780232e-006 530184 33
2.25561244929132e+005 1.72243767395659e+006 1.30213686421873e-001 6.70868511084658e-001 1.56360425168615e+000 3.18030575408638e+001 7.67185785189650e-006 536335 34
2.25563744397167e+005 1.72241382910373e+006 6.15296310455114e+000 7.65045407162851e-001 -1.56120733558153e+000 3.37539437239721e+001 7.73906243026745e-006 564672 35
2.25559628807966e+005 1.72244131211414e+006 1.30212492027199e-001 4.50421427157936e-001 1.47443897259438e+000 3.44538455424995e+001 7.95362280456004e-006 581869 36
2.25559502092069e+005 1.72243960966745e+006 1.30212546951061e-001 6.41000110386720e-001 1.55670113330485e+000 3.51975140453285e+001 8.05279723658897e-006 596476 37
2.25559707793055e+005 1.72242697845105e+006 1.30213608503793e-001 5.18173932006423e-001 1.51451540986358e+000 3.58696209276711e+001 8.21092068390354e-006 607023 38
2.25558296658629e+005 1.72241890126905e+006 1.30213406791958e-001 6.29327051746607e-001 1.55382483397931e+000 3.59593002659425e+001 8.31418257288257e-006 608519 39
2.25564493765061e+005 1.72241714596287e+006 6.15296292475279e+000 8.74004113790534e-001 -1.54826398861660e+000 3.75066369180759e+001 8.36431177465165e-006 633939 40
2.25562353954750e+005 1.72243881066833e+006 1.30214234470037e-001 2.70296684173431e-001 1.12017477233192e+000 3.83421588286990e+001 8.96108430101038e-006 645689 41
2.25562313121682e+005 1.72239385821802e+006 6.15296242868609e+000 7.76596553963380e-001 -1.55948155598621e+000 3.86735052237347e+001 9.02610818151278e-006 651605 42
2.25555638018120e+005 1.72241038486102e+006 1.30212525841329e-001 3.17202264453153e-001 3.41560544907987e-001 3.93429881919241e+001 9.18227224503230e-006 659590 43
2.25566207718064e+005 1.72244221818471e+006 1.30216179428737e-001 8.18138013301431e-001 4.84656436353648e-002 4.00924018115775e+001 9.18508140316655e-006 674593 44
2.25565571943386e+005 1.72242350843996e+006 6.15296278493230e+000 9.96738858291144e-001 -1.53848457090976e+000 4.02651572115355e+001 9.22261540622829e-006 677287 45
2.25557857762695e+005 1.72241520116940e+006 1.30213432847632e-001 5.53680755285094e-001 1.52975979628895e+000 4.30890900384897e+001 9.35938645384571e-006 730688 46
2.25556708734846e+005 1.72241007598197e+006 1.30213160087222e-001 3.91385618839664e-001 1.42007691534165e+000 4.36769928844816e+001 9.64968737480092e-006 738864 47
2.25556155490454e+005 1.72241566527886e+006 1.30212426514026e-001 4.56395107297524e-001 1.47884929822687e+000 4.49649178532680e+001 9.85820469146893e-006 763490 48
2.25562286136140e+005 1.72243805766827e+006 1.30214252044859e-001 6.47674783603912e-001 1.55833103625599e+000 4.55552256934366e+001 9.95514660264104e-006 776340 49
2.25565542233314e+005 1.72243929971040e+006 6.15296398226816e+000 7.50385508452945e-001 -1.56350837504196e+000 4.57015431638881e+001 1.00252749164209e-005 778600 50
2.25558339351989e+005 1.72241950057745e+006 1.30213386364121e-001 4.18602437026663e-001 1.44826464873196e+000 4.85254087057824e+001 1.02766362066072e-005 826932 51
2.25559379098703e+005 1.72242533430874e+006 1.30213543784186e-001 6.98999668068533e-001 1.56935685033723e+000 4.90253891146328e+001 1.03586111096355e-005 838832 52
2.25564391750605e+005 1.72241778607581e+006 6.15296303082983e+000 8.53096233301977e-001 -1.55037327478866e+000 5.00401875935921e+001 1.04114853890987e-005 862120 53
2.25557054979183e+005 1.72241234333512e+006 1.30213188241612e-001 4.33536637375632e-001 1.46139974898526e+000 5.01029159206975e+001 1.06445465954874e-005 864672 54
2.25563691038705e+005 1.72244330228595e+006 1.30214661919154e-001 2.46981044853102e-001 7.87962200231941e-001 5.17280559889492e+001 1.12176941207030e-005 892043 55
2.25554481073250e+005 1.72240160975295e+006 1.30212521381179e-001 4.42558113504806e-001 1.46868637394330e+000 5.18922320926719e+001 1.14406033242574e-005 895345 56
2.25557511039742e+005 1.72242414218902e+006 1.30212566625105e-001 4.41582818788138e-001 1.46782348414563e+000 5.24024252079479e+001 1.16645771896073e-005 904239 57
2.25556647847858e+005 1.72241520192433e+006 1.30212742181952e-001 3.93915289511021e-001 1.42295321466720e+000 5.29786903139518e+001 1.19509163483112e-005 914767 58
2.25565355305032e+005 1.72243988814431e+006 1.30215867052061e-001 4.31677481821985e-001 1.75981580401013e-001 5.35270222369172e+001 1.19923547764311e-005 920743 59
2.25565307478090e+005 1.72243890891635e+006 6.15296408705142e+000 8.17772277782681e-001 -1.55440009384442e+000 5.38085490875990e+001 1.20503885846107e-005 925256 60
2.25558363204312e+005 1.72242618679839e+006 1.30212900202632e-001 3.65723176607354e-001 1.38661596652120e+000 5.42198097525865e+001 1.23854983220801e-005 932107 61
2.25565429923625e+005 1.72243391604110e+006 6.15296364395269e+000 7.40449693526896e-001 -1.56504240134892e+000 5.66229413889236e+001 1.24577142969378e-005 969882 62
2.25559320081227e+005 1.72243985024120e+006 1.30212425080318e-001 6.60475526760171e-001 1.56130321222571e+000 5.95342986058616e+001 1.25505737923071e-005 1020336 63
2.25559589134190e+005 1.72243463219686e+006 1.30212968681058e-001 2.75508415315622e-001 4.87388920712912e-001 5.96682291776740e+001 1.28482726041589e-005 1023150 64
2.25566693689270e+005 1.72243770450884e+006 6.15296320579756e+000 7.36396124860747e-001 -1.56571353785821e+000 6.04038786549065e+001 1.29213662789657e-005 1038257 65
2.25553363185069e+005 1.72239456237818e+006 1.30212410069784e-001 3.82333664750595e-001 1.40924285454878e+000 6.19537573317257e+001 1.32264821802216e-005 1064943 66
2.25558541051661e+005 1.72241896798291e+006 1.30213541302440e-001 2.49663105323937e-001 9.29092620471816e-001 6.58978758671164e+001 1.38589310607967e-005 1128091 67
2.25554303997205e+005 1.72239993883678e+006 1.30212545204090e-001 4.78278282502748e-001 1.49323079485458e+000 6.83244324968666e+001 1.40472636516239e-005 1169328 68
2.25562000456131e+005 1.72243286206428e+006 1.30214477340519e-001 3.70721562030275e-001 1.39371083819086e+000 6.87405430347509e+001 1.43729353075809e-005 1174221 69
2.25563785323850e+005 1.72241498889652e+006 6.15296316788463e+000 7.77968062158694e-001 -1.55938567934202e+000 6.90108421687674e+001 1.44377071917236e-005 1180586 70
2.25555498955378e+005 1.72240532958681e+006 1.30212824334567e-001 2.85931877600005e-001 1.19553381466109e+000 6.98350580639799e+001 1.49827468054923e-005 1196291 71
2.25559097517026e+005 1.72242241268702e+006 1.30213601444101e-001 4.27044831917815e-001 1.45583890362255e+000 7.00183470123458e+001 1.52235227363191e-005 1201919 72
2.25558739864323e+005 1.72243010067787e+006 1.30212822645487e-001 5.64073739609581e-001 1.53359486205634e+000 7.01732918162522e+001 1.53548307297529e-005 1204080 73
2.25554724679273e+005 1.72240306119129e+006 1.30212551938800e-001 6.29418485626295e-001 1.55392071062349e+000 7.09913242791702e+001 1.54580597878701e-005 1217357 74
2.25563489148808e+005 1.72240885660204e+006 6.15296287855122e+000 9.62420675448410e-001 -1.54078561037019e+000 7.13750552167938e+001 1.54986043127528e-005 1225586 75
2.25553428970002e+005 1.72239482631524e+006 1.30212427890962e-001 4.20034901141769e-001 1.44970279839473e+000 7.14356812739202e+001 1.57481274838724e-005 1227017 76
2.25556638749922e+005 1.72241635375234e+006 1.30212650892971e-001 4.60265808204298e-001 1.48153384426405e+000 7.26022640214824e+001 1.59528563297518e-005 1249211 77
2.25556362439734e+005 1.72241174824797e+006 1.30212837426485e-001 4.30671709145422e-001 1.45900283288064e+000 7.32407586685096e+001 1.61892790481695e-005 1256363 78
2.25558253780966e+005 1.72241861562022e+006 1.30213403669335e-001 5.86810297691889e-001 1.54145674687948e+000 7.34382486379767e+001 1.63096852194184e-005 1260061 79
2.25555569791067e+005 1.72240652553853e+006 1.30212775372543e-001 3.81388847993824e-001 1.40799645817438e+000 7.49158976757276e+001 1.66164039418316e-005 1286931 80
2.25564055775555e+005 1.72243620833411e+006 6.15296459964001e+000 8.42154645699365e-001 -1.55161967116306e+000 7.50479236320904e+001 1.66708026727064e-005 1289609 81
2.25559416921774e+005 1.72243476128279e+006 1.30212860736036e-001 5.88821843045016e-001 1.54203200674459e+000 7.53752989990253e+001 1.67903077612587e-005 1296010 82
2.25562403535999e+005 1.72239482352346e+006 6.15296244923523e+000 9.73636564690085e-001 -1.53992272057253e+000 7.63077986742425e+001 1.68298308206970e-005 1315132 83
2.25558547098724e+005 1.72243059712944e+006 1.30212675509375e-001 5.99854864527315e-001 1.54548356593524e+000 7.66987886769907e+001 1.69445642404340e-005 1323620 84
2.25559711701989e+005 1.72242414649354e+006 1.30213822416368e-001 3.66972772963084e-001 1.38843762276070e+000 7.73609359244304e+001 1.72772810105724e-005 1336021 85
2.25558243421120e+005 1.72242985073032e+006 1.30212557965000e-001 5.84311104980429e-001 1.54059385708182e+000 7.78686023696650e+001 1.73988199595480e-005 1345891 86
2.25562868403875e+005 1.72243937368828e+006 1.30214486024977e-001 4.34969101490738e-001 1.46245439207129e+000 7.85354657007578e+001 1.76302226090035e-005 1360833 87
2.25560439392248e+005 1.72244129677555e+006 1.30212955841448e-001 4.00010881490192e-001 1.42956870311594e+000 7.91518832193248e+001 1.79073166547033e-005 1370610 88
2.25555006425817e+005 1.72240302153592e+006 1.30212715722670e-001 2.48443986928103e-001 9.03110049897763e-001 7.97906336234869e+001 1.85339874804935e-005 1378076 89
2.25560916326974e+005 1.72243327605591e+006 1.30213827590516e-001 6.91258266254985e-001 1.56782282403027e+000 8.04364408238561e+001 1.86179953617210e-005 1389852 90
2.25562159094365e+005 1.72243822737916e+006 1.30214166846067e-001 4.11562028290721e-001 1.44145740699484e+000 8.09577330328054e+001 1.88786889223341e-005 1398609 91
2.25565345427594e+005 1.72241898147031e+006 6.15296257583590e+000 9.47577908979129e-001 -1.54193613010041e+000 8.31414624598477e+001 1.89206452013398e-005 1432405 92
2.25562581850472e+005 1.72239646685300e+006 6.15296247029402e+000 8.00582708401418e-001 -1.55631762672811e+000 8.37409951428435e+001 1.89814575139403e-005 1441934 93
2.25562304176150e+005 1.72244260868628e+006 1.30213922167092e-001 6.19696016419517e-001 1.55114028794214e+000 8.44805362677760e+001 1.90882777768250e-005 1453777 94
2.25556122978400e+005 1.72240944505104e+006 1.30212872901906e-001 2.48443986928103e-001 7.32833129825739e-001 8.49766359874477e+001 1.96221532111148e-005 1461161 95
2.25562818844259e+005 1.72243799942434e+006 1.30214560459627e-001 2.55545351583837e-001 1.00857435850093e+000 8.51695693277341e+001 2.02567660145184e-005 1463973 96
2.25553449404490e+005 1.72239489541289e+006 1.30212434390026e-001 4.43137194742827e-001 1.46916575716422e+000 8.52945901732571e+001 2.04790457694586e-005 1465970 97
2.25559997292112e+005 1.72243461190258e+006 1.30213203168482e-001 5.18448233645485e-001 1.51461128650777e+000 8.55348099198049e+001 2.06369860750182e-005 1470166 98
2.25563206247119e+005 1.72240979236913e+006 6.15296310997804e+000 8.80648309047830e-001 -1.54759285210730e+000 8.55786498720638e+001 2.06862862271527e-005 1471948 99
2.25560513188127e+005 1.72243230849375e+006 1.30213669807080e-001 6.34386393089319e-001 1.55507123035371e+000 8.64740418062533e+001 2.07877470794121e-005 1489619 100
2.25553862795851e+005 1.72239830195348e+006 1.30212415721143e-001 3.72123548185484e-001 1.39582012436293e+000 8.66243084313397e+001 2.11108466843568e-005 1492383 101
2.25560541110716e+005 1.72242687430367e+006 1.30214091935944e-001 2.76117974513540e-001 1.15143055833613e+000 8.77858447254833e+001 2.16886212023951e-005 1508757 102
2.25554566486921e+005 1.72240355783834e+006 1.30212424520090e-001 5.00862450785577e-001 1.50598238853114e+000 8.90463116979550e+001 2.18589300496938e-005 1532888 103
2.25556762473326e+005 1.72241690024443e+006 1.30212680664461e-001 3.62462034898498e-001 1.38182213431196e+000 8.90747779186319e+001 2.22003995695350e-005 1534036 104
2.25553342840085e+005 1.72239441990206e+006 1.30212409106701e-001 3.03974829858351e-001 1.25823713995788e+000 8.92204382378232e+001 2.26876131902584e-005 1538768 105
2.25556687242271e+005 1.72241325734883e+006 1.30212910019875e-001 3.84802379502160e-001 1.41221503051851e+000 9.03153212403626e+001 2.29885835859324e-005 1555598 106
2.25559914567224e+005 1.72244210271163e+006 1.30212596039685e-001 4.49385176521477e-001 1.47367195944090e+000 9.12050439800194e+001 2.32042178898505e-005 1571744 107
2.25567225092963e+005 1.72243246024673e+006 6.15296251047785e+000 7.57791652707637e-001 -1.56235785531175e+000 9.15447152751090e+001 2.32728465680090e-005 1577887 108
2.25559649548748e+005 1.72242568476760e+006 1.30213671958000e-001 6.77847963900809e-001 1.56513827799310e+000 9.16646288375415e+001 2.33605532520691e-005 1579392 109
2.25557003965811e+005 1.72241962855268e+006 1.30212614572999e-001 5.70900802626253e-001 1.53608765480514e+000 9.19806005316494e+001 2.34884429638257e-005 1584790 110
2.25563021700848e+005 1.72240048891801e+006 6.15296251988106e+000 8.34626589605089e-001 -1.55229080767235e+000 9.38230359871961e+001 2.35439276905265e-005 1616165 111
2.25562426490655e+005 1.72239500667010e+006 6.15296244982314e+000 9.98293234245832e-001 -1.53829281762139e+000 9.67661203097494e+001 2.35813330094253e-005 1674088 112
2.25562096164169e+005 1.72243700543883e+006 1.30214222263043e-001 5.77514519923653e-001 1.53829281762139e+000 9.71869535437170e+001 2.37060319735085e-005 1684740 113
2.25558396488460e+005 1.72242092216796e+006 1.30213312716839e-001 5.57764801911139e-001 1.53129382259590e+000 9.78768458217556e+001 2.38406178012047e-005 1695236 114
2.25564500853955e+005 1.72242448515618e+006 6.15296346930622e+000 8.25422245716541e-001 -1.55344132740257e+000 9.86162000953199e+001 2.38974739861286e-005 1707877 115
2.25566744781511e+005 1.72243832846637e+006 6.15296322327488e+000 8.10579479247259e-001 -1.55526298364208e+000 9.88108168380735e+001 2.39566475828112e-005 1711045 116
2.25563873397864e+005 1.72242325166207e+006 6.15296373524839e+000 7.33653108470120e-001 -1.56609704443495e+000 9.89290295507853e+001 2.40303439742068e-005 1711919 117
2.25560097889102e+005 1.72244319825126e+006 1.30212618789400e-001 4.87055934952754e-001 1.49821638035218e+000 1.01440222098891e+002 2.42113580480207e-005 1755058 118
2.25565546873449e+005 1.72244250845185e+006 6.15296421946646e+000 7.79552916073278e-001 -1.55928980269784e+000 1.02977742447168e+002 2.42758405117525e-005 1775522 119
2.25564786584403e+005 1.72242964954748e+006 6.15296369224715e+000 7.55780107354511e-001 -1.56264548524430e+000 1.04950502218197e+002 2.43448718452571e-005 1816058 120
2.25558834500630e+005 1.72243548306516e+006 1.30212474348119e-001 4.25795235562085e-001 1.45468838389233e+000 1.05036336535950e+002 2.45871727104658e-005 1818786 121
2.25554875282930e+005 1.72240424245569e+006 1.30212549605924e-001 3.04797734775539e-001 1.26063405606250e+000 1.05624981369806e+002 2.50718708916746e-005 1830997 122
2.25556289603913e+005 1.72240979179228e+006 1.30212942092585e-001 3.97237387139669e-001 1.42669240379040e+000 1.06399883000520e+002 2.53531227998907e-005 1847297 123
2.25557128397359e+005 1.72241765180353e+006 1.30212833353661e-001 5.51486342172593e-001 1.52889690649129e+000 1.07467388939734e+002 2.54910890601856e-005 1863725 124
2.25558341884255e+005 1.72241734597482e+006 1.30213548860782e-001 4.39114104036574e-001 1.46590595126194e+000 1.09521205486596e+002 2.57177971399572e-005 1893486 125
2.25562582695602e+005 1.72243859719833e+006 1.30214380987847e-001 6.58768761006003e-001 1.56091970564898e+000 1.09742530811592e+002 2.58111863967778e-005 1897470 126
2.25562818453270e+005 1.72239827399688e+006 6.15296247032724e+000 8.02167562316003e-001 -1.55612587343974e+000 1.11575728804471e+002 2.58717345283872e-005 1929896 127
2.25553904783225e+005 1.72239809447721e+006 1.30212455195829e-001 4.07904673103218e-001 1.43800584780419e+000 1.14049046584265e+002 2.61374771808947e-005 1974150 128
2.25556183211813e+005 1.72240791202991e+006 1.30213021872541e-001 4.78339238422540e-001 1.49323079485458e+000 1.15922404561328e+002 2.63257569764737e-005 2003557 129
2.25565484498724e+005 1.72242949266280e+006 6.15296328216025e+000 7.52610399525342e-001 -1.56312486846522e+000 1.17265889619140e+002 2.63954298049553e-005 2023842 130
2.25557191429308e+005 1.72242272358339e+006 1.30212490231232e-001 6.50600667753914e-001 1.55909804940947e+000 1.17856860175159e+002 2.64914160642373e-005 2035588 131
2.25565705071632e+005 1.72243317411541e+006 6.15296343144444e+000 9.85827748648427e-001 -1.53925158406323e+000 1.19016281399943e+002 2.65298710183488e-005 2059207 132
2.25559796679807e+005 1.72242543444492e+006 1.30213774649622e-001 6.44657465574222e-001 1.55765989974670e+000 1.23362862745405e+002 2.66278131123570e-005 2135321 133
2.25562627071174e+005 1.72239605611575e+006 6.15296241377923e+000 7.32342556194598e-001 -1.56619292107913e+000 1.23602037346325e+002 2.67017999892332e-005 2138961 134
2.25562821639943e+005 1.72239788448805e+006 6.15296243939223e+000 9.03141043450972e-001 -1.54548356593524e+000 1.24829432678565e+002 2.67484368458830e-005 2163799 135
2.25555266668789e+005 1.72240568971596e+006 1.30212664827742e-001 3.21956826196906e-001 1.30579195547349e+000 1.26415986555983e+002 2.71838928847741e-005 2188149 136
2.25554754152835e+005 1.72240349093259e+006 1.30212536640011e-001 4.66757613662115e-001 1.48594416989654e+000 1.26910656275436e+002 2.73824860396233e-005 2197665 137
2.25555944939032e+005 1.72240761675646e+006 1.30212907938861e-001 4.79924092337124e-001 1.49418956129643e+000 1.27197175763330e+002 2.75694145227062e-005 2201331 138
2.25558471408578e+005 1.72242699135980e+006 1.30212901825862e-001 3.85168115020910e-001 1.41259853709525e+000 1.28482672512389e+002 2.78697749463607e-005 2230208 139
2.25558877783826e+005 1.72243022413989e+006 1.30212892139726e-001 5.62245062015830e-001 1.53292372554704e+000 1.29010695788902e+002 2.80020210022832e-005 2237864 140
2.25564946118672e+005 1.72243791952066e+006 6.15296421935406e+000 9.22067856546298e-001 -1.54404541627247e+000 1.29876210586912e+002 2.80465760528601e-005 2252960 141
2.25557188373570e+005 1.72242259497533e+006 1.30212498100093e-001 3.79194434881322e-001 1.40512015884884e+000 1.30587970296122e+002 2.83570652817928e-005 2266596 142
2.25563471419359e+005 1.72244329243736e+006 6.15296546269948e+000 8.95704421236383e-001 -1.54634645573290e+000 1.33746207857195e+002 2.84045592538429e-005 2318321 143
2.25556802045587e+005 1.72241546215711e+006 1.30212810745027e-001 3.10314245516689e-001 1.27626194906461e+000 1.34641004945722e+002 2.88727797925276e-005 2334820 144
2.25555564126675e+005 1.72240523556407e+006 1.30212868562004e-001 2.74411208759372e-001 1.14289753700369e+000 1.35974790024508e+002 2.94562403501473e-005 2355709 145
2.25563486044493e+005 1.72241078501991e+006 6.15296302447224e+000 8.46452038044681e-001 -1.55104441129795e+000 1.36483512274424e+002 2.95100327339659e-005 2364004 146
2.25563528755614e+005 1.72241235702724e+006 6.15296311760028e+000 7.73061110615461e-001 -1.56005681585131e+000 1.37605413761254e+002 2.95757130495651e-005 2382766 147
2.25564362110329e+005 1.72241341904884e+006 6.15296272131417e+000 8.66049366257716e-001 -1.54903100177007e+000 1.38337988708007e+002 2.96268616778518e-005 2398987 148
2.25553593633935e+005 1.72239602441689e+006 1.30212432325189e-001 3.55513060042243e-001 1.37108395016327e+000 1.41166833860214e+002 2.99824351439491e-005 2449238 149
2.25555912330175e+005 1.72240799778113e+006 1.30212860845208e-001 5.23751398667364e-001 1.51719995590075e+000 1.41828022019512e+002 3.01369005370863e-005 2459911 150
2.25564602183102e+005 1.72244066046604e+006 6.15296462054644e+000 7.43649879315961e-001 -1.56456301812799e+000 1.42938325922876e+002 3.02084343758376e-005 2482403 151
2.25565069548213e+005 1.72241868833680e+006 6.15296271139339e+000 8.68213301410321e-001 -1.54883924848170e+000 1.43657463255913e+002 3.02593027479047e-005 2494871 152
2.25554484463804e+005 1.72240073497697e+006 1.30212588704063e-001 2.61823811322383e-001 1.06447044206061e+000 1.44064231178385e+002 3.08811538468349e-005 2502288 153
2.25554981103188e+005 1.72240412268333e+006 1.30212618960340e-001 6.39201910752864e-001 1.55641350337230e+000 1.44248482618613e+002 3.09809426998111e-005 2506869 154
2.25564508039021e+005 1.72241288553411e+006 6.15296259813909e+000 7.92932740467559e-001 -1.55737226981414e+000 1.45106217000500e+002 3.10430541388458e-005 2521893 155
2.25559236465045e+005 1.72243603060352e+006 1.30212662856869e-001 2.55819653222900e-001 1.01145065782647e+000 1.46609896471883e+002 3.16773156108574e-005 2544902 156
2.25561343059739e+005 1.72244089396936e+006 1.30213501747832e-001 5.55478954918950e-001 1.53033505615406e+000 1.47764372414336e+002 3.18131176718722e-005 2563579 157
2.25555851114296e+005 1.72241245454710e+006 1.30212492771646e-001 2.58532191653631e-001 5.98414074678793e-001 1.48910361299000e+002 3.22249909205272e-005 2583146 158
2.25553397210489e+005 1.72239461677588e+006 1.30212425425326e-001 3.07997920564604e-001 1.26993409054842e+000 1.48973235784274e+002 3.27000700176548e-005 2583381 159
2.25564578585969e+005 1.72244317191155e+006 1.30215178260339e-001 2.46798177093727e-001 8.07712788933989e-001 1.49621350266377e+002 3.32853200196927e-005 2598535 160
2.25568654401975e+005 1.72244238362665e+006 1.30217563585532e-001 4.02997721559985e-001 1.43273263237403e+000 1.50284229689304e+002 3.35580372687176e-005 2606608 161
2.25558575529428e+005 1.72242941491172e+006 1.30212780104037e-001 2.82152610572919e-001 1.17952241508225e+000 1.50953398509347e+002 3.41156554663637e-005 2618364 162
2.25559828077731e+005 1.72243152053984e+006 1.30213337652822e-001 5.89980005521058e-001 1.54241551332133e+000 1.51903582976343e+002 3.42346463581352e-005 2639412 163
2.25557104076889e+005 1.72241769834582e+006 1.30212815992853e-001 2.71546280529161e-001 5.08385905789361e-001 1.53236803897787e+002 3.45540914018334e-005 2661963 164
2.25557105311715e+005 1.72241376609602e+006 1.30213110623066e-001 6.88393338024775e-001 1.56734344080935e+000 1.54053770284412e+002 3.46388702391605e-005 2677272 165
2.25554640058244e+005 1.72240106729987e+006 1.30212652676397e-001 2.96233428044804e-001 1.23359684240242e+000 1.54412161257857e+002 3.51502726374534e-005 2686934 166
2.25555729829324e+005 1.72241215238426e+006 1.30212446128916e-001 3.73434100461006e-001 1.39754590395825e+000 1.55284419262427e+002 3.54709802398230e-005 2699370 167
2.25556449535280e+005 1.72241638022729e+006 1.30212540911972e-001 4.87177846792338e-001 1.49840813364055e+000 1.55303443671506e+002 3.56518971938819e-005 2699729 168
2.25560279005485e+005 1.72243172495552e+006 1.30213579756675e-001 5.86993165451264e-001 1.54145674687948e+000 1.55730161864982e+002 3.57722208574572e-005 2707442 169
2.25557455061730e+005 1.72242296510491e+006 1.30212622656790e-001 2.62189546841134e-001 5.68692314981536e-001 1.59190817196191e+002 3.61539781104053e-005 2768863 170
2.25557869330068e+005 1.72242326550545e+006 1.30212836662604e-001 5.79312719557509e-001 1.53896395413068e+000 1.59536357028780e+002 3.62778297844170e-005 2774666 171
2.25564670281367e+005 1.72243413568516e+006 6.15296409396307e+000 9.60012916616638e-001 -1.54107324030274e+000 1.59765457891616e+002 3.63185987091233e-005 2781620 172
2.25557752038505e+005 1.72242799571459e+006 1.30212416146127e-001 4.68251033697012e-001 1.48680705969420e+000 1.60721172546600e+002 3.65158154839018e-005 2796038 173
2.25554487223049e+005 1.72240195358044e+006 1.30212499191135e-001 2.54813880546337e-001 1.00109598025452e+000 1.62480741608091e+002 3.71514161064959e-005 2826529 174
2.25563308335127e+005 1.72240232350107e+006 6.15296249340759e+000 9.19020060556712e-001 -1.54414129291665e+000 1.63582674816122e+002 3.71962969916991e-005 2843565 175
2.25560758704502e+005 1.72244374393067e+006 1.30212955183734e-001 2.80232499099480e-001 1.17089351710562e+000 1.64514178934460e+002 3.77603192316236e-005 2862605 176
2.25556102385666e+005 1.72241190493055e+006 1.30212677277877e-001 2.61884767242175e-001 1.06485394863735e+000 1.64936854556399e+002 3.83819840811239e-005 2869259 177
2.25557625824695e+005 1.72242327778361e+006 1.30212696754661e-001 5.50572003375717e-001 1.52851339991455e+000 1.65528675851201e+002 3.85204526745914e-005 2883227 178
2.25554799104158e+005 1.72240336182756e+006 1.30212571948331e-001 4.26282882920419e-001 1.45526364375744e+000 1.66374358564004e+002 3.87621603368921e-005 2900878 179
2.25563810860885e+005 1.72241967565306e+006 6.15296350364053e+000 7.49196868017006e-001 -1.56360425168615e+000 1.67875342174305e+002 3.88325337095674e-005 2925171 180
2.25557979267181e+005 1.72242361217770e+006 1.30212873500783e-001 6.41487757745054e-001 1.55689288659322e+000 1.68460557934375e+002 3.89315426237107e-005 2935603 181
2.25563310744127e+005 1.72240507934966e+006 6.15296269803332e+000 8.30542542979044e-001 -1.55277019089328e+000 1.70532350244705e+002 3.89876298531166e-005 2973159 182
2.25563940765908e+005 1.72242225270082e+006 6.15296362212416e+000 8.31213058096753e-001 -1.55277019089328e+000 1.70640083186961e+002 3.90436175940769e-005 2974928 183
2.25558539461010e+005 1.72243022767939e+006 1.30212698765002e-001 3.86600579136015e-001 1.41432431669057e+000 1.73374798320745e+002 3.93416166130581e-005 3020665 184
2.25568648756405e+005 1.72244250597783e+006 6.15296244878246e+000 9.27005286049426e-001 -1.54366190969573e+000 1.74321360177058e+002 3.93856507948512e-005 3036302 185
2.25553677267178e+005 1.72239693028816e+006 1.30212412350881e-001 4.59717204926172e-001 1.48124621433149e+000 1.74529558089242e+002 3.95909122216692e-005 3039914 186
2.25561244929132e+005 1.72243767395659e+006 1.30213686421873e-001 6.70868511084658e-001 1.56360425168615e+000 1.76064242007670e+002 3.96806379857634e-005 3070794 187
2.25559072109899e+005 1.72242658071920e+006 1.30213275392978e-001 3.57829384994328e-001 1.37463138599811e+000 1.79431847799641e+002 4.00314168104823e-005 3130111 188
2.25560495917406e+005 1.72243394519845e+006 1.30213537610454e-001 3.36403379187541e-001 1.33676011154515e+000 1.79433061209408e+002 4.04299219631133e-005 3130460 189
2.25556585556948e+005 1.72241103950039e+006 1.30213017757354e-001 5.23781876627260e-001 1.51719995590075e+000 1.81783096965474e+002 4.05843675831789e-005 3176287 190
2.25554057410363e+005 1.72239983691602e+006 1.30212412071465e-001 6.79128038216435e-001 1.56552178456984e+000 1.82209349759264e+002 4.06717111652962e-005 3185740 191
2.25561045774372e+005 1.72243594881152e+006 1.30213701696659e-001 5.49261451100195e-001 1.52793814004944e+000 1.83004753395728e+002 4.08109042460461e-005 3198378 192
2.25558777333471e+005 1.72242793239779e+006 1.30213006104346e-001 3.14672593781797e-001 1.28776714636677e+000 1.83276543178614e+002 4.12665308334248e-005 3202286 193
2.25557865220923e+005 1.72242230970366e+006 1.30212905760489e-001 5.03971202694954e-001 1.50751641483810e+000 1.84459482040929e+002 4.14345535468307e-005 3225183 194
2.25565911479443e+005 1.72243829993656e+006 6.15296369677735e+000 7.90128768157140e-001 -1.55785165303507e+000 1.84518077808182e+002 4.14971513343133e-005 3226392 195
2.25558863892175e+005 1.72243595288843e+006 1.30212456006848e-001 4.35883440287613e-001 1.46322140522477e+000 1.85136873318526e+002 4.17275065828653e-005 3238037 196
2.25559161680749e+005 1.72242219059670e+006 1.30213654668749e-001 6.30119478703899e-001 1.55401658726768e+000 1.85812863924284e+002 4.18304833279949e-005 3248112 197
2.25563181114927e+005 1.72243785424778e+006 1.30214778089443e-001 5.64439475128331e-001 1.53369073870052e+000 1.85912801360330e+002 4.19616046796923e-005 3250371 198
2.25564401770486e+005 1.72241021693378e+006 6.15296245931821e+000 7.44625174032628e-001 -1.56427538819544e+000 1.87739497215659e+002 4.20329324237751e-005 3280713 199
2.25564797208856e+005 1.72241643989396e+006 6.15296269877152e+000 8.73973635830638e-001 -1.54826398861660e+000 1.87838142555133e+002 4.20830654715516e-005 3283758 200
2.25566071314533e+005 1.72243293554493e+006 6.15296320456558e+000 9.12680644898374e-001 -1.54481242942595e+000 1.87849840686895e+002 4.21286358482797e-005 3284923 201
2.25553401651669e+005 1.72239480360004e+006 1.30212413995614e-001 3.18573772648466e-001 1.29773831736198e+000 1.88185646007142e+002 4.25733415703763e-005 3290001 202
2.25565069285577e+005 1.72242109427286e+006 6.15296289138601e+000 9.39013602248393e-001 -1.54260726660970e+000 1.88315087906199e+002 4.26161451389446e-005 3291728 203
2.25557861440749e+005 1.72242118687068e+006 1.30212987531330e-001 2.52253731915085e-001 9.69936070894498e-001 1.91183408408056e+002 4.32527394131582e-005 3348005 204
2.25555592535335e+005 1.72240761205510e+006 1.30212707140299e-001 5.75716320289798e-001 1.53781343440046e+000 1.91254377501541e+002 4.33782948817901e-005 3349610 205
2.25558314743720e+005 1.72243080383017e+006 1.30212527434100e-001 6.84004511799772e-001 1.56638467436750e+000 1.92134219828761e+002 4.34642747434696e-005 3368285 206
2.25557982842505e+005 1.72241779021377e+006 1.30213310717279e-001 5.31340410681432e-001 1.52055563844722e+000 1.93703358267892e+002 4.36139541639316e-005 3393292 207
2.25562495758122e+005 1.72239508372962e+006 6.15296241604570e+000 9.05183066763994e-001 -1.54529181264687e+000 1.94020796782445e+002 4.36603596475343e-005 3395547 208
2.25555918897813e+005 1.72240659452389e+006 1.30212969484261e-001 3.58499900112037e-001 1.37578190572832e+000 1.94798540641117e+002 4.40097763670884e-005 3410781 209
2.25562645511689e+005 1.72239685086692e+006 6.15296246266172e+000 8.05184880345692e-001 -1.55574236686300e+000 1.97206179281056e+002 4.40698261079742e-005 3458549 210
2.25555547420316e+005 1.72240824942784e+006 1.30212633746857e-001 2.51156525358834e-001 6.81443248542741e-001 1.98911781849878e+002 4.45606599999026e-005 3487560 211
2.25553913719148e+005 1.72239866248547e+006 1.30212417839039e-001 3.25918960983367e-001 1.31490023667104e+000 2.00978706550844e+002 4.49855848703666e-005 3524989 212
2.25566316335463e+005 1.72243791191770e+006 6.15296343668843e+000 8.36120009639986e-001 -1.55229080767235e+000 2.02325380413232e+002 4.50408518040910e-005 3546485 213
2.25560910641919e+005 1.72243155151232e+006 1.30213953250337e-001 5.23568530907989e-001 1.51700820261238e+000 2.02334308530660e+002 4.51954343199492e-005 3547172 214
2.25564358604457e+005 1.72241268159280e+006 6.15296266819050e+000 9.17282816842649e-001 -1.54433304620502e+000 2.02997612654779e+002 4.52405026472437e-005 3562513 215
2.25554296517676e+005 1.72240059563804e+006 1.30212491840346e-001 3.73464578420902e-001 1.39764178060244e+000 2.05311435353407e+002 4.55611580515388e-005 3602797 216
2.25560129753921e+005 1.72244358487423e+006 1.30212608078761e-001 2.84743237164067e-001 1.19045235251930e+000 2.06819154639289e+002 4.61101075411926e-005 3631958 217
2.25559245267600e+005 1.72242317073705e+006 1.30213629116205e-001 3.43169486284421e-001 1.34970345851009e+000 2.06830610055908e+002 4.64926762165290e-005 3632196 218
2.25557039938779e+005 1.72242248955673e+006 1.30212421254809e-001 3.84680467662576e-001 1.41202327723014e+000 2.07032187220330e+002 4.67938472524796e-005 3635150 219
2.25559229359090e+005 1.72243369334907e+006 1.30212833502329e-001 3.56701700478181e-001 1.37280972975860e+000 2.08245716862278e+002 4.71469419646007e-005 3661459 220
2.25559967236281e+005 1.72242587957117e+006 1.30213838729177e-001 2.59233184731236e-001 1.04337758033998e+000 2.10971680202127e+002 4.77749713514974e-005 3709412 221
2.25554440771502e+005 1.72240187673312e+006 1.30212478420934e-001 5.51303474413217e-001 1.52889690649129e+000 2.11165561118545e+002 4.79130383115474e-005 3713595 222
2.25553631540717e+005 1.72239647309378e+006 1.30212420424637e-001 2.60696126806237e-001 5.80197512283700e-001 2.11828622366567e+002 4.83065567143349e-005 3721963 223
2.25563294024290e+005 1.72244302188958e+006 1.30214456269231e-001 2.57495941017172e-001 1.02774968733787e+000 2.12097358594367e+002 4.89380660513787e-005 3726203 224
2.25553869414922e+005 1.72239824500670e+006 1.30212423755940e-001 3.35397606510978e-001 1.33493845530564e+000 2.12437991221716e+002 4.93390300942027e-005 3732808 225
2.25561029725528e+005 1.72243694220755e+006 1.30213618282978e-001 2.54874836466128e-001 6.34271939603870e-001 2.12746882786101e+002 4.97860908953891e-005 3737939 226
2.25558189133842e+005 1.72242890585914e+006 1.30212597604412e-001 4.92724835493384e-001 1.50147618625446e+000 2.12886076059918e+002 4.99625957305976e-005 3742704 227
2.25564005187786e+005 1.72241917359329e+006 6.15296335519214e+000 7.54835290597740e-001 -1.56274136188849e+000 2.12896496586339e+002 5.00318173528700e-005 3743247 228
2.25557637135858e+005 1.72241426234053e+006 1.30213377090933e-001 6.22042819331498e-001 1.55190730109561e+000 2.13457725078264e+002 5.01377545783214e-005 3755630 229
2.25557795666059e+005 1.72242085968540e+006 1.30212974443986e-001 6.33807311851298e-001 1.55497535370952e+000 2.14172623139534e+002 5.02394193291087e-005 3768708 230
2.25560689494987e+005 1.72243199196303e+006 1.30213794100305e-001 3.88612124489142e-001 1.41672123279519e+000 2.15758957533568e+002 5.05341459193747e-005 3792163 231
2.25561687360803e+005 1.72244326038811e+006 1.30213521387273e-001 2.76758011671352e-001 1.15449861095004e+000 2.18232878459890e+002 5.11097684741117e-005 3841146 232
2.25557728347956e+005 1.72242595876794e+006 1.30212554878744e-001 5.77362130124174e-001 1.53829281762139e+000 2.18637622496158e+002 5.12345398587589e-005 3847265 233
2.25562833221139e+005 1.72243822847548e+006 1.30214551544762e-001 6.38287571955989e-001 1.55602999679556e+000 2.19659801587200e+002 5.13346429042608e-005 3859987 234
2.25555883372630e+005 1.72241045727873e+006 1.30212660474999e-001 2.88735849910424e-001 1.20655962874233e+000 2.20292103748300e+002 5.18703903135360e-005 3869604 235
2.25554824572254e+005 1.72240192419098e+006 1.30212693945539e-001 3.10710458995335e-001 1.27741246879482e+000 2.20937136937236e+002 5.23374609581326e-005 3883890 236
2.25554313313435e+005 1.72240182905977e+006 1.30212409231834e-001 2.70022382534368e-001 1.11883249931333e+000 2.20990373746656e+002 5.29351790415591e-005 3885388 237
2.25554275220692e+005 1.72240013650738e+006 1.30212514003103e-001 2.82091654653127e-001 1.17942653843806e+000 2.21703046980952e+002 5.34930402898900e-005 3898924 238
2.25557273799937e+005 1.72241640601223e+006 1.30213009467691e-001 2.66304071427074e-001 5.39929321726127e-001 2.23910519163821e+002 5.38451891740699e-005 3932696 239
2.25557541652805e+005 1.72241796865812e+006 1.30213045552040e-001 5.83274854343970e-001 1.54030622714927e+000 2.23992777374386e+002 5.39672026036445e-005 3934648 240
2.25559201428762e+005 1.72243354027284e+006 1.30212829002019e-001 2.46889610973414e-001 8.40886107821894e-001 2.25931841943089e+002 5.45702026139405e-005 3973811 241
2.25553783629823e+005 1.72239718273855e+006 1.30212454192302e-001 5.53467409565823e-001 1.52975979628895e+000 2.27601002255300e+002 5.47070896752292e-005 4003646 242
2.25563850751270e+005 1.72240833953879e+006 6.15296263350047e+000 8.33224603449879e-001 -1.55248256096072e+000 2.27987813132892e+002 5.47627801952015e-005 4011144 243
2.25566209032220e+005 1.72242519534723e+006 6.15296254738508e+000 7.98571163048292e-001 -1.55670113330485e+000 2.28796165908059e+002 5.48239303526794e-005 4025776 244
2.25556369936184e+005 1.72241414673352e+006 1.30212662424879e-001 4.86659721474108e-001 1.49812050370800e+000 2.28938878738419e+002 5.50052675392432e-005 4029213 245
2.25554150398900e+005 1.72240000586141e+006 1.30212452520730e-001 2.53350938471336e-001 9.84221690878017e-001 2.29025405180542e+002 5.56419216310555e-005 4031848 246
2.25556468083462e+005 1.72241761571055e+006 1.30212459150356e-001 3.15586932578672e-001 1.29016406247139e+000 2.29055548263983e+002 5.60949634111018e-005 4033216 247
2.25555225992190e+005 1.72240493945196e+006 1.30212697690237e-001 3.45821068795361e-001 1.35459316736351e+000 2.29105188154757e+002 5.64715173039447e-005 4034282 248
2.25555024569780e+005 1.72240625174002e+006 1.30212484628954e-001 2.57648330816651e-001 6.06371836146123e-001 2.29217446689546e+002 5.68913357390358e-005 4036936 249
2.25562381438398e+005 1.72239472832258e+006 6.15296245473214e+000 9.37520182213497e-001 -1.54260726660970e+000 2.29461801139215e+002 5.69342894553916e-005 4040887 250
2.25562691124466e+005 1.72239710686975e+006 6.15296245576250e+000 8.37948687233737e-001 -1.55190730109561e+000 2.30282897463051e+002 5.69892909989849e-005 4052330 251
2.25566549202136e+005 1.72243136304559e+006 6.15296281425166e+000 8.17497976143618e-001 -1.55440009384442e+000 2.30355026129299e+002 5.70473676553952e-005 4054787 252
2.25561370424394e+005 1.72243545698644e+006 1.30213923764376e-001 3.57372215595890e-001 1.37386437284463e+000 2.30479399716398e+002 5.73990807342537e-005 4057491 253
2.25556431501483e+005 1.72241257752441e+006 1.30212814860116e-001 5.21922721073613e-001 1.51633706610309e+000 2.31358856136300e+002 5.75547320192164e-005 4071718 254
2.25559549664148e+005 1.72243068717747e+006 1.30213241029411e-001 5.17198637289755e-001 1.51403602664266e+000 2.31809921279025e+002 5.77135078925080e-005 4078839 255
2.25553413841039e+005 1.72239475688016e+006 1.30212424445505e-001 3.82028885151637e-001 1.40885934797205e+000 2.33423017082059e+002 5.80191404458208e-005 4103035 256
2.25557474065743e+005 1.72242300301943e+006 1.30212630670082e-001 3.82364142710491e-001 1.40914697790460e+000 2.34082928481141e+002 5.83241980762847e-005 4115204 257
2.25565236663124e+005 1.72242441348610e+006 6.15296304395789e+000 9.76867228439046e-001 -1.53982684392834e+000 2.34522751601077e+002 5.83634340291969e-005 4123005 258
2.25565890824034e+005 1.72242599591876e+006 6.15296278885660e+000 8.11707163763406e-001 -1.55507123035371e+000 2.35339767621369e+002 5.84224267413255e-005 4138972 259
2.25565227320895e+005 1.72243196330587e+006 6.15296361363121e+000 8.64952159701465e-001 -1.54922275505844e+000 2.35890787242525e+002 5.84737184338184e-005 4150061 260
2.25563623964921e+005 1.72242819424515e+006 6.15296424707310e+000 9.06859354558266e-001 -1.54529181264687e+000 2.36072439483384e+002 5.85199354142080e-005 4153689 261
2.25557236802819e+005 1.72241309108557e+006 1.30213236132574e-001 5.02965430018391e-001 1.50703703161718e+000 2.36191712566592e+002 5.86886930525863e-005 4156091 262
2.25558500217154e+005 1.72243192138893e+006 1.30212549766234e-001 4.42984804943348e-001 1.46887812723167e+000 2.36248193015672e+002 5.89111345326277e-005 4156764 263
2.25562397952452e+005 1.72239463484738e+006 6.15296243831861e+000 7.17682657484692e-001 -1.56868571382794e+000 2.37303419937938e+002 5.89884877412806e-005 4175816 264
2.25556223542066e+005 1.72240998198878e+006 1.30212890168184e-001 6.29906132984628e-001 1.55401658726768e+000 2.39143119348488e+002 5.90915412328408e-005 4209046 265
2.25557021135269e+005 1.72241764747031e+006 1.30212772453337e-001 6.39445734432031e-001 1.55641350337230e+000 2.39345290777426e+002 5.91912463950537e-005 4211409 266
2.25560712528005e+005 1.72243138676158e+006 1.30213852484328e-001 4.93791564089739e-001 1.50205144611957e+000 2.40363340159161e+002 5.93669204445360e-005 4225408 267
2.25556808352858e+005 1.72241786751655e+006 1.30212634551259e-001 3.13179173746900e-001 1.28393208059938e+000 2.40766353751472e+002 5.98268237072816e-005 4231921 268
2.25560886074376e+005 1.72242895648078e+006 1.30214133199271e-001 5.99519606968461e-001 1.54538768929105e+000 2.41118571233824e+002 5.99416980472540e-005 4237577 269
2.25559934712920e+005 1.72242997470256e+006 1.30213514065427e-001 2.49053546126020e-001 7.19026893063143e-001 2.41542529809025e+002 6.04645072374848e-005 4246131 270
2.25559389432109e+005 1.72243417199278e+006 1.30212889092719e-001 5.15827129094442e-001 1.51336489013337e+000 2.42198437498711e+002 6.06242072218964e-005 4257325 271
2.25556706583705e+005 1.72241835385021e+006 1.30212540110353e-001 4.52250104751688e-001 1.47587712225715e+000 2.42538144581473e+002 6.08368928971139e-005 4263504 272
2.25553897585529e+005 1.72239849238641e+006 1.30212421344549e-001 2.71089111130723e-001 1.12496860454115e+000 2.44656349111203e+002 6.14312028124705e-005 4296435 273
2.25556183805882e+005 1.72240948478142e+006 1.30212904652090e-001 3.67856633800064e-001 1.38977989577929e+000 2.46757492181528e+002 6.17622449963691e-005 4335360 274
2.25564067467384e+005 1.72241212881174e+006 6.15296279304884e+000 8.96313980434300e-001 -1.54615470244453e+000 2.47619082720745e+002 6.18096677155216e-005 4353485 275
2.25559706879453e+005 1.72243166769583e+006 1.30213257475072e-001 2.78190475786458e-001 4.74253820459609e-001 2.48290154122556e+002 6.20938419679406e-005 4366503 276
2.25559513039303e+005 1.72242376294502e+006 1.30213737691256e-001 2.87181473955735e-001 1.20042352351451e+000 2.48670331844826e+002 6.26347110548589e-005 4376987 277
2.25553448052818e+005 1.72239491007426e+006 1.30212432522585e-001 3.56945524157348e-001 1.37338498962371e+000 2.49531593422924e+002 6.29873159888543e-005 4389703 278
2.25560394570631e+005 1.72242812325860e+006 1.30213914936504e-001 5.53833145084573e-001 1.52975979628895e+000 2.53059555635145e+002 6.31240042571039e-005 4449974 279
2.25554299231187e+005 1.72239967756518e+006 1.30212562013150e-001 3.85533850539660e-001 1.41317379696036e+000 2.54673022096216e+002 6.34237656358186e-005 4477163 280
2.25562714681900e+005 1.72244205986204e+006 1.30214197499464e-001 3.89953154724559e-001 1.41825525910215e+000 2.56655996669673e+002 6.37163363569079e-005 4508992 281
2.25566417050622e+005 1.72242514781125e+006 6.15296242509745e+000 7.69403755427958e-001 -1.56063207571642e+000 2.60013658156352e+002 6.37827058951841e-005 4573156 282
2.25565405213254e+005 1.72243097207102e+006 6.15296343799931e+000 7.22467697188341e-001 -1.56801457731864e+000 2.60060730161079e+002 6.38589363410320e-005 4575019 283
2.25558358835454e+005 1.72242086488632e+006 1.30213295506543e-001 3.73677924140173e-001 1.39783353389080e+000 2.60210931247072e+002 6.41791998570019e-005 4578486 284
2.25562621368134e+005 1.72243840285316e+006 1.30214417588255e-001 5.78245990961154e-001 9.71709788811914e-002 2.61102662416632e+002 6.41912706505161e-005 4595266 285
2.25565293914631e+005 1.72241854714385e+006 6.15296257277318e+000 7.09697431991978e-001 -1.57021974013489e+000 2.62340685411631e+002 6.42705517214545e-005 4622764 286
2.25557561329507e+005 1.72242209628028e+006 1.30212748255272e-001 5.09640103235583e-001 1.51039271416364e+000 2.62431438469025e+002 6.44345193141373e-005 4623777 287
2.25563704061489e+005 1.72240691248312e+006 6.15296261055733e+000 8.53553402700415e-001 -1.55027739814447e+000 2.63161241027285e+002 6.44873312062886e-005 4636761 288
2.25562771610294e+005 1.72239949736772e+006 6.15296258851279e+000 7.63948200606600e-001 -1.56130321222571e+000 2.65295351440175e+002 6.45547483762853e-005 4666437 289
2.25558263557531e+005 1.72243107370292e+006 1.30212478045680e-001 3.53958684087554e-001 2.67352022309030e-001 2.65373291865366e+002 6.46515165270392e-005 4668830 290
2.25562362022442e+005 1.72239420473942e+006 6.15296242667643e+000 8.43983323293116e-001 -1.55123616458632e+000 2.65671662293671e+002 6.47056558854890e-005 4672555 291
2.25564786658424e+005 1.72242954631315e+006 6.15296368448827e+000 7.42735540519085e-001 -1.56465889477218e+000 2.66011704405920e+002 6.47773836444707e-005 4677103 292
2.25556058201128e+005 1.72241168336735e+006 1.30212668618931e-001 3.33721318716706e-001 1.33148689611499e+000 2.67476900882017e+002 6.51824532466967e-005 4698149 293
2.25557898697407e+005 1.72241872754714e+006 1.30213192624783e-001 6.73154358076847e-001 1.56417951155126e+000 2.67648385429179e+002 6.52715104250925e-005 4703212 294
2.25559511616615e+005 1.72243793177524e+006 1.30212677803564e-001 5.16863379730901e-001 1.51384427335429e+000 2.69412642512294e+002 6.54305112251688e-005 4738221 295
2.25554903079230e+005 1.72240267344727e+006 1.30212682751734e-001 7.01498860779993e-001 1.56993211020234e+000 2.70476232581341e+002 6.55118450503866e-005 4758121 296
2.25563356290948e+005 1.72240174282150e+006 6.15296242262851e+000 7.86014243571200e-001 -1.55823515961180e+000 2.71814151677045e+002 6.55751663057187e-005 4785419 297
2.25559045632018e+005 1.72242594386709e+006 1.30213307882579e-001 2.71668192368745e-001 1.12803665715506e+000 2.72364603334791e+002 6.61675573483496e-005 4795150 298
2.25553547953821e+005 1.72239602059983e+006 1.30212406536385e-001 8.39137327669675e-001 4.60687275307474e-002 2.72584858954743e+002 6.61700828670709e-005 4798940 299
2.25557999977319e+005 1.72241777591026e+006 1.30213321566824e-001 5.13297458423086e-001 1.51221437040315e+000 2.73143173952255e+002 6.63315086871961e-005 4806775 300
