1.59510631718122e+004 1.73707019595636e+006 9.18248144837465e-003 9.15027447810355e-001 1.56993211020234e+000 2.63079154246152e-003 4.53289296944289e-008 243 1
1.59503527321303e+004 1.73703381871133e+006 9.18226477718713e-003 6.88850507423213e-001 1.57012386349071e+000 1.18898266843089e-002 1.29984518447324e-007 421 2
1.59516434963622e+004 1.73704607990321e+006 9.18294298384476e-003 2.29334306073402e-001 1.53062268608661e+000 2.08149746888191e-001 1.08091394141882e-006 2018 3
1.59588902037347e+004 1.73703527131259e+006 6.27399282834836e+000 9.04146816127535e-001 -1.56954860362560e+000 2.47392930355105e-001 1.12745161298892e-006 2503 4
1.59521788287814e+004 1.73705494581004e+006 9.18320427479462e-003 3.62675380617769e-001 1.55622175008393e+000 2.80738783879151e-001 1.47462370040383e-006 2741 5
1.59520629766645e+004 1.73706558220318e+006 9.18308135886720e-003 6.67790237135177e-001 1.56782282403027e+000 3.80659921159318e-001 1.56526385349027e-006 4811 6
1.59525114358841e+004 1.73705635797183e+006 9.18338827090458e-003 7.57913564547221e-001 1.56954860362560e+000 4.68358519994630e-001 1.63387063732737e-006 6043 7
1.59512550644004e+004 1.73705264939691e+006 9.18268465943328e-003 2.13577200807244e-001 1.52352781441694e+000 4.71057500297574e-001 2.74566528871721e-006 6168 8
1.59504997424751e+004 1.73704763534123e+006 9.18227636991878e-003 3.66942295003188e-001 1.55708463988159e+000 4.72231610689140e-001 3.08402197804060e-006 6244 9
1.59504279663922e+004 1.73704900912028e+006 9.18222779112752e-003 1.42533076290006e-001 1.46044098254341e+000 5.03258755716407e-001 5.77720814911753e-006 6694 10
1.59534369915375e+004 1.73706352431062e+006 9.18388316934197e-003 3.65326963128708e-001 1.55593412015137e+000 5.37698899595478e-001 6.11885933251489e-006 7789 11
1.59502823018541e+004 1.73703460409661e+006 9.18222008288562e-003 5.43531594639774e-001 1.56715168752098e+000 5.54982165875163e-001 6.26143101120964e-006 8733 12
1.59591059586156e+004 1.73702820898635e+006 6.27399266679899e+000 7.94517594382143e-001 -1.56993211020234e+000 5.54983494076376e-001 6.32327575440957e-006 8738 13
1.59591416927395e+004 1.73703058227130e+006 6.27399265878060e+000 7.51299847249820e-001 -1.57050737006745e+000 5.79140406560199e-001 6.39321829686755e-006 9231 14
1.59503656225016e+004 1.73703023817783e+006 9.18229112378843e-003 2.56612080180192e-001 1.54040210379345e+000 5.80743401338950e-001 7.13610134310862e-006 9689 15
1.59510819935271e+004 1.73706390217464e+006 9.18252555119265e-003 2.41190232472889e-001 1.53369073870052e+000 6.31091732457128e-001 7.98731831998057e-006 10431 16
1.59512225991078e+004 1.73706855683342e+006 9.18258188437782e-003 1.23880564833742e-001 1.42141918836024e+000 6.36393866401310e-001 1.16353639065658e-005 10904 17
1.59512764222144e+004 1.73704295699013e+006 9.18274818884952e-003 2.11900913012972e-001 1.52333606112857e+000 6.82008259661584e-001 1.27665893641876e-005 11450 18
1.59586861336023e+004 1.73705929131652e+006 6.27399307285147e+000 9.87046867044261e-001 -1.57060324671163e+000 6.91366745708819e-001 1.28049589916674e-005 11760 19
1.59511397165824e+004 1.73704901395007e+006 9.18263747780170e-003 2.73009222604162e-001 1.54327840311899e+000 6.93664846438285e-001 1.34532591709243e-005 11768 20
1.59504044780793e+004 1.73704878435164e+006 9.18221545838708e-003 7.65178151555829e-002 4.47600113376263e-001 6.95142982636745e-001 1.80615898654145e-005 12042 21
1.59522614824972e+004 1.73706687064081e+006 9.18318881467897e-003 1.49329661346781e-001 1.46954926374096e+000 8.67084244311741e-001 2.04947995434532e-005 15720 22
1.59502991956574e+004 1.73703122999074e+006 9.18224764279316e-003 4.96046933122032e-001 1.56580941450240e+000 9.60089769727564e-001 2.06691307767615e-005 16920 23
1.59507629556712e+004 1.73704411846650e+006 9.18244647619358e-003 6.61389865557047e-001 1.56906922040468e+000 1.05001214776174e+000 2.07617121178865e-005 17482 24
1.59509293000818e+004 1.73707006852434e+006 9.18240506091682e-003 9.13686417574938e-001 1.56993211020234e+000 1.07981059800886e+000 2.08071875422656e-005 18448 25
1.59511545161358e+004 1.73707107243274e+006 9.18252939623778e-003 3.78127706284967e-001 1.55660525666066e+000 1.18733938756851e+000 2.11239124817744e-005 19461 26
1.59504186647652e+004 1.73704286151672e+006 9.18225493189736e-003 6.75268169863055e-002 7.93235415662099e-001 1.20907932905336e+000 3.11134416983655e-005 19631 27
1.59511157572089e+004 1.73704268140592e+006 9.18265716000961e-003 5.58557228868431e-001 1.56705581087680e+000 1.31150106132941e+000 3.12477116298219e-005 20181 28
1.59501866058825e+004 1.73702793612692e+006 9.18220024176565e-003 2.57495941017172e-001 1.54078561037019e+000 1.31417474442892e+000 3.19850048500977e-005 20234 29
1.59503441692918e+004 1.73703751699747e+006 9.18224029939091e-003 3.00774644069287e-001 1.54941450834681e+000 1.38295962996416e+000 3.25089679751222e-005 21072 30
1.59522605464533e+004 1.73706787455604e+006 9.18318296885689e-003 7.28106119769074e-001 1.56849396053957e+000 1.38481783252161e+000 3.25839058278191e-005 21127 31
1.59515366783311e+004 1.73705831565696e+006 9.18281681482988e-003 4.34755755771467e-001 1.56130321222571e+000 1.39183015437081e+000 3.28169141197091e-005 21683 32
1.59591612132471e+004 1.73702777874662e+006 6.27399263271634e+000 9.38952646328602e-001 -1.56887746711631e+000 1.46514469026289e+000 3.28597407373739e-005 22385 33
1.59509144321827e+004 1.73704614899797e+006 9.18252293906784e-003 4.36553955405322e-001 1.56216610202338e+000 1.47486969375521e+000 3.30906445375190e-005 22658 34
1.59514642863304e+004 1.73706053350164e+006 9.18276341956165e-003 5.64774732687186e-001 1.56609704443495e+000 1.48930926275811e+000 3.32216834650545e-005 22750 35
1.59515132452242e+004 1.73706642178467e+006 9.18276047614808e-003 1.83099240911389e-001 1.50444836222419e+000 1.76800475367832e+000 3.47800287898765e-005 26694 36
1.59507553524633e+004 1.73703688629276e+006 9.18248032852512e-003 6.95860438199259e-001 1.57002798684652e+000 1.78641759101715e+000 3.48628195451600e-005 26941 37
1.59518141714705e+004 1.73707303483998e+006 9.18289874217237e-003 8.55016344775416e-001 1.56935685033723e+000 1.85049002775753e+000 3.49154438688280e-005 27415 38
1.59521015703399e+004 1.73706231763002e+006 9.18312083216402e-003 8.82385552761894e-001 1.57021974013489e+000 1.87679368059876e+000 3.49645439451149e-005 28071 39
1.59532160296286e+004 1.73706022736547e+006 9.18377340560818e-003 6.35940769044008e-001 1.56763107074190e+000 1.90105565256213e+000 3.50654719875470e-005 28321 40
1.59506965394511e+004 1.73706882857566e+006 9.18227763019483e-003 9.50808572728089e-001 1.57021974013489e+000 2.05418145965407e+000 3.51071326169541e-005 32210 41
1.59550016985935e+004 1.73707472032596e+006 9.18472467485858e-003 1.05228053377479e-001 1.35938699957274e+000 2.16471590869780e+000 4.02720453667158e-005 34301 42
1.59504141516695e+004 1.73705362352467e+006 9.18219544803349e-003 7.69129453788896e-001 1.56983623355815e+000 2.21576497008675e+000 4.03384703906834e-005 36565 43
1.59520729563921e+004 1.73704813886831e+006 9.18317931438152e-003 6.31094773420567e-001 1.56830220725120e+000 2.23821185090544e+000 4.04411114817861e-005 36838 44
1.59592401558837e+004 1.73704669435944e+006 6.27399268731414e+000 9.88357419319783e-001 -1.56983623355815e+000 2.25332596787373e+000 4.04793692503382e-005 37652 45
1.59520661225389e+004 1.73705669099956e+006 9.18313017112847e-003 4.38138809319907e-001 1.56159084215827e+000 2.25997216847383e+000 4.07084383457738e-005 38475 46
1.59502512641577e+004 1.73702931217075e+006 9.18223018853948e-003 7.90779637868347e-002 1.16581205496384e+000 2.38892657752550e+000 4.98112481803082e-005 42012 47
1.59502432467207e+004 1.73703116033352e+006 9.18221580419009e-003 8.07542515811067e-002 1.18709666997284e+000 2.41537954007349e+000 5.85808631750159e-005 42754 48
1.59515768515880e+004 1.73707561020943e+006 9.18274851963912e-003 7.72786808976398e-001 1.56849396053957e+000 2.41593778832118e+000 5.86465984074209e-005 42866 49
1.59504904450334e+004 1.73704057172045e+006 9.18230835524804e-003 6.53526551903916e-001 1.56916509704886e+000 2.52683492644783e+000 5.87416481609620e-005 43908 50
1.59510305343481e+004 1.73705237287739e+006 9.18255687280177e-003 7.52986967597487e-002 1.10521801583911e+000 2.55808151221048e+000 6.85981547744511e-005 44354 51
1.59537709273185e+004 1.73707230805544e+006 9.18402895674784e-003 9.55959347950489e-001 1.57002798684652e+000 2.56063535166047e+000 6.86393231596762e-005 44663 52
1.59513914876017e+004 1.73705125577941e+006 9.18277055680003e-003 6.47705261563808e-001 1.56839808389538e+000 2.57827760113056e+000 6.87362622880623e-005 45108 53
1.59512586645242e+004 1.73706041560706e+006 9.18264567930972e-003 5.36552141823624e-001 1.56533003128147e+000 2.68691621408576e+000 6.88829446700054e-005 48254 54
1.59582189702766e+004 1.73704623493166e+006 6.27399327272098e+000 8.77173821619703e-001 -1.57041149342326e+000 2.71001642750465e+000 6.89326888419267e-005 48716 55
1.59503220433841e+004 1.73703666070420e+006 9.18223208897486e-003 4.45148740095953e-001 1.56322074510941e+000 2.71203966513844e+000 6.91538999369791e-005 48865 56
1.59588546337290e+004 1.73703527658561e+006 6.27399284885194e+000 8.74918452587410e-001 -1.56974035691397e+000 2.71700472103096e+000 6.92039266288082e-005 49293 57
1.59518978607182e+004 1.73704611275609e+006 9.18308923283356e-003 2.47712515890602e-001 1.53685466795862e+000 2.78357146665925e+000 7.00067037640825e-005 50189 58
1.59527813167295e+004 1.73706543264497e+006 9.18349565115664e-003 3.96780217741231e-001 1.55842691290017e+000 2.78357417876876e+000 7.02916004809369e-005 50209 59
1.59518561936912e+004 1.73704721775775e+006 9.18305940619948e-003 5.34540596470497e-001 1.56609704443495e+000 2.84897868954187e+000 7.04395005485360e-005 51552 60
1.59588405638133e+004 1.73703293200855e+006 6.27399284455148e+000 8.29201512743627e-001 -1.56993211020234e+000 2.90064816747458e+000 7.04957966529743e-005 52121 61
1.59536576359840e+004 1.73706426340826e+006 9.18400627269315e-003 4.75931479590767e-001 1.56293311517685e+000 2.91113813910042e+000 7.06867465898574e-005 52745 62
1.59512968294122e+004 1.73705986824881e+006 9.18267054177130e-003 3.13910644784400e-001 1.55008564485611e+000 2.93341673759471e+000 7.11636871438097e-005 52950 63
1.59520874765787e+004 1.73705514567298e+006 9.18315063241115e-003 8.70327113196530e-002 1.24960824198126e+000 2.99277566975792e+000 7.87745127298461e-005 53778 64
1.59528772659321e+004 1.73705621437313e+006 9.18359961573121e-003 4.48531793644393e-001 1.56216610202338e+000 2.99333826532736e+000 7.89920678999415e-005 53892 65
1.59513841848346e+004 1.73705170821001e+006 9.18276396143836e-003 4.19547253783435e-001 1.56082382900479e+000 2.99650869767129e+000 7.92440624549042e-005 53982 66
1.59507505648313e+004 1.73704402710519e+006 9.18243982643586e-003 7.55120424790196e-002 4.64570279396954e-001 3.00116149084501e+000 8.41555213328747e-005 54493 67
1.59513521556088e+004 1.73707079168232e+006 9.18264464811097e-003 9.05396412483265e-001 1.56983623355815e+000 3.01873489766293e+000 8.42019178309259e-005 54875 68
1.59503274820066e+004 1.73703108225796e+006 9.18226470662549e-003 6.58220157727878e-001 1.56983623355815e+000 3.06727213112080e+000 8.42954829343859e-005 55197 69
1.59518367652786e+004 1.73706114334338e+006 9.18297460834083e-003 6.74739211991432e-001 1.56820633060701e+000 3.14068108006777e+000 8.43840822054269e-005 56994 70
1.59507084373218e+004 1.73706763782219e+006 9.18229077308085e-003 6.89642934380505e-001 1.56801457731864e+000 3.21468246111119e+000 8.44685236343374e-005 60326 71
1.59515304613544e+004 1.73707156350300e+006 9.18274320694869e-003 2.30522946509340e-001 1.52947216635640e+000 3.21534720893469e+000 8.54086551531445e-005 60387 72
1.59520856941598e+004 1.73706232002931e+006 9.18311168057924e-003 8.06952602019652e-001 1.56964448026978e+000 3.21544162582627e+000 8.54684226061156e-005 60475 73
1.59526291373146e+004 1.73706362523107e+006 9.18341760615321e-003 6.21463738093477e-001 1.56715168752098e+000 3.27425693703387e+000 8.55745953559212e-005 61182 74
1.59509428802978e+004 1.73705488584433e+006 9.18249313225721e-003 1.82642071512951e-001 1.50483186880093e+000 3.41109604541952e+000 8.71415748752124e-005 64314 75
1.59510201599710e+004 1.73703870772390e+006 9.18262313528205e-003 2.55057704225504e-001 1.53944333735160e+000 3.53149717513909e+000 8.78944320953405e-005 65451 76
1.59591571298516e+004 1.73703105751774e+006 6.27399265240777e+000 9.59891004777054e-001 -1.56897334376049e+000 3.59096976678902e+000 8.79352303650526e-005 67762 77
1.59579113543056e+004 1.73705236117608e+006 6.27399348219480e+000 9.22951717383278e-001 -1.57050737006745e+000 3.67470796935220e+000 8.79797075114237e-005 70977 78
1.59502861944750e+004 1.73703046184364e+006 9.18224421903872e-003 3.30521132927641e-001 1.55420834055605e+000 3.91956011542960e+000 8.84055339568273e-005 73711 79
1.59529831105269e+004 1.73707166751628e+006 9.18357884984532e-003 6.22774290368998e-001 1.56667230430006e+000 3.93034989279651e+000 8.85112155897614e-005 74511 80
1.59504699024289e+004 1.73703353696799e+006 9.18233371501342e-003 3.39176873538064e-001 1.55507123035371e+000 3.99990834241929e+000 8.89135056337232e-005 75226 81
1.59517456213364e+004 1.73705753390781e+006 9.18294122270821e-003 2.96385817844283e-001 1.54740109881893e+000 4.00226226371295e+000 8.94546654116565e-005 75575 82
1.59504292512019e+004 1.73703170023635e+006 9.18232002311317e-003 3.55665449841722e-001 1.55698876323740e+000 4.00342439541149e+000 8.98170732654607e-005 75762 83
1.59503397838417e+004 1.73703035415012e+006 9.18227563683232e-003 1.85872735261912e-001 1.50876281121250e+000 4.09204699940145e+000 9.13251381357968e-005 76516 84
1.59508687105075e+004 1.73706094016648e+006 9.18241843471477e-003 7.23778249463863e-001 1.56887746711631e+000 4.09239652823640e+000 9.14010653968511e-005 76654 85
1.59529937203483e+004 1.73705770554227e+006 9.18365876809218e-003 8.65755419212151e-002 1.24538966963713e+000 4.09276710301291e+000 9.90897131597387e-005 76803 86
1.59508056080748e+004 1.73704300332295e+006 9.18247692332571e-003 6.18995023341912e-001 1.56839808389538e+000 4.20171487661323e+000 9.91968201213155e-005 80287 87
1.59516794225247e+004 1.73705499167015e+006 9.18291655490946e-003 2.72552053205725e-001 1.54279901989807e+000 4.20345090791626e+000 9.98475064078104e-005 80742 88
1.59531144090116e+004 1.73706627088124e+006 9.18368295931500e-003 5.67670138877292e-001 1.56580941450240e+000 4.20816049997365e+000 9.99770792499280e-005 80817 89
1.59518923517163e+004 1.73705806105744e+006 9.18302289959516e-003 3.74226527418298e-001 1.55708463988159e+000 4.21182550077130e+000 1.00301115661464e-004 80970 90
1.59512382152947e+004 1.73704181435785e+006 9.18273223541467e-003 5.83640589862720e-001 1.56772694738609e+000 4.21182710805937e+000 1.00423017028443e-004 80983 91
1.59519274741389e+004 1.73705065702674e+006 9.18308225711684e-003 1.03246985984248e-001 1.35219625125889e+000 4.23311308436110e+000 1.05800018374850e-004 81177 92
1.59539452670368e+004 1.73706484190891e+006 9.18416878484057e-003 1.01784043909247e-001 1.34433436643574e+000 4.25272859261649e+000 1.11338649472859e-004 81874 93
1.59503483161665e+004 1.73704594359005e+006 9.18219814499416e-003 4.36310131726155e-001 1.56216610202338e+000 4.34439245022989e+000 1.11569837247896e-004 82691 94
1.59529048824961e+004 1.73705954332804e+006 9.18359791409973e-003 5.37984605938729e-001 1.56542590792566e+000 4.35582529905204e+000 1.11715661837964e-004 82823 95
1.59503301896774e+004 1.73703506921748e+006 9.18224519071703e-003 3.74165571498506e-001 1.55852278954436e+000 4.41646800243730e+000 1.12039820454599e-004 84401 96
1.59512398912325e+004 1.73706838455852e+006 9.18259274895074e-003 3.90288412283414e-001 1.55775577639088e+000 4.41775080442796e+000 1.12335244145943e-004 84613 97
1.59504475400369e+004 1.73704733646300e+006 9.18224789987789e-003 4.75718133871496e-001 1.56398775826289e+000 4.79355593818083e+000 1.12526384010404e-004 88462 98
1.59511056178077e+004 1.73704370877084e+006 9.18264589261563e-003 4.96473624560574e-001 1.56504240134892e+000 4.92773866290894e+000 1.12700385075352e-004 89857 99
1.59515868454041e+004 1.73706358506886e+006 9.18281783811922e-003 8.90442566727794e-002 1.26571551820429e+000 4.96288822070693e+000 1.19975926747217e-004 91540 100
1.59591751653062e+004 1.73703218029181e+006 6.27399264796387e+000 8.74613672988451e-001 -1.56954860362560e+000 4.98430766699371e+000 1.20025991788544e-004 92533 101
1.59511734871592e+004 1.73706313097004e+006 9.18258229474089e-003 7.52701833405030e-001 1.56906922040468e+000 4.99766015165473e+000 1.20095647944566e-004 92965 102
1.59501969527509e+004 1.73703047075715e+006 9.18219280022772e-003 5.94673611345020e-001 1.56868571382794e+000 4.99786087900744e+000 1.20212629302805e-004 93085 103
1.59591414521204e+004 1.73703931863559e+006 6.27399270512385e+000 9.14356932692647e-001 -1.56974035691397e+000 5.00022338338204e+000 1.20258031385541e-004 93537 104
1.59523220948011e+004 1.73706406611884e+006 9.18323853086454e-003 8.70316280643135e-001 1.57002798684652e+000 5.00669612370567e+000 1.20308641920655e-004 93924 105
1.59517144499570e+004 1.73705052150197e+006 9.18296034831177e-003 1.04435626420186e-001 1.35756534333323e+000 5.06712052991623e+000 1.25558103213970e-004 94090 106
1.59510548826914e+004 1.73705030237926e+006 9.18258183332726e-003 8.43891889413429e-001 1.57069912335582e+000 5.07160277019484e+000 1.25612265838925e-004 94457 107
1.59585783442613e+004 1.73703930511289e+006 6.27399302920178e+000 9.67662884550498e-001 -1.56945272698141e+000 5.07229011672878e+000 1.25652346725406e-004 94570 108
1.59523316634087e+004 1.73705264628158e+006 9.18330440854214e-003 2.60482781086966e-001 1.54001859721671e+000 5.11349098328781e+000 1.26371151777900e-004 95849 109
1.59520964239653e+004 1.73707432657830e+006 9.18305438747461e-003 2.45975272176539e-001 1.53455362849818e+000 5.11349411874577e+000 1.27186389397732e-004 95861 110
1.59592576238330e+004 1.73703991483853e+006 6.27399264140354e+000 7.90860239194640e-001 -1.57069912335582e+000 5.13972938901589e+000 1.27248865116394e-004 96707 111
1.59516805401056e+004 1.73707373979908e+006 9.18281809314882e-003 3.92178045796957e-001 1.55756402310251e+000 5.18611200523548e+000 1.27541165550501e-004 97263 112
1.59511277661794e+004 1.73704806114506e+006 9.18263563523655e-003 5.79861322835634e-001 1.56724756416517e+000 5.21230810900731e+000 1.27664821451856e-004 97805 113
1.59508436569246e+004 1.73704408014950e+006 9.18249313377362e-003 3.60572401384955e-001 1.55670113330485e+000 5.21384547994200e+000 1.28016466163461e-004 97897 114
1.59505824618252e+004 1.73704258866089e+006 9.18235066273438e-003 5.19118748763194e-001 1.56590529114658e+000 5.24525092186758e+000 1.28174205034503e-004 98253 115
1.59505295575274e+004 1.73703889683595e+006 9.18233972336413e-003 1.73894897022841e-001 1.49869576357311e+000 5.26363439789782e+000 1.29919102187414e-004 98794 116
1.59509553781709e+004 1.73703858874479e+006 9.18258647296533e-003 1.61520845305123e-001 1.48651942976165e+000 5.41733531601910e+000 1.31969715077298e-004 100880 117
1.59504644218632e+004 1.73703437623657e+006 9.18232612384837e-003 6.65230088503925e-001 1.56974035691397e+000 5.60325910108214e+000 1.32061124782228e-004 102329 118
1.59514240537464e+004 1.73706644699806e+006 9.18270900116113e-003 7.45387123030024e-001 1.56878159047212e+000 5.68587277622908e+000 1.32132293585694e-004 103235 119
1.59509186463343e+004 1.73704202551787e+006 9.18254716163572e-003 7.05674341285725e-001 1.56983623355815e+000 5.70852950257357e+000 1.32212572404895e-004 104377 120
1.59504580625095e+004 1.73705017539613e+006 9.18223895094980e-003 8.07531683257673e-001 1.57041149342326e+000 5.94595895898640e+000 1.32272245643228e-004 107077 121
1.59525607243446e+004 1.73705532579148e+006 9.18342209981207e-003 7.06660468555786e-002 9.96110394756920e-001 5.96708115388742e+000 1.42918989218142e-004 107344 122
1.59569731645379e+004 1.73705507988358e+006 6.27399403663009e+000 9.19172450356192e-001 -1.57069912335582e+000 5.97179376860554e+000 1.42963869677610e-004 107502 123
1.59504391045130e+004 1.73703216426510e+006 9.18232324231628e-003 8.56612031243395e-002 1.23896593447676e+000 5.97394549222010e+000 1.50817003530046e-004 107558 124
1.59521229983813e+004 1.73705771645421e+006 9.18315749013560e-003 3.85442416659973e-001 1.55804340632344e+000 5.98803223544590e+000 1.51120661346650e-004 108612 125
1.59503707838762e+004 1.73704619234145e+006 9.18220976348727e-003 2.04403334878592e-001 1.51930924207282e+000 6.09092190710553e+000 1.52344942743502e-004 109843 126
1.59518105842233e+004 1.73704501325299e+006 9.18304480516065e-003 5.71906575302816e-001 1.56724756416517e+000 6.23857927301299e+000 1.52472414145482e-004 110719 127
1.59524575992292e+004 1.73705157423581e+006 9.18338256947380e-003 7.62739914764160e-002 1.12209230521561e+000 6.23930807381925e+000 1.62133636730298e-004 110805 128
1.59504664408973e+004 1.73703189952877e+006 9.18234037777446e-003 7.00260096977657e-002 9.77222695852535e-001 6.30641958448330e+000 1.72860849662149e-004 112414 129
1.59521855422113e+004 1.73705013909173e+006 9.18323354940053e-003 7.86166633370679e-001 1.57021974013489e+000 6.34044027306185e+000 1.72924148900713e-004 113247 130
1.59508602044105e+004 1.73703882777178e+006 9.18253042326932e-003 5.09274367716833e-001 1.56580941450240e+000 6.38103292093982e+000 1.73088673671338e-004 113647 131
1.59508226435020e+004 1.73703527163081e+006 9.18252759937477e-003 7.02626545296139e-001 1.57021974013489e+000 6.44989049392986e+000 1.73169720608048e-004 114964 132
1.59507188411206e+004 1.73704976017520e+006 9.18239126038487e-003 2.71942494007807e-001 1.54299077318644e+000 6.82563139908683e+000 1.73823623439812e-004 120418 133
1.59527429817620e+004 1.73707373114588e+006 9.18342971457900e-003 3.29271536571911e-001 1.55133204123051e+000 6.84107604183510e+000 1.74252990973488e-004 121017 134
1.59505208542846e+004 1.73704899066463e+006 9.18228135871012e-003 7.33378806831057e-001 1.56974035691397e+000 6.84976800494311e+000 1.74326748793138e-004 121226 135
1.59509243091154e+004 1.73705517144630e+006 9.18248093229510e-003 4.15371773277703e-001 1.56034444578387e+000 6.88598178909243e+000 1.74584348648718e-004 122228 136
1.59511557011003e+004 1.73705814986714e+006 9.18259838646296e-003 7.50415986412840e-001 1.56935685033723e+000 6.94291689445594e+000 1.74654472486143e-004 123671 137
1.59509851191696e+004 1.73705571615139e+006 9.18251305761120e-003 3.42925662605254e-001 1.55411246391186e+000 6.95166802055971e+000 1.75047144797013e-004 124486 138
1.59503361401407e+004 1.73703067325892e+006 9.18227185257323e-003 6.78011186253682e-002 7.20656796014283e-001 7.17756779577075e+000 1.84215120623772e-004 127550 139
1.59511466395491e+004 1.73706650959362e+006 9.18254898105300e-003 5.01441532023598e-001 1.56379600497452e+000 7.25535245031805e+000 1.84385350345627e-004 129174 140
1.59507324399402e+004 1.73706967922897e+006 9.18229379935996e-003 7.64405370005038e-001 1.56878159047212e+000 7.28301831999774e+000 1.84452681740010e-004 130278 141
1.59511012919600e+004 1.73706725102051e+006 9.18251895828240e-003 2.77337092909374e-001 1.54308664983062e+000 7.40504248978573e+000 1.85078929855821e-004 131945 142
1.59519225770002e+004 1.73705121727331e+006 9.18307647650034e-003 8.51572335307184e-001 1.57069912335582e+000 7.40717914396117e+000 1.85132023592929e-004 132277 143
1.59505404846862e+004 1.73706284656658e+006 9.18221941915937e-003 1.89773914128581e-001 1.50943394772179e+000 7.43821421892199e+000 1.86572785488786e-004 133599 144
1.59502998720494e+004 1.73703388686992e+006 9.18223398824300e-003 7.05136570560994e-002 5.81252155369732e-001 7.44002946726489e+000 1.93570528453870e-004 133726 145
1.59508925565613e+004 1.73705451708990e+006 9.18246611318650e-003 4.77302987786081e-001 1.56360425168615e+000 7.44999644796189e+000 1.93760274321217e-004 133872 146
1.59511160757987e+004 1.73704671097433e+006 9.18263604284447e-003 6.98431419383905e-002 9.68689674520096e-001 7.45139022038377e+000 2.04486863623887e-004 133918 147
1.59510840546088e+004 1.73705437061374e+006 9.18257712113256e-003 6.42280184702346e-001 1.56811045396283e+000 7.46745336893112e+000 2.04585613185452e-004 134351 148
1.59502063921773e+004 1.73702725258717e+006 9.18221524479604e-003 1.80874349838992e-001 1.50521537537767e+000 7.61373280516878e+000 2.06186522536712e-004 136382 149
1.59507457804784e+004 1.73706912266628e+006 9.18230442049647e-003 1.29397075574892e-001 1.43436253532517e+000 7.74511409980204e+000 2.09507319014098e-004 139556 150
1.59504694249660e+004 1.73703214206451e+006 9.18234081351571e-003 6.95128967161759e-001 1.57031561677908e+000 7.80109128716380e+000 2.09590301567419e-004 141412 151
1.59507952569323e+004 1.73704124851528e+006 9.18248024063634e-003 2.18087938871831e-001 1.52630823709830e+000 7.80205881411653e+000 2.10652268884744e-004 141455 152
1.59519685301913e+004 1.73704647192140e+006 9.18312801443965e-003 3.34757569353165e-001 1.55372895733512e+000 7.94198248169825e+000 2.11066326278973e-004 142997 153
1.59517713154285e+004 1.73704630758022e+006 9.18301535823108e-003 5.83396766183553e-001 1.56743931745354e+000 8.00616702268947e+000 2.11188339645163e-004 143922 154
1.59530367201179e+004 1.73706383534968e+006 9.18365111451549e-003 9.12589211018687e-001 1.57031561677908e+000 8.01973701223620e+000 2.11233935453366e-004 144486 155
1.59502202066046e+004 1.73703177930328e+006 9.18219926945054e-003 6.79889987213831e-001 1.57012386349071e+000 8.05820699426893e+000 2.11321065024533e-004 145833 156
1.59583058474708e+004 1.73705546583683e+006 6.27399327152769e+000 9.77172008038004e-001 -1.57041149342326e+000 8.07464313865691e+000 2.11360292867068e-004 146517 157
1.59502723601065e+004 1.73703013834935e+006 9.18223796528105e-003 5.54198880603324e-001 1.56772694738609e+000 8.07602343765173e+000 2.11496897123408e-004 146645 158
1.59520890497315e+004 1.73705528652808e+006 9.18315079337282e-003 4.49263264681894e-001 1.56226197866756e+000 8.21061949654306e+000 2.11713673962420e-004 151057 159
1.59509576720205e+004 1.73705525955349e+006 9.18249967153485e-003 8.73607900311888e-001 1.57060324671163e+000 8.33483012497722e+000 2.11763865935697e-004 153833 160
1.59584351153036e+004 1.73705849343119e+006 6.27399321312735e+000 9.75556676163524e-001 -1.57060324671163e+000 8.34681972152010e+000 2.11803236820465e-004 154386 161
1.59509718470580e+004 1.73705193556763e+006 9.18252540169568e-003 4.66970959381386e-001 1.56331662175359e+000 8.45288192987563e+000 2.12002341205721e-004 155262 162
1.59504633604022e+004 1.73703725371498e+006 9.18231030275329e-003 2.95684824766679e-001 1.54855161854915e+000 8.45404454856590e+000 2.12546341777134e-004 155331 163
1.59522479264094e+004 1.73707423110397e+006 9.18314210184072e-003 4.61911618038674e-001 1.56168671880245e+000 8.46336905357835e+000 2.12750272719222e-004 156243 164
1.59506650303277e+004 1.73703862706471e+006 9.18241913344051e-003 6.09943069252843e-001 1.56849396053957e+000 8.48684223525029e+000 2.12860907857150e-004 156499 165
1.59521833543065e+004 1.73705325127459e+006 9.18321583778715e-003 7.74931098722502e-002 1.14126763405255e+000 8.48685377466674e+000 2.22275320518339e-004 156513 166
1.59509021424684e+004 1.73704861095290e+006 9.18250285076133e-003 4.17962399868850e-001 1.56091970564898e+000 8.55474406094191e+000 2.22529422259406e-004 157642 167
1.59504336238492e+004 1.73703386098499e+006 9.18231111868599e-003 7.03175148574265e-001 1.57031561677908e+000 8.77509473356661e+000 2.22610330156671e-004 160284 168
1.59525425315432e+004 1.73705865426501e+006 9.18339403148752e-003 2.10590360737451e-001 1.52170615817743e+000 8.77868627554657e+000 2.23757010897352e-004 160650 169
1.59513660775269e+004 1.73704365126630e+006 9.18279612820192e-003 6.21128480534622e-001 1.56839808389538e+000 8.88492416852423e+000 2.23863310164437e-004 164330 170
1.59508818110828e+004 1.73703890871424e+006 9.18254243315325e-003 2.26438899883295e-001 1.52995154957732e+000 8.91774293073450e+000 2.24841168738460e-004 164496 171
1.59514320120908e+004 1.73706950758047e+006 9.18269740393699e-003 9.58946188020283e-001 1.57021974013489e+000 9.03347777388995e+000 2.24882055555292e-004 166557 172
1.59511434643800e+004 1.73705297569492e+006 9.18261869326226e-003 7.06862981721663e-001 1.56916509704886e+000 9.07697395635896e+000 2.24962037616542e-004 167924 173
1.59503593776702e+004 1.73704517761674e+006 9.18220856124279e-003 1.49847786665011e-001 1.47165854991302e+000 9.15165793535731e+000 2.27377288612023e-004 169032 174
1.59510687231526e+004 1.73704799741578e+006 9.18260198453798e-003 3.18025169370341e-001 1.55142791787469e+000 9.18923225704111e+000 2.27840771757954e-004 169924 175
1.59502237104750e+004 1.73702797155167e+006 9.18222141367877e-003 4.53347311307938e-001 1.56417951155126e+000 9.21859951524230e+000 2.28053278586330e-004 170380 176
1.59579602153844e+004 1.73704698454104e+006 6.27399342563517e+000 9.65651339197371e-001 -1.56993211020234e+000 9.21942475196988e+000 2.28093543406948e-004 170468 177
1.59512677913418e+004 1.73706070015603e+006 9.18264942890951e-003 6.66571118739342e-001 1.56811045396283e+000 9.52461167446911e+000 2.28184548740195e-004 174532 178
1.59509232387471e+004 1.73705822414739e+006 9.18246417979277e-003 8.87018202666064e-001 1.57050737006745e+000 9.56859623964524e+000 2.28233086430418e-004 175667 179
1.59529679318286e+004 1.73706768045740e+006 9.18359119017778e-003 9.20879216110360e-001 1.57012386349071e+000 9.58079421290118e+000 2.28277784083413e-004 176067 180
1.59534680575622e+004 1.73706943788236e+006 9.18386978870604e-003 2.22446287136938e-001 1.52640411374248e+000 9.63844585990379e+000 2.29294517912363e-004 178188 181
1.59523031551261e+004 1.73705432430641e+006 9.18327912733799e-003 8.51999026745726e-001 1.57050737006745e+000 9.78307357781475e+000 2.29347553167113e-004 180855 182
1.59514300842837e+004 1.73706531232135e+006 9.18271847049374e-003 9.45505407706211e-001 1.57041149342326e+000 9.96343976319176e+000 2.29389729597927e-004 185124 183
1.59522307533576e+004 1.73706640915056e+006 9.18317356550124e-003 1.95016123230668e-001 1.51259787697989e+000 9.96403642249065e+000 2.30746916460346e-004 185175 184
1.59507619055095e+004 1.73706515329306e+006 9.18233468396475e-003 2.63164841557801e-001 1.53992272057253e+000 1.01513495123597e+001 2.31449701280459e-004 186589 185
1.59509630823879e+004 1.73703806102897e+006 9.18259369738456e-003 3.23907415630241e-001 1.55286606753746e+000 1.01560391977806e+001 2.31894880536103e-004 186720 186
1.59509412482314e+004 1.73704517140569e+006 9.18254354304935e-003 1.07879635888418e-001 1.37233034653768e+000 1.01623149312396e+001 2.36797790885498e-004 186844 187
1.59535971473429e+004 1.73706716636212e+006 9.18395610607421e-003 5.58648662748119e-001 1.56552178456984e+000 1.02679628951617e+001 2.36932011546568e-004 188582 188
1.59522095459778e+004 1.73705238772449e+006 9.18323547978755e-003 5.39020856575188e-001 1.56590529114658e+000 1.03267649355909e+001 2.37077220450107e-004 191249 189
1.59589336491896e+004 1.73703633104612e+006 6.27399280894383e+000 9.15088403730147e-001 -1.56954860362560e+000 1.04029711758032e+001 2.37122542718915e-004 193527 190
1.59530292933309e+004 1.73706805660529e+006 9.18362452343312e-003 6.26035432077855e-001 1.56695993423261e+000 1.04689739058699e+001 2.37227017119456e-004 193828 191
1.59511914859477e+004 1.73704559305426e+006 9.18268536145010e-003 2.06506314111406e-001 1.52045976180303e+000 1.04692285822602e+001 2.38424107452075e-004 193927 192
1.59519683244657e+004 1.73705794866705e+006 9.18306722648049e-003 5.54899873680928e-001 1.56600116779077e+000 1.05072951660007e+001 2.38560331419417e-004 194072 193
1.59504809412769e+004 1.73703776998159e+006 9.18231769415199e-003 6.72880056437784e-001 1.56964448026978e+000 1.05135365100123e+001 2.38649470379318e-004 194303 194
1.59512402414530e+004 1.73704055326526e+006 9.18274006805391e-003 6.16038661232014e-001 1.56849396053957e+000 1.06888757765331e+001 2.38757711433414e-004 197642 195
1.59533103580821e+004 1.73706481007016e+006 9.18380347722237e-003 3.01292769387516e-001 1.54778460539567e+000 1.07824345786645e+001 2.39279675415599e-004 198170 196
1.59513216079579e+004 1.73706135590612e+006 9.18267694140551e-003 5.03117819817870e-001 1.56417951155126e+000 1.07940669632945e+001 2.39448660295618e-004 198396 197
1.59529364813699e+004 1.73707111357413e+006 9.18355493698486e-003 8.15364518950908e-001 1.56916509704886e+000 1.08184786852469e+001 2.39507079567122e-004 198980 198
1.59519264553866e+004 1.73707390018530e+006 9.18295880209047e-003 3.79103001001635e-001 1.55650938001648e+000 1.09077602580769e+001 2.39822014242384e-004 199771 199
1.59512137478197e+004 1.73706556660514e+006 9.18259259550537e-003 5.28231658772055e-001 1.56475477141636e+000 1.09318420049233e+001 2.39973827266081e-004 200076 200
1.59505917358317e+004 1.73706179664244e+006 9.18225447082912e-003 8.77448123258766e-001 1.57021974013489e+000 1.10034546152760e+001 2.40023537228358e-004 200632 201
1.59520669692680e+004 1.73705972560924e+006 9.18311461668841e-003 4.52920619869397e-001 1.56216610202338e+000 1.10700185145105e+001 2.40236481477744e-004 201430 202
1.59548320241922e+004 1.73707259647719e+006 9.18463823390072e-003 6.84614070997689e-001 1.56763107074190e+000 1.11806186860781e+001 2.40322293416207e-004 203200 203
1.59521939126651e+004 1.73705519295435e+006 9.18321165116501e-003 7.99790281444126e-001 1.57002798684652e+000 1.15161557757421e+001 2.40383244733577e-004 207298 204
1.59531518682883e+004 1.73706535500362e+006 9.18370936406372e-003 2.76361798192706e-001 1.54299077318644e+000 1.16175188331791e+001 2.41014363601575e-004 209138 205
1.59529837202539e+004 1.73707334562419e+006 9.18357032948298e-003 5.02721606339224e-001 1.56341249839778e+000 1.16615984890120e+001 2.41183640714339e-004 209801 206
1.59520761023222e+004 1.73707216733549e+006 9.18305410389398e-003 8.88785924340024e-001 1.56964448026978e+000 1.17894312751790e+001 2.41231966245544e-004 210835 207
1.59523296551549e+004 1.73705495650638e+006 9.18329103971393e-003 6.88373692618273e-002 9.23340021820734e-001 1.23054223896583e+001 2.51949964723067e-004 216863 208
1.59504776417773e+004 1.73705897052898e+006 9.18220373230952e-003 1.85049830344724e-001 1.50636589510788e+000 1.23997689902350e+001 2.53472591665360e-004 218116 209
1.59516033395642e+004 1.73706144118015e+006 9.18283866559330e-003 7.49634392008943e-002 4.74924956968902e-001 1.25904109427327e+001 2.58566324025670e-004 221048 210
1.59590133524880e+004 1.73704296249869e+006 6.27399279813490e+000 9.95946431333851e-001 -1.56954860362560e+000 1.25945967287504e+001 2.58603943368177e-004 221332 211
1.59508380269060e+004 1.73703742455944e+006 9.18252507432359e-003 3.98974630853732e-001 1.56034444578387e+000 1.26464911741872e+001 2.58885410283133e-004 222460 212
1.59510521277841e+004 1.73704885714435e+006 9.18258788702394e-003 5.37984605938729e-001 1.56609704443495e+000 1.26477474644003e+001 2.59031235365958e-004 222652 213
1.59591877635849e+004 1.73703774216438e+006 6.27399267012735e+000 9.30174993878595e-001 -1.56954860362560e+000 1.26752546464870e+001 2.59074956166379e-004 222798 214
1.59578379213610e+004 1.73704489766698e+006 6.27399348499665e+000 9.41787096598916e-001 -1.56993211020234e+000 1.27172120916910e+001 2.59117499793477e-004 224428 215
1.59522620062423e+004 1.73705322853953e+006 9.18326123309864e-003 6.27589808032543e-001 1.56791870067446e+000 1.27192442252318e+001 2.59221406111523e-004 224442 216
1.59529687657658e+004 1.73705970338736e+006 9.18363384150282e-003 5.35089199748622e-001 1.56533003128147e+000 1.27210472762068e+001 2.59368972211152e-004 224819 217
1.59509980012976e+004 1.73705823723020e+006 9.18250714675817e-003 9.80657328019526e-002 1.32563842081973e+000 1.28410651734993e+001 2.65353208661373e-004 226117 218
1.59509492834648e+004 1.73705005051743e+006 9.18252237752122e-003 7.07503018879476e-001 1.56935685033723e+000 1.28477821962541e+001 2.65433031651177e-004 226436 219
1.59505268213204e+004 1.73704246547526e+006 9.18231928483512e-003 4.32408952859486e-001 1.56216610202338e+000 1.28876877822355e+001 2.65668832970667e-004 226958 220
1.59586645314905e+004 1.73704033208457e+006 6.27399298501989e+000 8.39381151348842e-001 -1.57031561677908e+000 1.29426854424168e+001 2.65723637995176e-004 229118 221
1.59514569143973e+004 1.73704964474363e+006 9.18281673522634e-003 5.23934266426739e-001 1.56561766121403e+000 1.31207499095364e+001 2.65878204684166e-004 230303 222
1.59503870637440e+004 1.73703984177921e+006 9.18225270286636e-003 5.86596951972618e-001 1.56791870067446e+000 1.31585541079681e+001 2.65998758602838e-004 232141 223
1.59590606599722e+004 1.73704290704525e+006 6.27399277060942e+000 8.48006413999369e-001 -1.57041149342326e+000 1.31814923411417e+001 2.66052344753484e-004 232262 224
1.59543952552892e+004 1.73707559851861e+006 9.18437094376399e-003 7.20608541634694e-001 1.56791870067446e+000 1.32174153253349e+001 2.66129008529072e-004 232621 225
1.59502385220677e+004 1.73703415710311e+006 9.18219724399484e-003 7.79198013107922e-002 4.25740238502152e-001 1.32786593604983e+001 2.70354238051065e-004 233503 226
1.59503108256093e+004 1.73702975631199e+006 9.18226212722787e-003 4.02997721559985e-001 1.56111145893735e+000 1.33721795470493e+001 2.70629562403725e-004 234827 227
1.59505018617778e+004 1.73703896235074e+006 9.18232343417298e-003 4.65934708744927e-001 1.56408363490707e+000 1.34538057018306e+001 2.70829643367250e-004 235410 228
1.59524899722652e+004 1.73705093914480e+006 9.18340456207102e-003 1.79259017964511e-001 1.50243495269631e+000 1.34656510471592e+001 2.72462157258446e-004 235504 229
1.59524473380303e+004 1.73706315663368e+006 9.18331543320195e-003 5.29572689007473e-001 1.56494652470473e+000 1.34770150864986e+001 2.72613125983817e-004 235737 230
1.59583760596098e+004 1.73704245498726e+006 6.27399316230374e+000 9.15088403730147e-001 -1.56993211020234e+000 1.35713191424289e+001 2.72658448270980e-004 237147 231
1.59511693887099e+004 1.73706221083717e+006 9.18258479932419e-003 9.47131572134085e-002 1.30569607882931e+000 1.37428538754134e+001 2.79085105358124e-004 238866 232
1.59586012771743e+004 1.73705068248621e+006 6.27399307617032e+000 9.55959347950489e-001 -1.57021974013489e+000 1.39084549550164e+001 2.79126273748658e-004 244231 233
1.59534236211616e+004 1.73707302431969e+006 9.18382524931524e-003 7.06355688956828e-002 5.79334622486038e-001 1.40508245404436e+001 2.86077113184783e-004 248276 234
1.59504856712068e+004 1.73703585112084e+006 9.18233055982184e-003 8.26134071347539e-002 1.20809365504929e+000 1.40541019928125e+001 2.94487265799046e-004 248364 235
1.59523972933393e+004 1.73707230150013e+006 9.18323828273307e-003 6.19817928259100e-001 1.56657642765587e+000 1.42247137797236e+001 2.94594059523441e-004 250673 236
1.59541761417702e+004 1.73706711406484e+006 9.18428967168936e-003 5.22257978632467e-001 1.56446714148381e+000 1.43591400130864e+001 2.94749718729897e-004 253756 237
1.59509239453937e+004 1.73703892632656e+006 9.18256659440879e-003 2.40794018994243e-001 1.53512888836329e+000 1.43625730877021e+001 2.95604064863986e-004 254115 238
1.59519145111613e+004 1.73707394386221e+006 9.18295169572701e-003 4.59473381247005e-001 1.56159084215827e+000 1.44970525776910e+001 2.95810383999248e-004 254863 239
1.59501771742515e+004 1.73702876525120e+006 9.18219042984230e-003 3.28936279013057e-001 1.55411246391186e+000 1.45039037456206e+001 2.96240736511734e-004 255059 240
1.59531008864803e+004 1.73706684926935e+006 9.18367211757613e-003 9.63914095483307e-001 1.57041149342326e+000 1.45054667310285e+001 2.96281161167831e-004 255259 241
1.59512847463232e+004 1.73704738734177e+006 9.18272956120015e-003 4.71359785606389e-001 1.56379600497452e+000 1.45753391421437e+001 2.96476210511115e-004 255966 242
1.59514208123442e+004 1.73705371880944e+006 9.18277441741845e-003 6.88972419262796e-001 1.56887746711631e+000 1.46486243423660e+001 2.96560833011629e-004 256654 243
1.59516488337035e+004 1.73707257404172e+006 9.18280600419364e-003 5.39660893733001e-001 1.56465889477218e+000 1.46769956400131e+001 2.96705662310663e-004 257702 244
1.59504527598313e+004 1.73704144382303e+006 9.18228205219716e-003 2.20983345061937e-001 1.52755463347270e+000 1.47768810830386e+001 2.97737315063066e-004 258348 245
1.59514215918517e+004 1.73705678169778e+006 9.18275867539433e-003 4.73889456277745e-001 1.56331662175359e+000 1.49027440327150e+001 2.97930080445627e-004 259209 246
1.59520947225877e+004 1.73704835340825e+006 9.18319070975349e-003 6.21524694013268e-001 1.56811045396283e+000 1.50526434908304e+001 2.98036230610600e-004 262108 247
1.59515181629542e+004 1.73704230798196e+006 9.18289077587698e-003 6.16770132269515e-001 1.56839808389538e+000 1.50648088419416e+001 2.98144189425837e-004 262541 248
1.59502023449585e+004 1.73702821032121e+006 9.18220785257100e-003 4.12933536486034e-001 1.56187847209082e+000 1.50851700005762e+001 2.98405151311928e-004 262740 249
1.59505826005230e+004 1.73706997105862e+006 9.18220600422122e-003 7.56938269830554e-001 1.56868571382794e+000 1.50894605087462e+001 2.98473952622049e-004 262886 250
1.59590030647998e+004 1.73705038815124e+006 6.27399284332872e+000 8.73211686833242e-001 -1.57069912335582e+000 1.51611863524460e+001 2.98524194713004e-004 264227 251
1.59590340558057e+004 1.73703356493326e+006 6.27399273651603e+000 7.50842677851382e-001 -1.57069912335582e+000 1.53693156134036e+001 2.98594230982080e-004 267227 252
1.59513951679104e+004 1.73707157834832e+006 9.18266524910813e-003 8.36496577712130e-002 3.56133794824061e-001 1.53930919633517e+001 3.01645659702749e-004 267724 253
1.59530544483355e+004 1.73706282207190e+006 9.18366667629519e-003 5.52034945450718e-001 1.56561766121403e+000 1.54232369246660e+001 3.01783443584312e-004 268232 254
1.59502040244874e+004 1.73702995233339e+006 9.18219961135932e-003 9.19396628628857e-002 1.28958880260628e+000 1.54329224856881e+001 3.08613457640750e-004 268421 255
1.59537693110492e+004 1.73706511168854e+006 9.18406607210538e-003 3.80565943076636e-001 1.55718051652577e+000 1.54379649318497e+001 3.08925737957316e-004 268560 256
1.59515992816953e+004 1.73704333503684e+006 9.18293204203133e-003 4.63557427873050e-001 1.56370012833033e+000 1.55374982630025e+001 3.09128082717188e-004 272542 257
1.59513561851126e+004 1.73706322640476e+006 9.18268695774790e-003 2.63835356675510e-001 1.54021035050508e+000 1.55476488896595e+001 3.09826950357770e-004 272813 258
1.59502528593559e+004 1.73703202061726e+006 9.18221679033067e-003 5.94734567264811e-001 1.56858983718375e+000 1.57201093030479e+001 3.09943905316023e-004 275135 259
1.59526888121299e+004 1.73705986642065e+006 9.18347182798494e-003 1.75205449298362e-001 1.49850401028474e+000 1.57913099135388e+001 3.11660193107042e-004 275665 260
1.59508949579181e+004 1.73703845430127e+006 9.18255240308717e-003 5.17076725450172e-001 1.56609704443495e+000 1.58102107805480e+001 3.11819305834925e-004 276036 261
1.59542791004217e+004 1.73706877290349e+006 9.18434016800268e-003 7.62130355566243e-002 1.11959951246681e+000 1.59953147565689e+001 3.21485890662686e-004 280287 262
1.59533481600336e+004 1.73706527521672e+006 9.18382277827534e-003 2.22050073658292e-001 1.52649999038667e+000 1.60007776171067e+001 3.22506624351761e-004 280569 263
1.59503347748993e+004 1.73703610844461e+006 9.18224233696709e-003 2.03062304643174e-001 1.51921336542863e+000 1.60740346992537e+001 3.23748757547458e-004 281243 264
1.59511839733633e+004 1.73706036985061e+006 9.18260292620643e-003 6.01653064161171e-001 1.56695993423261e+000 1.60746106497027e+001 3.23862773601420e-004 281359 265
1.59532888786465e+004 1.73707482533681e+006 9.18373816587742e-003 7.09057394834165e-001 1.56782282403027e+000 1.61341941902038e+001 3.23942211859979e-004 281931 266
1.59512561409683e+004 1.73705591699790e+006 9.18266800643705e-003 6.31521464859109e-001 1.56782282403027e+000 1.61361226239706e+001 3.24044700308400e-004 282022 267
1.59521188518931e+004 1.73705719636635e+006 9.18315785261166e-003 7.05125738007600e-001 1.56887746711631e+000 1.61423318808257e+001 3.24125116489863e-004 282168 268
1.59516873542394e+004 1.73706171799048e+006 9.18288556423157e-003 9.39379337767144e-001 1.57060324671163e+000 1.63436537875337e+001 3.24167900400548e-004 286755 269
1.59507747293712e+004 1.73704543565751e+006 9.18244629102356e-003 1.00503969593621e-001 1.33934878093814e+000 1.63563020087168e+001 3.29856300362310e-004 287416 270
1.59521851728621e+004 1.73705151084517e+006 9.18322608517625e-003 3.39816910695877e-001 1.55401658726768e+000 1.63657100276517e+001 3.30256918473935e-004 287929 271
1.59520982408776e+004 1.73706003861195e+006 9.18313096315527e-003 2.24732134129127e-001 1.52793814004944e+000 1.63716969994013e+001 3.31251106032003e-004 288282 272
1.59590882306466e+004 1.73702894724556e+006 6.27399268090855e+000 8.33986552447276e-001 -1.56964448026978e+000 1.64162784657180e+001 3.31306693961868e-004 289243 273
1.59507849615567e+004 1.73704762863418e+006 9.18244058914432e-003 1.93736048915043e-001 1.51298138355663e+000 1.64605248044147e+001 3.32683717918432e-004 290480 274
1.59592565261691e+004 1.73703875204303e+006 6.27399263588562e+000 8.26885187791542e-001 -1.57031561677908e+000 1.64877277881978e+001 3.32740361561449e-004 290879 275
1.59591158683435e+004 1.73702760064695e+006 6.27399265787708e+000 7.51757016648258e-001 -1.57031561677908e+000 1.66626528509869e+001 3.32810210557050e-004 294503 276
1.59519626595116e+004 1.73705141970152e+006 9.18309847948873e-003 6.31856722417963e-001 1.56811045396283e+000 1.66874438573756e+001 3.32912579492065e-004 294915 277
1.59505162758335e+004 1.73704392080474e+006 9.18230552171358e-003 1.55181429646786e-001 1.47875342158269e+000 1.66918416379629e+001 3.35150481135432e-004 295193 278
1.59505726197659e+004 1.73703500237876e+006 9.18238509770981e-003 5.58465794988743e-001 1.56753519409772e+000 1.68759483938688e+001 3.35284799659923e-004 297918 279
1.59537288596292e+004 1.73707633244644e+006 9.18398346526027e-003 5.47981376784569e-001 1.56465889477218e+000 1.70549219944291e+001 3.35424835034271e-004 299981 280
1.59549375668446e+004 1.73707583752377e+006 9.18468185179080e-003 2.11108486055680e-001 5.14378196050905e-002 1.72069708986157e+001 3.35483544644197e-004 302944 281
1.59525246415197e+004 1.73706189431514e+006 9.18336660500424e-003 5.68188264195521e-001 1.56609704443495e+000 1.73009313838150e+001 3.35612857865012e-004 303313 282
1.59523716713199e+004 1.73707583607292e+006 9.18320484904135e-003 6.26462123516397e-001 1.56648055101169e+000 1.73088144573152e+001 3.35717175576190e-004 303772 283
1.59523975139490e+004 1.73705852368840e+006 9.18331124423903e-003 8.01710392917565e-001 1.56983623355815e+000 1.74014068009351e+001 3.35777806189928e-004 304847 284
1.59591331089907e+004 1.73703204634982e+006 6.27399267146503e+000 9.90338486713014e-001 -1.56887746711631e+000 1.74019464937563e+001 3.35815895740603e-004 304956 285
1.59505727978970e+004 1.73707093686740e+006 9.18219525649885e-003 1.36071748792084e-001 1.44778526551103e+000 1.74125492537026e+001 3.38794048954626e-004 305936 286
1.59503514227282e+004 1.73703094340153e+006 9.18227922199612e-003 1.87274721417121e-001 1.50972157765435e+000 1.74301159281688e+001 3.40277475521978e-004 306593 287
1.59506828003087e+004 1.73704104818802e+006 9.18241656468337e-003 5.25061950942886e-001 1.56619292107913e+000 1.75002013197353e+001 3.40431313260656e-004 307917 288
1.59588163860420e+004 1.73704309911861e+006 6.27399291223967e+000 9.05945015761390e-001 -1.57002798684652e+000 1.75109544481040e+001 3.40477647978032e-004 308379 289
1.59516651548207e+004 1.73707673440871e+006 9.18279340719436e-003 2.76544665952082e-001 1.54231963667714e+000 1.75317681100140e+001 3.41107837171722e-004 309505 290
1.59512092616362e+004 1.73706069562383e+006 9.18261576102716e-003 6.78011186253682e-002 7.27368161107211e-001 1.75776150881039e+001 3.50345666906618e-004 310236 291
1.59503241559200e+004 1.73703197817767e+006 9.18225805624950e-003 1.63075221259812e-001 1.48862871593371e+000 1.76135380658663e+001 3.52353878271399e-004 310882 292
1.59518379131706e+004 1.73705818079947e+006 9.18299092974651e-003 8.45842478846764e-001 1.57021974013489e+000 1.76197616432763e+001 3.52407766479175e-004 311438 293
1.59591571155956e+004 1.73703377332854e+006 6.27399266677937e+000 9.20513480591609e-001 -1.56935685033723e+000 1.76344151791500e+001 3.52452503175337e-004 311507 294
1.59540712867591e+004 1.73706735212080e+006 9.18422805495435e-003 9.89911795274472e-001 1.57050737006745e+000 1.79210470695219e+001 3.52490628923804e-004 317265 295
1.59525140812744e+004 1.73705886364975e+006 9.18337654755271e-003 2.81695441174481e-001 1.54452479949339e+000 1.79453963094792e+001 3.53095781940671e-004 317873 296
1.59521043337713e+004 1.73707226693909e+006 9.18306982831443e-003 3.41950367888587e-001 1.55296194418165e+000 1.79501356034281e+001 3.53490914537021e-004 317991 297
1.59505489802738e+004 1.73705060092799e+006 9.18228903756398e-003 7.89183951400369e-001 1.57021974013489e+000 1.80254480683252e+001 3.53553682564845e-004 319586 298
1.59591224542204e+004 1.73705093422973e+006 6.27399277749144e+000 9.23866056180153e-001 -1.57041149342326e+000 1.80377923758392e+001 3.53598062926626e-004 320068 299
1.59505000690570e+004 1.73705989012690e+006 9.18221178150117e-003 8.27048410144415e-002 1.20732664189581e+000 1.80510766012082e+001 3.61985329450269e-004 320490 300
