# 80 rows of flux data
# 12 columns of flux data
# 
# total cross-sectional flux  1.045556e+00 /m^2/yr
#
#                             +x ram      -x wake      +y port -y starboard    +z zenith     -z nadir        Earth          Sun     anti-Sun      rot (x)      rot (y)      rot (z) 
# average speed (km/s)         37.05        38.33        43.49        29.61        32.94        41.64        32.41        28.19        27.80        33.92        35.14        35.88 
# total flux (#/m2/yr)  2.585550e-01 2.170020e-01 1.816781e-01 3.545549e-01 5.493210e-01 3.035944e-04 1.272797e-01 1.708480e-01 1.674998e-01 8.653738e-01 8.031757e-01 7.914319e-01 
# velocity (km/s)
     0.5                0.000000e+00 0.000000e+00 0.000000e+00 0.000000e+00 0.000000e+00 0.000000e+00 0.000000e+00 0.000000e+00 0.000000e+00 0.000000e+00 0.000000e+00 0.000000e+00 
     1.5                0.000000e+00 0.000000e+00 0.000000e+00 0.000000e+00 0.000000e+00 0.000000e+00 0.000000e+00 0.000000e+00 0.000000e+00 0.000000e+00 0.000000e+00 0.000000e+00 
     2.5                3.050637e-05 1.193285e-04 8.276731e-05 8.449971e-05 1.556157e-04 6.451177e-08 3.567379e-05 8.324829e-05 7.981415e-05 2.546468e-04 2.413193e-04 2.492918e-04 
     3.5                3.559161e-04 4.750330e-04 4.561325e-04 3.803035e-04 7.743435e-04 4.384274e-07 1.631273e-04 4.483807e-04 4.218544e-04 1.277200e-03 1.265119e-03 1.311166e-03 
     4.5                9.624446e-04 8.458017e-04 9.464349e-04 8.339759e-04 1.671068e-03 1.088013e-06 3.437579e-04 9.871910e-04 9.540449e-04 2.741243e-03 2.743600e-03 2.820566e-03 
     5.5                1.617584e-03 1.257061e-03 1.413946e-03 1.427176e-03 2.734425e-03 1.764992e-06 5.630729e-04 1.618639e-03 1.586293e-03 4.426456e-03 4.412719e-03 4.485160e-03 
     6.5                2.289612e-03 1.630545e-03 1.822224e-03 2.205342e-03 3.964731e-03 2.416971e-06 8.198905e-04 2.255411e-03 2.236844e-03 6.333162e-03 6.202887e-03 6.234859e-03 
     7.5                2.857295e-03 1.995113e-03 2.113376e-03 3.078730e-03 5.226037e-03 2.939402e-06 1.095027e-03 2.835934e-03 2.830919e-03 8.236093e-03 7.927596e-03 7.877347e-03 
     8.5                3.374214e-03 2.333140e-03 2.345544e-03 3.964814e-03 6.445110e-03 3.399095e-06 1.363499e-03 3.374023e-03 3.379560e-03 1.006351e-02 9.555304e-03 9.422322e-03 
     9.5                3.790669e-03 2.590728e-03 2.515290e-03 4.830391e-03 7.596405e-03 3.705239e-06 1.610134e-03 3.852378e-03 3.855644e-03 1.175777e-02 1.099420e-02 1.076110e-02 
    10.5                4.126531e-03 2.892814e-03 2.606391e-03 5.707225e-03 8.701186e-03 3.962990e-06 1.856850e-03 4.309619e-03 4.301805e-03 1.336452e-02 1.236893e-02 1.202101e-02 
    11.5                4.494279e-03 3.117302e-03 2.685377e-03 6.747877e-03 9.996758e-03 4.153821e-06 2.111809e-03 4.774734e-03 4.754692e-03 1.520697e-02 1.386709e-02 1.336890e-02 
    12.5                4.761246e-03 3.290913e-03 2.668824e-03 7.571909e-03 1.095010e-02 4.265864e-06 2.348300e-03 5.101534e-03 5.077785e-03 1.656768e-02 1.495992e-02 1.434356e-02 
    13.5                4.919891e-03 3.325831e-03 2.595359e-03 8.295864e-03 1.177474e-02 4.120239e-06 2.461333e-03 5.230586e-03 5.206433e-03 1.763613e-02 1.579078e-02 1.502306e-02 
    14.5                4.822754e-03 3.447529e-03 2.529571e-03 8.709880e-03 1.221338e-02 4.048392e-06 2.531070e-03 5.288026e-03 5.259276e-03 1.820981e-02 1.617706e-02 1.532712e-02 
    15.5                4.975927e-03 3.508695e-03 2.433919e-03 9.491952e-03 1.307528e-02 3.929220e-06 2.699972e-03 5.397866e-03 5.370159e-03 1.936232e-02 1.704037e-02 1.604081e-02 
    16.5                4.930143e-03 3.558428e-03 2.370145e-03 9.705672e-03 1.327679e-02 3.838967e-06 2.734994e-03 5.412242e-03 5.384919e-03 1.961785e-02 1.720214e-02 1.616008e-02 
    17.5                4.946817e-03 3.569403e-03 2.278497e-03 1.003951e-02 1.359509e-02 3.772521e-06 2.818741e-03 5.379520e-03 5.352378e-03 2.004237e-02 1.748040e-02 1.637773e-02 
    18.5                4.912531e-03 3.631931e-03 2.182361e-03 1.039256e-02 1.393029e-02 3.753104e-06 2.903132e-03 5.342671e-03 5.315090e-03 2.048595e-02 1.776905e-02 1.660087e-02 
    19.5                4.871679e-03 3.614900e-03 2.110322e-03 1.048944e-02 1.397825e-02 3.705941e-06 2.953405e-03 5.231157e-03 5.202149e-03 2.055994e-02 1.773676e-02 1.655334e-02 
    20.5                4.793294e-03 3.557868e-03 1.931084e-03 1.041537e-02 1.376652e-02 3.373602e-06 2.953226e-03 5.039245e-03 5.012997e-03 2.020590e-02 1.743373e-02 1.623073e-02 
    21.5                4.642229e-03 3.605706e-03 1.838493e-03 1.052487e-02 1.381714e-02 3.282619e-06 2.989677e-03 4.898696e-03 4.873542e-03 2.026639e-02 1.738716e-02 1.616371e-02 
    22.5                4.707554e-03 3.530701e-03 1.745410e-03 1.073587e-02 1.398371e-02 3.268558e-06 3.072072e-03 4.776210e-03 4.752430e-03 2.050046e-02 1.750397e-02 1.624493e-02 
    23.5                4.487253e-03 3.389252e-03 1.611314e-03 1.018092e-02 1.322157e-02 3.075285e-06 2.932657e-03 4.471826e-03 4.450527e-03 1.938902e-02 1.657992e-02 1.539178e-02 
    24.5                4.229310e-03 3.306126e-03 1.488362e-03 9.785160e-03 1.264833e-02 2.963753e-06 2.870034e-03 4.208015e-03 4.187971e-03 1.857680e-02 1.583563e-02 1.470278e-02 
    25.5                4.134008e-03 3.221235e-03 1.401036e-03 9.566402e-03 1.233757e-02 2.711022e-06 2.814433e-03 3.978012e-03 3.957829e-03 1.810034e-02 1.542202e-02 1.429839e-02 
    26.5                3.958942e-03 3.192158e-03 1.328342e-03 9.215517e-03 1.187052e-02 2.554064e-06 2.775035e-03 3.767192e-03 3.746842e-03 1.745581e-02 1.486365e-02 1.378765e-02 
    27.5                3.893475e-03 3.065569e-03 1.225507e-03 8.868834e-03 1.137435e-02 2.453304e-06 2.745214e-03 3.561128e-03 3.542677e-03 1.677632e-02 1.428177e-02 1.326197e-02 
    28.5                3.715804e-03 2.995221e-03 1.110439e-03 8.500198e-03 1.084928e-02 2.266785e-06 2.683714e-03 3.296289e-03 3.279389e-03 1.603202e-02 1.365013e-02 1.267996e-02 
    29.5                3.573472e-03 2.778704e-03 9.861135e-04 8.075463e-03 1.024423e-02 2.097993e-06 2.592778e-03 2.986742e-03 2.971833e-03 1.516108e-02 1.288435e-02 1.197062e-02 
    30.5                3.311067e-03 2.708603e-03 9.044858e-04 7.709534e-03 9.738552e-03 2.071912e-06 2.471625e-03 2.769651e-03 2.755279e-03 1.441504e-02 1.222254e-02 1.135428e-02 
    31.5                3.200513e-03 2.697258e-03 8.117198e-04 7.495167e-03 9.412030e-03 1.943631e-06 2.488342e-03 2.602538e-03 2.590168e-03 1.398316e-02 1.184141e-02 1.100716e-02 
    32.5                3.112388e-03 2.590002e-03 7.531264e-04 7.057405e-03 8.832830e-03 1.915349e-06 2.421300e-03 2.388585e-03 2.376650e-03 1.319883e-02 1.120493e-02 1.045965e-02 
    33.5                3.018899e-03 2.649662e-03 7.223221e-04 6.822595e-03 8.528359e-03 1.827869e-06 2.429511e-03 2.208202e-03 2.195547e-03 1.282083e-02 1.091416e-02 1.022121e-02 
    34.5                3.076321e-03 2.650271e-03 6.861056e-04 6.894533e-03 8.556737e-03 1.988987e-06 2.509917e-03 2.123090e-03 2.111661e-03 1.292056e-02 1.097316e-02 1.029865e-02 
    35.5                2.962980e-03 2.562085e-03 6.976348e-04 6.342160e-03 7.877120e-03 2.189446e-06 2.405337e-03 1.988943e-03 1.976936e-03 1.203426e-02 1.026984e-02 9.719427e-03 
    36.5                2.868405e-03 2.613117e-03 6.934329e-04 6.176224e-03 7.683760e-03 2.027443e-06 2.400700e-03 1.857146e-03 1.844115e-03 1.179090e-02 1.007973e-02 9.560213e-03 
    37.5                2.991248e-03 2.696772e-03 7.341750e-04 6.242481e-03 7.754619e-03 2.283037e-06 2.464263e-03 1.799809e-03 1.785332e-03 1.197135e-02 1.029303e-02 9.807733e-03 
    38.5                2.910794e-03 2.900751e-03 8.981394e-04 6.069241e-03 7.590767e-03 3.072511e-06 2.485388e-03 1.736615e-03 1.717457e-03 1.191487e-02 1.026370e-02 9.906440e-03 
    39.5                3.149570e-03 2.796027e-03 1.030535e-03 5.996894e-03 7.539159e-03 3.765451e-06 2.534390e-03 1.691107e-03 1.668780e-03 1.199633e-02 1.033880e-02 1.007297e-02 
    40.5                3.098469e-03 2.884021e-03 1.026479e-03 5.894711e-03 7.383380e-03 4.041285e-06 2.531268e-03 1.622754e-03 1.601209e-03 1.182007e-02 1.024568e-02 1.002651e-02 
    41.5                3.137993e-03 3.202841e-03 1.305252e-03 5.861801e-03 7.459838e-03 5.191231e-06 2.605156e-03 1.612555e-03 1.583418e-03 1.216438e-02 1.059163e-02 1.050833e-02 
    42.5                3.435381e-03 3.116037e-03 1.632465e-03 5.605918e-03 7.331586e-03 6.193981e-06 2.574816e-03 1.615254e-03 1.577688e-03 1.219102e-02 1.068430e-02 1.075103e-02 
    43.5                3.347535e-03 3.314362e-03 1.851054e-03 5.217333e-03 7.035730e-03 6.709511e-06 2.417142e-03 1.574801e-03 1.530694e-03 1.182663e-02 1.056132e-02 1.070228e-02 
    44.5                3.517112e-03 3.649943e-03 2.280202e-03 5.241846e-03 7.394243e-03 7.090706e-06 2.463427e-03 1.632919e-03 1.576995e-03 1.254116e-02 1.125542e-02 1.145758e-02 
    45.5                3.886371e-03 3.638844e-03 2.529282e-03 5.130833e-03 7.443849e-03 7.546105e-06 2.439298e-03 1.642233e-03 1.580836e-03 1.273467e-02 1.159601e-02 1.184693e-02 
    46.5                3.809147e-03 3.732609e-03 2.655389e-03 4.912778e-03 7.330350e-03 7.189126e-06 2.367323e-03 1.608484e-03 1.544228e-03 1.256460e-02 1.153324e-02 1.179739e-02 
    47.5                3.952459e-03 3.987995e-03 2.956189e-03 4.779387e-03 7.423960e-03 7.355298e-06 2.327192e-03 1.634068e-03 1.563006e-03 1.275289e-02 1.193468e-02 1.224956e-02 
    48.5                4.052118e-03 4.383315e-03 3.576917e-03 4.527420e-03 7.611641e-03 7.996143e-06 2.222597e-03 1.693398e-03 1.607487e-03 1.317588e-02 1.249717e-02 1.292951e-02 
    49.5                4.500052e-03 4.822376e-03 4.139043e-03 4.504082e-03 8.008739e-03 8.829611e-06 2.240922e-03 1.761696e-03 1.663130e-03 1.394519e-02 1.353655e-02 1.405707e-02 
    50.5                4.802164e-03 5.541460e-03 5.026293e-03 4.394417e-03 8.562951e-03 9.803975e-06 2.214374e-03 1.858211e-03 1.739014e-03 1.500885e-02 1.482267e-02 1.548134e-02 
    51.5                5.495745e-03 6.109982e-03 6.226393e-03 4.204791e-03 9.312834e-03 1.077025e-05 2.140038e-03 1.957512e-03 1.811344e-03 1.634609e-02 1.644680e-02 1.727211e-02 
    52.5                6.203510e-03 6.117920e-03 6.928458e-03 3.871651e-03 9.540574e-03 1.097539e-05 1.983572e-03 2.011976e-03 1.852063e-03 1.672114e-02 1.722775e-02 1.812900e-02 
    53.5                6.324223e-03 6.208343e-03 7.281596e-03 3.505997e-03 9.444126e-03 1.083788e-05 1.807716e-03 2.030301e-03 1.865743e-03 1.654062e-02 1.735166e-02 1.829414e-02 
    54.5                6.446884e-03 5.853317e-03 7.408048e-03 3.132237e-03 9.169536e-03 1.035684e-05 1.616631e-03 2.009812e-03 1.845155e-03 1.605218e-02 1.697390e-02 1.792331e-02 
    55.5                6.380816e-03 5.901180e-03 7.346395e-03 2.904880e-03 8.882085e-03 1.020675e-05 1.503016e-03 1.977847e-03 1.817756e-03 1.554625e-02 1.674996e-02 1.768116e-02 
    56.5                6.246203e-03 5.631622e-03 7.350071e-03 2.637011e-03 8.600569e-03 9.917523e-06 1.375333e-03 1.930231e-03 1.773087e-03 1.507077e-02 1.622421e-02 1.716222e-02 
    57.5                6.013941e-03 5.139444e-03 6.946723e-03 2.303529e-03 7.950254e-03 9.036591e-06 1.198078e-03 1.829337e-03 1.683599e-03 1.390033e-02 1.515034e-02 1.602477e-02 
    58.5                5.531569e-03 4.933517e-03 6.644631e-03 1.956583e-03 7.368908e-03 8.201091e-06 1.013691e-03 1.691927e-03 1.555212e-03 1.285040e-02 1.414956e-02 1.496821e-02 
    59.5                5.234071e-03 4.705633e-03 6.448954e-03 1.684160e-03 6.941041e-03 7.596922e-06 8.734084e-04 1.554945e-03 1.424231e-03 1.208985e-02 1.340710e-02 1.418834e-02 
    60.5                5.050389e-03 4.276489e-03 6.093061e-03 1.456625e-03 6.437298e-03 6.824325e-06 7.523509e-04 1.389529e-03 1.268391e-03 1.116660e-02 1.252769e-02 1.325248e-02 
    61.5                4.576099e-03 3.723754e-03 5.607212e-03 1.145012e-03 5.747657e-03 5.759866e-06 5.895759e-04 1.217465e-03 1.107959e-03 9.911777e-03 1.117169e-02 1.182579e-02 
    62.5                4.222624e-03 3.049615e-03 4.830734e-03 9.200720e-04 4.892414e-03 4.892545e-06 4.717194e-04 1.037460e-03 9.452461e-04 8.400188e-03 9.676727e-03 1.023024e-02 
    63.5                3.448479e-03 2.485553e-03 3.991666e-03 6.764929e-04 3.963549e-03 3.880533e-06 3.475736e-04 8.520652e-04 7.773669e-04 6.786051e-03 7.881011e-03 8.333525e-03 
    64.5                2.839817e-03 1.988591e-03 3.257279e-03 5.184015e-04 3.202362e-03 3.084952e-06 2.658346e-04 6.752105e-04 6.155449e-04 5.467307e-03 6.396898e-03 6.765388e-03 
    65.5                2.257551e-03 1.517083e-03 2.593403e-03 3.682846e-04 2.507409e-03 2.366657e-06 1.897261e-04 5.100995e-04 4.635282e-04 4.262136e-03 5.004838e-03 5.297903e-03 
    66.5                1.808806e-03 1.078558e-03 1.982179e-03 2.551066e-04 1.890715e-03 1.772687e-06 1.317366e-04 3.663139e-04 3.314559e-04 3.200713e-03 3.808146e-03 4.031231e-03 
    67.5                1.326970e-03 6.899193e-04 1.379165e-03 1.596802e-04 1.298542e-03 1.217615e-06 8.277177e-05 2.387168e-04 2.150603e-04 2.186836e-03 2.644842e-03 2.799582e-03 
    68.5                8.927707e-04 3.863444e-04 8.780599e-04 8.822710e-05 8.136478e-04 7.610201e-07 4.603913e-05 1.379011e-04 1.231547e-04 1.361181e-03 1.670448e-03 1.768984e-03 
    69.5                5.463418e-04 1.705655e-04 4.832932e-04 4.257891e-05 4.420665e-04 4.157368e-07 2.251435e-05 6.751172e-05 5.960758e-05 7.345000e-04 9.254563e-04 9.792963e-04 
    70.5                2.738252e-04 4.341620e-05 2.047196e-04 1.606806e-05 1.852312e-04 1.893778e-07 8.597852e-06 2.574130e-05 2.247906e-05 3.056103e-04 4.024696e-04 4.250604e-04 
    71.5                9.924336e-05 5.689503e-06 5.526038e-05 4.499465e-06 5.000791e-05 6.819710e-08 2.473398e-06 6.534219e-06 5.685691e-06 8.227906e-05 1.252538e-04 1.309028e-04 
    72.5                1.741961e-05 1.252731e-07 7.643136e-06 5.573466e-07 6.828919e-06 1.316491e-08 3.280955e-07 9.188964e-07 8.076793e-07 1.116278e-05 1.998562e-05 2.071037e-05 
    73.5                1.339323e-06 0.000000e+00 3.820279e-07 1.692479e-08 3.296859e-07 1.153063e-09 1.287192e-08 3.921537e-08 3.391299e-08 5.326035e-07 1.408511e-06 1.433980e-06 
    74.5                0.000000e+00 0.000000e+00 0.000000e+00 0.000000e+00 0.000000e+00 0.000000e+00 0.000000e+00 0.000000e+00 0.000000e+00 0.000000e+00 0.000000e+00 0.000000e+00 
    75.5                0.000000e+00 0.000000e+00 0.000000e+00 0.000000e+00 0.000000e+00 0.000000e+00 0.000000e+00 0.000000e+00 0.000000e+00 0.000000e+00 0.000000e+00 0.000000e+00 
    76.5                0.000000e+00 0.000000e+00 0.000000e+00 0.000000e+00 0.000000e+00 0.000000e+00 0.000000e+00 0.000000e+00 0.000000e+00 0.000000e+00 0.000000e+00 0.000000e+00 
    77.5                0.000000e+00 0.000000e+00 0.000000e+00 0.000000e+00 0.000000e+00 0.000000e+00 0.000000e+00 0.000000e+00 0.000000e+00 0.000000e+00 0.000000e+00 0.000000e+00 
    78.5                0.000000e+00 0.000000e+00 0.000000e+00 0.000000e+00 0.000000e+00 0.000000e+00 0.000000e+00 0.000000e+00 0.000000e+00 0.000000e+00 0.000000e+00 0.000000e+00 
    79.5                0.000000e+00 0.000000e+00 0.000000e+00 0.000000e+00 0.000000e+00 0.000000e+00 0.000000e+00 0.000000e+00 0.000000e+00 0.000000e+00 0.000000e+00 0.000000e+00 


