5.23738853597413e+002 1.73714532648121e+006 3.01493968146731e-004 7.00460829493088e-001 1.48431426694540e+000 1.94752941979902e-004 8.12943028200192e-008 14 1
5.22080580984171e+002 1.73710773283499e+006 3.00545875996221e-004 8.05078279976806e-002 1.54442892284921e+000 1.96493536251980e-004 9.59907875958859e-006 26 2
5.24303106383654e+002 1.73713419999069e+006 3.01820717401032e-004 3.73302407910398e-001 1.50511949873348e+000 1.48134113865063e-002 9.92421069308752e-006 40 3
5.26940611450019e+002 1.73716811920752e+006 3.03333102572113e-004 3.58806115909299e-001 1.44164916028321e+000 1.48171377458991e-002 1.02767496727065e-005 50 4
5.22270874941008e+002 1.73712718651385e+006 3.00652055450709e-004 4.67696157719657e-001 1.51844635227515e+000 1.49077298741135e-002 1.04749092018529e-005 64 5
5.26826703883614e+002 1.73716966833647e+006 3.03267261301642e-004 3.43424787133396e-001 1.43867698431349e+000 1.49396199900990e-002 1.08629698408152e-005 83 6
5.21916746912127e+002 1.73712479161392e+006 3.00448611249663e-004 9.08352916043580e-001 1.52324018448439e+000 1.49499931582094e-002 1.09089827041220e-005 96 7
5.22531128676593e+002 1.73719058245804e+006 3.00790896631813e-004 2.30475783562731e-001 1.39773765724662e+000 1.49524564165658e-002 1.18362798047520e-005 102 8
5.24236645268351e+002 1.73713290775266e+006 3.01782682841461e-004 8.26502273628956e-001 1.50799579805902e+000 1.49588380167813e-002 1.18928694285512e-005 121 9
5.24744140311748e+002 1.73713661217635e+006 3.02074183845317e-004 1.37607959227271e-001 1.49716173726615e+000 1.49588502874954e-002 1.48125573014736e-005 122 10
5.23393320658569e+002 1.73712137343567e+006 3.01299214219735e-004 7.68700216681417e-001 1.52985567293313e+000 1.50940762884644e-002 1.48790082549032e-005 131 11
5.21819699016300e+002 1.73717105328732e+006 3.00384744688250e-004 4.16974394970550e-001 1.43503367183447e+000 1.50945891079473e-002 1.51320984601195e-005 136 12
5.24480697305178e+002 1.73716083995052e+006 3.01918319425061e-004 3.23343607898190e-001 1.45459250724815e+000 1.52022194504178e-002 1.55760447648163e-005 155 13
5.24828913540612e+002 1.73716502781767e+006 3.02118042424535e-004 1.71819208349864e-002 1.16897598422193e+000 1.52137360638153e-002 2.77591084743603e-004 170 14
5.23055864669001e+002 1.73711775997463e+006 3.01105578973008e-004 2.73751029999695e-002 1.43570480834376e+000 1.59206481142243e-002 3.78835955367676e-004 207 15
5.27404251799677e+002 1.73719161803533e+006 3.03595890125492e-004 8.64101077303384e-001 1.39869642368847e+000 1.59206481142243e-002 3.78886610696807e-004 207 16
5.25393635577549e+002 1.73714808328792e+006 3.02446075042286e-004 1.09897152623066e-001 1.47328845286416e+000 1.59225399916311e-002 3.83665122429333e-004 210 17
5.22224808810689e+002 1.73711911379950e+006 3.00626933944767e-004 5.66301461836604e-001 1.53397836863308e+000 1.59778948169578e-002 3.83795298563278e-004 230 18
5.25042817888672e+002 1.73715241266750e+006 3.02243371434922e-004 1.14200262459181e-001 1.46552244468520e+000 1.61258891838182e-002 3.88183151444172e-004 238 19
5.24428723467973e+002 1.73719938918997e+006 3.01881701548181e-004 7.26462599566637e-001 1.38335616061892e+000 1.61618461858376e-002 3.88257143861060e-004 287 20
5.23757324675108e+002 1.73714125267378e+006 3.01505308217251e-004 8.06970427564318e-001 1.49208027512436e+000 1.61625661857785e-002 3.88316723387622e-004 297 21
5.24230843117948e+002 1.73713150259645e+006 3.01779586876601e-004 8.88851588488418e-001 1.51068034409619e+000 1.61692582840351e-002 3.88364953814940e-004 310 22
5.25018453768837e+002 1.73716175738021e+006 3.02227720333464e-004 6.70400097659230e-001 1.45353786416211e+000 1.92457570299843e-002 3.88454202782237e-004 322 23
5.23858448589837e+002 1.73715577823644e+006 3.01560999464268e-004 2.49092074343089e-001 1.46350903515732e+000 1.92457570299843e-002 3.89243125745294e-004 322 24
5.22406530625198e+002 1.73711943622424e+006 3.00731489143873e-004 3.89934995574816e-001 1.53311547883541e+000 1.92457570299843e-002 3.89538953853153e-004 322 25
5.22620471968407e+002 1.73715176619365e+006 3.00849048639002e-004 7.87194433423872e-001 1.47194617984558e+000 1.92739816643724e-002 3.89601763301108e-004 331 26
5.23035410495973e+002 1.73712409209825e+006 3.01092706657835e-004 6.61641285439619e-002 1.50761229148228e+000 3.11158854480686e-002 4.04233420047695e-004 379 27
5.23183788807281e+002 1.73713981455842e+006 3.01175396824078e-004 2.29926450392163e-001 1.49342254814295e+000 3.11254694261319e-002 4.05176902317418e-004 412 28
5.22343793768350e+002 1.73710947501388e+006 3.00697097988572e-004 6.51844843897824e-001 1.55248256096072e+000 3.11255185808746e-002 4.05272476489455e-004 413 29
5.27307868051849e+002 1.73716465156434e+006 3.03545119561166e-004 4.70320749534593e-001 1.44845640202033e+000 3.11347736965128e-002 4.05467014913366e-004 441 30
5.23295695482863e+002 1.73718350973237e+006 3.01232239842860e-004 7.32963042085025e-001 1.41240678380688e+000 3.11700740553389e-002 4.05539940438893e-004 449 31
5.22157180888404e+002 1.73712988109066e+006 3.00586139727549e-004 1.33579515976440e-001 1.50943394772179e+000 3.38569074439806e-002 4.08659439385250e-004 460 32
5.22269953587889e+002 1.73710988488814e+006 3.00654519552734e-004 3.43302713095492e-001 1.55123616458632e+000 3.72264491408795e-002 4.09051143100023e-004 468 33
5.28662287112500e+002 1.73718318084799e+006 3.04321545718828e-004 2.35450300607318e-001 1.41336555024873e+000 3.72265403534940e-002 4.09938193083471e-004 471 34
5.25782656487178e+002 1.73714723315102e+006 3.02670165428605e-004 2.40974150822474e-001 1.47990394131291e+000 3.82296423329917e-002 4.10788154603229e-004 503 35
5.29368203480225e+002 1.73719629046679e+006 3.04725602972984e-004 2.20221564378796e-001 1.38930051255837e+000 3.90941889329186e-002 4.11811557003026e-004 522 36
5.23452400135100e+002 1.73719062176771e+006 3.01321212383853e-004 8.64070558793908e-001 1.39927168355358e+000 3.91002501042391e-002 4.11862221325406e-004 525 37
5.26433263281426e+002 1.73715760168613e+006 3.03042882612066e-004 7.81212805566576e-001 1.46168737891781e+000 3.91007424803779e-002 4.11926025322234e-004 531 38
5.29267741761113e+002 1.73719189613225e+006 3.04668543851393e-004 3.16019165623951e-001 1.39812116382336e+000 3.91045230648765e-002 4.12389103286786e-004 548 39
5.22856669959238e+002 1.73718432833861e+006 3.00979375441983e-004 4.96383556627094e-001 1.41058512756737e+000 3.91045635952383e-002 4.12560947448280e-004 549 40
5.23035185851135e+002 1.73715290443653e+006 3.01087583430521e-004 3.73821222571490e-001 1.46945338709677e+000 3.91105977282512e-002 4.12884121126814e-004 572 41
5.22311657335370e+002 1.73713900630291e+006 3.00673486520347e-004 4.69954527420881e-001 1.49591534089175e+000 3.91201658947023e-002 4.13079910507163e-004 583 42
5.22810195060134e+002 1.73713187859389e+006 3.00961709192910e-004 6.55201879940184e-001 1.50972157765435e+000 3.91222640996551e-002 4.13174250297644e-004 591 43
5.22533483620272e+002 1.73714787666685e+006 3.00799646868980e-004 2.94259468367565e-001 1.47856166829432e+000 4.42413569246081e-002 4.13721863318527e-004 618 44
5.24485078458366e+002 1.73713616064695e+006 3.01925130800279e-004 8.65108188116092e-001 1.50185969283120e+000 4.99402191975496e-002 4.13773024787589e-004 631 45
5.22635625972775e+002 1.73711922309171e+006 3.00863408369373e-004 7.08487197485275e-001 1.53388249198889e+000 5.03072902631537e-002 4.13852549905289e-004 668 46
5.22251707022599e+002 1.73711549305424e+006 3.00643044965061e-004 1.85583056123539e-001 1.53896395413068e+000 5.04642673901240e-002 4.15367946521011e-004 697 47
5.21946961659585e+002 1.73710643236659e+006 3.00469180372024e-004 5.60869167149876e-001 1.55823515961180e+000 5.04653995086603e-002 4.15500992264912e-004 706 48
5.22130730082989e+002 1.73711051505740e+006 3.00574263890048e-004 1.53874324777978e-001 1.54749697546312e+000 5.04664628220141e-002 4.17789999950513e-004 709 49
5.23706751131751e+002 1.73714182325992e+006 3.01476096109857e-004 6.54011658070620e-001 1.49092975539415e+000 5.04966275522290e-002 4.17884592304055e-004 719 50
5.23909253407440e+002 1.73712827843836e+006 3.01595019795298e-004 3.52183599353008e-002 1.45593478026673e+000 5.09380879318544e-002 4.76197866947861e-004 744 51
5.21863495245688e+002 1.73710615066144e+006 3.00421179987811e-004 8.45881527146214e-001 1.55890629612110e+000 5.16512335157761e-002 4.76251745883219e-004 795 52
5.22878345188947e+002 1.73714283542881e+006 3.00999042067186e-004 7.31528672139653e-001 1.48891634586627e+000 5.18321563949404e-002 4.76325666275245e-004 828 53
5.23705069326405e+002 1.73712412341672e+006 3.01478199744286e-004 9.26297799615467e-001 1.52467833414716e+000 5.18377671295045e-002 4.76369743809903e-004 833 54
5.22735436945482e+002 1.73714757322124e+006 3.00915955112663e-004 7.47520371105075e-001 1.47990394131291e+000 5.18435383758361e-002 4.76440174768913e-004 836 55
5.22491360834662e+002 1.73712688948672e+006 3.00779032459045e-004 5.36667989135410e-001 1.51911748878445e+000 5.18441617812911e-002 4.76586593951904e-004 840 56
5.22135267205725e+002 1.73711915140613e+006 3.00575381405977e-004 4.64491714224677e-001 1.53378661534471e+000 5.22613608746235e-002 4.76787911512377e-004 868 57
5.23687165907258e+002 1.73715050575494e+006 3.01463314956363e-004 5.95110934781945e-001 1.47443897259438e+000 5.22614728153324e-002 4.76904162316252e-004 870 58
5.23638132729492e+002 1.73714440647850e+006 3.01436147114040e-004 2.39875484481338e-001 1.48488952681051e+000 5.22694815543343e-002 4.77763091333471e-004 886 59
5.22762699627526e+002 1.73712811733677e+006 3.00935019489634e-004 5.52537614062929e-001 1.51681644932402e+000 5.23694700196957e-002 4.77900401151565e-004 906 60
5.25616780449081e+002 1.73719386775073e+006 3.02566555274669e-004 6.64296395764031e-001 1.39390259147923e+000 5.27150071901890e-002 4.77990662942848e-004 941 61
5.22853038029641e+002 1.73716997727576e+006 3.00979771168603e-004 1.88299203466903e-002 1.21192872081668e+000 5.27150556785525e-002 6.95900481824297e-004 942 62
5.26468325036267e+002 1.73716463501202e+006 3.03061838991753e-004 8.71303445539720e-002 1.43867698431349e+000 5.56896924262361e-002 7.03832002273320e-004 1000 63
5.24079554935873e+002 1.73713628918679e+006 3.01691664780667e-004 3.35917233802301e-001 1.50099680303354e+000 5.56978095641365e-002 7.04241980573977e-004 1014 64
5.24780725568080e+002 1.73719915282476e+006 3.02084368825425e-004 3.07535019989624e-001 1.38326028397473e+000 5.57359230280424e-002 7.04732301486364e-004 1045 65
5.23440592943073e+002 1.73719528292224e+006 3.01313607196494e-004 8.98007141331217e-001 1.39064278557695e+000 5.57494511128674e-002 7.04778777526924e-004 1061 66
5.27556697150642e+002 1.73718435611447e+006 3.03684913507241e-004 1.06814783165990e-001 1.40559954206977e+000 5.57499104292330e-002 7.09820612205970e-004 1066 67
5.24436039528360e+002 1.73715648027306e+006 3.01893369740431e-004 3.60484633930479e-001 1.46293377529221e+000 5.57646516564337e-002 7.10170435360785e-004 1103 68
5.23380623570396e+002 1.73714562038726e+006 3.01287699540824e-004 8.17865535447249e-001 1.48373900708029e+000 5.57711136244208e-002 7.10228242657529e-004 1114 69
5.22103173626143e+002 1.73718091734775e+006 3.00546219850884e-004 4.26953947569201e-001 1.41662535615101e+000 5.60485905149558e-002 7.10467855747257e-004 1123 70
5.22715354131688e+002 1.73712081176176e+006 3.00909029939560e-004 9.01211584826197e-001 1.53091031601917e+000 5.60485905149558e-002 7.10514690287342e-004 1123 71
5.23576284542561e+002 1.73716778913419e+006 3.01396486835421e-004 6.10065004425184e-002 1.42180269493698e+000 5.60489181272892e-002 7.27847334836587e-004 1127 72
5.23063747176499e+002 1.73713962192491e+006 3.01106327186893e-004 6.23798333689383e-002 1.47587712225715e+000 5.70222927914008e-002 7.44461329441532e-004 1141 73
5.24923304569333e+002 1.73714291964056e+006 3.02176224337919e-004 1.06631672109134e-001 1.48258848735008e+000 5.70239489448241e-002 7.49572134020899e-004 1152 74
5.23864588696293e+002 1.73713050178202e+006 3.01568922011411e-004 4.79232154301584e-001 1.51231024704733e+000 5.76133502001720e-002 7.49759886812531e-004 1212 75
5.22722938868258e+002 1.73711351845401e+006 3.00914659599225e-004 7.65190588091678e-001 1.54481242942595e+000 5.76141661001620e-002 7.49827043753446e-004 1216 76
5.26128560396975e+002 1.73715445761837e+006 3.02868027654377e-004 2.34900967436750e-001 1.46628945783868e+000 5.76234578061005e-002 7.50724902833499e-004 1234 77
5.23184033821570e+002 1.73713648533258e+006 3.01176115072257e-004 6.54560991241188e-001 1.50099680303354e+000 5.76247953363207e-002 7.50819391916678e-004 1241 78
5.21821313490694e+002 1.73711521925328e+006 3.00395328997855e-004 9.31150242622150e-001 1.54155262352367e+000 5.77989383918473e-002 7.50862993422795e-004 1272 79
5.21794878130511e+002 1.73710265669627e+006 3.00382283352859e-004 6.39301736503189e-001 1.56552178456984e+000 5.78362591013283e-002 7.50962756929954e-004 1288 80
5.26150796651684e+002 1.73716944643699e+006 3.02878214696896e-004 4.91012298959319e-001 1.43925224417859e+000 5.83350265966757e-002 7.51139506802862e-004 1297 81
5.21717112498558e+002 1.73710049363835e+006 3.00337889904707e-004 2.07403790398877e-001 1.56811045396283e+000 5.94147480337080e-002 7.52326730104916e-004 1380 82
5.26665924268428e+002 1.73717702151396e+006 3.03173425396465e-004 7.44926297799615e-001 1.42544600741600e+000 5.95126122238423e-002 7.52397244464777e-004 1387 83
5.22542391393695e+002 1.73715268582699e+006 3.00803941931294e-004 7.01925717947936e-002 1.45507189046907e+000 5.95657358153787e-002 7.65184447831668e-004 1410 84
5.23470965785290e+002 1.73715832854877e+006 3.01337501215638e-004 1.10141300698874e-001 1.45363374080630e+000 5.96450244104858e-002 7.69929626966388e-004 1421 85
5.23604736856651e+002 1.73713348191813e+006 3.01418818098777e-004 4.44227423932615e-001 1.50655764839625e+000 5.96538797387037e-002 7.70151396657359e-004 1434 86
5.24136638869945e+002 1.73713690602263e+006 3.01724418580588e-004 9.82848597674490e-001 1.50042154316843e+000 5.96731648701446e-002 7.70190031913050e-004 1450 87
5.28288490964731e+002 1.73717755107024e+006 3.04107357566107e-004 5.34073915829951e-001 1.42477487090670e+000 5.99285739947651e-002 7.70336641059945e-004 1456 88
5.21904632845220e+002 1.73710706967682e+006 3.00444702719865e-004 6.70339060640278e-001 1.55708463988159e+000 5.99956509406528e-002 7.70426516681954e-004 1493 89
5.21954588129354e+002 1.73715160327639e+006 3.00465757529519e-004 3.08969389934996e-001 1.47146679662465e+000 5.99964008152658e-002 7.70918070086597e-004 1496 90
5.27217574264149e+002 1.73717871936857e+006 3.03490684176147e-004 6.11316263313700e-001 1.42237795480209e+000 6.00267541434657e-002 7.71026949210482e-004 1506 91
5.23158590488270e+002 1.73716193489401e+006 3.01157056324824e-004 9.05056917020173e-001 1.45286672765282e+000 7.50111037836169e-002 7.71073061507326e-004 1565 92
5.24401810770945e+002 1.73715759391853e+006 3.01873472319161e-004 5.05142368846705e-001 1.46111211905271e+000 7.50119680499535e-002 7.71239557072496e-004 1583 93
5.21728449737661e+002 1.73710901108331e+006 3.00342943776819e-004 4.48072756126591e-001 1.55315369747002e+000 7.50242283173752e-002 7.71457577062953e-004 1599 94
5.26640192629255e+002 1.73716049691954e+006 3.03161496838765e-004 6.11682485427412e-001 1.45622241019929e+000 7.50253929911550e-002 7.71566800692650e-004 1607 95
5.28174313507302e+002 1.73719936357146e+006 3.04037814144032e-004 2.62031922360912e-001 1.38373966719565e+000 7.50931688942667e-002 7.72264243655349e-004 1613 96
5.21959620968202e+002 1.73711058467435e+006 3.00475749710292e-004 1.95013275551622e-001 1.54855161854915e+000 7.54606554692364e-002 7.73623439524147e-004 1625 97
5.22773455532029e+002 1.73715700690424e+006 3.00936206498924e-004 8.34925382244331e-001 1.46207088549455e+000 7.54660585326762e-002 7.73678562647136e-004 1639 98
5.22324135780691e+002 1.73711573893247e+006 3.00684697244381e-004 3.16019165623951e-001 1.53992272057253e+000 7.55410038934745e-002 7.74148407152882e-004 1645 99
5.25225185282599e+002 1.73716958575652e+006 3.02345363161410e-004 8.22504348887600e-001 1.43896461424604e+000 7.55413581602275e-002 7.74205219369370e-004 1649 100
5.21780372534119e+002 1.73712483399682e+006 3.00370098124461e-004 8.96237067781609e-001 1.52314430784020e+000 3.41259074976255e-001 7.74252611588366e-004 1674 101
5.21700622650330e+002 1.73710051293930e+006 3.00328393825797e-004 4.04980620746483e-001 1.56935685033723e+000 3.41318175963216e-001 7.74524991398451e-004 1697 102
5.22963725399306e+002 1.73715229969284e+006 3.01046551700279e-004 2.18451490829188e-001 1.46954926374096e+000 3.41361353951235e-001 7.75578698442226e-004 1712 103
5.21677246989058e+002 1.73710875370071e+006 3.00313512435326e-004 6.22425000762963e-001 1.55382483397931e+000 3.41572798557877e-001 7.75684496253574e-004 1727 104
5.22084702116113e+002 1.73713688492054e+006 3.00543204700119e-004 3.50474562822352e-001 1.49965453001495e+000 3.41579990752618e-001 7.76057906683569e-004 1746 105
5.22602397016438e+002 1.73713324970272e+006 3.00841850410546e-004 3.51969969786676e-001 1.50665352504044e+000 3.41580247937994e-001 7.76428011151996e-004 1750 106
5.23359550397967e+002 1.73715828000980e+006 3.01273373063426e-004 2.75551622058779e-001 1.45890695623646e+000 3.42281662433039e-001 7.77059491658319e-004 1762 107
5.22497151691210e+002 1.73711657635522e+006 3.00784151764031e-004 4.29975280007324e-001 1.53867632419813e+000 3.42288348693933e-001 7.77298124906510e-004 1789 108
5.23834950327162e+002 1.73713072411780e+006 3.01551821734742e-004 9.00479140598773e-001 1.51211849375896e+000 3.42295504403526e-001 7.77344999829010e-004 1799 109
5.21722695995971e+002 1.73711586354861e+006 3.00338446764956e-004 5.12314218573565e-001 1.54011447386090e+000 3.42606195010262e-001 7.77507310153033e-004 1846 110
5.22391342277262e+002 1.73710999439780e+006 3.00724380272100e-004 2.40699484237190e-001 1.55037327478866e+000 3.42945335528945e-001 7.78362760416761e-004 1878 111
5.21764252665476e+002 1.73714030618891e+006 3.00358143275049e-004 6.42658772545549e-001 1.49351842478713e+000 3.42952311808579e-001 7.78461088066191e-004 1879 112
5.23122481626545e+002 1.73711751239017e+006 3.01143971021954e-004 2.45551927243873e-001 1.53608765480514e+000 3.42978169071612e-001 7.79279465570297e-004 1892 113
5.21863822014467e+002 1.73712409031197e+006 3.00418265583516e-004 9.40916165654469e-001 1.52458245750298e+000 3.42978269673365e-001 7.79322050380600e-004 1895 114
5.28118275484703e+002 1.73717607500037e+006 3.04009631962436e-004 4.53871272927030e-001 1.42736354029969e+000 3.42979841927327e-001 7.79531845798830e-004 1900 115
5.23643533054205e+002 1.73715340396641e+006 3.01437694563039e-004 1.04373302407910e-001 1.46226263878292e+000 3.43007142444858e-001 7.84878363669007e-004 1928 116
5.22352463168413e+002 1.73711761326226e+006 3.00700679928971e-004 3.78521073030793e-001 1.53656703802606e+000 5.97068956304366e-001 7.85194211637463e-004 1960 117
5.22436326245240e+002 1.73711728057521e+006 3.00749014666872e-004 8.26136051515244e-001 1.53762168111209e+000 5.97076548696669e-001 7.85250937120599e-004 1965 118
5.22227929991545e+002 1.73714949629954e+006 3.00623472747720e-004 4.78988006225776e-001 1.47597299890133e+000 5.97076548696669e-001 7.85438376606509e-004 1965 119
5.22559183336976e+002 1.73714805931087e+006 3.00814409442031e-004 7.31650746177557e-001 1.47894517487106e+000 5.97076815786897e-001 7.85512205730807e-004 1968 120
5.25263515305988e+002 1.73719492191189e+006 3.02363017916711e-004 7.80327768791772e-001 1.39188918195135e+000 5.97092818342790e-001 7.85575524630946e-004 1974 121
5.23239109477147e+002 1.73713717744996e+006 3.01207699913157e-004 3.09457686086612e-001 1.49907927014985e+000 5.97092928544033e-001 7.86066534331200e-004 1976 122
5.22084335007174e+002 1.73715588313876e+006 3.00539706514372e-004 4.02172917874691e-001 1.46370078844569e+000 5.97850440774892e-001 7.86341530820841e-004 2039 123
5.28464914674491e+002 1.73717548449629e+006 3.04209277121917e-004 8.04773094882046e-001 1.42880168996246e+000 5.99306074251137e-001 7.86401049884310e-004 2048 124
5.27372829256075e+002 1.73717565534821e+006 3.03580591537397e-004 6.46717734305857e-001 1.42813055345317e+000 5.99490189018318e-001 7.86497327075971e-004 2065 125
5.22191909444113e+002 1.73711765296999e+006 3.00608247703869e-004 1.23111667226173e-001 1.53206083574938e+000 5.99490382971494e-001 7.90234528700145e-004 2070 126
5.29934949299440e+002 1.73719541144020e+006 3.05051998970053e-004 8.68556779686880e-001 1.39256031846065e+000 6.00796856424858e-001 7.90284559729189e-004 2081 127
5.23528653474207e+002 1.73713164618901e+006 3.01375338347299e-004 5.82964568010498e-001 1.51020096087527e+000 6.00912058578078e-001 7.90406548578316e-004 2096 128
5.22399960150128e+002 1.73711535732581e+006 3.00728412882227e-004 2.32306894131291e-001 1.54001859721671e+000 6.00912058578078e-001 7.91331221944428e-004 2096 129
5.22786239997789e+002 1.73711477788730e+006 3.00950881812451e-004 7.87926877651296e-001 1.54241551332133e+000 6.00956443061005e-001 7.91394185138535e-004 2103 130
5.25662948596253e+002 1.73715192893093e+006 3.02600436839909e-004 8.93246253852962e-001 1.47223380977813e+000 6.00968567742104e-001 7.91441749440807e-004 2118 131
5.22360923850330e+002 1.73711698878861e+006 3.00705658557842e-004 3.14218573564867e-001 1.53752580446791e+000 6.01031475846939e-001 7.91917500986291e-004 2157 132
5.24204396933347e+002 1.73714245238939e+006 3.01762460701404e-004 3.21054719687491e-002 1.41633772621845e+000 6.22459097810311e-001 8.63015184790801e-004 2174 133
5.22013248957588e+002 1.73710811519224e+006 3.00507048858291e-004 9.41221350749229e-001 1.55516710699789e+000 6.22467543980123e-001 8.63057779509533e-004 2196 134
5.22780953003958e+002 1.73716960690619e+006 3.00938339666967e-004 3.05185094759972e-001 1.43762234122745e+000 6.22596327590475e-001 8.63560849928926e-004 2210 135
5.24043560278237e+002 1.73716120868917e+006 3.01666616638994e-004 7.86065248573260e-001 1.45440075395978e+000 6.23909466179065e-001 8.63623738716067e-004 2225 136
5.21701944589317e+002 1.73710570370709e+006 3.00328257394266e-004 8.88973662526322e-001 1.55976918591876e+000 6.23910736127060e-001 8.63672038892999e-004 2229 137
5.23652726464533e+002 1.73713893116264e+006 3.01445498232387e-004 8.80581072420423e-001 1.49649060075686e+000 6.23926035371281e-001 8.63721224505471e-004 2231 138
5.22390430343741e+002 1.73711705584565e+006 3.00722632846484e-004 6.99545274208808e-001 1.53800518768883e+000 6.25829395399371e-001 8.63803014907635e-004 2287 139
5.23460882518456e+002 1.73714700944172e+006 3.01333660208138e-004 6.51203955198828e-001 1.48105446104312e+000 6.25829454956259e-001 8.63898426701067e-004 2288 140
5.23409069267158e+002 1.73713581559133e+006 3.01305775132917e-004 1.31321146275216e-001 1.49812050370800e+000 6.25829585439804e-001 8.67134709743609e-004 2292 141
5.23793340022454e+002 1.73716225846217e+006 3.01522394697002e-004 2.54737998596149e-001 1.45133270134587e+000 6.26241481215273e-001 8.67884635127998e-004 2317 142
5.22448453690651e+002 1.73719294183251e+006 3.00742896979746e-004 4.69679860835597e-002 1.36053751930296e+000 6.26268660915711e-001 8.98356219775704e-004 2330 143
5.22544598103784e+002 1.73712030514682e+006 3.00810819374096e-004 9.19888912625507e-001 1.53186908246101e+000 6.26270723174606e-001 8.98400989427433e-004 2334 144
5.21683594965161e+002 1.73710005010972e+006 3.00318671482644e-004 8.78200628681295e-001 1.57060324671163e+000 6.26440847628217e-001 8.98450605736057e-004 2370 145
5.21677710452296e+002 1.73710124453830e+006 3.00315077436795e-004 3.89996032593768e-001 1.56791870067446e+000 6.46721928978442e-001 8.98746540837367e-004 2432 146
5.24634470523630e+002 1.73718799833737e+006 3.02002117834072e-004 4.09283730582598e-001 1.40416139240699e+000 6.46728262830862e-001 8.99008974264452e-004 2449 147
5.27193447700652e+002 1.73718524553084e+006 3.03475655732478e-004 1.81402020325327e-001 1.40818821146275e+000 6.46728687168214e-001 9.00582054489357e-004 2451 148
5.29017648965131e+002 1.73719851136045e+006 3.04523420411009e-004 1.53141880550554e-001 1.38345203726310e+000 6.46728878034090e-001 9.02855358587773e-004 2452 149
5.21775355477592e+002 1.73714341828038e+006 3.00363996602442e-004 3.91399884029664e-001 1.48728644291513e+000 6.46924629590417e-001 9.03147941557645e-004 2481 150
5.27151363736226e+002 1.73718715422420e+006 3.03451096949402e-004 4.40534684286019e-001 1.40655830851161e+000 6.46925621113706e-001 9.03371242511341e-004 2486 151
5.26367891401196e+002 1.73715642419654e+006 3.03005456480772e-004 8.06054872280038e-001 1.46389254173406e+000 6.46955198046006e-001 9.03430814509444e-004 2500 152
5.21907324871910e+002 1.73710811080626e+006 3.00446072366709e-004 9.13205359050264e-001 1.55516710699789e+000 6.46960604459886e-001 9.03476337109177e-004 2512 153
5.22574774055153e+002 1.73712726006791e+006 3.00826986199577e-004 4.77919858394116e-001 1.51835047563097e+000 6.46961496558764e-001 9.03665289318334e-004 2516 154
5.22314127191090e+002 1.73712699352390e+006 3.00676987576660e-004 4.75203711050752e-001 1.51882985885189e+000 6.46964877002545e-001 9.03856630481359e-004 2526 155
5.23507113378061e+002 1.73714665859838e+006 3.01360334165733e-004 9.52482680745873e-001 1.48182147419660e+000 6.46977400474050e-001 9.03897966036778e-004 2544 156
5.22581892256768e+002 1.73713510029139e+006 3.00829726142090e-004 5.58397167882321e-001 1.50348959578234e+000 6.46985537464522e-001 9.04032017381835e-004 2547 157
5.23833392850792e+002 1.73712534939399e+006 3.01551858163563e-004 1.99591051973022e-001 1.52055563844722e+000 6.49269712188996e-001 9.05322261859019e-004 2570 158
5.24335892505990e+002 1.73719482512262e+006 3.01829057398043e-004 9.20438245796075e-001 1.39179330530717e+000 6.49271559170938e-001 9.05366291700671e-004 2581 159
5.26107246622668e+002 1.73715620878438e+006 3.02855452996781e-004 2.22602008117924e-001 1.46283789864803e+000 6.50014598159982e-001 9.06376546531416e-004 2592 160
5.23126537282526e+002 1.73711935591426e+006 3.01145986133622e-004 4.27991576891385e-001 1.53340310876797e+000 6.50043125420348e-001 9.06617575647828e-004 2596 161
5.22191590181594e+002 1.73712972946420e+006 3.00605974093576e-004 2.81655323953978e-001 1.51298138355663e+000 6.50045857114757e-001 9.07222115503161e-004 2599 162
5.22411152725380e+002 1.73715416534991e+006 3.00728137661661e-004 7.36838892788476e-001 1.46734410092471e+000 6.50344521069200e-001 9.07294723249640e-004 2604 163
5.22410294524814e+002 1.73711265828229e+006 3.00734829307046e-004 2.25745414593951e-001 1.54510005935850e+000 6.50399064002490e-001 9.08279699216898e-004 2613 164
5.25632386557511e+002 1.73718781575504e+006 3.02576592898822e-004 4.20819727164525e-001 1.40483252891629e+000 6.50399141078501e-001 9.08526593216483e-004 2614 165
5.24208135165702e+002 1.73715569783556e+006 3.01762311753229e-004 9.10031434064760e-001 1.46485130817591e+000 6.50431722907070e-001 9.08572214207875e-004 2646 166
5.21905151354716e+002 1.73712029886827e+006 3.00442713145046e-004 4.14105655079806e-001 1.53148557588427e+000 6.50433035896009e-001 9.08831363775057e-004 2654 167
5.23839890750856e+002 1.73713702106918e+006 3.01553572642220e-004 1.05746635334330e-001 1.49351842478713e+000 6.63610434602026e-001 9.14041465449163e-004 2697 168
5.23802757399395e+002 1.73712899639074e+006 3.01533589395236e-004 3.29447309793390e-001 1.51480303979614e+000 6.63625396201424e-001 9.14469738161337e-004 2709 169
5.24156097738521e+002 1.73713477500919e+006 3.01735990420520e-004 1.73528244880520e-001 1.50205144611957e+000 6.63722163249226e-001 9.16223171641501e-004 2790 170
5.24073953638486e+002 1.73714386876830e+006 3.01687123997693e-004 8.97885067293313e-001 1.48719056627094e+000 6.64233232389517e-001 9.16270261288284e-004 2802 171
5.22108721159383e+002 1.73717142181217e+006 3.00551056092021e-004 8.68861964781640e-001 1.43474604190191e+000 6.64233232389517e-001 9.16320588999291e-004 2802 172
5.25167554744860e+002 1.73716335106487e+006 3.02313273201395e-004 4.49842829676199e-001 1.45037393490402e+000 6.64233232389517e-001 9.16535194236741e-004 2802 173
5.21732352642227e+002 1.73711369238651e+006 3.00344381165705e-004 1.00466933194983e-001 1.53714229789117e+000 6.64236806382539e-001 9.22380857421433e-004 2812 174
5.21751115801662e+002 1.73710563696211e+006 3.00356575334328e-004 1.02481154820399e-001 1.55286606753746e+000 6.66261482181907e-001 9.27979001294534e-004 2834 175
5.24295761340669e+002 1.73717083717188e+006 3.01810123795868e-004 7.77428510391552e-001 1.43637594485305e+000 6.66284470428741e-001 9.28043291113604e-004 2857 176
5.23059574058391e+002 1.73713315460855e+006 3.01105045898832e-004 2.09814752647481e-001 1.50579063524277e+000 6.66472074501198e-001 9.29198267732959e-004 2911 177
5.22833477848064e+002 1.73712496089442e+006 3.00976310760974e-004 3.24167607654042e-001 1.52237729468673e+000 6.66472347732605e-001 9.29642211803507e-004 2913 178
5.23065444439148e+002 1.73712640460481e+006 3.01109595274322e-004 3.62804040650655e-001 1.51978862529374e+000 6.66739122854213e-001 9.29988698708072e-004 2938 179
5.26296003209091e+002 1.73716248919868e+006 3.02963016055887e-004 5.74999237037263e-001 1.45238734443190e+000 6.66739157312084e-001 9.30113785371781e-004 2939 180
5.27515173905728e+002 1.73717231381040e+006 3.03663115914141e-004 1.11026337473678e-001 1.42841818338572e+000 6.67184852786603e-001 9.34760827433298e-004 2987 181
5.21789188018594e+002 1.73710420537410e+006 3.00378739923088e-004 9.04477065340129e-001 1.56264548524430e+000 6.67293187719931e-001 9.34807326221832e-004 3002 182
5.26379632273314e+002 1.73719266855864e+006 3.03005893180882e-004 4.78713339640492e-001 1.39620363093966e+000 6.85743463580667e-001 9.34992983256922e-004 3007 183
5.22492232995277e+002 1.73711673317122e+006 3.00781293082657e-004 2.44300668355358e-001 1.53752580446791e+000 6.91011552312970e-001 9.35820651024644e-004 3051 184
5.23846879541957e+002 1.73713949993697e+006 3.01557165490734e-004 8.70326853236488e-001 1.49543595767083e+000 6.91362258565174e-001 9.35871116580623e-004 3069 185
5.21676155024113e+002 1.73710189734774e+006 3.00314069161720e-004 3.91979735709708e-001 1.56667230430006e+000 6.91377178102732e-001 9.36163765582121e-004 3077 186
5.21698179530160e+002 1.73715214372917e+006 3.00318061218330e-004 6.27948850978118e-001 1.47098741340373e+000 1.58590713302995e+001 9.36267025200956e-004 3091 187
5.23996687812209e+002 1.73714322562674e+006 3.01642757021733e-004 1.28177739799188e-002 7.98796261024811e-001 1.58591463544144e+001 1.32492662890405e-003 3099 188
5.23627298388128e+002 1.73716310443915e+006 3.01426665804418e-004 3.59050263985107e-001 1.45027805825983e+000 1.58603248119301e+001 1.32527902208062e-003 3106 189
5.23331118168427e+002 1.73714203912400e+006 3.01259822484210e-004 2.55836664937284e-001 1.48949160573138e+000 1.58603482075555e+001 1.32602474165068e-003 3109 190
5.27987264557397e+002 1.73719024056431e+006 3.03931737567421e-004 7.44224372081668e-001 1.40138096972564e+000 1.58604772356365e+001 1.32609513305525e-003 3130 191
5.25336350553596e+002 1.73715459437241e+006 3.02411965084119e-004 9.00173955504013e-001 1.46715234763634e+000 1.58604777552814e+001 1.32614187165734e-003 3133 192
5.21752327704172e+002 1.73710250629794e+006 3.00357814304341e-004 3.14096499526963e-001 1.56523415463729e+000 1.58604778908525e+001 1.32661828636934e-003 3136 193
5.23707929991617e+002 1.73715640301685e+006 3.01474244469919e-004 8.78536332285531e-001 1.46341315851314e+000 1.58604932706207e+001 1.32666757542670e-003 3148 194
5.22264826035577e+002 1.73713936781919e+006 3.00646465087996e-004 3.84350108340709e-001 1.49505245109409e+000 1.58605295092842e+001 1.32697228372462e-003 3154 195
5.27019220191930e+002 1.73718794597316e+006 3.03374891153987e-004 7.51915036469619e-001 1.40531191213721e+000 1.58605303377875e+001 1.32704114664915e-003 3161 196
5.21823248304433e+002 1.73711133604976e+006 3.00397114323660e-004 7.29392376476333e-001 1.54893512512589e+000 1.58605413907540e+001 1.32711577644014e-003 3181 197
5.21914090125295e+002 1.73711318263823e+006 3.00449089695068e-004 6.93288979766228e-001 1.54538768929105e+000 1.58605825403208e+001 1.32719921735099e-003 3200 198
5.21707867238981e+002 1.73710039936861e+006 3.00332583967311e-004 6.20136112552263e-001 1.56983623355815e+000 1.58606228331148e+001 1.32730589146510e-003 3222 199
5.21742443637869e+002 1.73717822506474e+006 3.00339032819016e-004 5.28824732200079e-001 1.42170681829279e+000 1.58606238051333e+001 1.32745565295747e-003 3224 200
5.22753240151968e+002 1.73716258194799e+006 3.00923603700042e-004 3.52855006561480e-001 1.45104507141331e+000 1.58606989033268e+001 1.32782183532516e-003 3258 201
5.25186441246495e+002 1.73717895470393e+006 3.02321429708794e-004 6.90298165837581e-001 1.42141918836024e+000 1.58607240814820e+001 1.32790516246267e-003 3303 202
5.22560709003506e+002 1.73714492563258e+006 3.00815830349339e-004 5.57145908993805e-001 1.48479365016633e+000 1.58609035390329e+001 1.32803968371713e-003 3310 203
5.21693168475115e+002 1.73710000346932e+006 3.00324190748118e-004 9.09054841761529e-001 1.57069912335582e+000 1.58609051370160e+001 1.32808567044479e-003 3320 204
5.21680326087956e+002 1.73710005297692e+006 3.00316789185779e-004 3.96893215735343e-001 1.57021974013489e+000 1.58609058975805e+001 1.32837041048133e-003 3327 205
5.22376496574544e+002 1.73713569705912e+006 3.00711384673745e-004 1.79082613605152e-001 1.50022978988006e+000 1.58609058975805e+001 1.33000621328701e-003 3327 206
5.22290780827400e+002 1.73718664611798e+006 3.00653223565532e-004 7.47093111972411e-002 1.39294382503739e+000 1.58609060071325e+001 1.34105211229285e-003 3328 207
5.23083327495224e+002 1.73716601366801e+006 3.01113024069348e-004 6.88650166325877e-001 1.44510071947386e+000 1.58609070318650e+001 1.34113615379075e-003 3333 208
5.22256933442911e+002 1.73714888435332e+006 3.00640274654796e-004 7.04641865291299e-001 1.47731527191992e+000 1.58609480816595e+001 1.34121634001502e-003 3345 209
5.22042066555241e+002 1.73711016638950e+006 3.00523283404837e-004 9.20621356852931e-001 1.55123616458632e+000 1.58609488972016e+001 1.34126105666996e-003 3346 210
5.24659650237816e+002 1.73715787745525e+006 3.02021849075529e-004 5.06332590716269e-001 1.46063273583178e+000 1.58609511015566e+001 1.34142668365771e-003 3348 211
5.25771524327291e+002 1.73717235419904e+006 3.02659380344375e-004 5.46250801110874e-001 1.43378727546007e+000 1.58612464556243e+001 1.34156637809459e-003 3354 212
5.21740384032023e+002 1.73710409386806e+006 3.00350664180075e-004 8.14935758537553e-001 1.56283723853267e+000 1.58612476252766e+001 1.34162486323199e-003 3360 213
5.23243862577071e+002 1.73718524723678e+006 3.01202101264672e-004 7.13003936887722e-001 1.40914697790460e+000 1.58612476252766e+001 1.34170231465467e-003 3360 214
5.25209019035445e+002 1.73714883075770e+006 3.02339669309376e-004 1.05929746391186e-001 1.47137091998047e+000 1.58647875818036e+001 1.34688245000039e-003 3407 215
5.26774101814540e+002 1.73716465432371e+006 3.03237856214286e-004 7.98486281929990e-001 1.44855227866451e+000 1.58649548786562e+001 1.34694316405077e-003 3432 216
5.22741544745759e+002 1.73715391019712e+006 3.00918373380073e-004 6.02710043641469e-001 1.46782348414563e+000 1.58649550964625e+001 1.34705613988850e-003 3436 217
5.23401788119736e+002 1.73717786508052e+006 3.01294290471312e-004 4.62691122165593e-001 1.42276146137883e+000 1.58649964854094e+001 1.34725710191935e-003 3471 218
5.22757705023267e+002 1.73711610854691e+006 3.00934224644312e-004 6.74794763023774e-001 1.53982684392834e+000 1.58649965835778e+001 1.34734564296483e-003 3473 219
5.26594598780834e+002 1.73718908341331e+006 3.03130262375885e-004 6.09698782311472e-001 1.40301087267678e+000 1.58652269603938e+001 1.34745482091940e-003 3476 220
5.26821652287108e+002 1.73719555057535e+006 3.03259835061540e-004 3.21268349253822e-001 1.39064278557695e+000 1.58652275391024e+001 1.34790082125851e-003 3481 221
5.21698718621279e+002 1.73710213139766e+006 3.00327017914844e-004 3.10068056276131e-002 1.48853283928953e+000 1.58652285332548e+001 1.42532098377078e-003 3484 222
5.22859408769501e+002 1.73711484631815e+006 3.00992990813427e-004 2.43842890713218e-002 1.41442019333476e+000 1.58652285332548e+001 1.55550470634694e-003 3484 223
5.25211998201340e+002 1.73715088446729e+006 3.02341026847056e-004 4.63698232978301e-001 1.47386371272927e+000 1.58652293289122e+001 1.55570597179326e-003 3486 224
5.21733339724563e+002 1.73710116634425e+006 3.00347115150648e-004 6.78151799066134e-001 1.56839808389538e+000 1.58652901701193e+001 1.55579359320082e-003 3503 225
5.21692337701362e+002 1.73710618740427e+006 3.00322643370735e-004 7.70012512588885e-001 1.55881041947691e+000 1.58653311167242e+001 1.55585984602206e-003 3518 226
5.22900607972663e+002 1.73716449713445e+006 3.01008104323219e-004 6.28070925016022e-001 1.44788114215522e+000 1.58653311167242e+001 1.55596279513106e-003 3518 227
5.22400369775193e+002 1.73713230834774e+006 3.00725714165171e-004 1.74138615070040e-001 1.50655764839625e+000 1.58653351535595e+001 1.55770325817606e-003 3529 228
5.23604867890954e+002 1.73715237388191e+006 3.01415615524932e-004 8.08374279000214e-001 1.47098741340373e+000 1.58653466062575e+001 1.55776249836586e-003 3549 229
5.24220515330849e+002 1.73714721142687e+006 3.01770912660551e-004 8.06207464827418e-001 1.48086270775475e+000 1.58653815895588e+001 1.55782214542415e-003 3566 230
5.22601600389764e+002 1.73713210709587e+006 3.00841589703453e-004 6.21265297402875e-001 1.50924219443342e+000 1.58653887900422e+001 1.55792819228389e-003 3571 231
5.24625828723870e+002 1.73717461621176e+006 3.01999469643788e-004 7.34611041596728e-001 1.42937694982757e+000 1.58654563051956e+001 1.55800094461678e-003 3620 232
5.27150970062386e+002 1.73719816008171e+006 3.03448947849075e-004 9.71129490035707e-001 1.38661596652120e+000 1.58654563051956e+001 1.55804003885882e-003 3620 233
5.26960455121373e+002 1.73716719144258e+006 3.03344687577534e-004 1.01077303384503e-001 1.43656769814142e+000 1.58716427521979e+001 1.56375967568190e-003 3658 234
5.22960471736347e+002 1.73717700091048e+006 3.01040398108216e-004 3.86333811456648e-001 1.42410373439741e+000 1.58716429216781e+001 1.56405857376375e-003 3660 235
5.22352350948288e+002 1.73711307194501e+006 3.00701401446187e-004 4.39039277321696e-001 1.54538768929105e+000 1.58716444167936e+001 1.56428654658025e-003 3669 236
5.23077423146493e+002 1.73718322394697e+006 3.01106642136301e-004 1.69225135044404e-001 1.41039337427900e+000 1.58716864504401e+001 1.56612011387347e-003 3703 237
5.23605110553219e+002 1.73712594462053e+006 3.01420341062464e-004 8.91445661793878e-002 1.51183086382641e+000 1.58721440054537e+001 1.57371579151073e-003 3732 238
5.22771101982660e+002 1.73713745684118e+006 3.00938238446534e-004 5.13290810876797e-001 1.49898339350566e+000 1.58722188372241e+001 1.57387708253668e-003 3764 239
5.21696701645149e+002 1.73710111087896e+006 3.00326033236048e-004 5.27542954802087e-001 1.56839808389538e+000 1.58723764064478e+001 1.57402933426278e-003 3776 240
5.21950806150545e+002 1.73712773393653e+006 3.00467708992452e-004 7.65892513809626e-001 1.51758346247749e+000 1.58724070585172e+001 1.57409628360494e-003 3779 241
5.22721158425876e+002 1.73715240205181e+006 3.00906899148216e-004 9.34232612079226e-001 1.47079566011536e+000 1.58724837016102e+001 1.57413937142402e-003 3815 242
5.21795073934170e+002 1.73712747510187e+006 3.00378104497042e-004 7.67387920773949e-001 1.51806284569842e+000 1.58724841295428e+001 1.57420603577535e-003 3817 243
5.26709320427078e+002 1.73717295208747e+006 3.03199116503674e-004 1.06509598071230e-001 1.42650065050203e+000 1.58724861025854e+001 1.57929627743450e-003 3824 244
5.22059859334862e+002 1.73710964885153e+006 3.00533615688828e-004 5.87298196356090e-001 1.55209905438398e+000 1.58724872317365e+001 1.57941649438588e-003 3828 245
5.22344273572145e+002 1.73711451989376e+006 3.00696500919764e-004 3.77513962218085e-002 1.49025861888485e+000 1.58725013340261e+001 1.62963549219469e-003 3838 246
5.22302477551957e+002 1.73718227798944e+006 3.00660712713628e-004 6.64693136387219e-002 1.39754590395825e+000 1.58729307216182e+001 1.64393145366696e-003 3892 247
5.27050224106735e+002 1.73718866697031e+006 3.03392612418301e-004 1.72154911954100e-001 1.40157272301401e+000 1.58729333215671e+001 1.64569448366276e-003 3906 248
5.23432001865218e+002 1.73714024485478e+006 3.01318208230052e-004 6.87459944456313e-001 1.49390193136387e+000 1.58734993162260e+001 1.64577926518565e-003 3948 249
5.21722833513012e+002 1.73710719854456e+006 3.00340024071601e-004 6.07837153233436e-001 1.55679700994903e+000 1.58734995577240e+001 1.64589073472425e-003 3952 250
5.27895354197782e+002 1.73717483462773e+006 3.03881525005851e-004 8.01171910763878e-001 1.42985633304849e+000 1.59953539608316e+001 1.64595085297502e-003 3991 251
5.24286007094624e+002 1.73713470786713e+006 3.01810785773384e-004 3.22397534104434e-001 1.50396897900327e+000 1.59953539608316e+001 1.64639970010245e-003 3991 252
5.27134123479723e+002 1.73717898188404e+006 3.03442600214388e-004 1.68492690816981e-001 1.41940577883236e+000 1.59953606581698e+001 1.64825347246329e-003 3995 253
5.23205206391621e+002 1.73715395579236e+006 3.01185274239291e-004 1.76274910733360e-001 1.46561832132939e+000 1.59953609372663e+001 1.64994198765529e-003 3999 254
5.27527912502042e+002 1.73716814445845e+006 3.03671177697631e-004 1.14627521591845e-001 1.43656769814142e+000 1.59972315571594e+001 1.65427880260570e-003 4068 255
5.25279906805858e+002 1.73714178497544e+006 3.02381702713853e-004 8.58607745597705e-001 1.49131326197089e+000 1.59972374098692e+001 1.65433077932250e-003 4087 256
5.21902900413044e+002 1.73711743419417e+006 3.00441912812822e-004 1.45817438276315e-001 1.53388249198889e+000 1.59972441412341e+001 1.65690623401553e-003 4105 257
5.22523707141725e+002 1.73711817679819e+006 3.00799161715921e-004 7.65526291695914e-001 1.53589590151677e+000 1.59977044411380e+001 1.65697330796861e-003 4138 258
5.23781907450573e+002 1.73718315872920e+006 3.01512185946741e-004 2.98745689260536e-001 1.41250266045106e+000 1.59977262681249e+001 1.65749860284077e-003 4144 259
5.21756248841332e+002 1.73710204959350e+006 3.00360150558303e-004 8.65504928739280e-001 1.56676818094424e+000 1.59977265266856e+001 1.65754983399862e-003 4147 260
5.21957521377626e+002 1.73714490550569e+006 3.00468604556625e-004 9.37131870479446e-001 1.48488952681051e+000 1.59977265269043e+001 1.65759268535964e-003 4148 261
5.27290057246463e+002 1.73717519443992e+006 3.03533024614127e-004 3.75652333140049e-001 1.42860993667409e+000 1.59977324985586e+001 1.65791080930770e-003 4159 262
5.25005964611035e+002 1.73715822249999e+006 3.02221145907608e-004 5.08346812341685e-001 1.46005747596667e+000 1.59977524503621e+001 1.65807498547283e-003 4179 263
5.23304574827705e+002 1.73719256809546e+006 3.01235780425125e-004 9.25382244331187e-001 1.39562837107456e+000 1.59981793602517e+001 1.65811852932801e-003 4243 264
5.22066570178783e+002 1.73713312722264e+006 3.00533416972901e-004 8.54304635761590e-001 1.50732466154973e+000 1.59982093547499e+001 1.65817114404239e-003 4260 265
5.22410787954003e+002 1.73717467463622e+006 3.00724377250837e-004 8.25586718344676e-001 1.42870581331828e+000 1.59982110240383e+001 1.65822741104579e-003 4265 266
5.23765565673909e+002 1.73713457846769e+006 3.01511210642211e-004 7.40470595416120e-001 1.50473599215674e+000 1.59982173466416e+001 1.65829946622179e-003 4286 267
5.27467890951533e+002 1.73716434073809e+006 3.03637291171513e-004 3.97106845301675e-001 1.44893578524125e+000 1.59982175714952e+001 1.65858176033741e-003 4289 268
5.22397733734731e+002 1.73711415124548e+006 3.00727340003628e-004 5.54429761650441e-001 1.54347015640736e+000 1.59982182377900e+001 1.65871818916565e-003 4292 269
5.22199012119387e+002 1.73718570227945e+006 3.00600560841267e-004 5.73381756035035e-001 1.40790058153020e+000 1.59994818335273e+001 1.65884326301270e-003 4326 270
5.22071649693797e+002 1.73713270630457e+006 3.00536413873756e-004 4.18836024048585e-001 1.50780404477065e+000 1.59994841826871e+001 1.65909571082743e-003 4342 271
5.26824868680701e+002 1.73715700129549e+006 3.03268416232281e-004 9.48362681966613e-001 1.46293377529221e+000 1.59995172741124e+001 1.65913736472207e-003 4360 272
5.26583792699575e+002 1.73716597713023e+006 3.03128073830235e-004 4.45112460707419e-001 1.44577185598315e+000 1.60003029652300e+001 1.65935689483736e-003 4397 273
5.22430682648243e+002 1.73713435373515e+006 3.00742810004473e-004 8.26349681081576e-001 1.50502362208930e+000 1.60003030694537e+001 1.65941349662224e-003 4400 274
5.28162553107859e+002 1.73718357570030e+006 3.04033807492740e-004 3.32529679250465e-001 1.41317379696036e+000 1.60821336850355e+001 1.65982853313268e-003 4438 275
5.22648656953413e+002 1.73715301110811e+006 3.00865057851184e-004 1.01657155064547e-001 1.46245439207129e+000 1.60821356288624e+001 1.66549449086164e-003 4455 276
5.22125978424312e+002 1.73710968448141e+006 3.00571672223825e-004 2.85592211676382e-001 1.55133204123051e+000 1.60821550942815e+001 1.66608171842162e-003 4465 277
5.22524373522239e+002 1.73711661916516e+006 3.00799815048648e-004 1.18808557390057e-001 1.53369073870052e+000 1.60826104502848e+001 1.67012344250793e-003 4485 278
5.25558382586867e+002 1.73716077111815e+006 3.02538702974426e-004 5.84490493484298e-001 1.45545539704581e+000 1.60826537972853e+001 1.67024414744871e-003 4496 279
5.24139092771737e+002 1.73718788252570e+006 3.01716977270770e-004 4.86068300424207e-001 1.40435314569536e+000 1.60840052100320e+001 1.67042393224066e-003 4503 280
5.25895396060911e+002 1.73719114488486e+006 3.02727412319808e-004 8.38160344248787e-001 1.39907993026521e+000 1.60840078299639e+001 1.67047810443417e-003 4523 281
5.22854574300599e+002 1.73712910347690e+006 3.00987737448529e-004 4.39649647511216e-001 1.51480303979614e+000 1.60860607027499e+001 1.67070509861480e-003 4538 282
5.23194795225602e+002 1.73712213211522e+006 3.01184798542900e-004 1.97515793328654e-001 1.52659586703085e+000 1.60869487066708e+001 1.67202573208387e-003 4551 283
5.22785599529571e+002 1.73718943212662e+006 3.00937580024212e-004 9.51567125461592e-001 1.40128509308145e+000 1.60869487303631e+001 1.67206672363152e-003 4552 284
5.26646033147722e+002 1.73715637198206e+006 3.03165578820209e-004 9.81322672200690e-001 1.46408429502243e+000 1.60869488024861e+001 1.67210536630809e-003 4554 285
5.25048176779487e+002 1.73714550573092e+006 3.02247658045326e-004 4.27564317758721e-001 1.48393076036866e+000 1.60869561191561e+001 1.67234618318430e-003 4567 286
5.21708458847067e+002 1.73710184606099e+006 3.00332674416354e-004 3.57493820001831e-001 1.56667230430006e+000 1.69551176550737e+001 1.67270455695523e-003 4580 287
5.22575253113802e+002 1.73714217858227e+006 3.00824678482405e-004 5.11062959685049e-001 1.48997098895230e+000 1.69551182374897e+001 1.67286728667975e-003 4588 288
5.21707673631825e+002 1.73717059751465e+006 3.00320336237300e-004 6.04235969115268e-001 1.43608831492050e+000 1.69551184292071e+001 1.67297921084075e-003 4592 289
5.27332075082268e+002 1.73717306733660e+006 3.03557583754951e-004 9.05056917020173e-001 1.43302026230659e+000 1.69551236349623e+001 1.67302520563531e-003 4598 290
5.22934079615703e+002 1.73714468122546e+006 3.01030806167962e-004 1.09744560075686e-001 1.47932868144780e+000 1.69553339512780e+001 1.67782109135538e-003 4637 291
5.23000633206911e+002 1.73717279513105e+006 3.01064245808616e-004 1.90588091677602e-001 1.43043159291360e+000 1.69650426048863e+001 1.67923697513018e-003 4646 292
5.22812197686855e+002 1.73713293070454e+006 3.00962679747040e-004 1.73741874446852e-001 1.50540712866604e+000 1.69650456065499e+001 1.68098606312720e-003 4651 293
5.22122745376624e+002 1.73710787036644e+006 3.00570124953270e-004 4.36414685506760e-002 1.51633706610309e+000 1.69650457639812e+001 1.71755461599468e-003 4655 294
5.22643801897898e+002 1.73713812193621e+006 3.00864841734931e-004 1.65410321359905e-001 1.49524420438246e+000 1.69662063596123e+001 1.71950200304802e-003 4663 295
5.22211085690356e+002 1.73712472179382e+006 3.00618063520592e-004 1.81585131382183e-002 1.28469909375286e+000 1.69662098351960e+001 1.96134433181801e-003 4667 296
5.25175612053580e+002 1.73716808291249e+006 3.02317087920186e-004 3.82305368205817e-001 1.44136153035066e+000 1.69747752151648e+001 1.96165093712784e-003 4696 297
5.21992818290904e+002 1.73710799565886e+006 3.00495308227156e-004 3.85204626606037e-001 1.55497535370952e+000 1.69786081599221e+001 1.96195499415937e-003 4750 298
5.21829736790783e+002 1.73710489599766e+006 3.00401963229867e-004 4.97207556382946e-001 1.56111145893735e+000 1.69786386297707e+001 1.96212842540442e-003 4760 299
5.24884729008209e+002 1.73713815308479e+006 3.02154847098695e-004 3.88653218176824e-001 1.49773699713126e+000 1.69788365358480e+001 1.96242582037016e-003 4786 300
5.24698509040515e+002 1.73714675200251e+006 3.02046152680684e-004 8.38923306985687e-001 1.48182147419660e+000 1.69788539224945e+001 1.96248047417451e-003 4806 301
5.23061407501722e+002 1.73714818265619e+006 3.01103496475724e-004 5.16373180333872e-001 1.47865754493851e+000 1.69788559888156e+001 1.96263938903320e-003 4818 302
5.24805261537949e+002 1.73717353800080e+006 3.02102947167993e-004 9.03653065584277e-001 1.43148623599963e+000 1.69788578236980e+001 1.96268553130283e-003 4825 303
5.24774744229164e+002 1.73715438957849e+006 3.02088709796987e-004 9.61485641041292e-001 1.46743997756890e+000 1.69788600038567e+001 1.96272596399911e-003 4836 304
5.24971395345448e+002 1.73719348800509e+006 3.02195111246844e-004 9.47508163701285e-001 1.39447785134434e+000 1.69788819790625e+001 1.96276729369339e-003 4868 305
5.24901033624512e+002 1.73716204398553e+006 3.02160077390150e-004 9.55534531693472e-001 1.45305848094119e+000 1.69789038803766e+001 1.96280821707612e-003 4888 306
5.23268680099972e+002 1.73719757642790e+006 3.01214249533174e-004 6.02923673207800e-001 1.38623245994446e+000 1.69789416204449e+001 1.96291977856716e-003 4902 307
5.22364632067259e+002 1.73711705043945e+006 3.00707782581573e-004 1.25736259041108e-002 6.68883408154546e-001 1.69789738365219e+001 2.31382233049336e-003 4917 308
5.22736027622772e+002 1.73716850576692e+006 3.00912669156614e-004 6.45863216040529e-001 1.44030688726463e+000 1.69807555699885e+001 2.31391904986545e-003 4946 309
5.21720505889103e+002 1.73710186742846e+006 3.00339605859942e-004 4.69985045930357e-002 1.53330723212378e+000 1.69821838840824e+001 2.34501046932237e-003 4956 310
5.21692237394802e+002 1.73710370423291e+006 3.00323014935190e-004 1.97759941404462e-001 1.56178259544664e+000 1.69821839251201e+001 2.34632875258206e-003 4957 311
5.24875097741597e+002 1.73713715762864e+006 3.02149475914382e-004 2.82143620105594e-001 1.49917514679403e+000 1.69822446137505e+001 2.34693045443409e-003 4992 312
5.23125166386460e+002 1.73711780515681e+006 3.01145465793789e-004 1.14078188421278e-001 1.53100619266335e+000 1.69822601516606e+001 2.35134962790062e-003 5018 313
5.21869856745244e+002 1.73710796287131e+006 3.00424528698950e-004 6.44337290566729e-001 1.55535886028626e+000 1.69823797933536e+001 2.35144767387265e-003 5052 314
5.26064142585409e+002 1.73716420693888e+006 3.02829245734578e-004 7.86248359630116e-001 1.44922341517380e+000 1.69823798306740e+001 2.35151049154959e-003 5053 315
5.24287846221291e+002 1.73713968645735e+006 3.01810979502402e-004 8.84395886104922e-001 1.49514832773827e+000 1.69824201156879e+001 2.35155920670430e-003 5094 316
5.22232589607928e+002 1.73714842447423e+006 3.00626340569329e-004 3.43180639057588e-001 1.47769877849666e+000 1.69826575513873e+001 2.35194959411865e-003 5124 317
5.23477530327517e+002 1.73714057565939e+006 3.01344359700666e-004 8.16675313577685e-001 1.49332667149876e+000 1.69826596655547e+001 2.35200763278547e-003 5128 318
5.22225396623842e+002 1.73711837862610e+006 3.00627399558408e-004 1.39591662343211e-001 1.53177320581683e+000 1.69826621792694e+001 2.35484234570951e-003 5129 319
5.27802253588484e+002 1.73719729549690e+006 3.03824003592643e-004 3.20841090121158e-001 1.38776648625141e+000 1.69829924258252e+001 2.35528941756807e-003 5150 320
5.23714762054682e+002 1.73714778738412e+006 3.01479672593952e-004 4.46516312143315e-001 1.47942455809198e+000 1.69830043786944e+001 2.35550823056940e-003 5158 321
5.24453107067623e+002 1.73713267065619e+006 3.01907332693953e-004 2.35786004211554e-001 1.50722878490555e+000 1.69830047416218e+001 2.35640176850912e-003 5162 322
5.21833724246122e+002 1.73717312754161e+006 3.00392459609715e-004 4.01409955137791e-001 1.43110272942289e+000 1.69830202721838e+001 2.35667680192202e-003 5191 323
5.22616557998708e+002 1.73713101780922e+006 3.00850388872969e-004 6.77327799310282e-001 1.51135148060549e+000 1.69831170000027e+001 2.35676450308045e-003 5208 324
5.22004827548019e+002 1.73714254878428e+006 3.00496244364829e-004 2.83303323465682e-001 1.48853283928953e+000 1.69831170000027e+001 2.35736031044231e-003 5208 325
5.24252278481296e+002 1.73715834062880e+006 3.01787263892138e-004 8.54029969176305e-001 1.45986572267830e+000 1.69956264405938e+001 2.35741274434998e-003 5226 326
5.27697133140168e+002 1.73719173209400e+006 3.03764464889193e-004 1.39072847682119e-001 1.39476548127689e+000 1.69956264405938e+001 2.36022875166823e-003 5226 327
5.25043372167209e+002 1.73715436312251e+006 3.02243351152570e-004 6.40217291787469e-001 1.46743997756890e+000 1.69956982255959e+001 2.36032767223359e-003 5252 328
5.21737070384232e+002 1.73712101013936e+006 3.00345831781839e-004 7.97906430249947e-001 1.53043093279824e+000 1.69957001439285e+001 2.36038889070244e-003 5261 329
5.22156598030746e+002 1.73711006457428e+006 3.00589233205796e-004 2.00506607257302e-002 1.35986638279366e+000 1.69957003368120e+001 2.55859356145571e-003 5263 330
5.24285993811229e+002 1.73715459777680e+006 3.01807322482147e-004 1.90435499130222e-002 1.24778658574175e+000 1.69960328951856e+001 2.77388357337699e-003 5322 331
5.21741376873209e+002 1.73710565349228e+006 3.00350966065544e-004 1.76702169866024e-001 1.55756402310251e+000 1.69960340763448e+001 2.77557230458984e-003 5326 332
5.22710869238216e+002 1.73717897879608e+006 3.00896372707259e-004 6.38599810785241e-001 1.42065217520676e+000 1.69962596796335e+001 2.77567118577307e-003 5341 333
5.21712512234009e+002 1.73710066134563e+006 3.00335212666085e-004 9.92584002197333e-001 1.56945272698141e+000 1.69962699861496e+001 2.77570908604323e-003 5348 334
5.22664255820000e+002 1.73714805959941e+006 3.00874895009820e-004 3.19803460798975e-001 1.47836991500595e+000 1.69963064073376e+001 2.77616504955093e-003 5380 335
5.21855999511743e+002 1.73719311158054e+006 3.00401826564520e-004 7.41599780266732e-001 1.39409434476760e+000 1.69963073517471e+001 2.77623589988375e-003 5382 336
5.22713597776035e+002 1.73712317636285e+006 3.00907609265824e-004 5.22690511795404e-001 1.52621236045412e+000 1.69963481772055e+001 2.77639112456075e-003 5400 337
5.22787562299649e+002 1.73711719792349e+006 3.00951223752395e-004 8.73989074373608e-001 1.53781343440046e+000 1.69967927107826e+001 2.77644124111638e-003 5405 338
5.22029539175921e+002 1.73716419999885e+006 3.00506724385887e-004 2.30384228034303e-001 1.44701825235755e+000 1.69968025370271e+001 2.77737621442214e-003 5417 339
5.21688807952000e+002 1.73711245458481e+006 3.00319527898767e-004 2.22479934080020e-002 1.39275207174902e+000 1.69968025370271e+001 2.93607391637539e-003 5417 340
5.21863327206025e+002 1.73713995884631e+006 3.00415236463355e-004 1.22623371074557e-001 1.48939572908719e+000 1.69968697271160e+001 2.93983427373903e-003 5422 341
5.23978513444959e+002 1.73714421924291e+006 3.01632122278519e-004 8.09045686208686e-002 1.47511010910367e+000 1.70474497208267e+001 2.94920986752678e-003 5502 342
5.27261640437980e+002 1.73719089308013e+006 3.03513923741878e-004 4.18469801934873e-001 1.39965519013031e+000 1.70474670141041e+001 2.94945960185433e-003 5508 343
5.21932576809846e+002 1.73711097581443e+006 3.00460113585489e-004 8.63673818170721e-002 1.53973096728416e+000 1.70580400087322e+001 2.95761324390461e-003 5535 344
5.27587253400140e+002 1.73718786039296e+006 3.03701890398978e-004 3.66893520920438e-001 1.40521603549303e+000 1.70580671711721e+001 2.95794710184244e-003 5573 345
5.26539525188823e+002 1.73716878178645e+006 3.03102101871066e-004 2.92519913327433e-001 1.44001925733207e+000 1.70580735992145e+001 2.95849951537517e-003 5588 346
5.28491489292227e+002 1.73718186891917e+006 3.04223456647485e-004 8.77285073397015e-001 1.41700886272774e+000 1.70580886161560e+001 2.95854865875650e-003 5593 347
5.25392956305398e+002 1.73717032702337e+006 3.02441811325571e-004 3.91216772972808e-001 1.43723883465072e+000 1.70580894362059e+001 2.95883994992090e-003 5597 348
5.23823571952809e+002 1.73719210363089e+006 3.01534617260852e-004 5.43168431653798e-001 1.39649126087222e+000 1.70584196607269e+001 2.95898056880395e-003 5656 349
5.26219105226068e+002 1.73715328952990e+006 3.02920353835355e-004 3.51756340220344e-001 1.46926163380840e+000 1.70584196607269e+001 2.95935001903939e-003 5656 350
5.26569300037730e+002 1.73719198693530e+006 3.03115192719621e-004 8.18262276070437e-001 1.39773765724662e+000 1.70584308021659e+001 2.95940711836740e-003 5666 351
5.21772642309914e+002 1.73710469112998e+006 3.00369131050346e-004 4.28968169194617e-001 1.56139908886990e+000 1.70584447398902e+001 2.95964709909745e-003 5668 352
5.22105857931429e+002 1.73714758539513e+006 3.00553531893286e-004 8.73744926297800e-001 1.47980806466872e+000 1.70605795696002e+001 2.95969706620485e-003 5724 353
5.21749251265048e+002 1.73711422239448e+006 3.00354017513261e-004 4.34278389843440e-002 1.50377722571490e+000 1.70611156761673e+001 2.99663431562063e-003 5739 354
5.28063656515526e+002 1.73718194612628e+006 3.03977163375613e-004 4.92294076357311e-001 1.41652947950682e+000 1.70611157174473e+001 2.99680948096920e-003 5741 355
5.22232172384701e+002 1.73713848424058e+006 3.00627820631350e-004 9.94567705313273e-001 1.49716173726615e+000 1.71178276583811e+001 2.99684711291446e-003 5761 356
5.28360111228140e+002 1.73719277649849e+006 3.04145919833475e-004 8.69350260933256e-001 1.39687476744896e+000 1.71178295851390e+001 2.99689708187916e-003 5766 357
5.21723576772399e+002 1.73710073857011e+006 3.00341568857132e-004 1.32816553239540e-001 1.56513827799310e+000 1.71178326711884e+001 3.00006204672527e-003 5770 358
5.30003840659186e+002 1.73719898484876e+006 3.05091028049950e-004 3.30637531662954e-001 1.38546544679098e+000 1.71185778560608e+001 3.00048031449426e-003 5787 359
5.22896832097700e+002 1.73712492729978e+006 3.01012787328716e-004 8.16827906125065e-001 1.52304843119602e+000 1.71188488442097e+001 3.00053843751727e-003 5824 360
5.21980200816269e+002 1.73712315186301e+006 3.00485423008920e-004 4.07513657032991e-001 1.52602060716575e+000 1.71188492802571e+001 3.00080683746611e-003 5829 361
5.23284258423340e+002 1.73716164487846e+006 3.01229447552356e-004 6.33777886288034e-001 1.45334611087374e+000 1.71188919907310e+001 3.00090782476428e-003 5867 362
5.26448022836514e+002 1.73717705904177e+006 3.03047984648675e-004 6.16260261848811e-001 1.42525425412763e+000 1.71410118259767e+001 3.00101483701092e-003 5875 363
5.22270249688973e+002 1.73714503703180e+006 3.00648606086127e-004 6.56086916714988e-001 1.48460189687796e+000 1.71411377720570e+001 3.00110872291042e-003 5918 364
5.23100622630493e+002 1.73715728573959e+006 3.01124492936688e-004 4.84725486007263e-001 1.46139974898526e+000 1.71411377720570e+001 3.00129104356869e-003 5918 365
5.21785238663463e+002 1.73717562865723e+006 3.00364116537374e-004 3.18155461287271e-001 1.42611714392529e+000 1.71411672479924e+001 3.00174935719149e-003 5923 366
5.21899283666704e+002 1.73714253314185e+006 3.00435489896337e-004 9.47019867549669e-001 1.48939572908719e+000 1.71411673293303e+001 3.00179124621864e-003 5924 367
5.24176932745605e+002 1.73713004697675e+006 3.01748805593852e-004 6.61366618854335e-001 1.51336489013337e+000 1.71411798579156e+001 3.00188368220340e-003 5935 368
5.22110305122466e+002 1.73714106287184e+006 3.00557220458403e-004 7.48008667256691e-001 1.49217615176855e+000 1.71411875715075e+001 3.00195408542092e-003 5941 369
5.25292878605004e+002 1.73714316697892e+006 3.02388929467329e-004 9.76622821741386e-001 1.48872459257790e+000 1.71411920865080e+001 3.00199322960857e-003 5945 370
5.23788773804730e+002 1.73712727599525e+006 3.01525838186336e-004 7.57896664326914e-001 1.51863810556352e+000 1.71412175186645e+001 3.00206174650634e-003 5967 371
5.23920837090566e+002 1.73718816561462e+006 3.01591290785930e-004 1.92632831812494e-001 1.40205210623493e+000 1.71412191599218e+001 3.00343867460446e-003 5976 372
5.26807731174492e+002 1.73719988086275e+006 3.03251065596572e-004 2.11004974517045e-001 1.38172625766778e+000 1.71412417936783e+001 3.00456141049155e-003 5987 373
5.24784737694167e+002 1.73716537040695e+006 3.02092553000463e-004 7.38761558885464e-001 1.44673062242500e+000 1.71412418348015e+001 3.00463343333337e-003 5988 374
5.28628879103007e+002 1.73717855432488e+006 3.04303125012598e-004 1.76610614337596e-001 1.42084392849513e+000 1.71418602434543e+001 3.00630526524350e-003 6016 375
5.29461145182713e+002 1.73719803136364e+006 3.04778798519131e-004 4.77156895657216e-001 1.38738297967467e+000 1.71418712800239e+001 3.00649195899576e-003 6017 376
5.21854686906981e+002 1.73715558032742e+006 3.00407561141077e-004 5.79180272835475e-001 1.46446780159917e+000 1.71418730632237e+001 3.00661523562939e-003 6027 377
5.23689928471658e+002 1.73718967297477e+006 3.01458108319917e-004 8.09076204718162e-001 1.40109333979308e+000 1.71418764847596e+001 3.00667380493250e-003 6029 378
5.26530495905396e+002 1.73719255169527e+006 3.03092756913039e-004 2.78023621326334e-001 1.39582012436293e+000 1.71418825556924e+001 3.00728738103075e-003 6032 379
5.24442616834863e+002 1.73718893921842e+006 3.01891515115513e-004 4.01440473647267e-001 1.40233973616749e+000 1.71419114229320e+001 3.00756114271309e-003 6046 380
5.23363162928081e+002 1.73714177195468e+006 3.01278315646163e-004 7.74773400067141e-001 1.49102563203833e+000 1.71419143217793e+001 3.00762630001547e-003 6060 381
5.22775446864652e+002 1.73715661329244e+006 3.00937421003398e-004 5.20432142094180e-001 1.46264614535966e+000 1.71419235781947e+001 3.00778224981806e-003 6073 382
5.25379030606039e+002 1.73714805492832e+006 3.02437672538606e-004 6.89718314157537e-001 1.47942455809198e+000 1.71419235781947e+001 3.00786631910807e-003 6073 383
5.26913987971125e+002 1.73717821434873e+006 3.03316014131495e-004 8.82259590441603e-001 1.42333672124393e+000 1.71419670237453e+001 3.00791490159101e-003 6094 384
5.26688921873654e+002 1.73718025042041e+006 3.03186100353217e-004 1.89550462355419e-001 1.41748824594867e+000 1.71419699499634e+001 3.00934515245466e-003 6101 385
5.23358025430937e+002 1.73713085407478e+006 3.01277251721471e-004 1.89397869808039e-001 1.50981745429853e+000 1.71420004329069e+001 3.01079224914440e-003 6132 386
5.25197361317692e+002 1.73718384028872e+006 3.02326865548740e-004 9.17783135471663e-001 1.41240678380688e+000 1.71420006216274e+001 3.01083671554496e-003 6136 387
5.21790815839523e+002 1.73711741662307e+006 3.00377392543069e-004 6.24378185369427e-001 1.53723817453536e+000 1.71426807964394e+001 3.01094174258394e-003 6142 388
5.21720916558080e+002 1.73710472283361e+006 3.00339348579962e-004 5.29496139408551e-002 1.53503301171911e+000 1.71465010466871e+001 3.03486138842798e-003 6164 389
5.23484133598445e+002 1.73717646609078e+006 3.01341935014307e-004 3.30332346568194e-001 1.42506250083926e+000 1.71465014413162e+001 3.03528328889166e-003 6170 390
5.24236701271156e+002 1.73714894036000e+006 3.01779929847718e-004 1.76702169866024e-001 1.47530186239204e+000 1.71465096061665e+001 3.03696447320185e-003 6178 391
5.24448221158319e+002 1.73716713214503e+006 3.01898530959151e-004 2.65511032441176e-001 1.44241617343669e+000 1.71520344812334e+001 3.03764832226845e-003 6266 392
5.21891525169964e+002 1.73710581135636e+006 3.00437374658271e-004 9.43052461317789e-001 1.55957743263039e+000 1.71520582268649e+001 3.03769073775827e-003 6304 393
5.23219836916586e+002 1.73713632221910e+006 3.01196753762032e-004 6.08752708517716e-001 1.50128443296609e+000 1.71524804599142e+001 3.03780158135754e-003 6329 394
5.22682150575079e+002 1.73712540949124e+006 3.00889119430135e-004 1.79143650624104e-001 1.51988450193793e+000 1.71524807963479e+001 3.03943811326910e-003 6331 395
5.23348245508701e+002 1.73713518236375e+006 3.01270871137858e-004 2.81228064821314e-001 1.50272258262886e+000 1.71525019831145e+001 3.04004428349398e-003 6344 396
5.25729530549870e+002 1.73718012235327e+006 3.02633853412765e-004 1.09561449018830e-001 1.41326967360454e+000 1.71525108364042e+001 3.04481817714786e-003 6351 397
5.22035286432256e+002 1.73710689343888e+006 3.00519946520627e-004 2.18939786980804e-001 1.55602999679556e+000 1.71544953009190e+001 3.04587200342708e-003 6415 398
5.22257011987471e+002 1.73711511574608e+006 3.00646164159299e-004 1.34464552751244e-001 1.53771755775628e+000 1.71545260912421e+001 3.04895062183534e-003 6438 399
5.24044809267436e+002 1.73712980607654e+006 3.01672788951726e-004 1.27262184514908e-001 1.50933807107761e+000 1.71545265786667e+001 3.05242095654998e-003 6440 400
5.21688329365663e+002 1.73710311340796e+006 3.00320867342201e-004 5.30961027863399e-001 1.56456301812799e+000 1.71550330848783e+001 3.05257105784443e-003 6507 401
5.25321153736932e+002 1.73716120921540e+006 3.02402065471620e-004 3.30820642719810e-001 1.45411312402722e+000 1.71551486911452e+001 3.05299320492082e-003 6558 402
5.21792676544555e+002 1.73710958594918e+006 3.00379817756861e-004 8.73134556108280e-002 1.54260726660970e+000 1.71551487459503e+001 3.06095442322302e-003 6559 403
5.21758964872652e+002 1.73713355524813e+006 3.00356266567055e-004 8.20307016205329e-001 1.50646177175207e+000 1.71551745824278e+001 3.06101195173992e-003 6578 404
5.25707318718817e+002 1.73714985310293e+006 3.02626340342040e-004 9.48667867061373e-001 1.47616475218970e+000 1.71551767872336e+001 3.06105363214999e-003 6582 405
5.23226454467262e+002 1.73711976948918e+006 3.01203433311994e-004 5.01419110690634e-001 1.53273197225867e+000 1.71551767872336e+001 3.06122375946733e-003 6582 406
5.23806876640943e+002 1.73718021170420e+006 3.01527070845740e-004 1.80181279946287e-001 1.41652947950682e+000 1.71675044354801e+001 3.06282251135727e-003 6648 407
5.27818055211584e+002 1.73718919766954e+006 3.03834515939740e-004 5.21774956511124e-001 1.40310674932096e+000 1.71676065361863e+001 3.06297630295820e-003 6677 408
5.21729814645588e+002 1.73710100225465e+006 3.00345114233709e-004 5.12009033478805e-001 1.56858983718375e+000 1.71740272929688e+001 3.06313890233091e-003 6687 409
5.21776305779901e+002 1.73718359377534e+006 3.00357597181378e-004 8.45057527390362e-001 1.41183152394177e+000 1.71741100723458e+001 3.06319221990165e-003 6743 410
5.23417059696053e+002 1.73712711184936e+006 3.01311884597020e-004 4.29670094912564e-001 1.51863810556352e+000 1.71741100723458e+001 3.06343102434350e-003 6743 411
5.24030337145501e+002 1.73713417435124e+006 3.01663699319858e-004 5.30625324259163e-001 1.50540712866604e+000 1.71741101206593e+001 3.06358101631888e-003 6744 412
5.25694848299281e+002 1.73718350777612e+006 3.02613298997672e-004 9.32950834681234e-001 1.41317379696036e+000 1.71749880578978e+001 3.06362391302502e-003 6769 413
5.24578448431807e+002 1.73713673886207e+006 3.01978779649664e-004 3.69945371868038e-001 1.50032566652425e+000 1.71749925263968e+001 3.06395546277597e-003 6790 414
5.25079593365463e+002 1.73714758491377e+006 3.02265381441578e-004 5.75457014679403e-001 1.48019157124546e+000 1.71749955077988e+001 3.06408069534387e-003 6799 415
5.28406706520971e+002 1.73719675215437e+006 3.04172045894914e-004 8.20642719809564e-001 1.38958814249092e+000 1.71764820362506e+001 3.06413734821513e-003 6830 416
5.23403650889609e+002 1.73713172248549e+006 3.01303365931214e-004 6.91030610065005e-001 1.51010508423109e+000 1.71765288737090e+001 3.06422126258333e-003 6855 417
5.23934633576261e+002 1.73714683114944e+006 3.01606409023446e-004 8.05536057618946e-001 1.48153384426405e+000 1.71766083638926e+001 3.06428102267303e-003 6873 418
5.22006555825462e+002 1.73713064710603e+006 3.00499298071063e-004 1.82836390270699e-001 1.50991333094272e+000 1.71766083862069e+001 3.06584484526866e-003 6874 419
5.23119977206102e+002 1.73715804279113e+006 3.01135503222821e-004 4.75630970183416e-001 1.45996159932249e+000 1.71766091853315e+001 3.06603489332362e-003 6880 420
5.21884494981884e+002 1.73710834877870e+006 3.00432888741252e-004 5.99230933561205e-001 1.55459184713279e+000 1.71766092985688e+001 3.06614991147377e-003 6881 421
5.24493623069657e+002 1.73715029061583e+006 3.01927593694878e-004 8.93093661305582e-001 1.47511010910367e+000 1.71766901377826e+001 3.06619750699308e-003 6884 422
5.28708108478855e+002 1.73719271739966e+006 3.04346251776893e-004 7.66472365489670e-001 1.39706652073733e+000 1.71766965061851e+001 3.06626343215531e-003 6904 423
5.22969629509531e+002 1.73712414505218e+006 3.01054829730785e-004 1.15359965819269e-001 1.51902161214026e+000 1.71766977161254e+001 3.07057293412583e-003 6913 424
5.22815889145082e+002 1.73712689357732e+006 3.00965850734599e-004 9.00296029541917e-001 1.51930924207282e+000 1.71807590787145e+001 3.07061984862272e-003 6926 425
5.22773087878894e+002 1.73713899968434e+006 3.00939114366987e-004 4.82955412457656e-001 1.49601121753594e+000 1.71807632957607e+001 3.07080423108669e-003 6938 426
5.23395073083459e+002 1.73712595377838e+006 3.01299428580215e-004 7.95434430982391e-001 1.52113089831233e+000 1.71807970593756e+001 3.07086584307127e-003 6965 427
5.24093045839915e+002 1.73713212163367e+006 3.01700154761707e-004 7.10287789544359e-001 1.50943394772179e+000 1.71850058363841e+001 3.07094483031874e-003 6984 428
5.23999608666675e+002 1.73712915054543e+006 3.01646882506745e-004 5.74205755790887e-001 1.51499479308451e+000 1.71850305404921e+001 3.07107098564655e-003 6987 429
5.22377256917960e+002 1.73714313172416e+006 3.00710535379919e-004 3.39732047486801e-001 1.48776582613605e+000 1.71851221346050e+001 3.07147049928333e-003 6988 430
5.25281807158823e+002 1.73718497895085e+006 3.02375278116369e-004 4.34980315561388e-001 1.41000986770226e+000 1.71873735242591e+001 3.07170025136612e-003 7022 431
5.22996350746321e+002 1.73711981082698e+006 3.01070963375421e-004 9.26847132786035e-002 1.52419895092624e+000 1.71874522743428e+001 3.07867680897690e-003 7042 432
5.27016397399942e+002 1.73717250236611e+006 3.03375963247053e-004 3.93749809259316e-001 1.43359552217170e+000 1.71874532399509e+001 3.07896385096447e-003 7050 433
5.22703772818382e+002 1.73712120974786e+006 3.00902294042377e-004 8.73439741203040e-001 1.53014330286569e+000 1.71874532399509e+001 3.07901402271302e-003 7050 434
5.21943723654429e+002 1.73710762850056e+006 3.00467109454726e-004 2.23853267006439e-001 1.55468772377697e+000 1.71874537990238e+001 3.08001760915060e-003 7052 435
5.21780058357663e+002 1.73713905300595e+006 3.00367458645870e-004 6.54805139316996e-001 1.49591534089175e+000 1.71874563922637e+001 3.08011198598380e-003 7071 436
5.23380559789778e+002 1.73714972521411e+006 3.01286950892418e-004 8.66908780175176e-001 1.47597299890133e+000 1.71874564526403e+001 3.08016280588385e-003 7075 437
5.24156545556213e+002 1.73718418781064e+006 3.01727665568077e-004 5.14114810632649e-001 1.41125626407666e+000 1.71874575249131e+001 3.08032189767752e-003 7083 438
5.21789168691185e+002 1.73710321761438e+006 3.00378899599606e-004 6.78121280556658e-001 1.56446714148381e+000 1.71875006592965e+001 3.08040952625754e-003 7110 439
5.22068926558944e+002 1.73710724858802e+006 3.00539250679470e-004 3.29172643208106e-001 1.55622175008393e+000 1.71875483834334e+001 3.08083921339183e-003 7120 440
5.23276746687274e+002 1.73717966044524e+006 3.01221999529228e-004 7.75353251747185e-001 1.41959753212073e+000 1.71960195299584e+001 3.08090372654907e-003 7151 441
5.23802284058124e+002 1.73718299386697e+006 3.01523944243788e-004 4.64796899319437e-002 1.37865820505387e+000 1.71962686432934e+001 3.11219947579920e-003 7160 442
5.21735996523389e+002 1.73710686094364e+006 3.00347659988857e-004 9.50468459120457e-001 1.55756402310251e+000 1.71963833033749e+001 3.11224116558955e-003 7212 443
5.21903756029593e+002 1.73710523599149e+006 3.00444515112038e-004 3.49894711142308e-001 1.56015269249550e+000 1.71972955508133e+001 3.11261686789722e-003 7242 444
5.26163142408748e+002 1.73719557492909e+006 3.02880765938357e-004 9.47111423078097e-001 1.39102629215369e+000 1.71973082504923e+001 3.11265821000339e-003 7277 445
5.28635987109013e+002 1.73718416432911e+006 3.04306233988460e-004 2.77657399212623e-001 1.41192740058596e+000 1.71975288615969e+001 3.11327524028527e-003 7302 446
5.26082940394052e+002 1.73716354616501e+006 3.02840181900377e-004 8.00561540574358e-001 1.45046981154820e+000 1.72134830669699e+001 3.11333562273508e-003 7343 447
5.23162682945866e+002 1.73714297935852e+006 3.01162698376320e-004 6.14490188299203e-001 1.48862871593371e+000 1.72175509212688e+001 3.11344409783841e-003 7358 448
5.23026266649067e+002 1.73712299122220e+006 3.01087633683504e-004 4.52406384472182e-001 1.52649999038667e+000 1.80454025473810e+001 3.11365737349168e-003 7412 449
5.23652970742593e+002 1.73718762578101e+006 3.01437189115770e-004 6.76046021912290e-001 1.40483252891629e+000 1.80454046451979e+001 3.11374438449142e-003 7424 450
5.25243645746713e+002 1.73716911666345e+006 3.02356071554942e-004 5.76464125492111e-001 1.43973162739952e+000 1.80454123891163e+001 3.11386857568249e-003 7431 451
5.23235633581708e+002 1.73714827714529e+006 3.01203774394127e-004 9.93377483443709e-002 1.47117916669210e+000 1.80454123891163e+001 3.11983509096578e-003 7431 452
5.21954837006301e+002 1.73710643336275e+006 3.00473713799877e-004 5.62913907284768e-001 1.55823515961180e+000 1.80454640175914e+001 3.11996707581449e-003 7441 453
5.23209995538765e+002 1.73716848614671e+006 3.01185511877849e-004 3.78063295388653e-001 1.44011513397626e+000 1.80454912811407e+001 3.12028124950161e-003 7463 454
5.21684875715888e+002 1.73711250601001e+006 3.00317255346048e-004 8.71120334482864e-001 1.54672996230964e+000 1.80454939966550e+001 3.12033174271144e-003 7470 455
5.29706773195826e+002 1.73718836976349e+006 3.04921887573442e-004 9.55717642750328e-001 1.40540778878140e+000 1.80454964701803e+001 3.12037237194045e-003 7476 456
5.21789544479357e+002 1.73715412095478e+006 3.00370314005423e-004 8.65169225135044e-001 1.46734410092471e+000 1.80455003301359e+001 3.12042337311882e-003 7481 457
5.27425056019960e+002 1.73716808775492e+006 3.03611978329361e-004 9.09634693441572e-001 1.44232029679250e+000 1.80455076885546e+001 3.12046891690202e-003 7500 458
5.27705414856955e+002 1.73717544712305e+006 3.03772079843241e-004 6.54438917203284e-001 1.42860993667409e+000 1.80455076885546e+001 3.12056271924894e-003 7500 459
5.22895090444595e+002 1.73711873629707e+006 3.01012857512705e-004 3.04361095004120e-001 1.53417012192145e+000 1.80455389732826e+001 3.12107296950051e-003 7509 460
5.23449397631735e+002 1.73719452789141e+006 3.01318806492696e-004 3.02346873378704e-001 1.39131392208625e+000 1.80455398171110e+001 3.12158275277763e-003 7513 461
5.22324666302734e+002 1.73714150633253e+006 3.00680542522156e-004 5.16403698843348e-001 1.49121738532670e+000 1.80455527672053e+001 3.12174181884033e-003 7532 462
5.21815007115683e+002 1.73711330014655e+006 3.00392030488898e-004 3.86455885494553e-001 1.54481242942595e+000 1.80455715746994e+001 3.12204365011069e-003 7547 463
5.23335659154509e+002 1.73712026384358e+006 3.01266212946988e-004 2.33527634510331e-001 1.53071856273080e+000 1.80455715746994e+001 3.12295742158598e-003 7547 464
5.22478106546769e+002 1.73711127153195e+006 3.00774106618201e-004 2.35969115268410e-001 1.54788048203986e+000 1.80459242113956e+001 3.12385100539555e-003 7618 465
5.23741542935036e+002 1.73718686605805e+006 3.01488306928637e-004 1.57200842310862e-001 1.40339437925352e+000 1.80460498678806e+001 3.12600485880017e-003 7635 466
5.28245136751508e+002 1.73717971212450e+006 3.04082022592778e-004 1.71422467726676e-001 1.41844701239051e+000 1.80460498678806e+001 3.12778938112923e-003 7635 467
5.26411097911015e+002 1.73715593019619e+006 3.03030414626377e-004 1.89306314279611e-001 1.46283789864803e+000 1.80460603984970e+001 3.12923226602424e-003 7645 468
5.23341358159874e+002 1.73712976956567e+006 3.01267845094554e-004 7.60948515274514e-001 1.51384427335429e+000 1.80460738909270e+001 3.12930016205495e-003 7663 469
5.21722005644033e+002 1.73710310925475e+006 3.00340254517578e-004 9.55168309579760e-001 1.56475477141636e+000 1.80475792542592e+001 3.12934140474433e-003 7672 470
5.24837834297166e+002 1.73718465584550e+006 3.02119764046209e-004 6.23432111575671e-001 1.41068100421155e+000 1.80476057965871e+001 3.12944549344528e-003 7704 471
5.21708374495540e+002 1.73710286595770e+006 3.00332449524774e-004 1.63274025696585e-002 1.26667428464614e+000 1.80476255336042e+001 3.43333214569190e-003 7723 472
5.25143959654837e+002 1.73716423190896e+006 3.02299537379375e-004 1.82531205175939e-001 1.44682649906919e+000 1.80476289728292e+001 3.43489257181819e-003 7735 473
5.22222986128732e+002 1.73712356702511e+006 3.00625114015932e-004 5.43809320352794e-001 1.52544534730064e+000 1.80476721125389e+001 3.43503483787993e-003 7757 474
5.22668855474354e+002 1.73712147494770e+006 3.00882147414403e-004 3.41288491470077e-001 1.52908865977966e+000 1.80476827292639e+001 3.43543137626596e-003 7762 475
5.22428179384012e+002 1.73711324177558e+006 3.00745024025739e-004 4.61439863277077e-002 1.51020096087527e+000 1.80477015828196e+001 3.46776688090805e-003 7777 476
5.21857038436886e+002 1.73710531255209e+006 3.00417607940456e-004 5.24460585345012e-001 1.56034444578387e+000 1.80478047681382e+001 3.46792110019499e-003 7820 477
5.21770391089640e+002 1.73710633780867e+006 3.00367550357541e-004 7.66472365489669e-001 1.55852278954436e+000 1.80478441032248e+001 3.46798802786096e-003 7828 478
5.26897498108778e+002 1.73716402420466e+006 3.03308999386205e-004 9.79552598651082e-001 1.44979867503891e+000 1.80552339458864e+001 3.46802676100072e-003 7867 479
5.28601855096858e+002 1.73717810673950e+006 3.04287647151161e-004 6.40461439863277e-001 1.42391198110904e+000 1.80552622312641e+001 3.46812505889719e-003 7877 480
5.22055971524765e+002 1.73710726153960e+006 3.00531790618856e-004 3.29599902340770e-002 1.48766994949187e+000 1.80552622312641e+001 3.53580452333885e-003 7877 481
5.23924713287391e+002 1.73717438403046e+006 3.01595914732754e-004 8.68465224158452e-001 1.42966457976012e+000 1.80552634425299e+001 3.53585486594933e-003 7884 482
5.26521576273147e+002 1.73719593312354e+006 3.03087032447770e-004 7.91405987731559e-001 1.39045103228858e+000 1.80552634425299e+001 3.53591623521908e-003 7884 483
5.22507144724447e+002 1.73716690463953e+006 3.00781190092908e-004 4.58449049348430e-001 1.44308730994598e+000 1.80552869460037e+001 3.53612189012495e-003 7898 484
5.21858924996124e+002 1.73711231309460e+006 3.00417483292764e-004 1.47343363750114e-001 1.54375778633992e+000 1.80552876954434e+001 3.53863982588579e-003 7905 485
5.26909518184962e+002 1.73715716564950e+006 3.03317116289346e-004 9.68779564806055e-001 1.46264614535966e+000 1.80552973604917e+001 3.53867957165815e-003 7921 486
5.22849332764863e+002 1.73712980504227e+006 3.00984598536395e-004 6.11743522446364e-001 1.51365252006592e+000 1.80552975669577e+001 3.53878931257839e-003 7922 487
5.27013601196922e+002 1.73716547409336e+006 3.03375581018710e-004 6.56605731376080e-001 1.44701825235755e+000 1.80553335641425e+001 3.53888266486850e-003 7927 488
5.21797270535644e+002 1.73718506930659e+006 3.00369410296296e-004 1.90954313791314e-001 1.40713356837672e+000 1.80566166782396e+001 3.54028755804158e-003 7937 489
5.23201212832247e+002 1.73715642605255e+006 3.01182547043923e-004 2.87270729697562e-001 1.46245439207129e+000 1.80566166782396e+001 3.54086397373047e-003 7937 490
5.22430571672726e+002 1.73717300647570e+006 3.00736054483537e-004 1.13376262703330e-001 1.42611714392529e+000 1.80566168258319e+001 3.54530027168066e-003 7939 491
5.21748211731760e+002 1.73718757340288e+006 3.00340736965851e-004 1.26865443891720e-001 1.39984694341868e+000 1.81230393040574e+001 3.54875010683871e-003 7954 492
5.21929766680139e+002 1.73712310597782e+006 3.00456397809973e-004 7.04550309762871e-001 1.52640411374248e+000 1.81237765729737e+001 3.54883058836541e-003 7973 493
5.25162009963046e+002 1.73715696979744e+006 3.02311191846835e-004 6.32679219946898e-001 1.46255026871548e+000 1.81237765729737e+001 3.54893206767302e-003 7973 494
5.21772894870272e+002 1.73710234142860e+006 3.00369682738079e-004 4.30616168706320e-001 1.56590529114658e+000 1.81237939889543e+001 3.54917004017028e-003 7990 495
5.28141283197910e+002 1.73718831533807e+006 3.04020734115601e-004 9.39298684652241e-001 1.40502428220466e+000 1.81240246834692e+001 3.54921224553952e-003 8028 496
5.24427971525343e+002 1.73718968235467e+006 3.01882955512121e-004 4.76363414410840e-001 1.40109333979308e+000 1.81242274445519e+001 3.54940008304867e-003 8034 497
5.27413916781192e+002 1.73717340783399e+006 3.03604636242892e-004 4.69679860835597e-001 1.43215737250893e+000 1.81243295523708e+001 3.54959478901294e-003 8071 498
5.28013718984524e+002 1.73719500451647e+006 3.03946132329350e-004 3.89080477309488e-001 1.39227268852809e+000 1.81276729683304e+001 3.54988753180988e-003 8102 499
5.22813516944357e+002 1.73713172596215e+006 3.00963647917636e-004 9.53794976653340e-001 1.51010508423109e+000 1.81276783314715e+001 3.54992882983548e-003 8107 500
5.21919911226011e+002 1.73715892007334e+006 3.00444530141171e-004 1.92876979888302e-002 1.24577317621387e+000 1.81276783314715e+001 3.75912741005568e-003 8107 501
5.23137991441141e+002 1.73713025584428e+006 3.01150690264226e-004 7.32444227423933e-001 1.51288550691244e+000 1.81276783314715e+001 3.75920125113144e-003 8107 502
5.21725686067583e+002 1.73710313537114e+006 3.00342368715256e-004 2.62428662984100e-001 1.56370012833033e+000 1.81276783652013e+001 3.75990869986022e-003 8108 503
5.22799473806694e+002 1.73711453189610e+006 3.00958542699932e-004 8.17255165257729e-001 1.54289489654225e+000 1.81279798000362e+001 3.75996679967429e-003 8163 504
5.23873405446009e+002 1.73714900619241e+006 3.01570785060663e-004 4.34308908352916e-001 1.47712351863155e+000 1.81280008898958e+001 3.76019932234355e-003 8172 505
5.23621091433900e+002 1.73713488767241e+006 3.01427988863298e-004 5.02059999389630e-001 1.50396897900327e+000 1.81280291403671e+001 3.76036871627533e-003 8175 506
5.22737043288849e+002 1.73712539647612e+006 3.00920721423301e-004 5.40086062196722e-001 1.52199378810999e+000 1.81280566237993e+001 3.76051312544759e-003 8195 507
5.21760736641838e+002 1.73710530129404e+006 3.00362171805312e-004 8.64741966002381e-001 1.56053619907224e+000 1.81285756613956e+001 3.76056445381561e-003 8213 508
5.23757194559779e+002 1.73713722916757e+006 3.01505931652793e-004 9.43998535111545e-001 1.49975040665914e+000 1.81285824516711e+001 3.76060667173348e-003 8228 509
5.21750068505716e+002 1.73714449941158e+006 3.00349253037660e-004 1.79448835718863e-002 2.47505556962798e-001 1.81288533046995e+001 3.82399409032348e-003 8275 510
5.21772605726712e+002 1.73710449984406e+006 3.00369143066422e-004 8.55891598254341e-001 1.56207022537919e+000 1.81294249407609e+001 3.82404659438264e-003 8354 511
5.21958406668363e+002 1.73710755730722e+006 3.00475574332910e-004 8.79299295022431e-001 1.55622175008393e+000 1.81296761744479e+001 3.82409606915126e-003 8375 512
5.26556843756698e+002 1.73717406376318e+006 3.03111149662223e-004 6.94906460768456e-002 1.41537895977660e+000 1.81296784718439e+001 3.83709855463243e-003 8377 513
5.21845352079993e+002 1.73710997558845e+006 3.00410074039802e-004 1.74443800164800e-001 1.54922275505844e+000 1.81296842088112e+001 3.83883550511016e-003 8389 514
5.25472654564135e+002 1.73718484843733e+006 3.02485160983520e-004 1.47251808221686e-001 1.40722944502091e+000 1.81296921016012e+001 3.84132414248018e-003 8399 515
5.22063958675200e+002 1.73715780408911e+006 3.00527644482987e-004 9.54039124729148e-001 1.46044098254341e+000 1.81297263511144e+001 3.84136524185513e-003 8401 516
5.26371105761262e+002 1.73716656537001e+006 3.03005537951983e-004 6.30268257698294e-001 1.44481308954131e+000 1.81455679207046e+001 3.84146736379802e-003 8419 517
5.24836580865238e+002 1.73715351320010e+006 3.02124458724160e-004 3.30027161473434e-001 1.46849462065493e+000 1.81455683950095e+001 3.84189241850487e-003 8422 518
5.23179753663658e+002 1.73716777586133e+006 3.01168226302369e-004 3.83465071565905e-001 1.44145740699484e+000 1.81455709245276e+001 3.84219699134661e-003 8431 519
5.22031042460852e+002 1.73719739953578e+006 3.00501846760178e-004 2.35267189550462e-001 1.38498606357006e+000 1.81455709245276e+001 3.84308120057624e-003 8431 520
5.22967504389153e+002 1.73712114638035e+006 3.01054126063338e-004 2.50190740684225e-001 1.52918453642384e+000 1.81455804980863e+001 3.84386636004825e-003 8436 521
5.26752521715692e+002 1.73719577674018e+006 3.03220001236999e-004 2.21533860286264e-001 1.38939638920255e+000 2.24979733029160e+001 3.84487649051974e-003 8496 522
5.26055972687784e+002 1.73718598562306e+006 3.02820746288290e-004 4.36658833582568e-001 1.40837996475112e+000 2.24979733029160e+001 3.84510424358882e-003 8496 523
5.21747418993617e+002 1.73710756985282e+006 3.00354112985892e-004 2.70119327372051e-001 1.55526298364208e+000 2.24980201094593e+001 3.84576807201695e-003 8525 524
5.23180879430710e+002 1.73714879174546e+006 3.01172165618991e-004 1.69927060762352e-001 1.47520598574786e+000 2.24980500931921e+001 3.84760024248863e-003 8530 525
5.23887026781633e+002 1.73714851877163e+006 3.01578710880533e-004 5.28977324747459e-001 1.47817816171758e+000 2.24980501478105e+001 3.84775093920395e-003 8531 526
5.22754110327933e+002 1.73716353515384e+006 3.00923939496731e-004 4.15143284401990e-001 1.44941516846217e+000 2.27293979997192e+001 3.84800696743530e-003 8593 527
5.23275945980083e+002 1.73719726221891e+006 3.01218486544038e-004 2.91207617419965e-001 1.38613658330027e+000 2.27293982555290e+001 3.84856011074779e-003 8595 528
5.23106021227217e+002 1.73715803085947e+006 3.01127471492647e-004 6.85781426435133e-001 1.46015335261086e+000 2.27301890509731e+001 3.84864507933247e-003 8636 529
5.28422137243750e+002 1.73718551781205e+006 3.04182895567466e-004 3.23374126407666e-001 1.40962636112552e+000 2.27302557631299e+001 3.84908615586272e-003 8665 530
5.28280441202383e+002 1.73717777900047e+006 3.04102683849371e-004 7.67082735679189e-001 1.42448724097415e+000 2.27350292212237e+001 3.84915225759291e-003 8728 531
5.27403819646414e+002 1.73717705206214e+006 3.03598186964548e-004 3.65153965880306e-001 1.42515837748344e+000 2.27350389423958e+001 3.84949068169830e-003 8734 532
5.22026215487218e+002 1.73716364689077e+006 3.00504906781816e-004 6.99453718680380e-001 1.44931929181799e+000 2.27350401296058e+001 3.84957193642774e-003 8745 533
5.22069379138083e+002 1.73714523270236e+006 3.00532939671462e-004 2.49641407513657e-002 1.36168803903317e+000 2.27350402013619e+001 3.97199664246237e-003 8746 534
5.25220953124773e+002 1.73717680511017e+006 3.02341670448390e-004 1.66020691549425e-001 1.42285733802301e+000 2.27353747113103e+001 3.97391267951803e-003 8764 535
5.27278688565873e+002 1.73717150737625e+006 3.03527124486257e-004 8.43867305520798e-001 1.43589656163213e+000 2.41047309404467e+001 3.97396635350575e-003 8806 536
5.22194660464870e+002 1.73715515024086e+006 3.00603342576252e-004 7.12851344340342e-001 1.46542656804102e+000 2.41047315339532e+001 3.97404442950298e-003 8808 537
5.21785734735233e+002 1.73710371534332e+006 3.00376836704414e-004 5.32944730979339e-001 1.56341249839778e+000 2.41051292418395e+001 3.97419330323481e-003 8831 538
5.21766020676534e+002 1.73717196029039e+006 3.00353688013364e-004 5.53270058290353e-001 1.43349964552751e+000 2.41072452042532e+001 3.97432912291154e-003 8860 539
5.21855529139799e+002 1.73710698197345e+006 3.00416450371860e-004 1.86376537369915e-001 1.55526298364208e+000 2.42648802430066e+001 3.97583094183597e-003 8871 540
5.26329725773877e+002 1.73717303888695e+006 3.02980588511727e-004 6.58497878963591e-001 1.43273263237403e+000 2.42648825134893e+001 3.97592353068174e-003 8880 541
5.22081440433665e+002 1.73710649497447e+006 3.00546584924128e-004 4.89120151371807e-001 1.55804340632344e+000 2.42648972297051e+001 3.97610332714916e-003 8902 542
5.24515486237648e+002 1.73715531221575e+006 3.01939306525831e-004 2.57271034882656e-002 1.34960758186590e+000 2.42649071163285e+001 4.09038040917740e-003 8909 543
5.22054097607881e+002 1.73711013249750e+006 3.00530215168497e-004 1.50242622150334e-001 1.54807223532823e+000 2.42649075399411e+001 4.09279294412511e-003 8914 544
5.23464520684523e+002 1.73712171573483e+006 3.01340142200994e-004 3.02224799340800e-001 1.52851339991455e+000 2.42649148027117e+001 4.09331104716152e-003 8926 545
5.22100137386584e+002 1.73711674824683e+006 3.00555574167619e-004 1.59916989654225e-001 1.53580002487259e+000 2.42649169014811e+001 4.09541335620330e-003 8931 546
5.24031135940350e+002 1.73714265800315e+006 3.01662685923014e-004 3.92468031861324e-002 1.44049864055300e+000 2.42649184877323e+001 4.14127653668993e-003 8937 547
5.23020221402080e+002 1.73711973922921e+006 3.01084717297539e-004 7.08029419843135e-001 1.53292372554704e+000 2.42649184877323e+001 4.14135617211272e-003 8937 548
5.25108937307849e+002 1.73713907659628e+006 3.02283754011632e-004 7.84630878627888e-001 1.49639472411267e+000 2.42649194284587e+001 4.14141956837796e-003 8944 549
5.21681287432922e+002 1.73710613819548e+006 3.00316290570128e-004 7.75597399822993e-001 1.55890629612110e+000 2.42649283363886e+001 4.14148477625141e-003 8952 550
5.22219763382422e+002 1.73718833635344e+006 3.00612050359513e-004 1.83324686422315e-001 1.40099746314890e+000 2.42650512575721e+001 4.14301993598568e-003 8996 551
5.23274222173398e+002 1.73717786810532e+006 3.01220857089240e-004 7.98211615344707e-001 1.42295321466720e+000 2.42650783404262e+001 4.14308048503002e-003 9029 552
5.25629809388939e+002 1.73717464343336e+006 3.02577403679501e-004 6.89718314157537e-002 1.41384493346965e+000 2.42652119171804e+001 4.15629592332585e-003 9054 553
5.21822905765526e+002 1.73710291330625e+006 3.00398373678415e-004 9.97894222846156e-001 1.56513827799310e+000 2.42652120553744e+001 4.15633338074273e-003 9056 554
5.23520504659591e+002 1.73713576596389e+006 3.01369932660228e-004 1.32602923673208e-001 1.49831225699637e+000 2.42652127615124e+001 4.15950128462533e-003 9060 555
5.23786966668932e+002 1.73716960130350e+006 3.01517451377763e-004 5.00473036896878e-001 1.43838935438093e+000 2.42652146250770e+001 4.15967074769625e-003 9076 556
5.27028088527744e+002 1.73719822474664e+006 3.03378201089100e-004 8.23816644795068e-001 1.38642421323283e+000 2.42652490606315e+001 4.15972688864549e-003 9083 557
5.22772759807753e+002 1.73711970214689e+006 3.00942268618453e-004 3.31583605456710e-001 1.53244434232612e+000 2.42656755678797e+001 4.16014946628304e-003 9115 558
5.22316260983725e+002 1.73711727357062e+006 3.00679898352239e-004 1.87597277748955e-001 1.53560827158422e+000 2.42656755678797e+001 4.16162913126922e-003 9115 559
5.24829615737749e+002 1.73717816775149e+006 3.02116161435107e-004 4.00189214758751e-001 1.42247383144627e+000 2.42657188594406e+001 4.16190566753543e-003 9135 560
5.22103603125685e+002 1.73710720465718e+006 3.00559220527305e-004 8.44416638691366e-001 1.55689288659322e+000 2.42657217668921e+001 4.16195975091181e-003 9142 561
5.24265893923555e+002 1.73717968571574e+006 3.01791393439637e-004 3.18369090853603e-001 1.41921402554399e+000 2.42657416297213e+001 4.16241691705628e-003 9151 562
5.21821299134826e+002 1.73710723240822e+006 3.00396701886583e-004 2.50282296212653e-001 1.55574236686300e+000 2.42657424771650e+001 4.16320203552695e-003 9156 563
