1.15306178261506e+003 1.73719546270150e+006 6.63748920625180e-004 8.36237678151799e-001 1.48795757942442e+000 3.18061465520456e-005 5.50697946780566e-008 42 1
1.14894670538877e+003 1.73718000687896e+006 6.61386001053805e-004 2.07617419965209e-001 1.49744936719871e+000 5.40160713405264e-004 1.23642664588513e-006 51 2
1.15073751642266e+003 1.73713866864921e+006 6.62432636420674e-004 2.80465102084414e-002 1.31892705572680e+000 6.93456036246258e-004 9.50517312502697e-005 63 3
1.14880478379858e+003 1.73711532164914e+006 6.61328929635530e-004 2.86660359508042e-001 1.55545473693045e+000 7.28323306802944e-004 9.56341975098353e-005 82 4
1.15371246138126e+003 1.73715978733639e+006 6.64137116323933e-004 9.30600909451582e-001 1.51882985885189e+000 7.28882913146754e-004 9.56778153725731e-005 89 5
1.15006905422172e+003 1.73712070613652e+006 6.62054675951779e-004 7.27774895474105e-001 1.55248256096072e+000 7.85644286980112e-004 9.57528158978909e-005 104 6
1.14874674978320e+003 1.73711809112706e+006 6.61294467081928e-004 5.45823541978210e-001 1.55449597048860e+000 7.87774851074909e-004 9.58940559978306e-005 112 7
1.14862452486634e+003 1.73710019840431e+006 6.61230917202411e-004 3.25571459089938e-001 1.56906922040468e+000 1.28251439394031e-003 9.63343148832987e-005 140 8
1.15035527679230e+003 1.73715640499206e+006 6.62205835546282e-004 7.56279183324686e-001 1.52151440488907e+000 1.28263912273224e-003 9.64031646338707e-005 141 9
1.14899342818770e+003 1.73716214833252e+006 6.61419696335336e-004 6.24530777916807e-001 1.51633706610309e+000 1.47440828485286e-003 9.65080386493880e-005 175 10
1.14923188613670e+003 1.73716246973823e+006 6.61556842552114e-004 6.10339671010468e-001 1.51604943617054e+000 1.49895457301485e-003 9.66183504598135e-005 192 11
1.15359224499591e+003 1.73716254370413e+006 6.64066859836794e-004 2.51167332987457e-002 1.23561025193030e+000 1.65193610419727e-003 2.13230643247776e-004 222 12
1.15106369647584e+003 1.73717560934377e+006 6.62606314426432e-004 5.93920712912381e-001 1.50473599215674e+000 2.85647730365769e-003 2.13347695491671e-004 299 13
1.15458052989455e+003 1.73717331957440e+006 6.64631644337659e-004 8.21558275093844e-001 1.50713290826136e+000 5.73299835539737e-003 2.13405033891822e-004 319 14
1.15245702476852e+003 1.73717690135861e+006 6.63407885977476e-004 2.86111026337474e-001 1.50214732276376e+000 8.70788684431500e-003 2.13988654250818e-004 489 15
1.15151767472840e+003 1.73717443949045e+006 6.62868091939841e-004 2.05755790887173e-001 1.50233907605213e+000 8.74146861319263e-003 2.15194072364737e-004 503 16
1.15001801416664e+003 1.73712276907454e+006 6.62024507784624e-004 6.15802484206671e-001 1.55056502807703e+000 8.97592753303683e-003 2.15302382886619e-004 551 17
1.14956301608880e+003 1.73712506570027e+006 6.61761706729249e-004 2.00872829371014e-001 1.54490830607013e+000 8.98721751772833e-003 2.16575764326095e-004 573 18
1.14963301308203e+003 1.73711279475367e+006 6.61806676407097e-004 5.38193914609211e-001 1.55909804940947e+000 8.98928717766225e-003 2.16721456309258e-004 577 19
1.15049669819977e+003 1.73718837313871e+006 6.62275057664181e-004 3.88256477553636e-001 1.49303904156621e+000 9.06090177893477e-003 2.17019414475270e-004 590 20
1.14973685987646e+003 1.73713774341755e+006 6.61856951960535e-004 7.92352061525315e-001 1.53771755775628e+000 5.02141208305782e-002 2.17081597669150e-004 705 21
1.15078906136073e+003 1.73716779609662e+006 6.62451201092081e-004 5.72130497146519e-001 1.51144735724967e+000 5.02378685188999e-002 2.17208735902132e-004 715 22
1.14885711192913e+003 1.73710902374554e+006 6.61361450963509e-004 5.80980864894559e-001 1.56245373195593e+000 1.38295274064634e-001 2.17331864676873e-004 787 23
1.14965500313102e+003 1.73715317336557e+006 6.61803951956634e-004 1.85583056123539e-001 1.51978862529374e+000 1.39294455262789e-001 2.18846057452378e-004 814 24
1.15439809169256e+003 1.73719189134764e+006 6.64519519990928e-004 8.28516495254372e-001 1.49112150868252e+000 1.39349816650031e-001 2.18902277112483e-004 848 25
1.14864808029566e+003 1.73710241061108e+006 6.61243635301130e-004 2.89315469832453e-002 1.36629011795404e+000 1.39652310623171e-001 3.07488733340216e-004 897 26
1.14868785244887e+003 1.73712748773654e+006 6.61256984955203e-004 1.60802026429029e-001 1.54049798043764e+000 1.39654232804743e-001 3.09565989170899e-004 901 27
1.14874844096398e+003 1.73710575497893e+006 6.61300136860022e-004 9.87640003662221e-001 1.56561766121403e+000 1.39654622187784e-001 3.09604307608391e-004 909 28
1.15145820085810e+003 1.73714433806018e+006 6.62845341629748e-004 5.55040131839961e-001 1.53177320581683e+000 1.39663445216269e-001 3.09740353768821e-004 949 29
1.15043265343841e+003 1.73714835596025e+006 6.62253446175608e-004 9.60325937681204e-001 1.52860927655873e+000 1.39795601273452e-001 3.09781075202783e-004 969 30
1.15196294724382e+003 1.73718923652378e+006 6.63118763445380e-004 4.74288155766472e-001 1.49275141163366e+000 1.39820810009803e-001 3.09972903949481e-004 995 31
1.15354611455365e+003 1.73716044235963e+006 6.64041108047841e-004 7.57347331156346e-001 1.51815872234260e+000 1.39912021948076e-001 3.10041528504957e-004 1051 32
1.15011295826812e+003 1.73719341217360e+006 6.62052240223803e-004 6.02557451094089e-001 1.48929985244301e+000 4.00330078900503e-001 3.10154792078304e-004 1082 33
1.15198895862826e+003 1.73718540060865e+006 6.63135200976768e-004 7.32566301461837e-001 1.49649060075686e+000 4.00346467803729e-001 3.10228526008644e-004 1117 34
1.14935203921149e+003 1.73712806889069e+006 6.61639111173640e-004 8.56013672292245e-001 1.54615470244453e+000 4.06692409841834e-001 3.10280999659869e-004 1222 35
1.15155931950179e+003 1.73714834365348e+006 6.62902022748283e-004 1.88299203466903e-002 8.81250175023652e-001 4.08539134037233e-001 4.89845121882174e-004 1357 36
1.14876209978361e+003 1.73710576810511e+006 6.61307994834801e-004 6.86819055757317e-001 1.56542590792566e+000 4.08550154093592e-001 4.89930328100797e-004 1367 37
1.15081025584401e+003 1.73714535999913e+006 6.62471957725461e-004 3.37473677785577e-001 1.52995154957732e+000 4.08609588395462e-001 4.90336809370094e-004 1398 38
1.14866656621462e+003 1.73710242569962e+006 6.61254271365764e-004 1.88909573656423e-002 9.78564968871120e-001 4.15166384189155e-001 6.82067472526040e-004 1454 39
1.14940580836159e+003 1.73715084917677e+006 6.61661387191146e-004 5.03250221259194e-002 1.46111211905271e+000 4.15615843925676e-001 7.08674005005480e-004 1492 40
1.15344567142056e+003 1.73717772445945e+006 6.63976682221646e-004 8.75972777489547e-001 1.50329784249397e+000 4.15719158421473e-001 7.08723785736283e-004 1523 41
1.14984229628719e+003 1.73717413147958e+006 6.61903782429786e-004 1.63335062715537e-001 1.50022978988006e+000 4.16412363975308e-001 7.10726752531242e-004 1675 42
1.15222365020230e+003 1.73714575775827e+006 6.63285435942082e-004 2.62459181493576e-001 1.52870515320292e+000 4.20975866164091e-001 7.11433411660640e-004 1690 43
1.15509263713417e+003 1.73717491007694e+006 6.64925828827853e-004 1.06143375957518e-001 1.49131326197089e+000 4.20976712372726e-001 7.16599871228939e-004 1699 44
1.14930420760404e+003 1.73711561643243e+006 6.61616319049084e-004 3.59538560136723e-001 1.55593412015137e+000 4.21040580365724e-001 7.16953740363096e-004 1703 45
1.15062987964111e+003 1.73717081339752e+006 6.62358417778803e-004 5.91326639606922e-001 1.50885868785668e+000 4.21071878281088e-001 7.17071956495674e-004 1736 46
1.15160761675948e+003 1.73715387817726e+006 6.62927713270633e-004 4.07086397900327e-001 1.52304843119602e+000 4.31455230016685e-001 7.17340939561628e-004 1804 47
1.15028617468066e+003 1.73715443395414e+006 6.62166808015063e-004 1.26377147740104e-001 1.51317313684500e+000 4.31469341947670e-001 7.20865771896948e-004 1819 48
1.15046935204523e+003 1.73717277149928e+006 6.62265263837574e-004 8.94589068269906e-001 1.50742053819391e+000 4.32067337115617e-001 7.20913314838544e-004 1863 49
1.15246367882619e+003 1.73717862213307e+006 6.63411059214617e-004 6.95364238410596e-001 1.50233907605213e+000 2.89003266217321e+000 7.20996041421671e-004 1925 50
1.15027327429328e+003 1.73712228903065e+006 6.62171634913829e-004 9.43296609393597e-001 1.55123616458632e+000 2.90869378602952e+000 7.21038427321475e-004 1946 51
1.14952939066156e+003 1.73711378879565e+006 6.61746645660012e-004 1.04709006012146e-001 1.54375778633992e+000 2.92005197271826e+000 7.26376777286500e-004 2002 52
1.15025923915301e+003 1.73713207969830e+006 6.62159823356802e-004 8.83632923368023e-001 1.54270314325388e+000 2.92005431646772e+000 7.26425705700431e-004 2009 53
1.15102551962134e+003 1.73718795440545e+006 6.62579629489403e-004 8.20642719809564e-001 1.49428543794061e+000 2.92103656076913e+000 7.26483133109683e-004 2066 54
1.14867943163154e+003 1.73710304845461e+006 6.61261440550129e-004 8.58119449446089e-001 1.56791870067446e+000 2.92104779288928e+000 7.26535339522879e-004 2072 55
1.14918117796752e+003 1.73711560728884e+006 6.61545498470068e-004 7.83410138248848e-002 1.53033505615406e+000 2.92104870269723e+000 7.36637142409181e-004 2078 56
1.14885330290336e+003 1.73710924762924e+006 6.61359172988120e-004 1.81707205420087e-001 1.55775577639088e+000 2.92158958329212e+000 7.38225232142296e-004 2154 57
1.15146970328669e+003 1.73713323354091e+006 6.62856200324919e-004 7.49534592730491e-001 1.54164850016785e+000 2.92219165647263e+000 7.38295507729322e-004 2289 58
1.15150825290989e+003 1.73717565134243e+006 6.62862205884434e-004 6.01184118167669e-001 1.50473599215674e+000 2.92222351653971e+000 7.38409471256692e-004 2351 59
1.15439779757643e+003 1.73717284131750e+006 6.64526637876299e-004 9.90997039704581e-001 1.50761229148228e+000 2.92235709019555e+000 7.38447429318727e-004 2391 60
1.15141538639826e+003 1.73716940121502e+006 6.62811132282315e-004 3.93871883297220e-001 1.50952982436598e+000 2.92238526512530e+000 7.38736453479214e-004 2420 61
1.14930703203845e+003 1.73716438545033e+006 6.61599370776503e-004 8.60896633808405e-001 1.51461128650777e+000 2.92367609764637e+000 7.38788208517091e-004 2441 62
1.15430616308303e+003 1.73718482640574e+006 6.64469304390839e-004 1.24271370586261e-001 1.48671118305002e+000 2.92367746847793e+000 7.42438917288276e-004 2450 63
1.15267567439604e+003 1.73715441379730e+006 6.63542340318750e-004 9.40885647144993e-002 1.50492774544511e+000 2.92482246826878e+000 7.49181197939490e-004 2581 64
1.15073487252274e+003 1.73718483362454e+006 6.62413510605451e-004 3.44767601550340e-001 1.49581946424757e+000 2.92482273453108e+000 7.49568233317417e-004 2585 65
1.15039045247798e+003 1.73714609050763e+006 6.62230016575307e-004 7.16177861873226e-001 1.53043093279824e+000 2.92617786027662e+000 7.49645881415652e-004 2744 66
1.15290413716603e+003 1.73717064105249e+006 6.63667656275928e-004 9.96246223334452e-001 1.50943394772179e+000 2.92617833413794e+000 7.49683405131073e-004 2749 67
1.15206805108476e+003 1.73718568657360e+006 6.63180620869970e-004 4.21765800958281e-001 1.49562771095920e+000 2.92619383703673e+000 7.49931801698200e-004 2760 68
1.14954952295705e+003 1.73713825828538e+006 6.61748913578894e-004 9.23245948667867e-001 1.53733405117954e+000 2.92619711558794e+000 7.49976222787161e-004 2770 69
1.15038760048744e+003 1.73717774805373e+006 6.62216306659632e-004 1.00924710837123e-001 1.48709468962676e+000 2.92724957259415e+000 7.55746717649450e-004 2823 70
1.15023235636699e+003 1.73719205259376e+006 6.62121488847736e-004 9.10611285744804e-001 1.49073800210578e+000 2.92725235386509e+000 7.55792384890315e-004 2831 71
1.14972591048937e+003 1.73717995811838e+006 6.61834565409751e-004 4.41694387646107e-001 1.50051741981262e+000 2.92775053452198e+000 7.56016870835237e-004 2877 72
1.14896038121706e+003 1.73710600801301e+006 6.61422048146943e-004 7.03360087893307e-001 1.56523415463729e+000 2.92792942184045e+000 7.56097730696323e-004 2910 73
1.14871968209261e+003 1.73714360593279e+006 6.61269172412249e-004 8.69411297952208e-001 1.53263609561449e+000 2.92793466036961e+000 7.56148420287929e-004 2916 74
1.15086377217568e+003 1.73717927183797e+006 6.62489831915531e-004 7.95525986510819e-001 1.50176381618702e+000 2.92914451978995e+000 7.56209945829229e-004 2996 75
1.15630630411768e+003 1.73719029877665e+006 6.65618576252426e-004 2.47901852473525e-001 1.49016274224067e+000 3.10683912639290e+000 7.57009231120138e-004 3017 76
1.15117238144934e+003 1.73714548986234e+006 6.62680368257426e-004 9.11618396557512e-001 1.53110206930754e+000 3.10716295442905e+000 7.57054897825712e-004 3053 77
1.15519228085762e+003 1.73717938441068e+006 6.64981475689122e-004 7.91650135807367e-002 1.47568536896878e+000 3.10876286978167e+000 7.66890255359536e-004 3229 78
1.15397140400277e+003 1.73719104915155e+006 6.64274222937350e-004 4.00280770287179e-001 1.49102563203833e+000 3.10876313783696e+000 7.67168832220600e-004 3232 79
1.15650268092144e+003 1.73719351290492e+006 6.65730387246682e-004 7.04458754234443e-001 1.48977923566393e+000 3.12173568195792e+000 7.67249151827304e-004 3260 80
1.15050567776609e+003 1.73713971003347e+006 6.62298779368055e-004 5.28611102633747e-001 1.53570414822840e+000 3.24265165461891e+000 7.67400634658695e-004 3310 81
1.14987702326887e+003 1.73713935201592e+006 6.61937025369235e-004 4.32264168218024e-001 1.53570414822840e+000 3.24265740837212e+000 7.67636473270554e-004 3316 82
1.15194785303906e+003 1.73716168694165e+006 6.63120590817802e-004 7.42820520645772e-002 1.48728644291513e+000 3.24278478266977e+000 7.78962302359547e-004 3377 83
1.15507854623713e+003 1.73717196782518e+006 6.64918843617168e-004 4.96810815759758e-001 1.50789992141484e+000 3.25093501866322e+000 7.79135703044923e-004 3412 84
1.14942253324472e+003 1.73711214708776e+006 6.61685756686403e-004 9.79308450575274e-001 1.56005681585131e+000 3.25124602155451e+000 7.79174740612068e-004 3477 85
1.14865023614082e+003 1.73709993098841e+006 6.61245820252254e-004 1.06814783165990e-001 1.55641350337230e+000 3.25132086319168e+000 7.84285633432834e-004 3485 86
1.15321731550830e+003 1.73715274686848e+006 6.63854775107330e-004 3.74736777855770e-001 1.52391132099368e+000 3.25133397753345e+000 7.84608375283883e-004 3492 87
1.14938057710379e+003 1.73717362385380e+006 6.61638188377742e-004 3.40586565752129e-001 1.50540712866604e+000 3.25135500233343e+000 7.85006208495495e-004 3497 88
1.15161227612449e+003 1.73717384492497e+006 6.62922775858307e-004 4.34644611957152e-001 1.50588651188696e+000 3.25137586073440e+000 7.85238867404711e-004 3500 89
1.15195497252424e+003 1.73713670139405e+006 6.63134226997535e-004 7.81304361095004e-001 1.53867632419813e+000 3.25167120208395e+000 7.85303003435590e-004 3560 90
1.15078748670730e+003 1.73713091446485e+006 6.62464359352744e-004 4.67116306039613e-001 1.54318252647481e+000 3.25167267011911e+000 7.85501901259943e-004 3561 91
1.14919303587065e+003 1.73719470946941e+006 6.61522201266799e-004 8.51802117984558e-001 1.48834108600116e+000 3.25180543308143e+000 7.85554783213332e-004 3566 92
1.15213100585020e+003 1.73717081115146e+006 6.63222539503461e-004 6.75588244270150e-001 1.50905044114505e+000 3.25180545088291e+000 7.85642969630319e-004 3567 93
1.15013252667124e+003 1.73716229170746e+006 6.62075365157519e-004 1.20456556901761e-001 1.50531125202185e+000 5.70697795754841e+001 7.89558331050286e-004 3600 94
1.15650104483346e+003 1.73719115003565e+006 6.65730350950246e-004 1.40537736136967e-001 1.48373900708029e+000 5.70700206789003e+001 7.92342774230420e-004 3633 95
1.15137458431745e+003 1.73719123670575e+006 6.62779313756058e-004 1.81615649891659e-001 1.48671118305002e+000 5.70702455509103e+001 7.93927143430541e-004 3673 96
1.14876828277790e+003 1.73713514541235e+006 6.61300370528240e-004 4.56556901760918e-002 1.46063273583178e+000 5.70702457238650e+001 8.26888208531536e-004 3677 97
1.15107994077127e+003 1.73714376202977e+006 6.62627813230553e-004 8.02819910275582e-001 1.53254021897031e+000 5.70702991062339e+001 8.26948610754104e-004 3740 98
1.14875479066749e+003 1.73711813580058e+006 6.61299078937772e-004 4.53291421246986e-001 1.55420834055605e+000 5.70713589436152e+001 8.27161150639183e-004 3789 99
1.14934348349389e+003 1.73712528711433e+006 6.61635245486803e-004 3.00302133243812e-002 1.36082514923551e+000 5.70713589436152e+001 9.08679884741582e-004 3789 100
1.15343986777750e+003 1.73715922147957e+006 6.63980413545175e-004 9.36185796685690e-001 1.51930924207282e+000 5.70721034767853e+001 9.08722933268465e-004 3813 101
1.15205777910286e+003 1.73716651440291e+006 6.63182026970609e-004 4.22070986053041e-002 1.41930990218818e+000 5.70861691747719e+001 9.47688437070371e-004 3864 102
1.15318754009287e+003 1.73715986226404e+006 6.63834915685645e-004 9.12533951841792e-001 1.51873398220771e+000 5.70861692575015e+001 9.47733977170736e-004 3867 103
1.15169739478862e+003 1.73719471315758e+006 6.62963810178493e-004 3.61400189214759e-001 1.48747819620350e+000 5.70861695326002e+001 9.48082673282001e-004 3872 104
1.14887293922198e+003 1.73711640616095e+006 6.61367751544372e-004 6.49037141026032e-001 1.55612587343974e+000 5.70861705286590e+001 9.48179165201990e-004 3880 105
1.14876655956390e+003 1.73711056588414e+006 6.61308735702804e-004 9.07895138401441e-001 1.56139908886990e+000 5.70862056361884e+001 9.48225279223641e-004 3920 106
1.15173140684776e+003 1.73713803217439e+006 6.63005021338705e-004 6.04205450605792e-001 1.53733405117954e+000 5.70862729954224e+001 9.48338175936966e-004 3953 107
1.14871496340188e+003 1.73710395502073e+006 6.61281550041938e-004 9.03927732169561e-001 1.56715168752098e+000 5.70862767616430e+001 9.48384738153560e-004 3963 108
1.14949795808390e+003 1.73713976857898e+006 6.61718654479203e-004 7.20358897671438e-001 1.53589590151677e+000 5.70906420376193e+001 9.48461413988214e-004 4015 109
1.15716867145843e+003 1.73719263870864e+006 6.66114093811891e-004 4.20361949522385e-001 1.48997098895230e+000 5.70910275317983e+001 9.48711528624879e-004 4068 110
1.14969969120263e+003 1.73711733625666e+006 6.61843330520176e-004 7.90673543504135e-001 1.55545473693045e+000 5.70919035913307e+001 9.48774029446688e-004 4241 111
1.14922103999568e+003 1.73714918669612e+006 6.61555657477480e-004 1.70903653065584e-001 1.52237729468673e+000 5.70944896833138e+001 9.50589413239849e-004 4277 112
1.14876703921203e+003 1.73710364387943e+006 6.61311647002192e-004 5.90441602832118e-001 1.56715168752098e+000 5.70944909910175e+001 9.50708246638692e-004 4291 113
1.15107460460991e+003 1.73712927918832e+006 6.62630265881480e-004 1.44260994293039e-001 1.53742992782373e+000 5.70946659893475e+001 9.53345557172573e-004 4349 114
1.14886297451253e+003 1.73711220175980e+006 6.61363615915962e-004 8.75362407300027e-001 1.55996093920713e+000 5.70947428696218e+001 9.53395525157718e-004 4395 115
1.15043661222302e+003 1.73712934472509e+006 6.62262972832466e-004 8.69167149876400e-002 1.52343193777276e+000 5.70966003478682e+001 9.61431084244429e-004 4447 116
1.15142301697569e+003 1.73713722721390e+006 6.62827801002261e-004 1.85247352519303e-002 8.22381915494247e-001 5.70966379388891e+001 1.13821518794746e-003 4462 117
1.15142538078793e+003 1.73716332945051e+006 6.62819202230019e-004 9.45249794000061e-001 1.51566592959380e+000 5.70967146783376e+001 1.13825732536057e-003 4486 118
1.14907983252636e+003 1.73714655367471e+006 6.61475373221939e-004 8.00561540574358e-001 1.53004742622150e+000 5.70967154113466e+001 1.13831809709594e-003 4490 119
1.15234007557095e+003 1.73719533241314e+006 6.63333526780767e-004 9.05850398266549e-001 1.48805345606861e+000 5.70967235523865e+001 1.13836428391647e-003 4503 120
1.15373229844068e+003 1.73717532667567e+006 6.64142594643578e-004 9.27976317636647e-001 1.50540712866604e+000 5.70967664194654e+001 1.13840813904628e-003 4506 121
1.14885774923323e+003 1.73713115133562e+006 6.61353393410117e-004 4.86190374462111e-001 1.54299077318644e+000 5.70968376515094e+001 1.13859027211351e-003 4532 122
1.15171890463524e+003 1.73719241310079e+006 6.62977069902029e-004 5.40330210272530e-001 1.49016274224067e+000 5.70968406384016e+001 1.13873424044436e-003 4534 123
1.15184078666878e+003 1.73713722225533e+006 6.63068295990685e-004 9.10489211706900e-001 1.53829281762139e+000 5.70974420834990e+001 1.13878004373429e-003 4597 124
1.15197718148924e+003 1.73715069229661e+006 6.63141670860439e-004 7.18466750083926e-001 1.52649999038667e+000 5.70974838470462e+001 1.13885713581954e-003 4601 125
1.14933610846084e+003 1.73713687272783e+006 6.61626587287181e-004 3.86455885494552e-001 1.53762168111209e+000 5.71023725613879e+001 1.13915890287909e-003 4641 126
1.15096394418243e+003 1.73715270025547e+006 6.62557629847647e-004 2.30719931638539e-002 1.18393274071474e+000 5.71028208563357e+001 1.27700671917565e-003 4706 127
1.15420439489850e+003 1.73718074103198e+006 6.64412284684944e-004 9.12808618427076e-002 1.48105446104312e+000 5.71028295794885e+001 1.28420028321742e-003 4733 128
1.14863777364062e+003 1.73710235118222e+006 6.61237724680151e-004 8.03125095370342e-001 1.56849396053957e+000 5.71031997035053e+001 1.28426067898580e-003 4777 129
1.15250049335566e+003 1.73716247274398e+006 6.63438418885459e-004 1.91167943357646e-001 1.51211849375896e+000 5.71032983816300e+001 1.28567865687402e-003 4802 130
1.14950309328533e+003 1.73714878073292e+006 6.61718177657950e-004 2.10913418988617e-001 1.52467833414716e+000 5.71034952767261e+001 1.28682163895246e-003 4824 131
1.14863714108687e+003 1.73713701142541e+006 6.61224167196215e-004 3.08542130802332e-001 1.53685466795862e+000 5.71038841840515e+001 1.28731684808033e-003 4863 132
1.14876644738272e+003 1.73710879706088e+006 6.61309344505667e-004 4.90493484298227e-001 1.56245373195593e+000 5.71039106242684e+001 1.28749554721413e-003 4877 133
1.15012919779015e+003 1.73713794607641e+006 6.62082727703626e-004 4.63179418317209e-001 1.53704642124699e+000 5.71048014017841e+001 1.28769814511815e-003 4975 134
1.15154466643210e+003 1.73714335608355e+006 6.62895490878601e-004 8.29584643086032e-001 1.53292372554704e+000 5.71089857769903e+001 1.28775434373275e-003 5034 135
1.15364211521010e+003 1.73715924737193e+006 6.64096827830000e-004 5.44145023957030e-001 1.51892573549608e+000 5.71102290074211e+001 1.28789637171871e-003 5217 136
1.15002590717350e+003 1.73718866340281e+006 6.62003939699619e-004 4.64186529129917e-002 1.41652947950682e+000 5.71102311050034e+001 1.31949140137596e-003 5225 137
1.15218187582406e+003 1.73715220236199e+006 6.63258927631334e-004 2.53730887783441e-001 1.52295255455184e+000 5.71104138935107e+001 1.32025244947074e-003 5229 138
1.14982440286634e+003 1.73713335813304e+006 6.61909017843269e-004 5.58915982543413e-001 1.54126499359111e+000 5.71128291983109e+001 1.32038647234566e-003 5286 139
1.14903750303091e+003 1.73710937319686e+006 6.61465163436699e-004 3.28470717490158e-001 1.56111145893735e+000 5.71128341073933e+001 1.32081820776199e-003 5296 140
1.15328865511332e+003 1.73715415959134e+006 6.63895302155921e-004 6.51570177312540e-002 1.48479365016633e+000 5.71128671121079e+001 1.33592624176408e-003 5348 141
1.14865238569718e+003 1.73711336235979e+006 6.61241944926484e-004 6.05609302041688e-001 1.55871454283273e+000 5.71128694390283e+001 1.33603861824162e-003 5352 142
1.14959801974387e+003 1.73718946288206e+006 6.61757324975323e-004 9.34842982268746e-001 1.49294316492203e+000 5.71129833007046e+001 1.33608172924487e-003 5445 143
1.14874270552543e+003 1.73710428279734e+006 6.61297395583933e-004 1.48319956053346e-001 1.55957743263039e+000 5.71133635465269e+001 1.33856408641304e-003 5522 144
1.15525842346279e+003 1.73717106622917e+006 6.65022734729348e-004 8.84121219519639e-001 1.50914631778924e+000 5.71137579037678e+001 1.33861288181091e-003 5561 145
1.15283144986240e+003 1.73715867714757e+006 6.63630384368608e-004 4.47859126560259e-001 1.51911748878445e+000 5.71139670335599e+001 1.33883087320923e-003 5616 146
1.15319655898048e+003 1.73716465564088e+006 6.63838275685882e-004 9.66093935972167e-001 1.51461128650777e+000 5.71204616219222e+001 1.33887103400121e-003 5627 147
1.15175442565335e+003 1.73717509376961e+006 6.63004127231335e-004 9.60722678304392e-002 1.48776582613605e+000 5.71365000409388e+001 1.34530259289197e-003 5658 148
1.15474123109036e+003 1.73717339217056e+006 6.64724123807958e-004 3.96343882564776e-001 1.50627001846370e+000 5.71365023749257e+001 1.34558760754729e-003 5668 149
1.15300504508458e+003 1.73717814738485e+006 6.63722875808649e-004 1.97637867366558e-001 1.49888751686148e+000 5.71373951174320e+001 1.34690432482439e-003 5670 150
1.15384857704642e+003 1.73718121026140e+006 6.64207280477759e-004 1.58055360576189e-001 1.49390193136387e+000 5.71373997951380e+001 1.34905643838765e-003 5678 151
1.15152834678587e+003 1.73713940216374e+006 6.62887605153254e-004 1.87017426068911e-001 1.53186908246101e+000 5.71398148847974e+001 1.35054600865674e-003 5785 152
1.15457941970983e+003 1.73717042054189e+006 6.64632114414713e-004 4.23169652394177e-001 1.50895456450087e+000 5.71398311287876e+001 1.35079282151049e-003 5814 153
1.15365987682969e+003 1.73716591603900e+006 6.64104502958949e-004 2.64229255043184e-001 1.51135148060549e+000 5.71399147763464e+001 1.35148849416173e-003 5841 154
1.14872646291246e+003 1.73710562076594e+006 6.61287535849124e-004 5.87481307412946e-001 1.56542590792566e+000 5.71399169119988e+001 1.35160864796319e-003 5851 155
1.14947569610771e+003 1.73712440895035e+006 6.61711689971338e-004 6.13696707052828e-001 1.54912687841426e+000 5.71400770874024e+001 1.35171777450110e-003 5903 156
1.15279898696121e+003 1.73715932364528e+006 6.63611450053350e-004 5.05478072450942e-001 1.51873398220771e+000 5.71400854164555e+001 1.35188480537290e-003 5916 157
1.14921245995929e+003 1.73716547703200e+006 6.61544514616535e-004 3.34177678762169e-001 1.51240612369152e+000 5.71416839646630e+001 1.35229979721982e-003 5925 158
1.15190160072998e+003 1.73716676262706e+006 6.63092028171813e-004 7.36503189184240e-001 1.51259787697989e+000 5.71417954394037e+001 1.35237274475102e-003 5942 159
1.15601283626990e+003 1.73717895158126e+006 6.65453990551156e-004 3.54258857997375e-001 1.50128443296609e+000 5.71418117187097e+001 1.35273747772992e-003 5975 160
1.15233080863555e+003 1.73716100620177e+006 6.63341299686561e-004 8.57478560747093e-001 1.51767933912168e+000 5.71418632014357e+001 1.35278969648924e-003 6002 161
1.15097327480823e+003 1.73713927648831e+006 6.62568121026279e-004 8.57875301370281e-002 1.51422777993103e+000 5.71419754018562e+001 1.36105582761953e-003 6031 162
1.14878169262809e+003 1.73714100499156e+006 6.61305859376594e-004 9.56755272072512e-001 1.53493713507492e+000 5.71419897921536e+001 1.36109689429140e-003 6052 163
1.15128697758695e+003 1.73713296033889e+006 6.62751116528785e-004 2.50312814722129e-001 1.53953921399579e+000 5.71420491973028e+001 1.36188150769176e-003 6081 164
1.15302487983752e+003 1.73715918994402e+006 6.63741536866218e-004 1.21951963866085e-001 1.50837930463576e+000 5.71430600049890e+001 1.36569276971551e-003 6124 165
1.15047077068335e+003 1.73712931405046e+006 6.62282648258897e-004 7.20816675313578e-001 1.54500418271432e+000 5.71430687765378e+001 1.36576935963439e-003 6141 166
1.15432445238042e+003 1.73717753216989e+006 6.64482622594239e-004 1.18778038880581e-001 1.49198439848018e+000 5.71447926310117e+001 1.36980359278567e-003 6220 167
1.15043292671176e+003 1.73715008362587e+006 6.62252944849351e-004 1.73436689352092e-001 1.52180203482162e+000 5.71451363285181e+001 1.37156110799464e-003 6277 168
1.15010284502975e+003 1.73716946020448e+006 6.62055546876593e-004 8.56654560991241e-002 1.48795757942442e+000 5.71451368078563e+001 1.37983798034556e-003 6285 169
1.15177936811277e+003 1.73719514797752e+006 6.63010831388750e-004 5.67918942838832e-001 1.48786170278024e+000 5.71451380088891e+001 1.37996698501404e-003 6291 170
1.14968177656369e+003 1.73714903260497e+006 6.61820941743530e-004 6.21509445478683e-001 1.52774638676107e+000 5.74272458815572e+001 1.38007304293721e-003 6407 171
1.14988645332262e+003 1.73712856379990e+006 6.61946564770921e-004 5.07827997680593e-002 1.48172559755242e+000 5.74272751456809e+001 1.40620843645985e-003 6455 172
1.14983226813801e+003 1.73712221404676e+006 6.61917791916358e-004 1.74443800164800e-001 1.54605882580035e+000 5.74275222611081e+001 1.40794525966608e-003 6497 173
1.15066131913177e+003 1.73712961348589e+006 6.62392225605641e-004 1.98614459669790e-001 1.54088148701437e+000 5.74275372816560e+001 1.40925056598995e-003 6515 174
1.14907338156825e+003 1.73712051024521e+006 6.61481576664287e-004 9.60509048738060e-001 1.55277019089328e+000 5.74275383651387e+001 1.40929129997664e-003 6517 175
1.15092219247355e+003 1.73713781686275e+006 6.62539271725611e-004 1.91961424604022e-002 9.59389640034181e-001 5.74275387849720e+001 1.59195815224960e-003 6521 176
1.15267742689800e+003 1.73716738210851e+006 6.63538395667288e-004 5.27665028839991e-002 1.45267497436445e+000 5.74282694129458e+001 1.61590815433584e-003 6528 177
1.15070488466061e+003 1.73715914142171e+006 6.62406044972991e-004 7.09158604693747e-001 1.51911748878445e+000 5.74282833423647e+001 1.61598746198404e-003 6545 178
1.14897139064876e+003 1.73711405728261e+006 6.61425321083471e-004 8.44233527634510e-001 1.55833103625599e+000 5.74283622692732e+001 1.61604157219688e-003 6579 179
1.14986736126230e+003 1.73711972388927e+006 6.61938942668076e-004 6.45985290078433e-001 1.55324957411420e+000 5.74283890741838e+001 1.61613906533525e-003 6594 180
1.14919153016577e+003 1.73714048223600e+006 6.61541984815954e-004 9.91546372875149e-001 1.53541651829585e+000 5.74361965799347e+001 1.61617702917761e-003 6617 181
1.15001451755382e+003 1.73713033614719e+006 6.62019611089657e-004 6.60512100589007e-001 1.54404541627247e+000 5.74361984817133e+001 1.61626984832412e-003 6622 182
1.14946540906406e+003 1.73712721924875e+006 6.61704697595778e-004 9.09970397045808e-001 1.54692171559801e+000 5.74492690472506e+001 1.61631572024518e-003 6656 183
1.15493087643149e+003 1.73719344203627e+006 6.64825619489189e-004 2.32459486678671e-001 1.48699881298257e+000 5.74492785725969e+001 1.61723625478771e-003 6676 184
1.14902481569406e+003 1.73710817025992e+006 6.61458317788942e-004 4.17737357707450e-001 1.56274136188849e+000 5.74492798928026e+001 1.61749066193690e-003 6679 185
1.14912208961920e+003 1.73710960435865e+006 6.61513769261939e-004 9.66246528519547e-001 1.56226197866756e+000 5.74496176451775e+001 1.61753087076316e-003 6734 186
1.15136598543954e+003 1.73716878624770e+006 6.62782929306109e-004 6.89016388439588e-001 1.51077622074038e+000 5.75437430291497e+001 1.61761532918386e-003 6835 187
1.14903590370456e+003 1.73712772339583e+006 6.61457255359890e-004 7.09921567430647e-001 1.54634645573290e+000 6.70797901181836e+001 1.61769453153195e-003 6853 188
1.15553557871679e+003 1.73718571463496e+006 6.65176669688142e-004 7.92474135563219e-001 1.49649060075686e+000 6.70798774257159e+001 1.61775655605490e-003 6880 189
1.14968944817450e+003 1.73711837284931e+006 6.61837039017218e-004 8.55861079744865e-001 1.55459184713279e+000 6.70801101087072e+001 1.61780905933812e-003 6980 190
1.15214013881749e+003 1.73718084428389e+006 6.63223966393277e-004 2.71736808374279e-001 1.49850401028474e+000 6.70801404452528e+001 1.61846259338814e-003 6990 191
1.14997817322731e+003 1.73716027543426e+006 6.61987279760893e-004 9.70213934751427e-001 1.51825459898679e+000 6.70801562704604e+001 1.61850238783177e-003 6997 192
1.14869687372385e+003 1.73714311727465e+006 6.61256228617295e-004 3.54228339487899e-001 1.53196495910520e+000 6.70803417567114e+001 1.61886779739902e-003 7009 193
1.15039516803024e+003 1.73715804220735e+006 6.62228174934125e-004 3.47911008026368e-001 1.51902161214026e+000 6.70804145700661e+001 1.61924774033146e-003 7028 194
1.15065481058774e+003 1.73717047168112e+006 6.62372899532189e-004 6.54164250618000e-001 1.50924219443342e+000 6.72764302578082e+001 1.61934240685921e-003 7130 195
1.15621242501362e+003 1.73718738390454e+006 6.65565652272623e-004 3.76110110782189e-001 1.49418956129643e+000 6.72850697940023e+001 1.61966197397118e-003 7143 196
1.15330285709804e+003 1.73719917804480e+006 6.63886272936521e-004 7.24906155583361e-001 1.48469777352214e+000 6.72851786725174e+001 1.61973736142319e-003 7203 197
1.15510515454297e+003 1.73718225989293e+006 6.64930221183451e-004 8.31965086825159e-001 1.49946277672658e+000 6.72851805373732e+001 1.61979310483984e-003 7211 198
1.14864696904498e+003 1.73710297674350e+006 6.61242780083234e-004 2.86172063356426e-001 1.56619292107913e+000 6.72852127125359e+001 1.62037782245305e-003 7237 199
1.15091911560251e+003 1.73713629405102e+006 6.62538081290860e-004 8.82229071932127e-001 1.53905983077486e+000 6.72852269292187e+001 1.62042691696456e-003 7262 200
1.15045497034720e+003 1.73717517483804e+006 6.62256068829911e-004 7.06991790520951e-001 1.50521537537767e+000 6.72852418512268e+001 1.62050669521139e-003 7313 201
1.14886381642157e+003 1.73713797225798e+006 6.61354289220864e-004 6.24683370464187e-001 1.53733405117954e+000 6.72889677347437e+001 1.62061160973802e-003 7330 202
1.14879618859059e+003 1.73710606099807e+006 6.61327507229835e-004 9.30326242866299e-001 1.56533003128147e+000 6.72891590276920e+001 1.62065531428350e-003 7373 203
1.14899825009129e+003 1.73711389476930e+006 6.61440845063364e-004 4.16913357951598e-001 1.55775577639088e+000 6.72891639012935e+001 1.62091081550681e-003 7378 204
1.14993118609819e+003 1.73712639282285e+006 6.61973143047861e-004 6.84804834131901e-001 1.54749697546312e+000 6.72891639012935e+001 1.62099655201757e-003 7378 205
1.15164606110265e+003 1.73713591080868e+006 6.62956700863967e-004 9.55504013183996e-001 1.53944333735160e+000 6.72979493345722e+001 1.62103774333361e-003 7437 206
1.15151040311163e+003 1.73716808681875e+006 6.62866330088783e-004 5.85863826410718e-001 1.51125560396130e+000 6.72980535864765e+001 1.62115841567150e-003 7462 207
1.14933186337819e+003 1.73715971993551e+006 6.61615441854668e-004 5.56688131351665e-001 1.51835047563097e+000 6.72980535864765e+001 1.62129349435694e-003 7462 208
1.15643568526726e+003 1.73719681411107e+006 6.65690556793088e-004 9.63377788628803e-001 1.48709468962676e+000 6.72981659741906e+001 1.62133382684416e-003 7488 209
1.14945155666683e+003 1.73711267076632e+006 6.61702265056497e-004 9.17111728263192e-001 1.55957743263039e+000 6.73899663761548e+001 1.62137892662369e-003 7566 210
1.14951733032924e+003 1.73711371467452e+006 6.61739731157212e-004 3.22061830500198e-001 1.55727639316996e+000 6.73901382010295e+001 1.62182976890203e-003 7651 211
1.15029822121298e+003 1.73719040522911e+006 6.62160031296576e-004 9.35483870967742e-001 1.49217615176855e+000 6.73902098356603e+001 1.62187281236703e-003 7668 212
1.14873970641816e+003 1.73710450595209e+006 6.61295584134157e-004 4.91927854243599e-001 1.56619292107913e+000 6.73902333615868e+001 1.62205037148610e-003 7675 213
1.15555902510732e+003 1.73719015057838e+006 6.65188467875544e-004 2.03009125034333e-001 1.48891634586627e+000 6.73902468555326e+001 1.62329070650961e-003 7696 214
1.14886711896626e+003 1.73711701322474e+006 6.61364169894188e-004 4.23810541093173e-001 1.55507123035371e+000 6.73902512157586e+001 1.62353713966438e-003 7705 215
1.15309015859462e+003 1.73717012601724e+006 6.63774936015538e-004 7.03878902554399e-001 1.50972157765435e+000 6.73907681083506e+001 1.62361771919216e-003 7727 216
1.14969987487319e+003 1.73711567838552e+006 6.61844067904069e-004 7.85393841364788e-001 1.55689288659322e+000 6.73908293261381e+001 1.62368114941485e-003 7769 217
1.14981547743807e+003 1.73715886829004e+006 6.61894159776534e-004 4.79537339396344e-001 1.51892573549608e+000 6.73908331869303e+001 1.62386870795354e-003 7775 218
1.15124062479780e+003 1.73715688826349e+006 6.62715304551575e-004 5.34287545396283e-001 1.52084326837977e+000 6.73908332840116e+001 1.62401657912328e-003 7778 219
1.15262493864435e+003 1.73715142771908e+006 6.63514274636146e-004 6.60359508041627e-001 1.52582885387738e+000 6.85212806285543e+001 1.62410938479127e-003 7820 220
1.14927567510394e+003 1.73710957828685e+006 6.61602193542304e-004 1.93151646473586e-001 1.55804340632344e+000 6.85223372726681e+001 1.62549779841137e-003 7854 221
1.15340427051722e+003 1.73717772944874e+006 6.63952848046733e-004 4.11389507736442e-002 1.40444902233955e+000 6.85247186107022e+001 1.66662573661315e-003 7882 222
1.14933511210517e+003 1.73718363321832e+006 6.61608204469537e-004 8.48475600451674e-001 1.49792875041963e+000 6.85276284503238e+001 1.66667911557244e-003 8044 223
1.14898976937843e+003 1.73711778929834e+006 6.61434480089696e-004 5.56901760917997e-001 1.55478360042116e+000 6.85276707609931e+001 1.66681424878872e-003 8083 224
1.15222388618448e+003 1.73718103112133e+006 6.63272103814545e-004 7.96655171361431e-001 1.50032566652425e+000 6.85276875460250e+001 1.66687557647603e-003 8103 225
1.14863690110903e+003 1.73713716409311e+006 6.61223970939243e-004 3.68327890865810e-001 1.53723817453536e+000 6.85283480730100e+001 1.66721098181759e-003 8140 226
1.14935498500692e+003 1.73715035941697e+006 6.61632317008995e-004 8.63032929471725e-001 1.52678762031922e+000 6.86061378875138e+001 1.66726248686465e-003 8211 227
1.14883663442629e+003 1.73719411742161e+006 6.61317267556611e-004 3.87554551835688e-001 1.48795757942442e+000 6.86090159837556e+001 1.66756151125538e-003 8241 228
1.14999703767311e+003 1.73712362843125e+006 6.62012104868087e-004 9.93682668538469e-001 1.55008564485611e+000 6.86090538756813e+001 1.66759931132269e-003 8253 229
1.15005634468768e+003 1.73716770209555e+006 6.62029449018449e-004 6.80166020691549e-001 1.51163911053804e+000 6.86090679248877e+001 1.66768621086263e-003 8272 230
1.15443756411967e+003 1.73717012817061e+006 6.64550567302011e-004 7.34641560106204e-001 1.50981745429853e+000 6.86090736316557e+001 1.66775955352355e-003 8277 231
1.14873420946091e+003 1.73714221255583e+006 6.61278065615576e-004 9.47996459852901e-001 1.53388249198889e+000 6.86091848828407e+001 1.66780145795586e-003 8310 232
1.15473078462223e+003 1.73717740544007e+006 6.64716574676968e-004 2.53456221198157e-001 1.50128443296609e+000 7.12597343520411e+001 1.66856335118052e-003 8392 233
1.14866291052988e+003 1.73710382678812e+006 6.61251633550710e-004 8.70845667897580e-001 1.56724756416517e+000 7.12602527051710e+001 1.66861389375144e-003 8432 234
1.14956322814227e+003 1.73719002320428e+006 6.61737084021186e-004 7.71355327005829e-001 1.49236790505692e+000 7.13125329820565e+001 1.66867969494686e-003 8492 235
1.15045192153594e+003 1.73716286497524e+006 6.62259006648319e-004 4.46272164067507e-001 1.51537829966124e+000 7.13130596824076e+001 1.66889935136728e-003 8577 236
1.14880117610322e+003 1.73719339607369e+006 6.61297130899433e-004 5.90838343455306e-001 1.48920397579882e+000 7.13144040486468e+001 1.66901761532067e-003 8616 237
