2.66851556465564e+003 1.73710604498562e+006 1.53618339723767e-003 2.90261543626209e-001 1.56398775826289e+000 3.13823160680174e-003 5.66739818843362e-007 21 1
2.66996866956376e+003 1.73719496504527e+006 1.53694123052613e-003 8.76857814264351e-001 1.53474538178655e+000 1.60875164472902e-001 6.16491094962273e-007 144 2
2.66993363721853e+003 1.73716860424728e+006 1.53694438662221e-003 9.90539262062441e-001 1.54471655278176e+000 2.15454912244672e-001 6.54550785823061e-007 315 3
2.66822691561238e+003 1.73709861811885e+006 1.53602379815228e-003 1.31076998199408e-001 1.54903100177007e+000 1.85188878190060e+000 3.91193918889239e-006 381 4
2.67343325971697e+003 1.73715785837139e+006 1.53896845714140e-003 2.76497695852535e-001 1.54414129291665e+000 1.85189134854425e+000 4.54239559024530e-006 388 5
2.66836201424442e+003 1.73711807008069e+006 1.53608436955833e-003 5.26841029084140e-001 1.56264548524430e+000 1.85189599063967e+000 4.69508930865784e-006 390 6
2.67048855598427e+003 1.73717616373717e+006 1.53725713495985e-003 8.11792352061525e-002 1.48393076036866e+000 1.85270359397638e+000 1.40085527820514e-005 662 7
2.66894160844648e+003 1.73715199945894e+006 1.53638801283697e-003 4.87105929746391e-001 1.54970213827937e+000 1.85383744657687e+000 1.41899633354822e-005 751 8
2.67010208106109e+003 1.73715460982867e+006 1.53705373328186e-003 3.25418866542558e-001 1.54672996230964e+000 1.85417490262608e+000 1.46305495567903e-005 847 9
2.67221879545283e+003 1.73714881955503e+006 1.53827735287663e-003 7.30826746421705e-001 1.55181142445143e+000 1.85418369066132e+000 1.47048618513653e-005 866 10
2.67090826748157e+003 1.73716742600930e+006 1.53750647340136e-003 2.80465102084414e-002 7.95344701834162e-001 1.85419381934979e+000 8.38814777516653e-005 878 11
2.66912563663385e+003 1.73714100294819e+006 1.53650367566071e-003 4.87533188879055e-001 1.55382483397931e+000 1.85549544105922e+000 8.40625529367139e-005 899 12
2.67139068946516e+003 1.73713407350310e+006 1.53781370383592e-003 7.56370738853114e-001 1.55737226981414e+000 1.85550672485932e+000 8.41314618149021e-005 909 13
2.67046122416266e+003 1.73713212029866e+006 1.53728037684567e-003 9.60722678304392e-002 1.51719995590075e+000 1.85551876632752e+000 9.05759870876052e-005 926 14
2.67127942371045e+003 1.73715928296263e+006 1.53772733703911e-003 4.30341502121036e-001 1.54653820902127e+000 1.85558740963438e+000 9.08142265997584e-005 961 15
2.66912333408908e+003 1.73713115747906e+006 1.53651105854388e-003 4.33332316049684e-001 1.55708463988159e+000 1.86017346476755e+000 9.10489106071925e-005 1107 16
2.66927501669919e+003 1.73711472448156e+006 1.53661291232021e-003 1.05014191106906e-001 1.53052680944243e+000 1.86049070670009e+000 9.63508271183722e-005 1240 17
2.67112069537682e+003 1.73714103477874e+006 1.53765211731388e-003 7.66838587603381e-001 1.55478360042116e+000 1.86055189225287e+000 9.64176809502660e-005 1304 18
2.67460368567281e+003 1.73716834422137e+006 1.53963292113509e-003 5.43382061220130e-001 1.54394953962828e+000 1.89810900377583e+000 9.65602884986016e-005 1432 19
2.66982650890226e+003 1.73713046577417e+006 1.53691646042765e-003 6.66188543351543e-001 1.55852278954436e+000 1.89917249743590e+000 9.66514023136070e-005 1509 20
2.67081637639562e+003 1.73716080311001e+006 1.53745943795472e-003 4.90524002807703e-001 1.54644233237709e+000 1.89917475343133e+000 9.68300302200237e-005 1510 21
2.66889741540172e+003 1.73711594394515e+006 1.53639446158992e-003 7.71660512100589e-001 1.56417951155126e+000 1.89926709959896e+000 9.68959754486405e-005 1516 22
2.66840729392486e+003 1.73710329813004e+006 1.53612349820455e-003 5.99108859523301e-001 1.56849396053957e+000 1.91964952351477e+000 9.70110599687765e-005 1662 23
2.66976988099992e+003 1.73716001220498e+006 1.53685772197395e-003 4.02935880611591e-001 1.54596294915616e+000 1.91965018823291e+000 9.72864052854655e-005 1667 24
2.67135030858289e+003 1.73714784939214e+006 1.53777826326916e-003 8.75850703451643e-001 1.55238668431654e+000 1.91969746399254e+000 9.73363064766830e-005 1677 25
2.67057551854289e+003 1.73718747905298e+006 1.53729718120205e-003 3.81298257393109e-001 1.53541651829585e+000 1.91984544590920e+000 9.76471030506961e-005 1759 26
2.66925194833083e+003 1.73711722599856e+006 1.53659741988783e-003 5.21134067812128e-001 1.56293311517685e+000 1.92064815497621e+000 9.78035000603965e-005 1863 27
2.67487946852591e+003 1.73716842363694e+006 1.53979160461386e-003 6.57032990508744e-001 1.54433304620502e+000 1.92396853328501e+000 9.78974046499602e-005 2056 28
2.67396723180779e+003 1.73719466379637e+006 1.53924322688208e-003 2.62825403607288e-001 1.52985567293313e+000 1.92418256669399e+000 9.86019330040254e-005 2125 29
2.66881199070927e+003 1.73719549677232e+006 1.53627493052853e-003 7.08273567918943e-001 1.53426599856563e+000 1.92828182403427e+000 9.86815120225244e-005 2262 30
2.66938406205825e+003 1.73714177579229e+006 1.53665175645752e-003 8.30011902218695e-001 1.55459184713279e+000 1.92846829118235e+000 9.87376799200987e-005 2303 31
2.66885610391734e+003 1.73717796527290e+006 1.53631582804510e-003 9.51841792046877e-001 1.54116911694693e+000 1.92871260693721e+000 9.87792228926432e-005 2380 32
2.66951149676404e+003 1.73716928196900e+006 1.53670078280028e-003 8.61384929960021e-001 1.54433304620502e+000 1.92875472180356e+000 9.88309769752372e-005 2412 33
2.67070519923127e+003 1.73713594796686e+006 1.53741743595284e-003 9.28708761864070e-001 1.55689288659322e+000 1.95279951747298e+000 9.88748455700027e-005 2782 34
2.67427651297107e+003 1.73718526035671e+006 1.53942959421766e-003 4.51826532792138e-001 1.53704642124699e+000 1.95374254441853e+000 9.90888119294177e-005 2992 35
2.67109155731627e+003 1.73714739124427e+006 1.53762971736720e-003 1.12521744438002e-001 1.52276080126347e+000 1.95385896549600e+000 1.03641933531680e-004 3029 36
2.66876316572165e+003 1.73712511338307e+006 1.53630906922899e-003 3.71898556474502e-001 1.55861866618854e+000 2.16925806950576e+000 1.03970455645014e-004 3104 37
2.67438255475033e+003 1.73717923467771e+006 1.53949597632698e-003 8.86623737296670e-001 1.54068973372600e+000 2.16926122168759e+000 1.04019018841122e-004 3118 38
2.66844724686837e+003 1.73715827877030e+006 1.53609787931196e-003 2.79091769157994e-001 1.54404541627247e+000 2.16981844073628e+000 1.04636653729250e-004 3154 39
2.66882271264341e+003 1.73710868580846e+006 1.53635787709810e-003 8.11120944853053e-001 1.56695993423261e+000 2.18144433748847e+000 1.04695747151722e-004 3169 40
2.67173264962374e+003 1.73716698692585e+006 1.53798141639277e-003 9.40885647144993e-002 1.50233907605213e+000 2.18205161701655e+000 1.11436853908365e-004 3328 41
2.67028242480437e+003 1.73712805432485e+006 1.53718104714834e-003 6.50593585009308e-001 1.55938567934202e+000 2.18207570997761e+000 1.11532842785604e-004 3347 42
2.66821908476741e+003 1.73710107910443e+006 1.53601711405479e-003 2.06305124057741e-001 1.56139908886990e+000 2.18241949640990e+000 1.12733971323998e-004 3415 43
2.66876384119811e+003 1.73716315161625e+006 1.53627581793895e-003 2.06946012756737e-001 1.53819694097720e+000 2.18251723537222e+000 1.13926350403806e-004 3462 44
2.66817960372772e+003 1.73709905671414e+006 1.53599617424414e-003 1.93426313058870e-001 1.56091970564898e+000 2.18586088920819e+000 1.15310475342736e-004 3606 45
2.66845301333745e+003 1.73710437934072e+006 1.53614886135181e-003 9.02951139866329e-001 1.56868571382794e+000 2.18619117642355e+000 1.15357148628490e-004 3647 46
2.66901875648493e+003 1.73711833864728e+006 1.53646219537227e-003 1.23172704245125e-001 1.53867632419813e+000 2.23361375697157e+000 1.19091152622803e-004 3938 47
2.66849265659849e+003 1.73710432247755e+006 1.53617173304532e-003 2.57698294015320e-001 1.56341249839778e+000 2.23470078952472e+000 1.19827484258060e-004 4011 48
2.66881926831095e+003 1.73713362168583e+006 1.53633384055010e-003 9.29319132053591e-001 1.55775577639088e+000 2.23471445526816e+000 1.19871289999389e-004 4035 49
2.67246652142436e+003 1.73715906691090e+006 1.53841088246474e-003 2.13751640369884e-001 1.54030622714927e+000 2.23805683888490e+000 1.20981814103176e-004 4161 50
2.66862276916034e+003 1.73715318495805e+006 1.53620342352144e-003 8.04223761711478e-001 1.55027739814447e+000 2.23806358473616e+000 1.21042015987071e-004 4172 51
2.67425394277312e+003 1.73717132383763e+006 1.53942895185819e-003 5.36423841059603e-001 1.54279901989807e+000 2.23807871244224e+000 1.21188720239971e-004 4204 52
2.67122143389798e+003 1.73716973676563e+006 1.53768470174154e-003 3.21024201178014e-001 1.54097736365856e+000 2.25129694101525e+000 1.21642614282116e-004 4401 53
2.66947081841142e+003 1.73717026692249e+006 1.53667649512176e-003 7.81884212775048e-001 1.54385366298410e+000 2.25135160289975e+000 1.21706655512814e-004 4425 54
2.67001979331990e+003 1.73715876100191e+006 1.53700269124986e-003 4.12213507492294e-001 1.54653820902127e+000 2.25622623537496e+000 1.21968554620709e-004 4523 55
2.66926943749820e+003 1.73712943446814e+006 1.53659668859676e-003 4.70961638233589e-001 1.55804340632344e+000 2.37046914242326e+000 1.22163955810440e-004 4780 56
2.66844624892226e+003 1.73711860128131e+006 1.53613239075350e-003 5.10666219061861e-001 1.56235785531175e+000 2.37048889729188e+000 1.22327491876323e-004 4812 57
2.67486344827666e+003 1.73718975841660e+006 1.53976347223873e-003 8.81405072176275e-001 1.53675879131443e+000 2.37575386499577e+000 1.22376683693872e-004 4890 58
2.66907508110949e+003 1.73718644166557e+006 1.53643438427753e-003 2.73628955961791e-001 1.53330723212378e+000 2.39331912673791e+000 1.23021548862409e-004 4993 59
2.67172542217286e+003 1.73719361952810e+006 1.53795367750635e-003 9.23673207800531e-001 1.53532064165166e+000 2.39332726134109e+000 1.23065921678270e-004 5001 60
2.67202168159979e+003 1.73717961674978e+006 1.53813661444245e-003 4.80330820642720e-001 1.53934746070742e+000 2.39339141032214e+000 1.23252958405398e-004 5041 61
2.66964653969226e+003 1.73715494945061e+006 1.53679119924062e-003 7.92352061525315e-001 1.54960626163518e+000 2.39341026903950e+000 1.23315161667543e-004 5045 62
2.67409448147414e+003 1.73717556082591e+006 1.53933340397174e-003 3.14798425244911e-001 1.53867632419813e+000 2.39346337588879e+000 1.23789005261622e-004 5070 63
2.67194521899062e+003 1.73713993213664e+006 1.53812773653471e-003 5.98803674428541e-001 1.55478360042116e+000 2.39347787700124e+000 1.23904204394300e-004 5080 64
2.66833543424036e+003 1.73710356831925e+006 1.53608189184349e-003 7.71813104647969e-002 1.50502362208930e+000 2.39371431591216e+000 1.34328912436062e-004 5121 65
2.67066144870410e+003 1.73713325219493e+006 1.53739463637573e-003 8.80245368816187e-001 1.55785165303507e+000 2.53791174705316e+000 1.34378271402812e-004 5503 66
2.66989998242854e+003 1.73711857899628e+006 1.53696927334995e-003 7.87835322122868e-001 1.56322074510941e+000 2.53808082837376e+000 1.34441274260153e-004 5509 67
2.67315239096997e+003 1.73715991838852e+006 1.53880494981245e-003 9.79949339274270e-002 1.50837930463576e+000 2.59090918450489e+000 1.40607738115884e-004 5567 68
2.67122279159617e+003 1.73716488768532e+006 1.53768977554881e-003 2.56599627674184e-001 1.54068973372600e+000 9.08660575129072e+000 1.41350706943800e-004 5810 69
2.67245611462609e+003 1.73719788321693e+006 1.53837051739885e-003 8.79757072664571e-001 1.53369073870052e+000 9.08671961640359e+000 1.41400096322718e-004 5854 70
2.67036651907668e+003 1.73717446146458e+006 1.53718839126410e-003 7.71507919553209e-002 1.47827403836177e+000 9.08684153728238e+000 1.51811764537039e-004 5863 71
2.66849839891908e+003 1.73710425775296e+006 1.53617509596089e-003 3.81908627582629e-001 1.56657642765587e+000 9.13808990865752e+000 1.52121660554242e-004 6242 72
2.66925832795560e+003 1.73712509463513e+006 1.53659413210049e-003 6.03625598925749e-001 1.56034444578387e+000 9.14984662214756e+000 1.52234853182476e-004 6328 73
2.67133820752730e+003 1.73713429410772e+006 1.53778329682467e-003 7.01467940305796e-001 1.55718051652577e+000 9.16550156372006e+000 1.52316187385780e-004 6452 74
2.66837497099461e+003 1.73711780708568e+006 1.53609206086254e-003 7.03451643421735e-002 1.48642355311747e+000 9.16704961206334e+000 1.65082565108322e-004 6536 75
2.67028826983593e+003 1.73716728924710e+006 1.53714969376835e-003 4.95986816003906e-001 1.54404541627247e+000 9.20167081337572e+000 1.65256882609376e-004 6962 76
2.67220573125623e+003 1.73717928370620e+006 1.53824285649151e-003 8.41395306253242e-001 1.54059385708182e+000 9.24958281689952e+000 1.65311374565476e-004 7214 77
2.66847159209582e+003 1.73710566849167e+006 1.53615841655054e-003 4.48377941221351e-001 1.56676818094424e+000 9.25567948612416e+000 1.65529100341061e-004 7283 78
2.66843985434400e+003 1.73713310833579e+006 1.53611588120437e-003 9.30509353923154e-001 1.55794752967925e+000 9.25568833856835e+000 1.65572783014428e-004 7288 79
2.67159952684601e+003 1.73713773295314e+006 1.53793068324379e-003 5.21225623340556e-001 1.55526298364208e+000 9.25580482405273e+000 1.65729105564776e-004 7315 80
2.66915687525605e+003 1.73717881691047e+006 1.53648821228304e-003 3.76873073519089e-001 1.53858044755394e+000 9.29445967886762e+000 1.66048021371817e-004 7566 81
2.67548428675589e+003 1.73718403338753e+006 1.54012592789775e-003 4.77889339884640e-001 1.53771755775628e+000 9.29456816122816e+000 1.66237156802627e-004 7593 82
2.67003530020153e+003 1.73717874382075e+006 1.53699393754330e-003 4.64644306772057e-001 1.53953921399579e+000 9.29497282216877e+000 1.66438368461307e-004 7631 83
2.67315797228473e+003 1.73715777288345e+006 1.53881006322833e-003 3.30423902096622e-001 1.54567531922361e+000 9.29528297127153e+000 1.66864394793951e-004 7645 84
2.67246696315595e+003 1.73714462865816e+006 1.53842392321003e-003 7.13492233039338e-001 1.55334545075838e+000 9.29843990032495e+000 1.66942739239797e-004 7868 85
2.67120538450622e+003 1.73718649163820e+006 1.53766063234852e-003 2.84737693411054e-002 8.76648096102786e-001 9.29914214358346e+000 2.38962475420846e-004 8015 86
2.67112592213698e+003 1.73715536862626e+006 1.53764243845109e-003 8.26899014252144e-001 1.54951038499100e+000 9.30480161348235e+000 2.39019104155325e-004 8176 87
2.66919539551732e+003 1.73711186675295e+006 1.53656960493193e-003 9.27304910428175e-001 1.56590529114658e+000 9.31157902488339e+000 2.39063122719141e-004 8240 88
2.66936158787873e+003 1.73711485857332e+006 1.53666262977436e-003 3.84899441511277e-001 1.56264548524430e+000 9.31311447427299e+000 2.39367738395681e-004 8310 89
2.66937861273897e+003 1.73712136161610e+006 1.53666667776611e-003 8.48323007904294e-001 1.56226197866756e+000 9.34782526389460e+000 2.39421278613941e-004 8457 90
2.67230214929052e+003 1.73719169492513e+006 1.53828736877397e-003 9.68016602069155e-001 1.53608765480514e+000 9.35196242131755e+000 2.39461303202269e-004 8582 91
2.66847200326398e+003 1.73717573752079e+006 1.53609669234499e-003 1.55095065157018e-001 1.52649999038667e+000 9.37235495226837e+000 2.41709264972646e-004 8763 92
2.67218690547238e+003 1.73714913402665e+006 1.53825871679745e-003 6.24347666859950e-001 1.55142791787469e+000 9.37651735190732e+000 2.41814342766226e-004 8924 93
2.66925223861107e+003 1.73716725619580e+006 1.53655333324554e-003 6.95028534806360e-001 1.54481242942595e+000 9.37655925760480e+000 2.41897323691067e-004 8980 94
