7.76667108944373e+002 1.73714483270232e+006 4.47094014599842e-004 1.77007354960784e-002 1.10445100268563e+000 6.25922773679897e-006 2.38180949411218e-004 5 1
7.79541821043384e+002 1.73719472938435e+006 4.48735973885764e-004 6.52027954954680e-001 1.44960692175054e+000 6.25922773679897e-006 2.38275779895457e-004 5 2
7.75514595008258e+002 1.73718599022959e+006 4.46419984879179e-004 9.76378673665578e-001 1.46024922925504e+000 7.51579307419275e-006 2.38314838017883e-004 14 3
7.74508286593785e+002 1.73710461420728e+006 4.45861595747970e-004 7.85821100497452e-001 1.56465889477218e+000 3.35792992803037e-002 2.38378197322989e-004 140 4
7.80581964683072e+002 1.73717501371641e+006 4.49339822404157e-004 3.15195165868099e-001 1.47386371272927e+000 4.73537245474838e-002 2.38848754265027e-004 166 5
7.78696610213364e+002 1.73717424108528e+006 4.48254722895143e-004 5.61845759453108e-002 1.44021101062044e+000 4.74631757211642e-002 2.59677330177985e-004 173 6
7.74583927297139e+002 1.73710492838076e+006 4.45905059219412e-004 4.37635425885800e-002 1.50627001846370e+000 4.74760450904514e-002 2.96000062318252e-004 186 7
7.74443511751333e+002 1.73710674802452e+006 4.45823759145997e-004 3.38114566484573e-001 1.56111145893735e+000 4.75247485818544e-002 2.96405169355728e-004 213 8
7.75629546329332e+002 1.73712904428812e+006 4.46500792405582e-004 6.64113284707175e-001 1.53311547883541e+000 4.75262446947329e-002 2.96496852507936e-004 217 9
7.75559693759804e+002 1.73717492700927e+006 4.46448788878000e-004 6.84011352885525e-001 1.47424721930601e+000 4.75264688879117e-002 2.96582430890071e-004 220 10
7.76552149352469e+002 1.73713508827138e+006 4.47030344886701e-004 7.51945554979095e-001 1.52544534730064e+000 5.55234925984215e-002 2.96652169592093e-004 317 11
7.74586377551307e+002 1.73711045667898e+006 4.45905050675260e-004 3.54533524582659e-001 1.55641350337230e+000 5.00666627439067e-001 2.97017124908528e-004 330 12
7.77502937181419e+002 1.73714909516999e+006 4.47574066858213e-004 9.51872310556352e-001 1.50761229148228e+000 5.00735343604588e-001 2.97058600261529e-004 341 13
7.74877253654873e+002 1.73710952645429e+006 4.46072737762980e-004 6.44428846095157e-001 1.55823515961180e+000 5.00735551914333e-001 2.97156619538043e-004 342 14
7.79030413885406e+002 1.73719796971342e+006 4.48440750706810e-004 3.56059450056459e-001 1.44481308954131e+000 5.00746432737001e-001 2.97515314675619e-004 360 15
7.78370286518483e+002 1.73718846555772e+006 4.48063206648038e-004 8.39838862269967e-001 1.45746880657369e+000 5.00795371847819e-001 2.97569702880793e-004 372 16
7.74601605398907e+002 1.73710671233350e+006 4.45914778037887e-004 1.20639667958617e-001 1.55449597048860e+000 5.00795381608692e-001 3.01479864445881e-004 373 17
7.74483957005428e+002 1.73717566980349e+006 4.45829353446972e-004 2.18909268471328e-001 1.47108329004791e+000 5.00878526386015e-001 3.02528892131814e-004 397 18
7.74576392074900e+002 1.73710546678046e+006 4.45900583212625e-004 5.13077181310465e-001 1.56331662175359e+000 5.01096851699256e-001 3.02690743585875e-004 423 19
7.75793150116225e+002 1.73716041579999e+006 4.46586907855752e-004 7.08944975127415e-002 1.47089153675954e+000 5.01247434280065e-001 3.15222506702690e-004 453 20
7.79613474846251e+002 1.73716848301891e+006 4.48784001164654e-004 7.35068819238868e-001 1.48297199392682e+000 5.01270540607407e-001 3.15295609173109e-004 463 21
7.77894231952003e+002 1.73719675117413e+006 4.47787033583588e-004 2.93588061159093e-002 1.31384559358501e+000 5.01323011454630e-001 4.00020063061541e-004 525 22
7.79779693585833e+002 1.73719006668062e+006 4.48874107773216e-004 8.46705526902066e-001 1.45564715033418e+000 5.01911393462052e-001 4.00073474443296e-004 555 23
7.75426519663431e+002 1.73712830325454e+006 4.46384108017321e-004 3.93749809259316e-001 1.53359486205634e+000 5.02629952702244e-001 4.00363038945375e-004 673 24
7.77223224513307e+002 1.73713670891931e+006 4.47416238837630e-004 2.90719321268349e-001 1.52228141804254e+000 5.02736995727453e-001 4.00927165864413e-004 705 25
7.75438934073004e+002 1.73713987328121e+006 4.46388281389805e-004 9.96276741843928e-001 1.51930924207282e+000 5.03194677770288e-001 4.00964707986533e-004 714 26
7.74941498048026e+002 1.73711744261429e+006 4.46107688305863e-004 3.98785363322855e-001 1.54759285210730e+000 5.03200273662957e-001 4.01246408416415e-004 726 27
7.75431408009199e+002 1.73712033436063e+006 4.46388969817480e-004 3.91582995086520e-001 1.54385366298410e+000 5.21906910887311e-001 4.01539606167109e-004 805 28
7.75039543712892e+002 1.73713295806061e+006 4.46160144904511e-004 3.64055299539171e-001 1.52745875682852e+000 5.21907031392405e-001 4.01883603080991e-004 806 29
7.77985136057544e+002 1.73714249364844e+006 4.47853349329684e-004 4.11084322641682e-001 1.51557005294961e+000 7.24795013226106e-001 4.02146763190909e-004 823 30
7.81391769258369e+002 1.73719578705265e+006 4.49800605311665e-004 5.55436872463149e-001 1.44845640202033e+000 7.27093820990330e-001 4.02281683132482e-004 855 31
7.77963199656597e+002 1.73717812035318e+006 4.47831536981822e-004 9.05484176152837e-002 1.45708529999695e+000 7.27105237000552e-001 4.09585989195569e-004 883 32
7.75281896844246e+002 1.73715574815057e+006 4.46293803072386e-004 3.53007599108860e-001 1.49812050370800e+000 7.27110278847347e-001 4.09953489616389e-004 888 33
7.76986674764700e+002 1.73716798410859e+006 4.47272014025032e-004 8.19483016449477e-001 1.48335550050356e+000 7.27112298684824e-001 4.10011044261789e-004 897 34
7.79819818475883e+002 1.73716992895786e+006 4.48902409082297e-004 2.86538285470138e-001 1.47999981795709e+000 7.27205398239509e-001 4.10591723393543e-004 971 35
7.75676860857994e+002 1.73713120528165e+006 4.46527474117299e-004 1.64983062227241e-001 1.52649999038667e+000 7.27208144589920e-001 4.12553899051771e-004 980 36
7.75623884475139e+002 1.73716623280600e+006 4.46487974660717e-004 6.79250465407269e-001 1.48536891003143e+000 7.27289455981324e-001 4.12640890823969e-004 1010 37
7.76058578788675e+002 1.73716522937800e+006 4.46738464503566e-004 5.17593920712912e-002 1.44519659611805e+000 7.27523294566713e-001 4.37605221221739e-004 1018 38
7.76558860676040e+002 1.73716992793872e+006 4.47025242873328e-004 9.35178685872982e-001 1.48086270775475e+000 7.27826161728299e-001 4.37648254447582e-004 1056 39
7.74832841509258e+002 1.73712684097115e+006 4.46042725176412e-004 6.37714774010437e-001 1.53589590151677e+000 7.29673236587471e-001 4.37748505258487e-004 1079 40
7.76140790550551e+002 1.73716876761547e+006 4.46784879728386e-004 2.18634601886044e-001 1.48009569460128e+000 7.29673451519269e-001 4.38801340185706e-004 1082 41
7.82326331399885e+002 1.73718949331278e+006 4.50340208436962e-004 7.57042146061586e-001 1.45670179342021e+000 7.29810507295260e-001 4.38869673688661e-004 1111 42
7.74469292660501e+002 1.73710214207717e+006 4.45839782581730e-004 2.51472518082217e-002 1.38843762276070e+000 7.30187155499853e-001 5.59982455673808e-004 1143 43
7.75484937855243e+002 1.73719140709426e+006 4.46401520970542e-004 5.21927549058504e-001 1.45305848094119e+000 7.30618516776171e-001 5.60137255721259e-004 1181 44
7.75658841988232e+002 1.73718926289881e+006 4.46502178552328e-004 5.40147099215674e-001 1.45583890362255e+000 7.30704279142658e-001 5.60280847045118e-004 1212 45
7.74519879438159e+002 1.73711216387664e+006 4.45866331616534e-004 9.73570970793786e-001 1.55497535370952e+000 7.30705000573045e-001 5.60320389860260e-004 1221 46
7.76048362015054e+002 1.73718446411892e+006 4.46727636828409e-004 5.19119846186712e-002 1.42084392849513e+000 7.32671765745640e-001 5.85039952443469e-004 1266 47
7.77403390776986e+002 1.73713754943140e+006 4.47519736783983e-004 8.46949674977874e-001 1.52237729468673e+000 7.32686906809397e-001 5.85093622824968e-004 1278 48
7.77355686373867e+002 1.73718536430947e+006 4.47479958362072e-004 2.39844965971862e-001 1.45948221610157e+000 7.35875741475852e-001 5.85950635308219e-004 1334 49
7.78382682692340e+002 1.73716962406378e+006 4.48075202224141e-004 5.72679830317087e-001 1.48124621433149e+000 7.35937402972459e-001 5.86077219903468e-004 1366 50
7.74479482833200e+002 1.73710036070478e+006 4.45846105979904e-004 4.02386547441023e-001 1.56964448026978e+000 7.36116646409301e-001 5.86353477869396e-004 1421 51
7.75318420281680e+002 1.73712714856396e+006 4.46322175921648e-004 9.56144901882992e-002 1.52362369106113e+000 7.36267371351196e-001 5.92868188595073e-004 1480 52
7.75105420938980e+002 1.73717401274024e+006 4.46187522848944e-004 2.29163487655263e-001 1.47348020615253e+000 7.36311788009029e-001 5.93816936941833e-004 1502 53
7.80701878734297e+002 1.73716839938218e+006 4.49410561723628e-004 1.08920560319834e-001 1.47395958937345e+000 7.36322272473379e-001 5.98690533001793e-004 1510 54
7.77268973672351e+002 1.73715232974575e+006 4.47438551296210e-004 4.11542100283822e-001 1.50291433591723e+000 7.36322425935726e-001 5.98952844860635e-004 1512 55
7.74591312723040e+002 1.73711956754404e+006 4.45905552995629e-004 1.83050019837031e-001 1.54222376003296e+000 7.36323051251830e-001 6.00514912647979e-004 1515 56
7.74998179873420e+002 1.73717504042391e+006 4.46125525881870e-004 2.30719931638539e-002 1.25373093768120e+000 7.36323609574434e-001 7.41943646734883e-004 1521 57
7.75070801294261e+002 1.73712615098850e+006 4.46179887062560e-004 2.52174443800165e-001 1.53532064165166e+000 8.74895364251192e-001 7.42715464897917e-004 1576 58
7.82469849317941e+002 1.73718915169182e+006 4.50422912001189e-004 8.17102572710349e-001 1.45718117664113e+000 8.76442371588159e-001 7.42773236331935e-004 1601 59
7.78157827632964e+002 1.73717665570093e+006 4.47943951487313e-004 7.91039765617847e-001 1.47242556306650e+000 8.76460280940376e-001 7.42835378973371e-004 1623 60
7.76354526949452e+002 1.73714647014519e+006 4.46913653283940e-004 3.94940031128880e-001 1.51029683751946e+000 8.76505482456272e-001 7.43122699640426e-004 1653 61
7.77125932640399e+002 1.73713434098645e+006 4.47360841624133e-004 4.63515121921445e-001 1.52611648380993e+000 8.76505482456272e-001 7.43324888147512e-004 1653 62
7.76937269835138e+002 1.73715844833197e+006 4.47246029156306e-004 4.12121951963866e-001 1.49505245109409e+000 8.76506163438236e-001 7.43586240884492e-004 1655 63
7.77857972197978e+002 1.73714768717724e+006 4.47778807726815e-004 5.85924863429670e-001 1.50924219443342e+000 8.76506779670604e-001 7.43706870844085e-004 1656 64
7.74934721250492e+002 1.73715010987382e+006 4.46095398112999e-004 3.32163457136753e-001 1.50521537537767e+000 8.77164069344919e-001 7.44127231469777e-004 1739 65
7.74515050119786e+002 1.73716566417155e+006 4.45849820068399e-004 3.84166997283853e-001 1.48546478667562e+000 8.77184113514702e-001 7.44432023427570e-004 1771 66
7.75192608100272e+002 1.73718433995613e+006 4.46235059122310e-004 8.30408642841884e-001 1.46226263878292e+000 8.77184566286572e-001 7.44487809484302e-004 1772 67
7.74615068388371e+002 1.73711374185516e+006 4.45920723773829e-004 3.24564348277230e-001 1.55200317773980e+000 8.77184882364054e-001 7.44931001786523e-004 1775 68
7.79231886260260e+002 1.73715214859459e+006 4.48568557812639e-004 5.37125766777551e-001 1.50358547242653e+000 8.77337756246078e-001 7.45077011539222e-004 1832 69
7.80765938441444e+002 1.73718000867215e+006 4.49444434066788e-004 7.80968657490768e-002 1.45027805825983e+000 8.78788975253515e-001 7.55182914201510e-004 1868 70
7.75266907044292e+002 1.73711529124549e+006 4.46295567990741e-004 2.51625110629597e-001 1.54931863170263e+000 8.79102725097649e-001 7.55958753484085e-004 1878 71
7.76121433892070e+002 1.73714842308707e+006 4.46778969451512e-004 5.31357768486587e-001 1.50809167470321e+000 8.79107950821202e-001 7.56108316723589e-004 1887 72
7.77494158070789e+002 1.73715408922185e+006 4.47567726420860e-004 4.56770531327250e-001 1.50080504974517e+000 8.79295345621029e-001 7.56316828360628e-004 1895 73
7.82563529488467e+002 1.73719432867533e+006 4.50475495824620e-004 6.43177587206641e-001 1.45056568819239e+000 8.79401198843379e-001 7.56414564721936e-004 1915 74
7.83385798838527e+002 1.73719805423678e+006 4.50947860450580e-004 1.07119968260750e-001 1.43647182149724e+000 8.79406550807376e-001 7.61448248094154e-004 1929 75
7.79850613773711e+002 1.73717155303873e+006 4.48919716663608e-004 8.27539902951140e-001 1.47913692815943e+000 8.79408802001699e-001 7.61504555835440e-004 1936 76
7.75711538897071e+002 1.73719363331812e+006 4.46531389744376e-004 2.03253273110141e-001 1.44797701879940e+000 8.89190717031212e-001 7.62736424037349e-004 1963 77
7.76933782691683e+002 1.73713300861725e+006 4.47250571506881e-004 1.96356089968566e-001 1.52544534730064e+000 8.89197812810642e-001 7.64074208988325e-004 1979 78
7.78130852844232e+002 1.73717300018943e+006 4.47929366112529e-004 9.20255134739219e-001 1.47712351863155e+000 8.89198648817896e-001 7.64118777114378e-004 1984 79
7.74494470614521e+002 1.73714701310551e+006 4.45842760258409e-004 2.49153111362041e-001 1.50837930463576e+000 8.89201556880537e-001 7.64910290513500e-004 1994 80
7.74495456973180e+002 1.73710138958203e+006 4.45855037764797e-004 4.28846095156713e-001 1.56839808389538e+000 8.89208514555568e-001 7.65150431468593e-004 2005 81
7.77720097668104e+002 1.73715438155173e+006 4.47697714127788e-004 3.26975310525834e-001 1.49994215994751e+000 8.89208697229892e-001 7.65585448960388e-004 2007 82
7.76388438270217e+002 1.73718127337335e+006 4.46924220562380e-004 4.34858241523484e-001 1.46590595126194e+000 8.89211799844532e-001 7.65817066955040e-004 2011 83
7.79092639784922e+002 1.73718063277695e+006 4.48481046156484e-004 4.01318399609363e-002 1.39754590395825e+000 9.24813647318278e-001 8.09198514439318e-004 2056 84
7.78762481224430e+002 1.73719048789787e+006 4.48288448781130e-004 6.81600390636921e-001 1.45488013718070e+000 9.24836235216125e-001 8.09284582258130e-004 2096 85
7.75749157347634e+002 1.73714858507492e+006 4.46564624607257e-004 1.73345133823664e-001 1.50454423886837e+000 9.25551571419679e-001 8.11042389395122e-004 2155 86
7.78429554492807e+002 1.73715736920239e+006 4.48105345083243e-004 1.48655659657582e-001 1.49217615176855e+000 9.37562483867346e-001 8.13504955554913e-004 2184 87
7.74759355945590e+002 1.73712471494950e+006 4.46000968098143e-004 4.63057344279305e-001 1.53838869426557e+000 9.37568112465464e-001 8.13707679983961e-004 2187 88
7.74710265279695e+002 1.73714435529603e+006 4.45967666163068e-004 3.93078402050844e-001 1.51288550691244e+000 9.45919181879841e-001 8.13998047378878e-004 2197 89
7.79467115650316e+002 1.73717470949696e+006 4.48698141343530e-004 9.23032319101535e-001 1.47511010910367e+000 9.45919248687048e-001 8.14042312564339e-004 2199 90
7.77416188245209e+002 1.73713954856293e+006 4.47526588746436e-004 4.11328470717490e-001 1.51930924207282e+000 9.46353879246410e-001 8.14305181643659e-004 2241 91
7.75811266769195e+002 1.73712971288881e+006 4.46605230129249e-004 6.50074770348216e-001 1.53225258903775e+000 9.46354082789787e-001 8.14401273975333e-004 2244 92
7.74954136349389e+002 1.73719050379983e+006 4.46096201452022e-004 2.18512527848140e-002 1.20425858928190e+000 9.46354082789787e-001 9.71015562398972e-004 2244 93
7.75057257625549e+002 1.73712056354467e+006 4.46173525580508e-004 9.26145207068087e-001 1.54414129291665e+000 9.46653549252206e-001 9.71059687164569e-004 2297 94
7.78249174136666e+002 1.73714933636225e+006 4.48003580221634e-004 5.61479537339396e-001 1.50713290826136e+000 9.46653876228921e-001 9.71192156495074e-004 2301 95
7.79118569016224e+002 1.73716316903293e+006 4.48500480936030e-004 9.79461043122654e-001 1.48977923566393e+000 9.46657464427115e-001 9.71231054923961e-004 2313 96
7.74582376351783e+002 1.73710496200570e+006 4.45904157754842e-004 2.67464217047639e-001 1.56283723853267e+000 9.46800230328037e-001 9.71909527699246e-004 2386 97
7.79737855064726e+002 1.73718488585021e+006 4.48851362369037e-004 1.77587206640828e-001 1.45881107959227e+000 9.47921293733193e-001 9.73569481950150e-004 2431 98
7.76158879559876e+002 1.73716460013635e+006 4.46796364519248e-004 3.43028046510209e-002 1.39179330530717e+000 9.47924148047125e-001 1.03477776265967e-003 2434 99
7.79540711825775e+002 1.73715860731441e+006 4.48744666271484e-004 9.34873500778222e-001 1.49562771095920e+000 9.47949026186342e-001 1.03482087943931e-003 2454 100
7.80458619287696e+002 1.73717897198383e+006 4.49267795296166e-004 7.26828821680349e-001 1.46974101702933e+000 9.48012742984394e-001 1.03489572372623e-003 2475 101
7.78554799097388e+002 1.73719522097044e+006 4.48167677169361e-004 3.66527298806726e-001 1.44826464873196e+000 9.48255579780485e-001 1.03523241226619e-003 2582 102
7.74611970330889e+002 1.73711714220978e+006 4.45918067450230e-004 6.06707968382824e-002 1.51844635227515e+000 9.48775796001507e-001 1.05294899629970e-003 2596 103
7.78231290705391e+002 1.73716822806773e+006 4.47988413597115e-004 2.35847041230506e-001 1.48134209097568e+000 9.48895233449750e-001 1.05384025502751e-003 2644 104
7.75567234063528e+002 1.73715344970316e+006 4.46458649157328e-004 9.30387279885250e-001 1.50185969283120e+000 9.48911430510083e-001 1.05388385012517e-003 2655 105
7.77679356225581e+002 1.73715137235798e+006 4.47675036642106e-004 2.98959318826868e-001 1.50358547242653e+000 9.48969944178297e-001 1.05441376050484e-003 2670 106
7.80201086620758e+002 1.73717029675245e+006 4.49121790547007e-004 4.14716025269326e-001 1.48028744788965e+000 9.48970801622749e-001 1.05467121330681e-003 2671 107
7.74773618208291e+002 1.73711233376090e+006 4.46012357275946e-004 4.81978820154424e-001 1.55440009384442e+000 9.48986345171183e-001 1.05485691284148e-003 2709 108
7.75762678057796e+002 1.73717766363605e+006 4.46564932723386e-004 9.44883571886349e-001 1.47089153675954e+000 9.48986462577012e-001 1.05489893975379e-003 2711 109
7.79440527786348e+002 1.73717463827600e+006 4.48682854508617e-004 3.08175908688620e-001 1.47415134266182e+000 9.49048701644111e-001 1.05539341233147e-003 2772 110
7.74483569207891e+002 1.73714720487916e+006 4.45836435575437e-004 3.57127597888119e-001 1.50905044114505e+000 9.49206421965854e-001 1.05575191366413e-003 2790 111
7.75878285319590e+002 1.73713415836052e+006 4.46642667172359e-004 4.35438093203528e-001 1.52621236045412e+000 9.49311259166604e-001 1.05598389914155e-003 2811 112
7.74491247740126e+002 1.73710427198143e+006 4.45851874820333e-004 8.83724478896451e-001 1.56513827799310e+000 9.55910025969986e-001 1.05603283493065e-003 2820 113
7.74660399914799e+002 1.73711232428143e+006 4.45947183572766e-004 2.77108066042055e-001 1.55344132740257e+000 9.55913958643445e-001 1.05666036872556e-003 2829 114
7.76787830740474e+002 1.73713104906645e+006 4.47167057075427e-004 9.33256019775994e-001 1.53071856273080e+000 9.55918250397858e-001 1.05670373778998e-003 2834 115
7.75067633998851e+002 1.73714982808219e+006 4.46171982426963e-004 5.84002197332682e-001 1.50627001846370e+000 9.55920359034050e-001 1.05682522039157e-003 2848 116
7.83425684108308e+002 1.73719181703925e+006 4.50972439148081e-004 2.33161412396619e-002 1.23493911542100e+000 1.05679197582100e+000 1.19413989284954e-003 2874 117
7.77780647586097e+002 1.73713849783406e+006 4.47736663819528e-004 9.94140446180608e-001 1.52122677495651e+000 1.05683676804885e+000 1.19417761634081e-003 2916 118
7.77407861598887e+002 1.73719310022835e+006 4.47507999888583e-004 6.37928403576769e-001 1.45133270134587e+000 1.05767749416582e+000 1.19427713992289e-003 2932 119
7.75841416455199e+002 1.73718366545675e+006 4.46608715186294e-004 2.37495040742210e-001 1.46139974898526e+000 1.05786897845258e+000 1.19515310493717e-003 2942 120
7.74684317826119e+002 1.73711714762654e+006 4.45959714074646e-004 9.90173039948729e-001 1.54855161854915e+000 1.05787806977601e+000 1.19519119913398e-003 2957 121
7.77092874070925e+002 1.73716389296472e+006 4.47334201098646e-004 2.51564073610645e-001 1.48699881298257e+000 1.05787872480765e+000 1.19596490721422e-003 2959 122
7.74874224139623e+002 1.73710876898887e+006 4.46071188274504e-004 6.23157444990387e-001 1.55919392605365e+000 1.06071701913238e+000 1.19607043973909e-003 3026 123
7.74493997772378e+002 1.73710223763740e+006 4.45853980077931e-004 4.43922238837855e-001 1.56734344080935e+000 1.06072581943295e+000 1.19629300271565e-003 3031 124
7.74516037236310e+002 1.73713749022480e+006 4.45857619372616e-004 3.48460341196936e-001 1.52151440488907e+000 1.06072690073800e+000 1.19667167690738e-003 3037 125
7.80763404481301e+002 1.73719806054120e+006 4.49438305076173e-004 6.38477736747337e-001 1.44558010269478e+000 1.07052443178210e+000 1.19677094196929e-003 3110 126
7.78581214164186e+002 1.73714886918805e+006 4.48194841467248e-004 1.93212683492538e-001 1.50511949873348e+000 1.07052461595039e+000 1.19815551215707e-003 3112 127
7.75399007119322e+002 1.73716641328756e+006 4.46358477629164e-004 7.90734580523087e-002 1.46753585421308e+000 1.15543435600518e+000 1.20800794711755e-003 3185 128
7.78196844229790e+002 1.73716451032459e+006 4.47969543212149e-004 9.24222540971099e-001 1.48795757942442e+000 1.15543567471325e+000 1.20805213777295e-003 3190 129
7.78511064781577e+002 1.73715207219426e+006 4.48153633250458e-004 9.06796472060304e-001 1.50387310235908e+000 1.15589141000891e+000 1.20809827333527e-003 3198 130
7.75475660023610e+002 1.73711485595098e+006 4.46415852039314e-004 4.71114230780969e-001 1.55114028794214e+000 1.15593931197671e+000 1.20829351347125e-003 3228 131
7.74821040742564e+002 1.73711562129621e+006 4.46038812765206e-004 2.25684377574999e-001 1.54845574190497e+000 1.17011596090245e+000 1.20927915504409e-003 3285 132
7.75977759512872e+002 1.73719213274575e+006 4.46685023076147e-004 2.51136814477981e-001 1.45085331812494e+000 1.17012173696185e+000 1.21005289742548e-003 3296 133
7.74829475429681e+002 1.73711749586397e+006 4.46043186997569e-004 6.75557725760674e-001 1.54797635868404e+000 1.17012285448385e+000 1.21014123799241e-003 3305 134
7.79307370511663e+002 1.73717563817434e+006 4.48605944677436e-004 3.01217688528092e-001 1.47280906964324e+000 1.17012674440550e+000 1.21066112070027e-003 3322 135
7.81691685103182e+002 1.73718553233642e+006 4.49975905160408e-004 9.54802087466048e-001 1.46168737891781e+000 1.17105980374424e+000 1.21070215349249e-003 3333 136
7.77521788954153e+002 1.73715698739977e+006 4.47582885526968e-004 6.31092257454146e-001 1.49735349055452e+000 1.17303544141978e+000 1.21080451910886e-003 3368 137
7.75317472912177e+002 1.73711260141715e+006 4.46325368198325e-004 8.77498702963347e-001 1.55440009384442e+000 1.17303544141978e+000 1.21085421609498e-003 3368 138
7.77521569928006e+002 1.73714914212120e+006 4.47584780808018e-004 6.59779656361583e-001 1.50742053819391e+000 1.17303547400942e+000 1.21094710852315e-003 3369 139
7.81149841538635e+002 1.73718035781809e+006 4.49665335768905e-004 9.49430829798273e-002 1.45583890362255e+000 1.17336237877543e+000 1.21752725224525e-003 3389 140
7.75468593155480e+002 1.73714009705021e+006 4.46405297397189e-004 9.88402966399121e-001 1.51902161214026e+000 1.17337095000281e+000 1.21756545489233e-003 3398 141
7.77053414809224e+002 1.73713570835595e+006 4.47318743862974e-004 7.52647480697043e-001 1.52467833414716e+000 1.17340752302528e+000 1.21763504814576e-003 3442 142
7.75315265589585e+002 1.73715537736383e+006 4.46313107170875e-004 2.02459791863765e-001 1.49677823068941e+000 1.17340762957762e+000 1.21888356554019e-003 3445 143
7.74868343853830e+002 1.73710743488034e+006 4.46068145758412e-004 4.84420300912503e-001 1.56072795236061e+000 1.17352177578089e+000 1.21906722763952e-003 3456 144
7.78808013248854e+002 1.73715748463709e+006 4.48323176198996e-004 6.75557725760674e-001 1.49687410733360e+000 1.17412726622192e+000 1.21915534989195e-003 3530 145
7.74968961881527e+002 1.73717468105223e+006 4.46108798916219e-004 3.24686422315134e-001 1.47367195944090e+000 1.17510437623187e+000 1.21959616655630e-003 3535 146
7.74976451136049e+002 1.73712745418403e+006 4.46125238453582e-004 8.32117679372539e-001 1.53522476500748e+000 1.18587694746303e+000 1.21965199421618e-003 3579 147
7.79286959039834e+002 1.73715335644980e+006 4.48599948802094e-004 6.23645741142003e-001 1.50214732276376e+000 1.18588787170791e+000 1.21975710397243e-003 3587 148
7.78923537522632e+002 1.73714960358796e+006 4.48391712326693e-004 8.28058717612232e-001 1.50703703161718e+000 1.18596963901162e+000 1.21981345642788e-003 3641 149
7.74594598992605e+002 1.73713037200320e+006 4.45904671369927e-004 3.99578844569231e-001 1.53091031601917e+000 1.18597053689898e+000 1.22009378003559e-003 3648 150
7.78300790872811e+002 1.73715801198946e+006 4.48031056141458e-004 7.58171330912198e-001 1.49620297082430e+000 1.18602853294484e+000 1.22016214492889e-003 3672 151
7.74703899576241e+002 1.73714282849944e+006 4.45964393662805e-004 4.82070375682852e-001 1.51509066972869e+000 1.35577917963447e+000 1.22034750386797e-003 3763 152
7.76644561851393e+002 1.73713309964565e+006 4.47084054908344e-004 3.43333231604968e-002 1.43273263237403e+000 1.35578091241475e+000 1.28183735706591e-003 3776 153
7.77322293825428e+002 1.73714654064132e+006 4.47470736497198e-004 5.95568712424085e-001 1.51068034409619e+000 1.35584314287410e+000 1.28195374161873e-003 3791 154
7.79536770107898e+002 1.73718427313879e+006 4.48735767320710e-004 6.43574327829829e-001 1.46283789864803e+000 1.35585147875827e+000 1.28205148283548e-003 3802 155
7.76824796754997e+002 1.73715622526740e+006 4.47181855998271e-004 9.05575731681265e-001 1.49840813364055e+000 1.35585247551405e+000 1.28209773769123e-003 3806 156
7.75711825872747e+002 1.73712912283859e+006 4.46548137449244e-004 8.69472334971160e-002 1.51854222891934e+000 1.35585283659885e+000 1.29012513606438e-003 3808 157
7.76299704070239e+002 1.73714371815579e+006 4.46882802084794e-004 5.22568437757500e-001 1.51413190328684e+000 1.35639186688798e+000 1.29028034549515e-003 3819 158
7.74513640787420e+002 1.73710187427742e+006 4.45865381261075e-004 3.27951902829066e-001 1.56734344080935e+000 1.35639766990864e+000 1.29071360267087e-003 3826 159
7.74531894315691e+002 1.73710342108916e+006 4.45875492262363e-004 7.71904660176397e-001 1.56619292107913e+000 1.35640144442552e+000 1.29077950276493e-003 3829 160
7.76191072029317e+002 1.73712907492644e+006 4.46824033732914e-004 3.32529679250465e-001 1.53234846568194e+000 1.35640607624253e+000 1.29119943838141e-003 3838 161
7.77441151891271e+002 1.73713573234261e+006 4.47541942469465e-004 7.68456068605609e-001 1.52467833414716e+000 1.35645228240768e+000 1.29126592079667e-003 3885 162
7.75136846131881e+002 1.73711052987948e+006 4.46221919303427e-004 1.58207953123569e-001 1.55277019089328e+000 1.35649821250557e+000 1.29341948510397e-003 3894 163
7.76039685683038e+002 1.73712507456823e+006 4.46737915086482e-004 6.09454634235664e-001 1.53819694097720e+000 1.35736632852277e+000 1.29353025680954e-003 3909 164
7.76137341387156e+002 1.73713637855117e+006 4.46791224526471e-004 3.17392498550371e-002 1.41192740058596e+000 1.35736639025295e+000 1.36639445385271e-003 3910 165
7.74639348801612e+002 1.73713502121309e+006 4.45929238657703e-004 8.03643910031434e-001 1.52544534730064e+000 1.35738733988931e+000 1.36645470202611e-003 3918 166
7.75735205731973e+002 1.73719071228500e+006 4.46545764195502e-004 6.36432996612445e-001 1.45411312402722e+000 1.35741865877270e+000 1.36655477379914e-003 3922 167
7.74957184705923e+002 1.73713041457257e+006 4.46113387224691e-004 1.35807367168188e-001 1.52554122394482e+000 1.35742579046177e+000 1.36956538375940e-003 3933 168
7.81592269832280e+002 1.73719592796644e+006 4.49915985014672e-004 9.63408307138280e-001 1.44855227866451e+000 1.35742932534844e+000 1.36960555310588e-003 3940 169
7.76668359675248e+002 1.73714911084498e+006 4.47093633515056e-004 9.21201208532975e-001 1.50751641483810e+000 1.35748275795069e+000 1.36965012701084e-003 3980 170
7.76206506263490e+002 1.73719870970757e+006 4.46815007558491e-004 8.24091311380352e-001 1.44414195303201e+000 1.35749062622162e+000 1.36970673689593e-003 3994 171
7.80923725958922e+002 1.73719451361054e+006 4.49531510281608e-004 8.07061983092746e-001 1.45018218161565e+000 1.35749075236818e+000 1.36976605248368e-003 3995 172
7.74601892108221e+002 1.73710800777691e+006 4.45914610547997e-004 2.67525254066591e-001 1.55890629612110e+000 1.35750187342879e+000 1.37044415829716e-003 4007 173
7.75222554938553e+002 1.73712773272677e+006 4.46266839720974e-004 6.16779076509903e-001 1.53474538178655e+000 1.35815403549407e+000 1.37055204383281e-003 4054 174
7.75560139315135e+002 1.73714843848410e+006 4.46455852939643e-004 8.98525955992309e-001 1.50828342799158e+000 1.35843202039001e+000 1.37059913225946e-003 4081 175
7.76826435993625e+002 1.73713031203430e+006 4.47189470374889e-004 9.69939268166143e-001 1.53167732917264e+000 1.35870444012309e+000 1.37063897601964e-003 4108 176
7.76283862005236e+002 1.73712598082053e+006 4.46878245390058e-004 4.05346842860195e-001 1.53666291467025e+000 1.35872572587217e+000 1.37091065666538e-003 4113 177
7.75577166330359e+002 1.73719684279315e+006 4.46453214567141e-004 3.34604937894833e-001 1.44558010269478e+000 1.35924177076090e+000 1.37132194455848e-003 4139 178
7.74435963603361e+002 1.73710738495826e+006 4.45819250439919e-004 5.04257332071902e-001 1.56082382900479e+000 1.35924753086811e+000 1.37149008578492e-003 4146 179
7.74771877963644e+002 1.73715828744221e+006 4.45999556973598e-004 5.51072725608081e-001 1.49534008102664e+000 1.35929274643573e+000 1.37162800778389e-003 4165 180
7.74818135254935e+002 1.73710713021160e+006 4.46039320428625e-004 6.18060853907895e-001 1.56130321222571e+000 1.35934609815945e+000 1.37173546668680e-003 4230 181
7.74911654792603e+002 1.73714046320222e+006 4.46084596961072e-004 1.64433729056673e-001 1.51451540986358e+000 1.35944717250196e+000 1.37371090064501e-003 4296 182
7.77004075533320e+002 1.73716117758947e+006 4.47283783301547e-004 8.83053071687979e-001 1.49208027512436e+000 1.35957706922539e+000 1.37375976732557e-003 4299 183
7.77509121618007e+002 1.73716287794670e+006 4.47574075851467e-004 1.79754020813623e-002 1.09208291558580e+000 1.36275061667225e+000 1.60255623614133e-003 4312 184
7.77264367547247e+002 1.73715924640353e+006 4.47434118252363e-004 2.82967619861446e-001 1.49332667149876e+000 1.36713851618653e+000 1.60315382891525e-003 4403 185
7.78844425220633e+002 1.73719372148858e+006 4.48334784660409e-004 4.43372905667287e-001 1.45046981154820e+000 1.36715324617631e+000 1.60337538668688e-003 4426 186
7.74523492300662e+002 1.73710181772733e+006 4.45871067010124e-004 8.68678853724784e-001 1.56830220725120e+000 1.36741154226508e+000 1.60342620719402e-003 4475 187
7.76288402227050e+002 1.73712928719072e+006 4.46880008457562e-004 8.25800347911008e-001 1.53292372554704e+000 1.37000291228489e+000 1.60348297394301e-003 4504 188
7.78502727492044e+002 1.73715020843268e+006 4.48149314662227e-004 9.57029938657796e-001 1.50627001846370e+000 1.37000365893814e+000 1.60352395562601e-003 4505 189
7.79664580349790e+002 1.73717044391314e+006 4.48812913396946e-004 3.38297677541429e-001 1.47971218802454e+000 1.37000365893814e+000 1.60392692202929e-003 4505 190
7.74801758239655e+002 1.73711028679575e+006 4.46029082176845e-004 3.01828058717612e-002 1.43407490539262e+000 1.37001906521177e+000 1.68558285847381e-003 4508 191
7.75603150603353e+002 1.73713070652679e+006 4.46485170143308e-004 1.53508102664266e-002 8.57856273842585e-001 1.37014536824044e+000 1.96152470157193e-003 4519 192
7.77474631206737e+002 1.73716621614062e+006 4.47553361372401e-004 2.89895321512497e-001 1.48450602023377e+000 1.37076714980744e+000 1.96209091628136e-003 4577 193
7.74446413576184e+002 1.73710027030531e+006 4.45827092140138e-004 2.13690603350932e-001 1.56801457731864e+000 1.37077143679091e+000 1.96320265076952e-003 4581 194
7.74708985934968e+002 1.73711988842679e+006 4.45973211023110e-004 9.40397350993377e-001 1.54500418271432e+000 1.37077314970620e+000 1.96324531865797e-003 4593 195
7.74850147287777e+002 1.73713473984954e+006 4.46050659240469e-004 8.25251014740440e-001 1.52582885387738e+000 1.37140006241984e+000 1.96330215185817e-003 4599 196
7.75728733710555e+002 1.73716391747113e+006 4.46548926297167e-004 8.65901669362468e-001 1.48843696264534e+000 1.37140058227479e+000 1.96335315832404e-003 4602 197
7.77021577605232e+002 1.73713821583433e+006 4.47299770796093e-004 8.95260475478378e-001 1.52151440488907e+000 1.37140432356005e+000 1.96340066059675e-003 4613 198
7.74480137366865e+002 1.73710580463623e+006 4.45845085534414e-004 2.54829554124577e-001 1.56159084215827e+000 1.37142773743840e+000 1.96415534043101e-003 4617 199
7.74796529857159e+002 1.73712094217091e+006 4.46023336469805e-004 1.16000854518265e-001 1.53551239494003e+000 1.37173203994692e+000 1.96841569441294e-003 4671 200
7.77066780696034e+002 1.73713369906176e+006 4.47326955481328e-004 7.66991180150761e-001 1.52726700354015e+000 1.37173274881357e+000 1.96848246424743e-003 4675 201
7.74826523585496e+002 1.73710618455721e+006 4.46044392155360e-004 3.86394848475600e-001 1.56207022537919e+000 1.37173381081259e+000 1.96878449087879e-003 4677 202
7.74937575479606e+002 1.73711671512249e+006 4.46105617041471e-004 2.97769096957305e-001 1.54797635868404e+000 1.37188668982099e+000 1.96932014251095e-003 4743 203
7.75666460467522e+002 1.73713803830434e+006 4.46519730621929e-004 6.28498184148686e-001 1.52151440488907e+000 1.37226917342868e+000 1.96942359340151e-003 4792 204
7.74878414805017e+002 1.73716816320315e+006 4.46058349344952e-004 4.44227423932615e-001 1.48249261070589e+000 1.37228221996761e+000 1.96964495560491e-003 4793 205
7.76549816747437e+002 1.73715919122990e+006 4.47022799604116e-004 5.73412274544511e-001 1.49438131458480e+000 1.37228297043158e+000 1.96977132273227e-003 4798 206
7.78429736393240e+002 1.73716583264906e+006 4.48103266631825e-004 4.07147434919279e-001 1.48575241660817e+000 1.37278565986620e+000 1.97003955099754e-003 4823 207
7.77127968250394e+002 1.73716279202771e+006 4.47354686604854e-004 1.66020691549425e-002 9.85372210608234e-001 1.37280380742400e+000 2.22593812028263e-003 4831 208
7.74557769026118e+002 1.73710666368339e+006 4.45889555251520e-004 2.23090304269539e-001 1.55996093920713e+000 1.37280433528814e+000 2.22694934498217e-003 4833 209
7.75569028947232e+002 1.73713982415298e+006 4.46463184271402e-004 1.60740989410077e-001 1.51518654637288e+000 1.37286711351980e+000 2.22902607590533e-003 4885 210
7.74608188169022e+002 1.73712835258811e+006 4.45913012515354e-004 3.71044038209174e-001 1.53340310876797e+000 1.37342180196489e+000 2.22935605846693e-003 4940 211
7.75686864048412e+002 1.73714878811065e+006 4.46528712913459e-004 6.55232398449660e-002 1.48201322748497e+000 1.37342622452153e+000 2.24427530848670e-003 4949 212
7.76851623085793e+002 1.73714642862097e+006 4.47199820636638e-004 5.84643086031678e-001 1.51077622074038e+000 1.37435184611896e+000 2.24439653236395e-003 4984 213
7.78204393223894e+002 1.73719776189796e+006 4.47965314161368e-004 4.21124912259285e-001 1.44519659611805e+000 1.37435253741760e+000 2.24464449830604e-003 4987 214
7.80373602137459e+002 1.73718509304650e+006 4.49217272683815e-004 3.38663899655141e-001 1.46120799569689e+000 1.39377472406250e+000 2.24504575844115e-003 5003 215
7.74818555480796e+002 1.73711271838737e+006 4.46038127460550e-004 7.97387615588855e-001 1.55420834055605e+000 1.39379474882526e+000 2.24510710611097e-003 5027 216
7.75769209903433e+002 1.73712230678750e+006 4.46582923551247e-004 6.03564561906797e-001 1.54174437681204e+000 1.39394854946035e+000 2.24522028233018e-003 5034 217
7.74980203503479e+002 1.73712819810293e+006 4.46127207499813e-004 1.27201147495956e-001 1.52755463347270e+000 1.39403164428329e+000 2.24869759923833e-003 5056 218
7.74558392106217e+002 1.73718489425726e+006 4.45869834200925e-004 1.29276406140324e-001 1.45497601382488e+000 1.39403725593806e+000 2.25203392828124e-003 5076 219
7.82002857447725e+002 1.73718783731388e+006 4.50154432254984e-004 9.26877651295511e-001 1.45881107959227e+000 1.39403822466765e+000 2.25207771601842e-003 5082 220
7.75267308468240e+002 1.73714369753455e+006 4.46288501116897e-004 4.14532914212470e-001 1.51384427335429e+000 1.39406629280865e+000 2.25233605868941e-003 5096 221
7.77227955687239e+002 1.73717375982089e+006 4.47409419715612e-004 7.36442152165288e-001 1.47597299890133e+000 1.39406629280865e+000 2.25240881493584e-003 5096 222
7.75983513814832e+002 1.73719574416009e+006 4.46687406881391e-004 8.57478560747093e-001 1.44788114215522e+000 1.39408974910995e+000 2.25246071292297e-003 5119 223
7.75770904109257e+002 1.73711716385074e+006 4.46585221008782e-004 9.49522385326701e-001 1.54855161854915e+000 1.39523123238714e+000 2.25250248747275e-003 5139 224
7.75824377592249e+002 1.73714222339953e+006 4.46609561128497e-004 7.75872066408277e-001 1.51624118945891e+000 1.39526311181082e+000 2.25256755223249e-003 5172 225
7.77662508234573e+002 1.73719226328840e+006 4.47654800635591e-004 9.35605945005646e-001 1.45257909772027e+000 1.04413091794188e+001 2.25261041540960e-003 5191 226
7.82852608668502e+002 1.73719319846638e+006 4.50642194757690e-004 3.79497665334025e-001 1.45152445463424e+000 1.04413835288792e+001 2.25292242950581e-003 5204 227
7.75102957243894e+002 1.73711644460144e+006 4.46200891260321e-004 2.16406750694296e-001 1.54720934553056e+000 1.04426678131363e+001 2.25400340066027e-003 5212 228
7.75174747988237e+002 1.73713110836434e+006 4.46238451894937e-004 8.32941679128391e-001 1.53052680944243e+000 1.04429617755294e+001 2.25405909696204e-003 5256 229
7.74799386830398e+002 1.73710887346508e+006 4.46028079924013e-004 8.59889522995697e-001 1.55919392605365e+000 1.04429837210190e+001 2.25411106395842e-003 5268 230
7.80197326916429e+002 1.73718896798081e+006 4.49114799161397e-004 2.01483199560533e-001 1.45449663060396e+000 1.04429941924029e+001 2.25536785059209e-003 5284 231
7.74856914160802e+002 1.73712425945766e+006 4.46057245791030e-004 5.69627979369488e-001 1.53915570741905e+000 1.04429943309710e+001 2.25549638292108e-003 5285 232
7.75815427613472e+002 1.73711934916705e+006 4.46610289847901e-004 7.74010437330241e-001 1.54567531922361e+000 1.04479253783009e+001 2.25556186925050e-003 5291 233
7.75146272703152e+002 1.73714078624822e+006 4.46219573791898e-004 2.63405255287332e-001 1.51662469603565e+000 1.04572797630012e+001 2.25626254871876e-003 5361 234
7.74831307800396e+002 1.73711922930200e+006 4.46043796732477e-004 6.20746482741783e-002 1.51710407925657e+000 1.04572879431775e+001 2.27310840148237e-003 5369 235
7.80700846884381e+002 1.73717258376743e+006 4.49408885231375e-004 4.79354228339488e-001 1.47760290185247e+000 1.04572924821083e+001 2.27329555482734e-003 5371 236
7.78730087757999e+002 1.73715365325503e+006 4.48279306862564e-004 8.71852778710288e-001 1.50185969283120e+000 1.04575110257199e+001 2.27334584961660e-003 5454 237
7.76326211881573e+002 1.73719340958764e+006 4.46885278241261e-004 3.58348338267159e-001 1.45018218161565e+000 1.04575158330163e+001 2.27369975904106e-003 5469 238
7.74501964235587e+002 1.73710234943806e+006 4.45858537446047e-004 3.51573229163488e-001 1.56686405758843e+000 1.04575166147964e+001 2.27407154465529e-003 5472 239
7.76886997298501e+002 1.73713628821658e+006 4.47222794649859e-004 6.04419080172124e-001 1.52381544434950e+000 1.04575231043016e+001 2.27418429224480e-003 5476 240
7.74569055400849e+002 1.73710338151541e+006 4.45896894973987e-004 2.65175328836940e-001 1.56485064806055e+000 1.04575231043016e+001 2.27487572533937e-003 5476 241
7.79354985550618e+002 1.73717238615429e+006 4.48634193977906e-004 8.79238258003479e-002 1.46370078844569e+000 1.04575937649532e+001 2.28267404240592e-003 5521 242
7.79904932161211e+002 1.73716227079724e+006 4.48953383844964e-004 3.81969664601581e-001 1.49035449552904e+000 1.04576421828890e+001 2.28298283048057e-003 5543 243
7.77713417993421e+002 1.73717732342371e+006 4.47687956519636e-004 6.94692831202124e-001 1.47146679662465e+000 1.04576422226270e+001 2.28306551810447e-003 5544 244
7.74776545652150e+002 1.73714177581987e+006 4.46006483214747e-004 4.33423871578112e-001 1.51633706610309e+000 1.04577557225454e+001 2.28329976731636e-003 5558 245
7.74480881407735e+002 1.73710162840190e+006 4.45846585731055e-004 9.90630817590869e-002 1.55737226981414e+000 1.04577562740634e+001 2.28933210335790e-003 5563 246
7.76059215994141e+002 1.73713410161895e+006 4.46746836436830e-004 7.63817255165258e-001 1.52669174367504e+000 1.05188561616422e+001 2.28939948340903e-003 5597 247
7.74500184691441e+002 1.73710140478693e+006 4.45857755474960e-004 7.43552964873195e-001 1.56878159047212e+000 1.05188565495403e+001 2.28947103900641e-003 5602 248
7.81254757856755e+002 1.73718045109668e+006 4.49725706211534e-004 4.16699728385266e-001 1.46753585421308e+000 1.05194773675524e+001 2.28972548763146e-003 5623 249
7.75975514392452e+002 1.73713046307419e+006 4.46699588358125e-004 8.11548203985717e-001 1.53138969924009e+000 1.05194775338692e+001 2.28978446724152e-003 5627 250
7.75624118563215e+002 1.73714392222744e+006 4.46493843772431e-004 1.71514023255104e-002 1.06897664433729e+000 1.05206613713331e+001 2.54035316654730e-003 5670 251
7.75888772286134e+002 1.73712019574990e+006 4.46652294175321e-004 5.02945036164434e-001 1.54433304620502e+000 1.05207903441096e+001 2.54052222366087e-003 5682 252
7.77466366279501e+002 1.73714572143113e+006 4.47553883809468e-004 4.28144169438765e-001 1.51144735724967e+000 1.05207917682763e+001 2.54076280797719e-003 5693 253
7.79103313104230e+002 1.73717297540919e+006 4.48489167110012e-004 5.45701467940306e-001 1.47702764198737e+000 1.05209638399688e+001 2.54090351550737e-003 5757 254
7.74826221342372e+002 1.73715711292267e+006 4.46031141452994e-004 5.67857905819880e-001 1.49687410733360e+000 1.05228385323857e+001 2.54103264210980e-003 5786 255
7.77865647562158e+002 1.73719381574667e+006 4.47771335889014e-004 5.31144138920255e-001 1.45037393490402e+000 1.05231636884793e+001 2.54118154626476e-003 5808 256
7.74698624316406e+002 1.73713474759094e+006 4.45963431468129e-004 6.79952391125217e-001 1.52573297723319e+000 1.05239066170765e+001 2.54126856982990e-003 5848 257
7.75302995154080e+002 1.73714087940897e+006 4.46309768462593e-004 1.83172093874935e-001 1.51480303979614e+000 1.05268168164494e+001 2.54282653966966e-003 5901 258
7.74471247443843e+002 1.73712196327220e+006 4.45835820687686e-004 9.41831720938749e-001 1.54231963667714e+000 1.05268169577756e+001 2.54286906163133e-003 5902 259
7.75059920916745e+002 1.73714546594487e+006 4.46168662718002e-004 1.85033722952971e-001 1.50895456450087e+000 1.05268171763153e+001 2.54439222944616e-003 5907 260
7.74510770959317e+002 1.73712120995142e+006 4.45858766331741e-004 3.32865382854701e-001 1.54241551332133e+000 1.05269782949200e+001 2.54481137491432e-003 5935 261
7.79848721053552e+002 1.73719218763375e+006 4.48913294809332e-004 8.16980498672445e-001 1.45296260429701e+000 1.05270646146349e+001 2.54486913700849e-003 5947 262
7.75921297125009e+002 1.73712316588990e+006 4.46670253876355e-004 8.24793237098300e-001 1.54078561037019e+000 1.05270848507518e+001 2.54492607155845e-003 5965 263
7.82631593358729e+002 1.73719850971929e+006 4.50513591873218e-004 1.82805871761223e-001 1.44222442014832e+000 1.05271380946440e+001 2.54648043597861e-003 5991 264
7.79490198586203e+002 1.73716310626785e+006 4.48714426099852e-004 6.89931943723869e-001 1.48977923566393e+000 1.05275170911731e+001 2.54656452321345e-003 5994 265
7.77424465477504e+002 1.73713731726690e+006 4.47531928447973e-004 4.95223853267006e-001 1.52237729468673e+000 1.05275173486007e+001 2.54673928963498e-003 5997 266
7.75575173215058e+002 1.73712025635933e+006 4.46471750497515e-004 8.34864345225379e-001 1.54452479949339e+000 1.05320986863981e+001 2.54679472996324e-003 6010 267
7.74477409182022e+002 1.73710014326337e+006 4.45844968045869e-004 6.12903225806452e-001 1.57031561677908e+000 1.05321052097789e+001 2.54690419324104e-003 6011 268
7.74575186954158e+002 1.73713430978455e+006 4.45892485835776e-004 3.97991882076479e-001 1.52582885387738e+000 1.05321057616278e+001 2.54718692082921e-003 6019 269
7.74529343783421e+002 1.73710545287557e+006 4.45873502483677e-004 5.02731406598102e-001 1.56331662175359e+000 1.05321798810271e+001 2.54735619056168e-003 6025 270
7.78068983837414e+002 1.73714239572152e+006 4.47901642215833e-004 5.97766045106357e-001 1.51604943617054e+000 1.05321947176030e+001 2.54747167163131e-003 6050 271
7.75494820126813e+002 1.73712117483008e+006 4.46425257976102e-004 1.22531815546129e-001 1.53608765480514e+000 1.05325297025212e+001 2.55124845031080e-003 6072 272
7.77385797974145e+002 1.73717269846554e+006 4.47500554647542e-004 1.86468092898343e-001 1.47434309595019e+000 1.05325464703968e+001 2.55274185469003e-003 6080 273
7.77661556332646e+002 1.73714523414409e+006 4.47666371871706e-004 7.60399182103946e-001 1.51250200033570e+000 1.05325838741941e+001 2.55280985341194e-003 6098 274
7.74548201707921e+002 1.73711193039139e+006 4.45882695770642e-004 5.86230048524430e-001 1.55507123035371e+000 1.05325838741941e+001 2.55293055895950e-003 6098 275
7.79851354144014e+002 1.73718446015864e+006 4.48916807421788e-004 6.46320993682668e-001 1.46264614535966e+000 1.05325957051549e+001 2.55302738667716e-003 6114 276
7.75107417586100e+002 1.73717049066492e+006 4.46189576851471e-004 2.46589556566057e-001 1.47827403836177e+000 1.05327174042764e+001 2.55383522579584e-003 6165 277
7.74549844544008e+002 1.73713547266271e+006 4.45877598727614e-004 3.15073091830195e-001 1.52391132099368e+000 1.05327183012923e+001 2.55430788518917e-003 6172 278
7.74902403344070e+002 1.73711160313746e+006 4.46086682366494e-004 5.48814355906858e-001 1.55545473693045e+000 1.05327190109953e+001 2.55444743959912e-003 6177 279
7.83005133191244e+002 1.73719339143782e+006 4.50729944073022e-004 7.98608355967894e-001 1.45190796121097e+000 1.05327360048562e+001 2.55450815791419e-003 6182 280
7.74526564364639e+002 1.73710372134190e+006 4.45872346897324e-004 5.44999542222358e-001 1.56561766121403e+000 1.05393315397079e+001 2.55464988516680e-003 6260 281
7.80127171481532e+002 1.73719231640173e+006 4.49073549125198e-004 3.94909512619404e-001 1.45229146778771e+000 1.05393322354512e+001 2.55493576224501e-003 6266 282
7.77534559991247e+002 1.73717009530207e+006 4.47586859900349e-004 9.56846827600940e-001 1.48076683111057e+000 1.05393349322103e+001 2.55497668029599e-003 6275 283
7.76289831276843e+002 1.73717993170712e+006 4.46867803061329e-004 6.39545884578997e-001 1.46791936078982e+000 1.05393349966380e+001 2.55507583439107e-003 6276 284
7.78766989001742e+002 1.73716010242860e+006 4.48298884911594e-004 2.92153691213721e-001 1.49246378170110e+000 1.05393776362813e+001 2.55563283014661e-003 6285 285
7.74601338721014e+002 1.73715971749759e+006 4.45901018531234e-004 5.67949461348308e-002 1.45929046281320e+000 1.05587149042182e+001 2.57601938526935e-003 6307 286
7.77477190521930e+002 1.73714912542250e+006 4.47559237852347e-004 7.91253395184179e-001 1.50751641483810e+000 1.05587378582196e+001 2.57608166780570e-003 6326 287
7.79311093894337e+002 1.73716683374673e+006 4.48610361697041e-004 3.02835169530320e-001 1.48402663701285e+000 1.05587499894148e+001 2.57659599544022e-003 6344 288
7.75433305363368e+002 1.73713157640920e+006 4.46387173193629e-004 5.73625904110843e-001 1.52975979628895e+000 1.05589195411764e+001 2.57672252198695e-003 6371 289
7.80674469392961e+002 1.73716693700311e+006 4.49395161863823e-004 7.84997100741600e-001 1.48508128009888e+000 1.05589203891548e+001 2.57678579574437e-003 6373 290
7.78028165699177e+002 1.73718804856734e+006 4.47866374812296e-004 8.38526566362499e-001 1.45794818979461e+000 1.05589326772859e+001 2.57684037435569e-003 6403 291
7.74656921008281e+002 1.73710490952793e+006 4.45947084374484e-004 7.78496658223212e-001 1.56427538819544e+000 1.05589626926839e+001 2.57690505235910e-003 6404 292
7.74791830561470e+002 1.73711019377802e+006 4.46023391007894e-004 8.03491317484054e-001 1.55746814645833e+000 1.05591390010322e+001 2.57696538238410e-003 6458 293
7.79876650456496e+002 1.73716643972191e+006 4.48936026065701e-004 7.00094607379376e-002 1.46293377529221e+000 1.05591510755859e+001 2.58983763655126e-003 6469 294
7.78304131703118e+002 1.73719387022663e+006 4.48023731241051e-004 4.68764305551317e-002 1.39955931348613e+000 1.05591968491493e+001 2.62067179784995e-003 6492 295
7.75956192186640e+002 1.73714584100830e+006 4.46684511029979e-004 5.71520126956999e-001 1.51144735724967e+000 1.05592114042903e+001 2.62079923499184e-003 6496 296
7.75114278343029e+002 1.73713213280859e+006 4.46203378696780e-004 5.46922208319346e-001 1.52899278313547e+000 1.05592726838613e+001 2.62093974746637e-003 6537 297
7.74777624390411e+002 1.73710837313319e+006 4.46015680424967e-004 9.44639423810541e-001 1.55986506256294e+000 1.05592812573803e+001 2.62098200648429e-003 6540 298
7.74619903174582e+002 1.73712171543964e+006 4.45921460163885e-004 5.59862056337168e-001 1.54241551332133e+000 1.05595837451612e+001 2.62111553606595e-003 6561 299
7.76623519398331e+002 1.73715128431970e+006 4.47067261595151e-004 7.16544083986938e-001 1.50464011551256e+000 1.05595837451612e+001 2.62119299030862e-003 6561 300
7.76814641623464e+002 1.73714781523054e+006 4.47178175071378e-004 3.85479293191321e-001 1.50857105792413e+000 1.05595838135825e+001 2.62149602129667e-003 6564 301
7.75828046914709e+002 1.73712099757068e+006 4.46617130537071e-004 8.03949095126194e-001 1.54356603305155e+000 1.05596960418196e+001 2.62155625878438e-003 6580 302
7.75794933408859e+002 1.73716813754395e+006 4.46585949320428e-004 9.47569200720237e-001 1.48306787057100e+000 1.05596961483695e+001 2.62159807197038e-003 6582 303
7.81440289810736e+002 1.73719918956976e+006 4.49827654649922e-004 5.30808435316019e-001 1.44414195303201e+000 1.05596967787825e+001 2.62174706804132e-003 6585 304
7.75441096469791e+002 1.73716401855065e+006 4.46383321715619e-004 3.42661824396496e-001 1.48747819620350e+000 1.05596967787825e+001 2.62213909590884e-003 6585 305
7.76224297758109e+002 1.73718791315496e+006 4.46828026041978e-004 5.56962797936949e-001 1.45766055986206e+000 1.05607918645227e+001 2.62227335005662e-003 6610 306
7.77759365442373e+002 1.73718753317703e+006 4.47711774706196e-004 1.11270485549486e-001 1.44970279839473e+000 1.05608329631719e+001 2.62691105109845e-003 6636 307
7.76370194388682e+002 1.73712602090149e+006 4.46927933469022e-004 2.82357249671926e-001 1.53589590151677e+000 1.05610597185695e+001 2.62751292910279e-003 6663 308
7.77586352811661e+002 1.73716143026323e+006 4.47618907104526e-004 2.24616229743339e-002 1.25823713995788e+000 1.05611368270229e+001 2.77775504836439e-003 6710 309
7.81409864539925e+002 1.73719549965741e+006 4.49811096098933e-004 8.55342265083773e-001 1.44903166188543e+000 1.05611555545175e+001 2.77780723932533e-003 6730 310
7.75815936211320e+002 1.73716212689959e+006 4.46599584816429e-004 5.56962797936949e-002 1.45488013718070e+000 1.05612105730873e+001 2.79907828359939e-003 6746 311
7.79684631393122e+002 1.73719396845281e+006 4.48818377912538e-004 3.81756035035249e-001 1.45008630497147e+000 1.05614194142861e+001 2.79938619795910e-003 6776 312
7.76853119335100e+002 1.73719715950991e+006 4.47187622486136e-004 7.13370159001434e-001 1.44615536255989e+000 1.05614859025623e+001 2.79946397574864e-003 6813 313
7.74534100034312e+002 1.73710365742119e+006 4.45876701368985e-004 8.10846278267770e-001 1.56590529114658e+000 1.05624644786873e+001 2.79952311294606e-003 6818 314
7.74620033669816e+002 1.73711596675463e+006 4.45923010985439e-004 1.01260414441359e-001 1.53934746070742e+000 1.05624817449541e+001 2.80526888711401e-003 6844 315
7.77040661709366e+002 1.73713483874378e+006 4.47311626336309e-004 2.16986602374340e-001 1.52362369106113e+000 1.05624836268276e+001 2.80634261660981e-003 6851 316
7.74907087018631e+002 1.73711001363878e+006 4.46089786791481e-004 3.29294717246010e-002 1.45449663060396e+000 1.05624837826238e+001 2.87393542931283e-003 6855 317
7.75251712646688e+002 1.73714314360804e+006 4.46279665571304e-004 7.31559190649129e-001 1.51499479308451e+000 1.05624918838143e+001 2.87400947595210e-003 6872 318
7.81171721676780e+002 1.73718017869524e+006 4.49677977335574e-004 6.02679525131993e-001 1.46820699072237e+000 1.05629651443898e+001 2.87412246884566e-003 6885 319
7.80446645184766e+002 1.73717559087488e+006 4.49261776861755e-004 7.75536362804041e-001 1.47405546601764e+000 1.05633459225807e+001 2.87418738765056e-003 6919 320
7.76984857195141e+002 1.73713410214283e+006 4.47279691546204e-004 4.24817651905881e-002 1.46485130817591e+000 1.05647576887248e+001 2.91282792579059e-003 6967 321
7.78957639954919e+002 1.73718056066636e+006 4.48403352757374e-004 1.07394634846034e-001 1.45804406643880e+000 1.05647947518861e+001 2.91784675628596e-003 7017 322
7.74742268446854e+002 1.73714801037223e+006 4.45985150634758e-004 5.07889034699545e-001 1.50847518127995e+000 1.05648386265144e+001 2.91801195068713e-003 7047 323
7.78769635220366e+002 1.73717335470128e+006 4.48296988290184e-004 2.58308664204840e-001 1.47520598574786e+000 1.05648837325240e+001 2.91874113570641e-003 7053 324
7.75165503345588e+002 1.73712702455223e+006 4.46234179157856e-004 8.68312631611072e-001 1.53580002487259e+000 1.05648841905191e+001 2.91879197239217e-003 7057 325
7.77753088817707e+002 1.73715732489152e+006 4.47715947028297e-004 3.03353984191412e-001 1.49601121753594e+000 1.06165281486168e+001 2.91930486418513e-003 7151 326
7.74996734970118e+002 1.73716023014785e+006 4.46128497592952e-004 1.90221869563890e-001 1.49016274224067e+000 1.06165452084869e+001 2.92073620922962e-003 7167 327
7.77219715725208e+002 1.73715108322263e+006 4.47410516777319e-004 8.87569811090426e-001 1.50502362208930e+000 1.06165755712437e+001 2.92078457577606e-003 7188 328
7.78911603853980e+002 1.73715511961871e+006 4.48383418877114e-004 4.03454695272683e-001 1.49946277672658e+000 1.06169449083157e+001 2.92105852893013e-003 7292 329
7.74718780118949e+002 1.73710708641559e+006 4.45982135939390e-004 3.66863002410962e-001 1.56082382900479e+000 1.06169493648798e+001 2.92139706151979e-003 7293 330
7.74529521588444e+002 1.73710362534294e+006 4.45874073925263e-004 9.85076448866237e-001 1.56600116779077e+000 1.06169715296776e+001 2.92143559975669e-003 7319 331
7.75658399027497e+002 1.73714036457558e+006 4.46514492032998e-004 5.57664723654897e-001 1.51844635227515e+000 1.06169720098626e+001 2.92157015925070e-003 7321 332
7.75084310003072e+002 1.73719861970608e+006 4.46169050435360e-004 1.79479354228339e-001 1.44078627048555e+000 1.06179170390002e+001 2.92318830656045e-003 7348 333
7.74758599357963e+002 1.73713775121335e+006 4.45997185569673e-004 7.26584673604541e-001 1.52189791146580e+000 1.06179718716983e+001 2.92326350027933e-003 7377 334
7.81417449052628e+002 1.73718320536219e+006 4.49818645458602e-004 5.70757164220099e-001 1.46437192495499e+000 1.06179718716983e+001 2.92339081352132e-003 7377 335
7.75208427138434e+002 1.73715703141264e+006 4.46251180326326e-004 6.15375225074007e-001 1.49706586062197e+000 1.06179835668775e+001 2.92349901698293e-003 7384 336
7.76682177498691e+002 1.73714149092809e+006 4.47103549020872e-004 5.03860591448714e-002 1.47338432950835e+000 1.06183237734835e+001 2.95006855685976e-003 7404 337
7.75707634614225e+002 1.73719913608985e+006 4.46527727848676e-004 9.71678823206275e-001 1.44356669316691e+000 1.06183667659510e+001 2.95010795322019e-003 7417 338
7.76183406388615e+002 1.73718691573564e+006 4.46804743753748e-004 3.26151310769982e-001 1.45823581972716e+000 1.06190515536232e+001 2.95054371742829e-003 7472 339
7.76732800458932e+002 1.73715228294622e+006 4.47129912743620e-004 7.60521256141850e-001 1.50339371913816e+000 1.06191599728137e+001 2.95061165318815e-003 7479 340
7.74809736472496e+002 1.73712685898249e+006 4.46029419834967e-004 8.51832636494034e-001 1.53599177816095e+000 1.06193811552300e+001 2.95066467910580e-003 7501 341
7.75723414307349e+002 1.73719697108363e+006 4.46537367760230e-004 2.79030732139042e-001 1.44500484282968e+000 1.06194093397287e+001 2.95127794820240e-003 7529 342
7.75702116357046e+002 1.73713818055697e+006 4.46540219702313e-004 7.51823480941191e-001 1.52141852824488e+000 1.06194165358932e+001 2.95134769850402e-003 7555 343
7.74732175935367e+002 1.73711729458653e+006 4.45987226644840e-004 1.56682027649770e-001 1.54394953962828e+000 1.06194294701975e+001 2.95354723900783e-003 7560 344
7.77328063257275e+002 1.73713559720755e+006 4.47476876660593e-004 5.64592425305948e-002 1.48997098895230e+000 1.06194310145991e+001 2.97426264636363e-003 7565 345
7.74747008668502e+002 1.73711074332671e+006 4.45997447356479e-004 3.51329081087680e-001 1.55602999679556e+000 1.06194365857440e+001 2.97463496289975e-003 7571 346
7.75337928499713e+002 1.73713747791010e+006 4.46330752098666e-004 8.28272347178564e-002 1.50627001846370e+000 1.06201983150786e+001 2.98356071838877e-003 7627 347
7.75327851639325e+002 1.73711959179290e+006 4.46329546807270e-004 1.37333292641987e-001 1.53963509063997e+000 1.06202050570404e+001 2.98649980898796e-003 7636 348
7.75300256272943e+002 1.73711148647790e+006 4.46315743594304e-004 8.79879146702475e-001 1.55583824350719e+000 1.06202394664523e+001 2.98654921177524e-003 7639 349
7.74636463871459e+002 1.73710555139244e+006 4.45935143033151e-004 4.29975280007324e-001 1.56302899182104e+000 1.06202507347638e+001 2.98678796097246e-003 7662 350
7.74800977259802e+002 1.73710847232581e+006 4.46029098483575e-004 3.11227759636219e-001 1.55871454283273e+000 1.06202611743158e+001 2.98727406215608e-003 7678 351
7.74956514250357e+002 1.73710785365110e+006 4.46118795220690e-004 9.38657795953246e-001 1.56053619907224e+000 1.06202615232700e+001 2.98731691619835e-003 7679 352
7.75227442722155e+002 1.73711150580182e+006 4.46273822185912e-004 2.39478743858150e-001 1.55401658726768e+000 1.06211903186686e+001 2.98818204787609e-003 7705 353
7.75775578784987e+002 1.73716519765263e+006 4.46575563603483e-004 4.59120456556902e-001 1.48642355311747e+000 1.06215632762496e+001 2.98838798963650e-003 7716 354
7.75291253230815e+002 1.73718209914024e+006 4.46292419281286e-004 3.47117526779992e-001 1.46437192495499e+000 1.06215639814426e+001 2.98876819496638e-003 7721 355
7.81570434026247e+002 1.73718767428367e+006 4.49905553016697e-004 6.38264107181005e-001 1.45881107959227e+000 1.06217343017354e+001 2.98886768987937e-003 7752 356
7.74643375574669e+002 1.73711251844068e+006 4.45937333363687e-004 3.17789239173559e-001 1.55353720404675e+000 1.06217444143240e+001 2.98933194830689e-003 7769 357
7.77086549358974e+002 1.73713677739482e+006 4.47337542809887e-004 3.45225379192480e-001 1.52256904797510e+000 1.06217465868635e+001 2.98971849278046e-003 7772 358
7.74755591640351e+002 1.73710599082164e+006 4.46003608509022e-004 1.58116397595141e-001 1.55861866618854e+000 1.06223944009989e+001 2.99187499191019e-003 7814 359
7.79841507790944e+002 1.73717389070167e+006 4.48913870729687e-004 3.15836054567095e-001 1.47520598574786e+000 1.16034086976731e+001 2.99234351147020e-003 7817 360
7.75536748425462e+002 1.73716076067366e+006 4.46439221089221e-004 6.96737571337016e-002 1.46964514038514e+000 1.16034086976731e+001 3.00536176823579e-003 7817 361
7.80006155181523e+002 1.73716695451656e+006 4.49010442395550e-004 4.44654683065279e-001 1.48460189687796e+000 1.16034873497161e+001 3.00558270352333e-003 7821 362
7.77626629995797e+002 1.73714525301645e+006 4.47646261418473e-004 3.65001373332926e-001 1.51183086382641e+000 1.16036849129706e+001 3.00592446834251e-003 7832 363
7.77440666989488e+002 1.73717933213188e+006 4.47530430915595e-004 2.35908078249458e-002 1.25804538666951e+000 1.16036947370608e+001 3.14079003635716e-003 7842 364
7.77854216789035e+002 1.73716020172574e+006 4.47773420107965e-004 5.86016418958098e-001 1.49323079485458e+000 1.16037195902393e+001 3.14091049040802e-003 7863 365
7.79948199189742e+002 1.73716982628238e+006 4.48976337823925e-004 3.46385082552568e-001 1.48057507782220e+000 1.16037539433964e+001 3.14129307770258e-003 7881 366
