1.36703642791849e+003 1.73718729870183e+006 7.86925017676843e-004 1.84881130405591e-001 1.50128443296609e+000 1.14231334755462e-006 1.52516531700917e-006 3 1
1.36752273516590e+003 1.73718338252979e+006 7.87206731561262e-004 7.29606006042665e-001 1.50952982436598e+000 1.45662786332509e-002 1.59962490395254e-006 92 2
1.36069042941149e+003 1.73717433356239e+006 7.83277835074263e-004 7.32657856990265e-001 1.51585768288217e+000 1.49365147288134e-002 1.67343101017795e-006 137 3
1.35978386856544e+003 1.73714004103271e+006 7.82771428162901e-004 7.15628528702658e-001 1.54097736365856e+000 1.61896166479216e-002 1.75123910201698e-006 156 4
1.36087487297915e+003 1.73715827992084e+006 7.83391248983185e-004 8.82290108951079e-001 1.52774638676107e+000 1.69652247837544e-002 1.80030537023345e-006 220 5
1.36043503679907e+003 1.73711467793872e+006 7.83157713156150e-004 2.88308359019746e-001 1.55765989974670e+000 2.69191710183922e+002 2.37549004470855e-006 258 6
1.36023886721891e+003 1.73714589026989e+006 7.83030715401376e-004 1.97332682271798e-001 1.53206083574938e+000 2.69191731978687e+002 3.69912112051559e-006 297 7
1.36146260894397e+003 1.73715898465961e+006 7.83729262672889e-004 6.13086336863308e-001 1.52697937360759e+000 2.69191959241707e+002 3.80840750330727e-006 328 8
1.36005340080293e+003 1.73710767107404e+006 7.82941176040736e-004 9.64781640064699e-001 1.56494652470473e+000 2.69194267481225e+002 3.84875154437187e-006 343 9
1.35996731050563e+003 1.73710418815816e+006 7.82893186214931e-004 7.22891933957945e-001 1.56734344080935e+000 2.69194267518767e+002 3.92488344498056e-006 344 10
1.36006197840484e+003 1.73713160761913e+006 7.82935325417547e-004 2.00415051728874e-001 1.54270314325388e+000 2.69194275297924e+002 5.20459636950671e-006 353 11
1.36166338797004e+003 1.73712361182065e+006 7.83860802891910e-004 3.79345072786645e-002 1.41566658970916e+000 2.69194600516780e+002 5.44548096317255e-005 456 12
1.36299259743116e+003 1.73714318144665e+006 7.84617141690685e-004 5.15091402935881e-001 1.53838869426557e+000 2.69195062749012e+002 5.46151921881129e-005 476 13
1.36063566554846e+003 1.73712040571388e+006 7.83270625811025e-004 8.84182256538591e-001 1.55555061357463e+000 2.69195228344571e+002 5.46640673569605e-005 510 14
1.36194209499002e+003 1.73713956483403e+006 7.84014044414549e-004 8.10419019135105e-001 1.54145674687948e+000 2.69199511879394e+002 5.47232483939552e-005 557 15
1.36203764984925e+003 1.73714931865316e+006 7.84064648971961e-004 2.72164067506943e-001 1.53196495910520e+000 2.71395705402524e+002 5.53757407828132e-005 596 16
1.36490428543142e+003 1.73717775599906e+006 7.85701981189647e-004 4.41541795098727e-001 1.51288550691244e+000 2.71395707751447e+002 5.56005758491017e-005 602 17
1.36024207103101e+003 1.73717513230714e+006 7.83019378839232e-004 3.23068941312906e-001 1.51374839671010e+000 2.71396981682270e+002 5.60476444342523e-005 624 18
1.36410568646936e+003 1.73718573096174e+006 7.85238666072322e-004 9.28220465712455e-001 1.50780404477065e+000 2.71396987058315e+002 5.60914809442131e-005 643 19
1.36318350487882e+003 1.73719147445316e+006 7.84705223993177e-004 3.49131748405408e-002 1.33858176778466e+000 2.71396987846912e+002 1.14320302959475e-004 648 20
1.36505927665902e+003 1.73716868455131e+006 7.85795304644578e-004 1.79143650624104e-001 1.51441953321940e+000 2.71397894107556e+002 1.15956354706531e-004 722 21
1.36616679124875e+003 1.73717359128590e+006 7.86430622970531e-004 5.97766045106357e-001 1.51643294274728e+000 2.71397899584520e+002 1.16071838194703e-004 737 22
1.36609529636763e+003 1.73719804340093e+006 7.86378398227719e-004 6.56727805413984e-001 1.49869576357311e+000 2.71397954217564e+002 1.16165627428370e-004 753 23
1.36237086224809e+003 1.73716646771241e+006 7.84248722423923e-004 7.57499923703726e-001 1.52170615817743e+000 2.71397954320743e+002 1.16234233963660e-004 755 24
1.36129080669306e+003 1.73714747615928e+006 7.83635555832880e-004 2.83150730918302e-001 1.53349898541215e+000 2.71397956817879e+002 1.16832355776866e-004 767 25
1.35973853205763e+003 1.73712407993081e+006 7.82752521861976e-004 2.30719931638539e-002 1.13762432157353e+000 2.71397962480542e+002 2.51932721860920e-004 770 26
1.36109050587412e+003 1.73711770741755e+006 7.83533678533336e-004 5.67217017120884e-001 1.55718051652577e+000 2.71398451945728e+002 2.52062512114984e-004 789 27
1.35978960814256e+003 1.73710201845542e+006 7.82791865965743e-004 1.89703054902799e-001 1.56389188161870e+000 2.76124603766286e+002 2.53507142777048e-004 801 28
1.35976278754821e+003 1.73710062587976e+006 7.82777053650859e-004 1.64464247566149e-001 1.56312486846522e+000 2.76124958689581e+002 2.55484843669698e-004 831 29
1.36062559719426e+003 1.73711828983660e+006 7.83265783858568e-004 5.10238959929197e-001 1.55660525666066e+000 2.76126375603071e+002 2.55648670491409e-004 844 30
1.36351385810292e+003 1.73714513894719e+006 7.84916324787846e-004 8.45454268013550e-001 1.53742992782373e+000 2.76126399878737e+002 2.55702583135272e-004 857 31
1.36033479178433e+003 1.73711099180697e+006 7.83101667150804e-004 1.89397869808039e-001 1.55727639316996e+000 2.76126453404244e+002 2.57152241957856e-004 884 32
1.36237325011898e+003 1.73714221807927e+006 7.84261044734215e-004 4.32355723746452e-001 1.53877220084231e+000 2.76126639493590e+002 2.57387994993799e-004 910 33
1.36651382438347e+003 1.73718011806572e+006 7.86627436219242e-004 9.63316751609851e-001 1.51202261711478e+000 2.76126639556560e+002 2.57428404925120e-004 912 34
1.36600718793966e+003 1.73719028196673e+006 7.86331192718535e-004 7.45994445631275e-001 1.50444836222419e+000 2.76126687729057e+002 2.57499290161545e-004 944 35
1.36293436616944e+003 1.73718723146626e+006 7.84563725679742e-004 4.23474837488937e-001 1.50579063524277e+000 2.76126812535141e+002 2.57745662359310e-004 970 36
1.36009960991365e+003 1.73711691599927e+006 7.82963610254779e-004 9.40916165654469e-001 1.55813928296762e+000 2.77893132903617e+002 2.57788289270108e-004 1032 37
1.36727655908750e+003 1.73717843481423e+006 7.87067263417034e-004 3.21665089877010e-002 1.31672189291055e+000 2.77902359622403e+002 3.27142191456017e-004 1161 38
1.36138350727658e+003 1.73716036004517e+006 7.83683107147972e-004 5.88763084810938e-001 1.52592473052156e+000 2.77902461235918e+002 3.27261651885483e-004 1213 39
1.36057343737637e+003 1.73711637935028e+006 7.83236618646294e-004 3.88927884762108e-001 1.55746814645833e+000 2.77902707549062e+002 3.27559352779989e-004 1258 40
1.36268237476532e+003 1.73713224456817e+006 7.84443498482445e-004 6.22699667348247e-001 1.54663408566546e+000 2.77903352472773e+002 3.27665032320029e-004 1300 41
1.36035967635970e+003 1.73713023231215e+006 7.83107318595011e-004 9.49674977874081e-001 1.54835986526078e+000 2.77906081085769e+002 3.27706791925292e-004 1333 42
1.36326515726551e+003 1.73718019634527e+006 7.84757321250073e-004 1.92327646717734e-001 1.50674940168462e+000 2.80896170873802e+002 3.29105565973214e-004 1500 43
1.36002631940298e+003 1.73710913077949e+006 7.82924928215030e-004 7.14041566209906e-001 1.56370012833033e+000 2.80896178176152e+002 3.29183787821411e-004 1525 44
1.35988132253267e+003 1.73710708193229e+006 7.82842381381825e-004 8.68526261177404e-001 1.56533003128147e+000 2.80896193807248e+002 3.29234627372379e-004 1537 45
1.36008584374375e+003 1.73712118699095e+006 7.82953760515284e-004 4.34278389843440e-002 1.45085331812494e+000 2.80896233787509e+002 3.65989010891109e-004 1565 46
1.35988332043109e+003 1.73717054896527e+006 7.82814930556242e-004 7.73522141178625e-001 1.51863810556352e+000 2.80909990482785e+002 3.66054519689450e-004 1701 47
1.36021846837387e+003 1.73711636499100e+006 7.83032281420973e-004 4.02935880611591e-001 1.55756402310251e+000 2.80910859788453e+002 3.66329925817507e-004 1758 48
1.35980302148499e+003 1.73711987011004e+006 7.82791543138220e-004 8.81954405346843e-001 1.55593412015137e+000 2.80926494949389e+002 3.66379073295129e-004 1800 49
1.36590435131301e+003 1.73718211802978e+006 7.86275690761408e-004 5.98071230201117e-001 1.51020096087527e+000 2.80929418581966e+002 3.66494385819577e-004 1883 50
1.36861170100456e+003 1.73719389371951e+006 7.87828821410485e-004 8.91262550737022e-001 1.50205144611957e+000 2.80932117061280e+002 3.66542302997128e-004 1953 51
1.36089073878777e+003 1.73716777978775e+006 7.83396098076878e-004 5.84063234351634e-001 1.52045976180303e+000 2.80932126157112e+002 3.66663856799527e-004 1977 52
1.36406981221767e+003 1.73714620589996e+006 7.85235881254599e-004 4.80330820642720e-001 1.53608765480514e+000 2.80932134862859e+002 3.66850873352127e-004 1979 53
1.36051657213899e+003 1.73719411573686e+006 7.83168836260266e-004 7.47154148991363e-001 1.50138030961028e+000 2.80932250525840e+002 3.66921502024631e-004 2026 54
1.35989843392440e+003 1.73710463618990e+006 7.82853334096394e-004 4.04156620990631e-001 1.56619292107913e+000 2.80932279188536e+002 3.67195102443175e-004 2067 55
1.36065093429245e+003 1.73716713264662e+006 7.83258346575565e-004 8.48780785546434e-001 1.52122677495651e+000 2.80934313833277e+002 3.67248515413192e-004 2125 56
1.36040409324623e+003 1.73711900309067e+006 7.83137950083771e-004 7.07419049653615e-002 1.51777521576586e+000 2.80934329637879e+002 3.79885140612107e-004 2129 57
1.36072649327254e+003 1.73711380607748e+006 7.83325888147459e-004 6.96798608355968e-001 1.56024856913968e+000 2.80934337932665e+002 3.79967681765094e-004 2146 58
1.36002067690601e+003 1.73711050720161e+006 7.82921059648102e-004 5.62303537095248e-001 1.56245373195593e+000 2.80934371831373e+002 3.80099987840525e-004 2180 59
1.36132254846349e+003 1.73715813494788e+006 7.83649019862534e-004 4.32844019898068e-001 1.52707525025178e+000 2.80934753166208e+002 3.80335051964029e-004 2267 60
1.36033290991488e+003 1.73711339432598e+006 7.83099500749819e-004 6.86452833643605e-001 1.56053619907224e+000 2.80940237864034e+002 3.80420354961135e-004 2340 61
1.36632117302812e+003 1.73719799158558e+006 7.86508445158656e-004 7.92413098544267e-001 1.49888751686148e+000 2.80940280943985e+002 3.80482400886066e-004 2366 62
1.35979486278306e+003 1.73710418427813e+006 7.82793914921478e-004 6.43086031678213e-001 1.56724756416517e+000 2.80940364697524e+002 3.80580878154028e-004 2398 63
1.36178815111341e+003 1.73714383949951e+006 7.83923496254501e-004 1.88482314523759e-001 1.53311547883541e+000 2.80940386001761e+002 3.82045167734898e-004 2454 64
1.36776980840897e+003 1.73719237124587e+006 7.87344883857475e-004 2.07159642323069e-001 1.49879164021729e+000 2.80940553807374e+002 3.83232391405592e-004 2491 65
1.36199487344771e+003 1.73715915750145e+006 7.84035583894655e-004 6.21570482497635e-001 1.52688349696341e+000 2.80942813829824e+002 3.83338422436977e-004 2567 66
1.36339261752685e+003 1.73719280655930e+006 7.84824996080791e-004 8.07336649678030e-001 1.50253082934049e+000 2.80943986359453e+002 3.83397988334904e-004 2665 67
1.36504808163191e+003 1.73716298851078e+006 7.85791436786360e-004 2.48512222663045e-001 1.52151440488907e+000 2.80944230354472e+002 3.84194584177702e-004 2681 68
1.36209131005064e+003 1.73716757201860e+006 7.84087299841307e-004 1.68248542741173e-001 1.51432365657521e+000 2.80944887251381e+002 3.86072797528504e-004 2888 69
1.36650953626364e+003 1.73719693318260e+006 7.86617353687052e-004 4.66475417340617e-001 1.49907927014985e+000 2.80945051499604e+002 3.86271860094624e-004 2935 70
1.36286662820202e+003 1.73717644981217e+006 7.84529601895425e-004 8.93642994476150e-001 1.51451540986358e+000 2.80945373596066e+002 3.86319534094036e-004 2992 71
1.36503606227003e+003 1.73719877966379e+006 7.85768328478378e-004 2.11737418744469e-001 1.49418956129643e+000 2.80947677610742e+002 3.87450632381740e-004 3049 72
1.36048225991153e+003 1.73711530564180e+006 7.83184614935797e-004 8.70693075350200e-002 1.53378661534471e+000 2.80948235406076e+002 3.95458741768782e-004 3100 73
1.36359063986628e+003 1.73719308254271e+006 7.84938861154769e-004 8.07214575640126e-001 1.50233907605213e+000 2.80948235887849e+002 3.95518326703979e-004 3103 74
1.36078158048906e+003 1.73711678344421e+006 7.83356257398244e-004 2.88979766228217e-001 1.55612587343974e+000 2.80950194477400e+002 3.96090563262274e-004 3161 75
1.35998376609000e+003 1.73718645171605e+006 7.82865585275320e-004 4.82497634815516e-002 1.42266558473464e+000 2.80950194571045e+002 4.25134731962210e-004 3163 76
1.36612735147167e+003 1.73718256137056e+006 7.86403858887077e-004 1.36082033753471e-001 1.49984628330332e+000 2.80950233026053e+002 4.28127512948978e-004 3218 77
1.36147046725334e+003 1.73715772335781e+006 7.83734355372962e-004 6.34052552873318e-001 1.52793814004944e+000 2.80950788853352e+002 4.28229010636818e-004 3265 78
1.36217645158861e+003 1.73715283501993e+006 7.84142963668019e-004 5.99871822260201e-001 1.53148557588427e+000 2.80951197082768e+002 4.28343685023387e-004 3306 79
1.36017534696440e+003 1.73717530031059e+006 7.82980893618077e-004 4.08642841883602e-001 1.51432365657521e+000 2.80951256562389e+002 4.28610297971580e-004 3317 80
1.36192635738919e+003 1.73715500918241e+006 7.83998014657795e-004 8.29004791405988e-001 1.53014330286569e+000 2.80951337526546e+002 4.28666576953665e-004 3384 81
1.36576153153344e+003 1.73717172434349e+006 7.86198181215344e-004 6.37531662953581e-002 1.46993277031770e+000 2.80951337912592e+002 4.44494135583611e-004 3389 82
1.36151042757312e+003 1.73717354066913e+006 7.83750222371495e-004 3.66191595202490e-001 1.51537829966124e+000 2.81043102113786e+002 4.44833530271510e-004 3416 83
1.36378728331899e+003 1.73718281841254e+006 7.85056695639836e-004 4.65742973113193e-001 1.50924219443342e+000 2.81043103612026e+002 4.45033417726328e-004 3420 84
1.36088104767769e+003 1.73711800045753e+006 7.83412968440869e-004 4.49812311166723e-001 1.55660525666066e+000 2.81050986265634e+002 4.45249598974257e-004 3449 85
1.36292204697698e+003 1.73717178589494e+006 7.84563609885285e-004 2.90505691702017e-001 1.51585768288217e+000 2.81051071623850e+002 4.45814451062101e-004 3498 86
1.36032557668284e+003 1.73712060974594e+006 7.83092026532469e-004 5.82201605273598e-001 1.55507123035371e+000 2.81055606882288e+002 4.45937001684020e-004 3548 87
1.36834215659458e+003 1.73718973961480e+006 7.87675544244163e-004 1.03610339671010e-001 1.48699881298257e+000 2.81055615381913e+002 4.51383498814360e-004 3556 88
1.36030602361432e+003 1.73712764066032e+006 7.83077601048303e-004 6.31092257454146e-001 1.54998976821192e+000 2.81055757592283e+002 4.51486118908162e-004 3606 89
1.36335885262186e+003 1.73713932535610e+006 7.84829721368821e-004 3.54319895016327e-001 1.54040210379345e+000 2.81056808588229e+002 4.51851427491136e-004 3648 90
1.36030542007025e+003 1.73712053398096e+006 7.83080457232060e-004 4.86953337199011e-001 1.55487947706534e+000 2.81058544103950e+002 4.52032980527430e-004 3698 91
1.36218292908623e+003 1.73719264903393e+006 7.84128720934196e-004 6.58314767906735e-001 1.50243495269631e+000 2.81058558893417e+002 4.52126297619919e-004 3706 92
1.36183564347293e+003 1.73713504927901e+006 7.83954802506665e-004 4.85702078310495e-001 1.54423716956084e+000 2.81060218145498e+002 4.52308839948909e-004 3723 93
1.36139011156636e+003 1.73717685264544e+006 7.83679468669140e-004 5.90350047303690e-001 1.51384427335429e+000 2.81060393119647e+002 4.52427521950784e-004 3732 94
1.36403109181674e+003 1.73715793331659e+006 7.85208290693784e-004 8.87783440656758e-002 1.50348959578234e+000 2.81061050184248e+002 4.60088262305095e-004 3754 95
1.36343789194847e+003 1.73714947705729e+006 7.84870634327278e-004 8.70998260444960e-001 1.53426599856563e+000 2.81061084172314e+002 4.60138752008772e-004 3811 96
1.36121320093450e+003 1.73717380116371e+006 7.83579007137596e-004 1.43406476027711e-001 1.50713290826136e+000 2.81061122724862e+002 4.62806831191304e-004 3856 97
1.36203872486006e+003 1.73715577670085e+006 7.84062352969081e-004 9.77690969573046e-001 1.52966391964476e+000 2.81061126682928e+002 4.62845980101451e-004 3863 98
1.36203713589879e+003 1.73715072177456e+006 7.84063719813916e-004 5.48173467207862e-001 1.53292372554704e+000 2.81061239789052e+002 4.62985809836366e-004 3883 99
1.36187873540196e+003 1.73715513372862e+006 7.83970544686360e-004 1.57658619953001e-001 1.52247317133091e+000 2.81061284701947e+002 4.65153735791976e-004 3937 100
1.36057695314745e+003 1.73718700732372e+006 7.83206798814963e-004 8.33491012298959e-001 1.50665352504044e+000 2.81061318987389e+002 4.65209282029389e-004 3963 101
1.36305248038579e+003 1.73716690300293e+006 7.84640899100322e-004 7.65160069582202e-001 1.52141852824488e+000 2.81061336004586e+002 4.65276385654482e-004 3990 102
1.36376118227177e+003 1.73715916685931e+006 7.85052359118068e-004 5.48234504226813e-001 1.52678762031922e+000 2.81061339626776e+002 4.65416146008370e-004 4009 103
1.35988067653796e+003 1.73713413135286e+006 7.82829819646911e-004 1.20883816034425e-001 1.53234846568194e+000 2.81061353510119e+002 4.69306594459804e-004 4030 104
1.36324733595192e+003 1.73714916605588e+006 7.84761080244576e-004 5.04531998657186e-001 1.53397836863308e+000 2.81061835471985e+002 4.69474428905034e-004 4082 105
1.36263822096115e+003 1.73715977016546e+006 7.84405651621661e-004 7.31772820215461e-001 1.52659586703085e+000 2.81067369580576e+002 4.69548470968839e-004 4300 106
1.36352050427639e+003 1.73715726295195e+006 7.84914672573603e-004 2.28003784295175e-001 1.52506184072390e+000 2.81069556672218e+002 4.70511421151563e-004 4327 107
1.35982922446420e+003 1.73711134700566e+006 7.82810468104949e-004 3.95855586413160e-001 1.56120733558153e+000 2.81070001756741e+002 4.70797792665674e-004 4392 108
1.36242132999917e+003 1.73714530604240e+006 7.84287328132764e-004 2.02948088015381e-002 8.64759392223884e-001 2.81070227697979e+002 6.20985267652473e-004 4408 109
1.35995282163330e+003 1.73710965940450e+006 7.82882379606909e-004 3.69121372112186e-001 1.56226197866756e+000 2.81070227697979e+002 6.21319264722437e-004 4408 110
1.36177769576436e+003 1.73714591305014e+006 7.83916541831774e-004 7.63847773674734e-001 1.53675879131443e+000 2.81070330009582e+002 6.21386665370349e-004 4427 111
1.36703412313135e+003 1.73718206589426e+006 7.86926061343947e-004 1.16580706198309e-001 1.49639472411267e+000 2.81070456022161e+002 6.25591499261615e-004 4461 112
1.35984697237774e+003 1.73713859450762e+006 7.82808406255427e-004 6.33320108645894e-001 1.54193613010041e+000 2.81070581970195e+002 6.25693306485316e-004 4471 113
1.36258705241344e+003 1.73713604978112e+006 7.84386906906573e-004 9.77996154667806e-001 1.54414129291665e+000 2.81070598087978e+002 6.25732447733533e-004 4480 114
1.36217129220654e+003 1.73716370284671e+006 7.84135088011116e-004 5.55681020538957e-001 1.52343193777276e+000 2.92940216846050e+002 6.25868100022836e-004 4564 115
1.36100649822124e+003 1.73718192161369e+006 7.83456357002202e-004 6.40430921353801e-001 1.51020096087527e+000 2.92940231074806e+002 6.25967295950193e-004 4571 116
1.36495757628864e+003 1.73716008514088e+006 7.85740650537082e-004 8.01263466292306e-001 1.52649999038667e+000 2.92940362044216e+002 6.26027941470300e-004 4580 117
1.35983252543529e+003 1.73710376132638e+006 7.82815786794602e-004 9.69573046052431e-001 1.56782282403027e+000 2.92940368529288e+002 6.26067848701806e-004 4609 118
1.36451092759468e+003 1.73719772796718e+006 7.85466515994255e-004 1.76885280922880e-001 1.49303904156621e+000 2.92943178003335e+002 6.27747792389318e-004 4811 119
1.36257535715214e+003 1.73715191069998e+006 7.84373012700811e-004 6.48548844874416e-001 1.53225258903775e+000 2.92943717629579e+002 6.27844382818997e-004 4873 120
1.36423219837676e+003 1.73716878820102e+006 7.85319151017533e-004 7.58537553025910e-001 1.52007625522629e+000 2.92943787156977e+002 6.27912777487354e-004 4917 121
1.35978538267277e+003 1.73710158462394e+006 7.82789628982241e-004 5.08774071474349e-001 1.56887746711631e+000 2.92943791019912e+002 6.28077660137852e-004 4925 122
1.36045233656675e+003 1.73711178914735e+006 7.83168974455223e-004 8.79177220984527e-001 1.56187847209082e+000 2.92943792251289e+002 6.28127153309460e-004 4936 123
1.36323642817769e+003 1.73719878523143e+006 7.84732386378478e-004 4.62599566637165e-001 1.49754524384289e+000 2.92943792251289e+002 6.28329880971531e-004 4936 124
1.36269577983920e+003 1.73714214877558e+006 7.84446742763698e-004 7.62108218634602e-001 1.53953921399579e+000 2.92943817249121e+002 6.28397626695190e-004 4946 125
1.36082623937680e+003 1.73712926382898e+006 7.83376337813414e-004 2.86782433545946e-001 1.54692171559801e+000 2.93167911849220e+002 6.28979450262612e-004 4952 126
1.36306795819527e+003 1.73715279455208e+006 7.84656181499802e-004 4.46333201086459e-001 1.53110206930754e+000 2.93167913054414e+002 6.29199204993851e-004 4959 127
1.36049564987542e+003 1.73714953579075e+006 7.83176890465854e-004 1.77770317697684e-001 1.52822576998199e+000 2.93167980342876e+002 6.30864329464115e-004 4982 128
1.36066385941506e+003 1.73715781128458e+006 7.83269989816141e-004 3.55235450300607e-001 1.52678762031922e+000 2.93169141958949e+002 6.31227385897613e-004 5135 129
1.36247589653558e+003 1.73715362034810e+006 7.84314985848442e-004 7.37327188940092e-001 1.53110206930754e+000 2.93169159871958e+002 6.31300220191236e-004 5146 130
1.36272637603488e+003 1.73717587800456e+006 7.84449124447640e-004 4.33362834559160e-001 1.51413190328684e+000 2.93169280921039e+002 6.31534513255904e-004 5174 131
1.36270414731812e+003 1.73718508120358e+006 7.84432172804518e-004 4.37513351847896e-001 1.50742053819391e+000 2.93169285716651e+002 6.31763851802329e-004 5188 132
1.36046312475182e+003 1.73717820442984e+006 7.83145242756975e-004 8.08435316019166e-001 1.51307726020081e+000 2.93173679216223e+002 6.31823279274685e-004 5288 133
1.36284919348866e+003 1.73719457329944e+006 7.84511381075756e-004 9.23612170781579e-001 1.50128443296609e+000 2.93196323479738e+002 6.31867579240411e-004 5436 134
1.36510789154237e+003 1.73716651275950e+006 7.85824272182270e-004 3.92956328012940e-001 1.52084326837977e+000 2.93196337577522e+002 6.32158269974475e-004 5462 135
1.36048803065578e+003 1.73712533598266e+006 7.83183414754858e-004 9.51872310556352e-002 1.53062268608661e+000 2.93203994809945e+002 6.38739499169765e-004 5497 136
1.35973298311056e+003 1.73711288101792e+006 7.82754373802679e-004 7.95983764152959e-001 1.56101558229316e+000 2.93203996598117e+002 6.38801090652663e-004 5510 137
1.36538351409735e+003 1.73716904964186e+006 7.85981786410310e-004 5.40299691763054e-001 1.51959687200537e+000 2.93203997491809e+002 6.38945356933456e-004 5513 138
1.36175558868109e+003 1.73712722980510e+006 7.83912246826372e-004 2.39631336405530e-001 1.54740109881893e+000 2.93204788036028e+002 6.39809162283289e-004 5615 139
1.36123938450335e+003 1.73715352188675e+006 7.83603227197281e-004 1.61473433637501e-001 1.52400719763787e+000 2.93204797319671e+002 6.41866155030513e-004 5617 140
1.36008945244045e+003 1.73713786191646e+006 7.82948322261928e-004 4.57106234931486e-001 1.54203200674459e+000 2.93204799111261e+002 6.42074754541431e-004 5630 141
1.36085302597217e+003 1.73711675103491e+006 7.83397400762519e-004 8.79116183965575e-001 1.55823515961180e+000 2.93218662309671e+002 6.42124253336362e-004 5665 142
1.35991862596046e+003 1.73711854771454e+006 7.82858688563829e-004 4.40382091738639e-002 1.45574302697836e+000 2.93218719487341e+002 6.77787811083837e-004 5714 143
1.36226244648517e+003 1.73719571207476e+006 7.84173111748775e-004 2.09601123081149e-001 1.49620297082430e+000 2.93218753002793e+002 6.78944603403881e-004 5760 144
1.36026444614160e+003 1.73711889067319e+006 7.83057610746382e-004 8.00531022064882e-001 1.55660525666066e+000 2.93218819269549e+002 6.79005424605579e-004 5789 145
1.36016975058461e+003 1.73714887811248e+006 7.82989581239308e-004 7.77367473372600e-001 1.53455362849818e+000 2.93223232543309e+002 6.79070268247534e-004 5853 146
1.36233912671844e+003 1.73719843815114e+006 7.84216021337889e-004 8.72249519333476e-001 1.49840813364055e+000 2.93224435122845e+002 6.79120500448954e-004 5911 147
1.36042377193709e+003 1.73712485465877e+006 7.83146640360451e-004 9.05941953794977e-001 1.55229080767235e+000 2.93228248801562e+002 6.79166827590944e-004 6025 148
1.36551677418190e+003 1.73718254342136e+006 7.86052391622261e-004 1.61564989165929e-001 1.50291433591723e+000 2.93228678836624e+002 6.81218770888149e-004 6187 149
1.36583797250165e+003 1.73717995857915e+006 7.86238457516128e-004 2.60628070925016e-002 1.19802660740989e+000 2.93229449169817e+002 7.87237851001797e-004 6303 150
1.36258377552374e+003 1.73715297563367e+006 7.84377377924609e-004 9.81780449842830e-002 1.51163911053804e+000 2.93230307788935e+002 7.93380259449044e-004 6406 151
1.35982714598727e+003 1.73710281753856e+006 7.82813115315990e-004 5.63676870021668e-001 1.56811045396283e+000 2.93230342897762e+002 7.93511861499675e-004 6438 152
1.36288619576275e+003 1.73715935717930e+006 7.84548585311952e-004 1.03091525009919e-001 1.50885868785668e+000 2.93230473578547e+002 7.99027637293794e-004 6491 153
1.36500279658235e+003 1.73715878864128e+006 7.85767268125592e-004 1.77159947508164e-001 1.52151440488907e+000 2.93230919825950e+002 8.00704891536818e-004 6589 154
1.36391731097759e+003 1.73714564765435e+006 7.85148345248644e-004 1.94280831324198e-001 1.53215671239357e+000 2.93232472257445e+002 8.02074702102556e-004 6644 155
1.36145432185704e+003 1.73711985763316e+006 7.83742144858939e-004 8.38679158909879e-001 1.55593412015137e+000 2.93271315827264e+002 8.02129602040804e-004 6730 156
1.36640594273448e+003 1.73718348879346e+006 7.86563808462714e-004 1.95471053193762e-001 1.50464011551256e+000 2.93271317012381e+002 8.03479180779430e-004 6735 157
1.36006859009955e+003 1.73710781883903e+006 7.82949853450335e-004 9.95422223578600e-001 1.56485064806055e+000 2.93272635725374e+002 8.03516843083605e-004 6762 158
1.36307544400401e+003 1.73717553778044e+006 7.84650217909454e-004 6.03473006378368e-001 1.51489891644032e+000 2.93272808467573e+002 8.03629927976950e-004 6794 159
1.36019870225839e+003 1.73710811275294e+006 7.83024622521041e-004 5.30106509598071e-002 1.49514832773827e+000 2.93272817235852e+002 8.27436011572389e-004 6812 160
1.36040619597618e+003 1.73712732143280e+006 7.83135410443741e-004 3.73729667043062e-001 1.54931863170263e+000 2.93272820021104e+002 8.27760952081002e-004 6819 161
1.35990296431121e+003 1.73710543518918e+006 7.82855582022721e-004 7.81914731284524e-001 1.56648055101169e+000 2.93272820098731e+002 8.27825010465247e-004 6820 162
1.36204774420824e+003 1.73714574253522e+006 7.84072073944420e-004 6.47144993438521e-001 1.53675879131443e+000 2.93272829273971e+002 8.27922078348401e-004 6826 163
1.36312977535004e+003 1.73713841990908e+006 7.84698260049062e-004 6.31153294473098e-001 1.54212788338878e+000 2.93275091477816e+002 8.28024656654573e-004 6911 164
1.36029367842901e+003 1.73711872650746e+006 7.83074512769375e-004 6.77236243781854e-001 1.55660525666066e+000 2.93275256784878e+002 8.28112530278967e-004 6942 165
1.36199267921577e+003 1.73713291687620e+006 7.84046164170196e-004 8.17896053956725e-002 1.51739170918912e+000 2.93690810842880e+002 8.37295332615021e-004 7039 166
1.36308204444823e+003 1.73717127002893e+006 7.84655945111550e-004 5.75182348094119e-001 1.51796696905423e+000 2.93690811689270e+002 8.37421037501014e-004 7041 167
1.35973038707764e+003 1.73710536049300e+006 7.82756268155271e-004 1.51280251472518e-001 1.55833103625599e+000 2.93695704128918e+002 8.39797746603282e-004 7059 168
1.36082961689243e+003 1.73717039258140e+006 7.83359735087033e-004 6.39973143711661e-001 1.51863810556352e+000 2.93695842989694e+002 8.39897146019370e-004 7090 169
1.36024539635543e+003 1.73710864605910e+006 7.83051262464855e-004 7.39768669698172e-001 1.56408363490707e+000 2.93695888968975e+002 8.39969507901467e-004 7112 170
1.36254551008481e+003 1.73714697849799e+006 7.84358058085715e-004 4.39710684530167e-001 1.53532064165166e+000 2.93695935094354e+002 8.40196645960874e-004 7134 171
1.36045695865560e+003 1.73714150721447e+006 7.83158237176459e-004 8.38679158909879e-001 1.54001859721671e+000 2.93714925739972e+002 8.40251525959657e-004 7247 172
1.36496029297088e+003 1.73719906518801e+006 7.85724583573328e-004 5.27024140140996e-001 1.49764112048708e+000 2.93817300160712e+002 8.40403699951983e-004 7393 173
1.36106995108418e+003 1.73713073648582e+006 7.83515969165646e-004 6.71498764000366e-001 1.54778460539567e+000 2.93817366329157e+002 8.40493219157169e-004 7403 174
1.36122041618406e+003 1.73712020127284e+006 7.83607338497268e-004 9.54100161748100e-001 1.55574236686300e+000 2.93817370471704e+002 8.40534559564313e-004 7412 175
1.36449035475293e+003 1.73719414718902e+006 7.85456292468637e-004 6.73665578173162e-001 1.50147618625446e+000 2.93822669468188e+002 8.40623256541342e-004 7618 176
1.36177496801012e+003 1.73713616875653e+006 7.83919368873976e-004 8.16461684011353e-001 1.54394953962828e+000 2.93822999195326e+002 8.40681482331155e-004 7726 177
1.36824839320809e+003 1.73719412417544e+006 7.87619582197828e-004 8.80550553910947e-001 1.50185969283120e+000 2.93823205664190e+002 8.40730690645455e-004 7747 178
1.36462508086090e+003 1.73715621515082e+006 7.85550998960342e-004 8.87081514938810e-001 1.52937628971221e+000 2.93823514244182e+002 8.40779179093165e-004 7771 179
1.36102298502780e+003 1.73711701054887e+006 7.83495123395943e-004 2.42378002258370e-001 1.55497535370952e+000 2.93823517489497e+002 8.41621720582510e-004 7789 180
1.36180909459874e+003 1.73713396408265e+006 7.83940009109120e-004 7.19321268349254e-001 1.54548356593524e+000 2.93823517544049e+002 8.41698662173534e-004 7790 181
1.36066250561834e+003 1.73713978564100e+006 7.83277338185052e-004 6.30146183660390e-001 1.54107324030274e+000 2.93823688525038e+002 8.41801598328567e-004 7822 182
1.36347605891330e+003 1.73717295622855e+006 7.84881996947666e-004 3.89324625385296e-001 1.51604943617054e+000 2.93825618051577e+002 8.42098213531531e-004 7864 183
1.36557432567997e+003 1.73718032665628e+006 7.86086523919506e-004 3.55174413281655e-001 1.51048859080782e+000 2.93825687001405e+002 8.42461098323603e-004 7893 184
1.35988315961787e+003 1.73710887542449e+006 7.82842630682805e-004 3.46537675099948e-001 1.56264548524430e+000 2.94376201003229e+002 8.42844863233232e-004 8098 185
1.36137082739399e+003 1.73712697168626e+006 7.83690870545563e-004 4.92446668904691e-001 1.55018152150029e+000 2.94376206554644e+002 8.43021975302819e-004 8112 186
1.36132196099498e+003 1.73713225188704e+006 7.83660357950800e-004 4.13525803399762e-002 1.43158211264382e+000 2.94386145274337e+002 8.83854180565976e-004 8140 187
1.36129112959795e+003 1.73712435365351e+006 7.83646172525294e-004 3.57676931058687e-002 1.39735415066988e+000 2.94386189521957e+002 9.39737908173162e-004 8163 188
1.36335835310663e+003 1.73714301009128e+006 7.84827769080845e-004 6.33411664174322e-001 1.53877220084231e+000 2.94393510485616e+002 9.39839673220218e-004 8254 189
1.35994744268305e+003 1.73710879073835e+006 7.82879674604299e-004 5.17593920712912e-001 1.56360425168615e+000 2.94393512335892e+002 9.39998434026306e-004 8261 190
1.35988518629390e+003 1.73710947666750e+006 7.82843526421579e-004 9.34293649098178e-001 1.56360425168615e+000 2.94393592795813e+002 9.40041730845243e-004 8278 191
1.36146075860988e+003 1.73712754934108e+006 7.83742379980237e-004 8.25525681325724e-001 1.55027739814447e+000 2.94393625277947e+002 9.40098567952868e-004 8285 192
1.35990513107437e+003 1.73710387403474e+006 7.82857532924935e-004 3.77178258613849e-001 1.56657642765587e+000 2.94394369696561e+002 9.40417078776558e-004 8340 193
1.36516109934307e+003 1.73715831923034e+006 7.85858607820318e-004 3.39548936429945e-001 1.52640411374248e+000 2.94394374599272e+002 9.40818053876945e-004 8359 194
1.36700612024695e+003 1.73718180884540e+006 7.86910058074430e-004 8.92544328135014e-001 1.51077622074038e+000 2.94394374599272e+002 9.40865846671157e-004 8359 195
1.36116766078163e+003 1.73711786871481e+006 7.83578021222882e-004 1.06357005523850e-001 1.54040210379345e+000 2.94394612930716e+002 9.46023410818264e-004 8443 196
1.36229969576019e+003 1.73713691951142e+006 7.84221094598955e-004 1.22257148960845e-001 1.53062268608661e+000 2.94394621534081e+002 9.49818104823351e-004 8458 197
