# 80 rows of flux data
# 12 columns of flux data
# 
# total cross-sectional flux  2.171408e+00 /m^2/yr
#
#                             +x ram      -x wake      +y port -y starboard    +z zenith     -z nadir        Earth          Sun     anti-Sun      rot (x)      rot (y)      rot (z) 
# average speed (km/s)         24.65        23.82        17.30        24.51        23.99        23.46        18.13        24.66        24.66        23.59        24.16        24.07 
# total flux (#/m2/yr)  7.235220e-01 6.170147e-01 1.055828e-01 8.025097e-01 1.028784e+00 6.637735e-04 3.463627e-02 9.548383e-01 9.414181e-01 1.454319e+00 1.876309e+00 1.783432e+00 
# velocity (km/s)
     0.5                0.000000e+00 0.000000e+00 0.000000e+00 0.000000e+00 0.000000e+00 0.000000e+00 0.000000e+00 0.000000e+00 0.000000e+00 0.000000e+00 0.000000e+00 0.000000e+00 
     1.5                0.000000e+00 0.000000e+00 0.000000e+00 0.000000e+00 0.000000e+00 0.000000e+00 0.000000e+00 0.000000e+00 0.000000e+00 0.000000e+00 0.000000e+00 0.000000e+00 
     2.5                0.000000e+00 5.417112e-06 7.524308e-07 7.736009e-07 2.389273e-06 1.595721e-09 2.282901e-07 1.840297e-06 2.095922e-07 3.085764e-06 6.124586e-06 5.725133e-06 
     3.5                3.204159e-06 1.250092e-04 2.006931e-05 5.385223e-05 9.238646e-05 5.527034e-08 6.431203e-06 5.680150e-05 2.441761e-05 1.274585e-04 1.742832e-04 1.604839e-04 
     4.5                1.273323e-04 5.613377e-04 1.181543e-04 3.440730e-04 5.283273e-04 3.210658e-07 3.831288e-05 2.949555e-04 1.814176e-04 7.661532e-04 9.605010e-04 9.083992e-04 
     5.5                5.918232e-04 1.504610e-03 4.165144e-04 1.191852e-03 1.763896e-03 1.078818e-06 1.333445e-04 9.715422e-04 7.496825e-04 2.630984e-03 3.044546e-03 2.914271e-03 
     6.5                1.971247e-03 2.817003e-03 9.444012e-04 2.700905e-03 3.914769e-03 2.714553e-06 3.082832e-04 2.204727e-03 1.910349e-03 5.942362e-03 6.874157e-03 6.636183e-03 
     7.5                3.652592e-03 4.979016e-03 1.817434e-03 4.784294e-03 7.002504e-03 5.022360e-06 5.795091e-04 4.000230e-03 3.738739e-03 1.070640e-02 1.234866e-02 1.198255e-02 
     8.5                6.139270e-03 7.404902e-03 2.720906e-03 7.754607e-03 1.115243e-02 7.852217e-06 8.623767e-04 6.443310e-03 6.331807e-03 1.701040e-02 1.949838e-02 1.887520e-02 
     9.5                9.360326e-03 9.402025e-03 3.812799e-03 1.080722e-02 1.555310e-02 1.093272e-05 1.195445e-03 9.424808e-03 9.425567e-03 2.374087e-02 2.709680e-02 2.624172e-02 
    10.5                1.264224e-02 1.142296e-02 5.197731e-03 1.343498e-02 1.954770e-02 1.475991e-05 1.634515e-03 1.291808e-02 1.286236e-02 3.014771e-02 3.445738e-02 3.357669e-02 
    11.5                1.488335e-02 1.310296e-02 6.380748e-03 1.575603e-02 2.310469e-02 1.747683e-05 1.990147e-03 1.638225e-02 1.621049e-02 3.568786e-02 4.036221e-02 3.940752e-02 
    12.5                1.705014e-02 1.435700e-02 7.183564e-03 1.743351e-02 2.573668e-02 1.921653e-05 2.193254e-03 1.945306e-02 1.923698e-02 3.956777e-02 4.513505e-02 4.405201e-02 
    13.5                1.831432e-02 1.629685e-02 7.586626e-03 1.920451e-02 2.822695e-02 2.043304e-05 2.281136e-03 2.240119e-02 2.216668e-02 4.305252e-02 4.962905e-02 4.831707e-02 
    14.5                1.996430e-02 1.799123e-02 7.516005e-03 2.149936e-02 3.091307e-02 2.175071e-05 2.241563e-03 2.554342e-02 2.526645e-02 4.668348e-02 5.441817e-02 5.276109e-02 
    15.5                2.168725e-02 1.954169e-02 7.114682e-03 2.368477e-02 3.324934e-02 2.281309e-05 2.107509e-03 2.852232e-02 2.821661e-02 4.962999e-02 5.888669e-02 5.682055e-02 
    16.5                2.353901e-02 2.094342e-02 6.770200e-03 2.577857e-02 3.543832e-02 2.436623e-05 2.030198e-03 3.133886e-02 3.100710e-02 5.247899e-02 6.321993e-02 6.083600e-02 
    17.5                2.487694e-02 2.229158e-02 6.250514e-03 2.752996e-02 3.716084e-02 2.511600e-05 1.896802e-03 3.383915e-02 3.348643e-02 5.450634e-02 6.672411e-02 6.397851e-02 
    18.5                2.609415e-02 2.326816e-02 5.564485e-03 2.919663e-02 3.864266e-02 2.562416e-05 1.713779e-03 3.604922e-02 3.567338e-02 5.614194e-02 6.965583e-02 6.655125e-02 
    19.5                2.726850e-02 2.399863e-02 5.093559e-03 3.042962e-02 3.976034e-02 2.623825e-05 1.595966e-03 3.783278e-02 3.743525e-02 5.737476e-02 7.207586e-02 6.872545e-02 
    20.5                2.787776e-02 2.466289e-02 4.554100e-03 3.132687e-02 4.044021e-02 2.642939e-05 1.441213e-03 3.906607e-02 3.864378e-02 5.791433e-02 7.363874e-02 7.006796e-02 
    21.5                2.832983e-02 2.567235e-02 4.003519e-03 3.240141e-02 4.130832e-02 2.673596e-05 1.315497e-03 4.041836e-02 3.995862e-02 5.873191e-02 7.548897e-02 7.167419e-02 
    22.5                2.922264e-02 2.629527e-02 3.639183e-03 3.357737e-02 4.245304e-02 2.706121e-05 1.207470e-03 4.181780e-02 4.132011e-02 5.997758e-02 7.761105e-02 7.356874e-02 
    23.5                2.999006e-02 2.653160e-02 3.146172e-03 3.425298e-02 4.290728e-02 2.712737e-05 1.081109e-03 4.261736e-02 4.208857e-02 6.022558e-02 7.877394e-02 7.455038e-02 
    24.5                3.014980e-02 2.665874e-02 2.746792e-03 3.452105e-02 4.294068e-02 2.699787e-05 9.738293e-04 4.286147e-02 4.230317e-02 5.992110e-02 7.903763e-02 7.471271e-02 
    25.5                3.019398e-02 2.653297e-02 2.336053e-03 3.461837e-02 4.277313e-02 2.662271e-05 8.610750e-04 4.280303e-02 4.221724e-02 5.931213e-02 7.884662e-02 7.443700e-02 
    26.5                3.005559e-02 2.585895e-02 2.001869e-03 3.422027e-02 4.207690e-02 2.593333e-05 7.603833e-04 4.216128e-02 4.156534e-02 5.801808e-02 7.765677e-02 7.324125e-02 
    27.5                2.943231e-02 2.519919e-02 1.695133e-03 3.338444e-02 4.087361e-02 2.520397e-05 6.700835e-04 4.104700e-02 4.045067e-02 5.608396e-02 7.570070e-02 7.135674e-02 
    28.5                2.847858e-02 2.434630e-02 1.444266e-03 3.242918e-02 3.957179e-02 2.410601e-05 5.885160e-04 3.963917e-02 3.904497e-02 5.404226e-02 7.323200e-02 6.897420e-02 
    29.5                2.758904e-02 2.321132e-02 1.197633e-03 3.121009e-02 3.795397e-02 2.305241e-05 5.129457e-04 3.797952e-02 3.739281e-02 5.161020e-02 7.035043e-02 6.622546e-02 
    30.5                2.632249e-02 2.194822e-02 9.961897e-04 2.968121e-02 3.600102e-02 2.178929e-05 4.467763e-04 3.593722e-02 3.537026e-02 4.875043e-02 6.680182e-02 6.285622e-02 
    31.5                2.491656e-02 2.047098e-02 7.963064e-04 2.794579e-02 3.380452e-02 2.037215e-05 3.788414e-04 3.362262e-02 3.307998e-02 4.558191e-02 6.277945e-02 5.904174e-02 
    32.5                2.330443e-02 1.876895e-02 6.380678e-04 2.594146e-02 3.131517e-02 1.879627e-05 3.220912e-04 3.098339e-02 3.047489e-02 4.206704e-02 5.817996e-02 5.469429e-02 
    33.5                2.150694e-02 1.685671e-02 5.049208e-04 2.364538e-02 2.849426e-02 1.708985e-05 2.716641e-04 2.804442e-02 2.757685e-02 3.815826e-02 5.300611e-02 4.981958e-02 
    34.5                1.942351e-02 1.494606e-02 3.964416e-04 2.117838e-02 2.548655e-02 1.527558e-05 2.273656e-04 2.493693e-02 2.451701e-02 3.403449e-02 4.745761e-02 4.459664e-02 
    35.5                1.730205e-02 1.304337e-02 3.036659e-04 1.868649e-02 2.245928e-02 1.346891e-05 1.873208e-04 2.183805e-02 2.146636e-02 2.990799e-02 4.186975e-02 3.933976e-02 
    36.5                1.515685e-02 1.119744e-02 2.207993e-04 1.624280e-02 1.949574e-02 1.166028e-05 1.501850e-04 1.880813e-02 1.848488e-02 2.588812e-02 3.635485e-02 3.414965e-02 
    37.5                1.310255e-02 9.408262e-03 1.599288e-04 1.386682e-02 1.662724e-02 9.950170e-06 1.200759e-04 1.591178e-02 1.563769e-02 2.202384e-02 3.103328e-02 2.914749e-02 
    38.5                1.108926e-02 7.646716e-03 1.106251e-04 1.155263e-02 1.383946e-02 8.262238e-06 9.340571e-05 1.312292e-02 1.289687e-02 1.828911e-02 2.583077e-02 2.425616e-02 
    39.5                9.161599e-03 5.943281e-03 7.365637e-05 9.296402e-03 1.112795e-02 6.661113e-06 7.090590e-05 1.045882e-02 1.028048e-02 1.467640e-02 2.080237e-02 1.953413e-02 
    40.5                7.261199e-03 4.392385e-03 4.699365e-05 7.148540e-03 8.551959e-03 5.148523e-06 5.207223e-05 7.967694e-03 7.834388e-03 1.125886e-02 1.602573e-02 1.505013e-02 
    41.5                5.493667e-03 3.098202e-03 2.850134e-05 5.236636e-03 6.261778e-03 3.813356e-06 3.676031e-05 5.790540e-03 5.696051e-03 8.230964e-03 1.178372e-02 1.106978e-02 
    42.5                3.946973e-03 2.067813e-03 1.641168e-05 3.656788e-03 4.371017e-03 2.674715e-06 2.476100e-05 4.002691e-03 3.939283e-03 5.737839e-03 8.240544e-03 7.741916e-03 
    43.5                2.714565e-03 1.237930e-03 8.856000e-06 2.392523e-03 2.859074e-03 1.763072e-06 1.572892e-05 2.593459e-03 2.554646e-03 3.748891e-03 5.405645e-03 5.079599e-03 
    44.5                1.723663e-03 6.436083e-04 4.475970e-06 1.406877e-03 1.681033e-03 1.069869e-06 9.347727e-06 1.520744e-03 1.500645e-03 2.202337e-03 3.214631e-03 3.023920e-03 
    45.5                9.625705e-04 2.666293e-04 1.982997e-06 7.121535e-04 8.508843e-04 5.672192e-07 4.894560e-06 7.707888e-04 7.621518e-04 1.114018e-03 1.653102e-03 1.557313e-03 
    46.5                4.496099e-04 7.814199e-05 7.645267e-07 2.877782e-04 3.438832e-04 2.540833e-07 2.182780e-06 3.178410e-04 3.156026e-04 4.500679e-04 6.941653e-04 6.562336e-04 
    47.5                1.551301e-04 1.523668e-05 2.377772e-07 8.460546e-05 1.011259e-04 8.822941e-08 7.553876e-07 9.726562e-05 9.722852e-05 1.323452e-04 2.171055e-04 2.063221e-04 
    48.5                3.748972e-05 1.361853e-06 5.138276e-08 1.703638e-05 2.037219e-05 2.171606e-08 1.814095e-07 2.078450e-05 2.094324e-05 2.666061e-05 4.755513e-05 4.549747e-05 
    49.5                5.224756e-06 1.187434e-08 6.978904e-09 1.836702e-06 2.198224e-06 3.175310e-09 2.648895e-08 2.544013e-06 2.594111e-06 2.878384e-06 6.005702e-06 5.811354e-06 
    50.5                1.513403e-07 0.000000e+00 2.341706e-10 3.513835e-08 4.214360e-08 1.044483e-10 8.597499e-10 6.527311e-08 6.703896e-08 5.530844e-08 1.601723e-07 1.576254e-07 
    51.5                0.000000e+00 0.000000e+00 0.000000e+00 0.000000e+00 0.000000e+00 0.000000e+00 0.000000e+00 0.000000e+00 0.000000e+00 0.000000e+00 0.000000e+00 0.000000e+00 
    52.5                0.000000e+00 0.000000e+00 0.000000e+00 0.000000e+00 0.000000e+00 0.000000e+00 0.000000e+00 0.000000e+00 0.000000e+00 0.000000e+00 0.000000e+00 0.000000e+00 
    53.5                0.000000e+00 0.000000e+00 0.000000e+00 0.000000e+00 0.000000e+00 0.000000e+00 0.000000e+00 0.000000e+00 0.000000e+00 0.000000e+00 0.000000e+00 0.000000e+00 
    54.5                0.000000e+00 0.000000e+00 0.000000e+00 0.000000e+00 0.000000e+00 0.000000e+00 0.000000e+00 0.000000e+00 0.000000e+00 0.000000e+00 0.000000e+00 0.000000e+00 
    55.5                0.000000e+00 0.000000e+00 0.000000e+00 0.000000e+00 0.000000e+00 0.000000e+00 0.000000e+00 0.000000e+00 0.000000e+00 0.000000e+00 0.000000e+00 0.000000e+00 
    56.5                0.000000e+00 0.000000e+00 0.000000e+00 0.000000e+00 0.000000e+00 0.000000e+00 0.000000e+00 0.000000e+00 0.000000e+00 0.000000e+00 0.000000e+00 0.000000e+00 
    57.5                0.000000e+00 0.000000e+00 0.000000e+00 0.000000e+00 0.000000e+00 0.000000e+00 0.000000e+00 0.000000e+00 0.000000e+00 0.000000e+00 0.000000e+00 0.000000e+00 
    58.5                0.000000e+00 0.000000e+00 0.000000e+00 0.000000e+00 0.000000e+00 0.000000e+00 0.000000e+00 0.000000e+00 0.000000e+00 0.000000e+00 0.000000e+00 0.000000e+00 
    59.5                0.000000e+00 0.000000e+00 0.000000e+00 0.000000e+00 0.000000e+00 0.000000e+00 0.000000e+00 0.000000e+00 0.000000e+00 0.000000e+00 0.000000e+00 0.000000e+00 
    60.5                0.000000e+00 0.000000e+00 0.000000e+00 0.000000e+00 0.000000e+00 0.000000e+00 0.000000e+00 0.000000e+00 0.000000e+00 0.000000e+00 0.000000e+00 0.000000e+00 
    61.5                0.000000e+00 0.000000e+00 0.000000e+00 0.000000e+00 0.000000e+00 0.000000e+00 0.000000e+00 0.000000e+00 0.000000e+00 0.000000e+00 0.000000e+00 0.000000e+00 
    62.5                0.000000e+00 0.000000e+00 0.000000e+00 0.000000e+00 0.000000e+00 0.000000e+00 0.000000e+00 0.000000e+00 0.000000e+00 0.000000e+00 0.000000e+00 0.000000e+00 
    63.5                0.000000e+00 0.000000e+00 0.000000e+00 0.000000e+00 0.000000e+00 0.000000e+00 0.000000e+00 0.000000e+00 0.000000e+00 0.000000e+00 0.000000e+00 0.000000e+00 
    64.5                0.000000e+00 0.000000e+00 0.000000e+00 0.000000e+00 0.000000e+00 0.000000e+00 0.000000e+00 0.000000e+00 0.000000e+00 0.000000e+00 0.000000e+00 0.000000e+00 
    65.5                0.000000e+00 0.000000e+00 0.000000e+00 0.000000e+00 0.000000e+00 0.000000e+00 0.000000e+00 0.000000e+00 0.000000e+00 0.000000e+00 0.000000e+00 0.000000e+00 
    66.5                0.000000e+00 0.000000e+00 0.000000e+00 0.000000e+00 0.000000e+00 0.000000e+00 0.000000e+00 0.000000e+00 0.000000e+00 0.000000e+00 0.000000e+00 0.000000e+00 
    67.5                0.000000e+00 0.000000e+00 0.000000e+00 0.000000e+00 0.000000e+00 0.000000e+00 0.000000e+00 0.000000e+00 0.000000e+00 0.000000e+00 0.000000e+00 0.000000e+00 
    68.5                0.000000e+00 0.000000e+00 0.000000e+00 0.000000e+00 0.000000e+00 0.000000e+00 0.000000e+00 0.000000e+00 0.000000e+00 0.000000e+00 0.000000e+00 0.000000e+00 
    69.5                0.000000e+00 0.000000e+00 0.000000e+00 0.000000e+00 0.000000e+00 0.000000e+00 0.000000e+00 0.000000e+00 0.000000e+00 0.000000e+00 0.000000e+00 0.000000e+00 
    70.5                0.000000e+00 0.000000e+00 0.000000e+00 0.000000e+00 0.000000e+00 0.000000e+00 0.000000e+00 0.000000e+00 0.000000e+00 0.000000e+00 0.000000e+00 0.000000e+00 
    71.5                0.000000e+00 0.000000e+00 0.000000e+00 0.000000e+00 0.000000e+00 0.000000e+00 0.000000e+00 0.000000e+00 0.000000e+00 0.000000e+00 0.000000e+00 0.000000e+00 
    72.5                0.000000e+00 0.000000e+00 0.000000e+00 0.000000e+00 0.000000e+00 0.000000e+00 0.000000e+00 0.000000e+00 0.000000e+00 0.000000e+00 0.000000e+00 0.000000e+00 
    73.5                0.000000e+00 0.000000e+00 0.000000e+00 0.000000e+00 0.000000e+00 0.000000e+00 0.000000e+00 0.000000e+00 0.000000e+00 0.000000e+00 0.000000e+00 0.000000e+00 
    74.5                0.000000e+00 0.000000e+00 0.000000e+00 0.000000e+00 0.000000e+00 0.000000e+00 0.000000e+00 0.000000e+00 0.000000e+00 0.000000e+00 0.000000e+00 0.000000e+00 
    75.5                0.000000e+00 0.000000e+00 0.000000e+00 0.000000e+00 0.000000e+00 0.000000e+00 0.000000e+00 0.000000e+00 0.000000e+00 0.000000e+00 0.000000e+00 0.000000e+00 
    76.5                0.000000e+00 0.000000e+00 0.000000e+00 0.000000e+00 0.000000e+00 0.000000e+00 0.000000e+00 0.000000e+00 0.000000e+00 0.000000e+00 0.000000e+00 0.000000e+00 
    77.5                0.000000e+00 0.000000e+00 0.000000e+00 0.000000e+00 0.000000e+00 0.000000e+00 0.000000e+00 0.000000e+00 0.000000e+00 0.000000e+00 0.000000e+00 0.000000e+00 
    78.5                0.000000e+00 0.000000e+00 0.000000e+00 0.000000e+00 0.000000e+00 0.000000e+00 0.000000e+00 0.000000e+00 0.000000e+00 0.000000e+00 0.000000e+00 0.000000e+00 
    79.5                0.000000e+00 0.000000e+00 0.000000e+00 0.000000e+00 0.000000e+00 0.000000e+00 0.000000e+00 0.000000e+00 0.000000e+00 0.000000e+00 0.000000e+00 0.000000e+00 


