9.46060158196310e+001 1.73712554258970e+006 5.44612426716483e-005 2.98592327338968e-001 1.30694247520371e+000 1.60753964364032e-006 5.14116328943713e-007 2 1
9.38456987238642e+001 1.73711029560902e+006 5.40240299477723e-005 6.71541848954921e-001 1.46149562562944e+000 4.49723227975100e-005 6.03112342078000e-007 15 2
9.36038628798414e+001 1.73714019691469e+006 5.38838851092720e-005 1.79553598837527e-001 1.16475741187780e+000 5.22824782260924e-005 2.10098135829075e-006 21 3
9.51015006745887e+001 1.73712788897201e+006 5.47464013348237e-005 2.84126553847345e-001 1.28537023026215e+000 5.26165914532741e-005 2.67097310170513e-006 26 4
9.34884519485575e+001 1.73710179964496e+006 5.38186373863662e-005 7.32504751526759e-001 1.55152379451888e+000 5.87498079961717e-005 2.74491099171500e-006 29 5
9.34660186673024e+001 1.73711684945607e+006 5.38052570305642e-005 4.38205275701394e-001 1.39236856517228e+000 6.47479980490667e-005 2.97027770607898e-006 35 6
9.39709611427213e+001 1.73714247018706e+006 5.40951376549675e-005 4.43128501133416e-001 1.14625321955016e+000 6.80043427786651e-005 3.17388436670847e-006 43 7
9.48398515285113e+001 1.73711905250646e+006 5.45960573614328e-005 7.91036431663031e-001 1.37252209982604e+000 6.80043427786651e-005 3.23510604937869e-006 43 8
9.34503909864231e+001 1.73713198877752e+006 5.37957918569211e-005 2.56836082008108e-001 1.24078759071627e+000 1.49799039819488e-004 3.93687910648760e-006 50 9
9.42283741471738e+001 1.73711711614033e+006 5.42441112226895e-005 4.01372255802556e-001 1.39102629215369e+000 1.68116297648393e-004 4.21019871736019e-006 53 10
9.39723531105941e+001 1.73712364475962e+006 5.40965251969327e-005 3.69158558531295e-001 1.32420027115696e+000 1.68592703894940e-004 4.53403204599611e-006 56 11
9.45832864303343e+001 1.73712454810429e+006 5.44481893598736e-005 3.13878638402595e-001 1.31672189291055e+000 1.71106593679639e-004 4.99586367751384e-006 59 12
9.53088841454832e+001 1.73713537198885e+006 5.48655479513552e-005 5.66908113384213e-001 1.21538028000732e+000 2.25381951738169e-004 5.11769947836631e-006 69 13
9.38320041469190e+001 1.73712046588451e+006 5.40158301617174e-005 9.09467354555580e-001 1.35603131702628e+000 2.35135001511094e-004 5.16258490798788e-006 72 14
9.70438512790874e+001 1.73714982805139e+006 5.58638348926953e-005 5.74900757141139e-001 1.09639736457411e+000 2.45131526295883e-004 5.27468481050735e-006 82 15
9.37288769653878e+001 1.73711695645104e+006 5.39565724267176e-005 1.80495697531309e-001 1.39140979873043e+000 2.45436107468810e-004 6.86059328017651e-006 85 16
9.41009042212640e+001 1.73710972150655e+006 5.41709616636113e-005 6.86311525250989e-001 1.46782348414563e+000 2.45841592667997e-004 6.94548733372069e-006 89 17
9.37569475739805e+001 1.73710965899699e+006 5.39729584700344e-005 7.23174935430271e-001 1.46811111407819e+000 2.54984870309907e-004 7.02115347724431e-006 99 18
9.34864504119319e+001 1.73711385286800e+006 5.38171117381454e-005 1.09595173254091e-001 1.42256970809046e+000 7.48327335651924e-004 1.17986569327989e-005 112 19
9.42100409579983e+001 1.73711879039334e+006 5.42335051503877e-005 2.91420221154046e-001 1.37376849620045e+000 7.82696451187081e-004 1.23495948099590e-005 114 20
9.37628148234131e+001 1.73710688462846e+006 5.39764222697266e-005 5.06188333055931e-001 1.49744936719871e+000 7.83493884972951e-004 1.25158881106729e-005 128 21
9.39513102124623e+001 1.73711500679977e+006 5.40846804921331e-005 2.66500191189486e-001 1.41221503051851e+000 7.83493884972951e-004 1.31912122472568e-005 128 22
9.46030121800743e+001 1.73713516456712e+006 5.44592119347971e-005 9.44325006225520e-001 1.21490089678640e+000 7.83513009248602e-004 1.32308544875534e-005 129 23
9.49867987372485e+001 1.73712017483352e+006 5.46806145128576e-005 3.52170391762772e-001 1.36140040910062e+000 7.83829729931502e-004 1.35931666083318e-005 130 24
9.67731952058292e+001 1.73714663468054e+006 5.57081326203169e-005 7.14544095784009e-001 1.12170879863887e+000 8.42292231753662e-004 1.36635250521336e-005 132 25
9.63785949094140e+001 1.73714881617743e+006 5.54809086665385e-005 2.68110876053049e-001 1.10176645664846e+000 8.51648286553622e-004 1.42655400595518e-005 143 26
9.44953338937535e+001 1.73713524419913e+006 5.43972233112528e-005 1.46823266798708e-001 1.21317511719108e+000 8.51648286553622e-004 1.66434608481959e-005 143 27
9.59502804617954e+001 1.73714476190965e+006 5.52344758296022e-005 7.01719397436394e-001 1.13426863902707e+000 8.51661119306960e-004 1.67171166853003e-005 144 28
9.47897507073593e+001 1.73714097613339e+006 5.45665273662865e-005 6.97920612380821e-001 1.16274400234993e+000 8.51661119306960e-004 1.67926173289416e-005 144 29
9.48557802304208e+001 1.73712145125453e+006 5.46051515670590e-005 6.71268336430919e-001 1.34836118549150e+000 8.52438161676104e-004 1.68800201550310e-005 148 30
9.36089026381440e+001 1.73710805935099e+006 5.38877832289302e-005 7.70796504886937e-001 1.48488952681051e+000 8.53415312323001e-004 1.69458857708651e-005 154 31
9.34665767725440e+001 1.73710464329875e+006 5.38059563900846e-005 6.97859831819932e-001 1.52113089831233e+000 8.53415312323001e-004 1.70280541658093e-005 154 32
9.44434304914067e+001 1.73712570711164e+006 5.43676430621632e-005 3.51106731947212e-001 1.30492906567583e+000 8.56925769905594e-004 1.73878292640688e-005 157 33
9.50765261404130e+001 1.73714032929088e+006 5.47316324664966e-005 2.85372555345573e-001 1.16945536744285e+000 8.70034168455161e-004 1.79294129243931e-005 164 34
9.35572436484927e+001 1.73710344305982e+006 5.38581878539344e-005 9.25462259246788e-002 1.53244434232612e+000 8.70069705164570e-004 2.49314120428132e-005 165 35
9.42920435069414e+001 1.73711958727895e+006 5.42806863182256e-005 1.93745859805148e-001 1.36561898144475e+000 8.70084701392535e-004 2.62816585730547e-005 166 36
9.61102299627476e+001 1.73714833870013e+006 5.53264380039069e-005 5.13056536436407e-001 1.10473863261818e+000 8.71491062018717e-004 2.64262648922652e-005 171 37
9.35439647259155e+001 1.73713077252486e+006 5.38496963585149e-005 8.17384804808486e-001 1.25296392452773e+000 8.72500746574539e-004 2.64814570060376e-005 175 38
9.46529421763372e+001 1.73712717855016e+006 5.44882051535586e-005 2.33557127187555e-001 1.29093107562487e+000 8.72500746574539e-004 2.73601377000480e-005 175 39
9.59887060076291e+001 1.73713202833114e+006 5.52570008176925e-005 3.79916717808679e-001 1.24864947553941e+000 9.12189813139071e-004 2.76574959905087e-005 177 40
9.36204911668863e+001 1.73714724777327e+006 5.38932385819638e-005 3.39528035097825e-001 1.10330048295541e+000 9.12189813139071e-004 2.80158478160954e-005 177 41
9.62843522336366e+001 1.73713838626552e+006 5.54269900983694e-005 8.17111292284485e-001 1.19141111896115e+000 9.12189813139071e-004 2.80698582272204e-005 177 42
9.35387423550199e+001 1.73711397088697e+006 5.38472108521776e-005 4.76284297098459e-001 1.42247383144627e+000 9.93011213234484e-004 2.82584097966870e-005 192 43
9.35282001491980e+001 1.73710215141042e+006 5.38415083896373e-005 2.55985154155659e-001 1.54759285210730e+000 9.93978693436094e-004 2.90054453259356e-005 203 44
9.35241677472478e+001 1.73710842934004e+006 5.38389924757981e-005 1.67528664958827e-002 1.43282850901822e+000 1.00339907741432e-003 3.27123315535827e-004 212 45
9.65624775164199e+001 1.73714629229165e+006 5.55868425390806e-005 5.89305750071872e-001 1.12372220816675e+000 1.00339907741432e-003 3.27230925114474e-004 212 46
9.35304088259816e+001 1.73711382602631e+006 5.38424180006402e-005 6.99105833318160e-001 1.42400785775323e+000 1.00470124588776e-003 3.27311991445532e-004 217 47
9.49904033664075e+001 1.73713316138762e+006 5.46822807733697e-005 1.14649576985248e-002 1.12631087755974e+000 1.01112173145990e-003 9.53231160234981e-004 237 48
9.37225085733463e+001 1.73712071867237e+006 5.39527895067861e-005 4.19606424069307e-001 1.35315501770074e+000 1.01134596731396e-003 9.53477146010901e-004 239 49
9.34534597262897e+001 1.73712617207362e+006 5.37977385514700e-005 3.76573786959774e-001 1.29764244071780e+000 1.01196954511688e-003 9.53784934877638e-004 240 50
9.35594923852172e+001 1.73712332908753e+006 5.38588658203657e-005 7.50830090634844e-001 1.32640543397320e+000 1.01197583710418e-003 9.53852892517767e-004 241 51
9.38742010902544e+001 1.73710774740996e+006 5.40405171405393e-005 9.09649696238248e-001 1.48843696264534e+000 1.01197583710418e-003 9.53898657459005e-004 241 52
9.53498637136409e+001 1.73713103971740e+006 5.48892751541616e-005 1.02787750434504e-001 1.25478558076724e+000 1.01207820113775e-003 9.59185592053166e-004 242 53
9.55364967815799e+001 1.73713059012463e+006 5.49967269175801e-005 3.85022284923369e-001 1.26082580935087e+000 1.01207820113775e-003 9.59475496569992e-004 242 54
9.40707934989150e+001 1.73712092023190e+006 5.41532787449248e-005 8.26086042192993e-002 1.34999108844264e+000 1.01207820113775e-003 9.68253604211874e-004 242 55
9.34823764207716e+001 1.73710058735998e+006 5.38151774346016e-005 5.38979445655639e-001 1.56446714148381e+000 1.01228579891994e-003 9.68398836489516e-004 245 56
9.34545040010706e+001 1.73710030312731e+006 5.37991408686423e-005 2.09579195916777e-001 1.56724756416517e+000 1.01228579891994e-003 9.69559114298691e-004 245 57
9.35350241628645e+001 1.73713398421677e+006 5.38444500667829e-005 3.53902637748114e-001 1.22218752174444e+000 1.02750677602661e-003 9.69903499392774e-004 260 58
9.50961361713950e+001 1.73712421307912e+006 5.47434290308102e-005 4.87984555069625e-001 1.32141984847560e+000 1.03850556043008e-003 9.70078641634562e-004 270 59
9.37708658019960e+001 1.73711887078786e+006 5.39806845045593e-005 1.09534392693202e-001 1.37108395016327e+000 1.17912660202992e-003 9.74818883109411e-004 274 60
9.50387506073310e+001 1.73714679233978e+006 5.47096831031193e-005 9.32442406571687e-001 1.11327165395062e+000 1.19462378893156e-003 9.74857897665934e-004 298 61
9.51561177234166e+001 1.73714372274537e+006 5.47773430501530e-005 4.69051410352648e-001 1.14002123767815e+000 1.19462378893156e-003 9.75037056692665e-004 298 62
9.51558556222496e+001 1.73714779447066e+006 5.47770637765871e-005 9.25027178143208e-001 1.10531389248329e+000 1.20128529298079e-003 9.75076605779649e-004 309 63
9.37611607211506e+001 1.73713767625594e+006 5.39745133109913e-005 2.75951568407752e-001 1.18853481963561e+000 1.20128529298079e-003 9.75664316644295e-004 309 64
9.36656150136059e+001 1.73711356264481e+006 5.39202599858944e-005 8.84243421786574e-001 1.42698003372295e+000 1.23842392515336e-003 9.75712685498507e-004 317 65
9.52707753057783e+001 1.73712968882662e+006 5.48437896278263e-005 8.17779878454266e-001 1.26868769417402e+000 1.27482683345984e-003 9.75768097341743e-004 348 66
9.61607304338611e+001 1.73713585830668e+006 5.53559066067379e-005 3.42020038094281e-001 1.21375037705618e+000 1.28430298344058e-003 9.76138203227274e-004 352 67
9.48564531818376e+001 1.73712286065768e+006 5.46054946577843e-005 6.13162120220872e-001 1.33426731879635e+000 1.29238262180720e-003 9.76244519927087e-004 356 68
9.34869610089547e+001 1.73710113042739e+006 5.38177998282094e-005 8.60827133673379e-003 1.37309735969115e+000 1.29320867978684e-003 2.25319061823893e-003 363 69
9.48129916912300e+001 1.73711848486422e+006 5.45806129076396e-005 5.18840306898235e-002 1.37319323633534e+000 1.29419709634534e-003 2.27773328963479e-003 366 70
9.49000580256804e+001 1.73713146710178e+006 5.46303257574410e-005 3.23126900835104e-002 1.23752778481399e+000 1.29460039505581e-003 2.34477291903746e-003 370 71
9.62055921830706e+001 1.73714684113298e+006 5.53813815888860e-005 8.45839724481974e-002 1.11576444669942e+000 1.29584258231879e-003 2.35244463839579e-003 371 72
9.48587324356801e+001 1.73713517865484e+006 5.46064195273791e-005 3.80038278930457e-001 1.21557203329569e+000 1.41153497414097e-003 2.35273834489021e-003 387 73
9.62133184896451e+001 1.73714076253778e+006 5.53860230938949e-005 7.66116401698471e-001 1.17003062730796e+000 1.59961232057034e-003 2.35280003703475e-003 407 74
9.34722466586460e+001 1.73713311119157e+006 5.38083385586486e-005 9.10926088016920e-001 1.23033703650014e+000 1.59961232057034e-003 2.35284318853171e-003 407 75
9.49416217193188e+001 1.73712537201872e+006 5.46544441489868e-005 6.37656686259208e-001 1.30962702124088e+000 1.59961232057034e-003 2.35294011814559e-003 407 76
9.37531549358145e+001 1.73712869439729e+006 5.39701837561986e-005 8.87677523476812e-001 1.27376915631581e+000 1.60827280148425e-003 2.35298645460503e-003 416 77
9.38962618516934e+001 1.73710839952228e+006 5.40531965570304e-005 5.49433702128576e-001 1.48153384426405e+000 1.60827280148425e-003 2.35312512525727e-003 416 78
9.65136902557403e+001 1.73714837171163e+006 5.55586913173912e-005 8.26562669502751e-001 1.10617678228095e+000 1.60827280148425e-003 2.35317580771265e-003 416 79
9.56824351524994e+001 1.73713060635820e+006 5.50807375712119e-005 1.34099356469783e-002 1.18259046769616e+000 1.60843953923396e-003 2.80775596355404e-003 419 80
9.60674744637317e+001 1.73714945454436e+006 5.53017900184041e-005 3.13453174476370e-001 1.09524684484390e+000 1.61102868632574e-003 2.80818143727913e-003 426 81
9.34825472728218e+001 1.73710148500608e+006 5.38152479803159e-005 9.88466311540638e-003 1.41557071306497e+000 1.61102868632574e-003 3.75738916816699e-003 426 82
9.53902235627062e+001 1.73713691975636e+006 5.49123229044067e-005 1.80921161457533e-001 1.20109466002380e+000 1.61102868632574e-003 3.75888427676956e-003 426 83
9.36531356930768e+001 1.73710808863024e+006 5.39132459374974e-005 1.47734975212046e-001 1.48402663701285e+000 1.61152001467770e-003 3.76137904629190e-003 430 84
9.38425086412079e+001 1.73711024936451e+006 5.40221949552415e-005 3.22266355805300e-001 1.46187913220618e+000 1.61173413753828e-003 3.76182663245010e-003 434 85
9.36204081715172e+001 1.73714547648279e+006 5.38932457576502e-005 2.88472363950921e-001 1.11844899273659e+000 1.61787275698504e-003 3.76234336486989e-003 443 86
9.36362065206959e+001 1.73713042311146e+006 5.39028072873725e-005 5.73745926484245e-001 1.25660723700674e+000 1.64517779678104e-003 3.76246374357239e-003 446 87
9.62898685306080e+001 1.73713690197036e+006 5.54302129686921e-005 4.03925039359901e-001 1.20473797250282e+000 1.64712292780760e-003 3.76271954177599e-003 456 88
9.37523416321563e+001 1.73710728460211e+006 5.39703807428355e-005 8.03010202158197e-001 1.49323079485458e+000 1.64713876471491e-003 3.76277977506754e-003 457 89
9.45309676311806e+001 1.73714146429646e+006 5.44175413924364e-005 4.70206241009542e-001 1.15737491027558e+000 1.64718329186847e-003 3.76295936167554e-003 458 90
9.34603788048622e+001 1.73710443005341e+006 5.38023950073105e-005 3.74902321535322e-001 1.52333606112857e+000 1.80645004356454e-003 3.76328178132849e-003 459 91
9.37664348977833e+001 1.73710777782216e+006 5.39784784823606e-005 4.11796121995049e-001 1.48795757942442e+000 1.80645004356454e-003 3.76354344167450e-003 459 92
9.49348357096561e+001 1.73711991557306e+006 5.46507093517629e-005 7.48186136236165e-001 1.36398907849361e+000 1.80998668135774e-003 3.76361252214103e-003 465 93
9.43051778882747e+001 1.73713387375860e+006 5.42878008541647e-005 6.87223233664327e-001 1.22592671086764e+000 1.97148368566535e-003 3.76369260881376e-003 471 94
9.50903016490041e+001 1.73713880958633e+006 5.47396103462057e-005 6.15593342656439e-001 1.18326160420545e+000 1.97152409283926e-003 3.76379298291579e-003 472 95
9.66048716213871e+001 1.73714028448614e+006 5.56114393204436e-005 6.61968910614876e-001 1.17568734931486e+000 1.98770385736509e-003 3.76387826706847e-003 489 96
9.48371329381670e+001 1.73711783488055e+006 5.45945306297922e-005 3.43813064640511e-001 1.38479431028169e+000 2.04196615535000e-003 3.76426203188575e-003 492 97
9.39952015552081e+001 1.73713162654587e+006 5.41094296063075e-005 1.56821669064977e-001 1.24567729956969e+000 2.08342857915605e-003 3.76634301336593e-003 497 98
9.42035904062727e+001 1.73714337792913e+006 5.42290242191925e-005 9.33749188630804e-001 1.13925422452467e+000 2.08385670837969e-003 3.76638239229627e-003 498 99
9.38455549804867e+001 1.73714064254938e+006 5.40230034290523e-005 6.73395656062040e-001 1.16207286584063e+000 2.21758370796706e-003 3.76646405111661e-003 505 100
9.62090218816438e+001 1.73713794958752e+006 5.53836393972740e-005 6.81783373464746e-001 1.19505443144017e+000 2.21768841686718e-003 3.76654460779884e-003 509 101
9.48552656412563e+001 1.73714180559831e+006 5.46042155230451e-005 6.90171090867451e-001 1.15564913068026e+000 3.82099179720622e-003 3.76662174678797e-003 514 102
9.37836182688756e+001 1.73711489139702e+006 5.39881493401598e-005 2.96981642475405e-001 1.41317379696036e+000 3.82123243620514e-003 3.76715398748831e-003 516 103
9.62468489477314e+001 1.73714236754369e+006 5.54052739991250e-005 9.81380375264825e-002 1.15469036423841e+000 3.82123243620514e-003 3.77278715732632e-003 516 104
9.39906072793425e+001 1.73714284849715e+006 5.41064353279508e-005 4.40666888417405e-001 1.14299341364788e+000 3.82160996780177e-003 3.77299296977143e-003 521 105
9.38006775540314e+001 1.73711108865855e+006 5.39980880182507e-005 1.34849496303542e-001 1.45238734443190e+000 3.82160996780177e-003 3.77603252806533e-003 521 106
9.34993670913547e+001 1.73713127379394e+006 5.38240076680328e-005 6.22765448841361e-001 1.24797833903012e+000 3.82196059709544e-003 3.77613275471791e-003 522 107
9.44321111604008e+001 1.73712329163870e+006 5.43612025248357e-005 1.09504002412757e-001 1.32784358363598e+000 3.82401909889619e-003 3.78082995691275e-003 527 108
9.37052307374223e+001 1.73711934162253e+006 5.39428860189937e-005 3.80737255380682e-001 1.36715300775170e+000 3.86713957143687e-003 3.78113551001958e-003 529 109
9.65825484009447e+001 1.73714790021440e+006 5.55983450168559e-005 1.09868685778092e-001 1.10924483489486e+000 3.89023028723450e-003 3.78543688215187e-003 540 110
9.45181277058160e+001 1.73714015190155e+006 5.44101910885425e-005 7.65001578499377e-002 1.16677082140568e+000 3.90255552228788e-003 3.79523220272156e-003 547 111
9.35003050171836e+001 1.73710384471172e+006 5.38253974922292e-005 3.19166547199952e-001 1.52956804300058e+000 3.99095255064051e-003 3.79569174268505e-003 553 112
9.43061014509815e+001 1.73714471191816e+006 5.42879938046167e-005 6.32368777461850e-001 1.12803665715506e+000 3.99510386513184e-003 3.79578407610166e-003 555 113
9.34556602972337e+001 1.73713551094018e+006 5.37987161154113e-005 1.35821985277768e-001 1.20694313531907e+000 3.99510386513184e-003 3.79859980566281e-003 555 114
9.42271137851660e+001 1.73714925112785e+006 5.42423822429625e-005 4.96311491911441e-001 1.08911073961608e+000 4.00304709963977e-003 3.79875412146699e-003 556 115
9.34877732229662e+001 1.73710715620916e+006 5.38180807088052e-005 8.88406890207482e-001 1.49438131458480e+000 4.00307074953931e-003 3.79880235124475e-003 557 116
9.37238347466155e+001 1.73713956543345e+006 5.39529675799471e-005 1.27069584509728e-001 1.17051001052889e+000 4.00307074953931e-003 3.80201508658123e-003 557 117
9.41523009575989e+001 1.73711185267986e+006 5.42004826690649e-005 2.75161421116193e-001 1.44538834940642e+000 4.00307074953931e-003 3.80264751881836e-003 557 118
9.46697653476520e+001 1.73712509535208e+006 5.44979549873696e-005 6.45922842540135e-001 1.31164043076876e+000 4.01435395311944e-003 3.80274179089021e-003 564 119
9.54582145945312e+001 1.73712754113192e+006 5.49517592912292e-005 2.46959240863617e-001 1.28968467925047e+000 4.11247457983049e-003 3.80351868959792e-003 566 120
9.38478743199321e+001 1.73714236761485e+006 5.40242849280603e-005 3.65846017962836e-001 1.14663672612690e+000 4.11247457983049e-003 3.80382912854676e-003 566 121
9.34685637686765e+001 1.73710915964190e+006 5.38069603511514e-005 9.61525904957155e-001 1.47309669957579e+000 4.11247812779962e-003 3.80386958059297e-003 567 122
9.34944750550828e+001 1.73710718375927e+006 5.38219378970465e-005 8.84881617675910e-001 1.49409368465224e+000 4.11281370742492e-003 3.80391823302082e-003 568 123
9.36052223086573e+001 1.73710724401568e+006 5.38856898677541e-005 4.77509525493598e-002 1.48766994949187e+000 4.11282044062383e-003 3.83385934946011e-003 569 124
9.69660322648585e+001 1.73714576339577e+006 5.58191685507158e-005 1.16037912708343e-001 1.12880367030854e+000 4.16284855491901e-003 3.83770997972092e-003 581 125
9.40691247669674e+001 1.73714869285147e+006 5.41514523553003e-005 3.60254206361032e-001 1.09304168202765e+000 4.16284855491901e-003 3.83802288880864e-003 581 126
9.46952085284280e+001 1.73712130904630e+006 5.45127205230225e-005 3.16552983081718e-001 1.34931995193335e+000 4.16284855491901e-003 3.83847977590907e-003 581 127
9.49857162660995e+001 1.73712722611527e+006 5.46797694166884e-005 2.40121427763586e-001 1.29141045884579e+000 4.17471569904692e-003 3.83930658972269e-003 590 128
9.40211006447009e+001 1.73711129329996e+006 5.41249722545288e-005 8.73454872228746e-001 1.45123682470168e+000 4.17633451220702e-003 3.83935644259984e-003 599 129
9.47631459753804e+001 1.73711710403202e+006 5.45519617885421e-005 5.23358841507122e-001 1.39217681188391e+000 4.17664662977449e-003 3.83950892033282e-003 602 130
9.39323909601364e+001 1.73712079367935e+006 5.40736091642939e-005 4.27811799789345e-001 1.35286738776818e+000 4.17664662977449e-003 3.83974463085202e-003 602 131
9.34753216624606e+001 1.73712638356090e+006 5.38103171172995e-005 4.11562616928848e-002 1.28776714636677e+000 4.18377177125194e-003 3.87975196914662e-003 616 132
9.38276659914744e+001 1.73710811843069e+006 5.40137167656507e-005 1.62970122892139e-002 1.43349964552751e+000 4.40798368056415e-003 4.19655321219441e-003 621 133
9.36915295658246e+001 1.73711149717701e+006 5.39352422842365e-005 5.96031619227482e-002 1.44490896618549e+000 4.47668964207230e-003 4.21485476077824e-003 640 134
9.38186861685149e+001 1.73711379184003e+006 5.40083709645283e-005 2.92301539286939e-001 1.42467899426252e+000 4.47778686346499e-003 4.21540690117652e-003 643 135
9.36856475090879e+001 1.73710473318027e+006 5.39320661723925e-005 5.22082449728449e-001 1.52026800851466e+000 4.48437907993829e-003 4.21556247984492e-003 660 136
9.50049949210708e+001 1.73712564387452e+006 5.46909172409928e-005 1.24000166184825e-001 1.30627133869442e+000 5.02818463670691e-003 4.21911573651466e-003 664 137
9.36893882801999e+001 1.73714171813617e+006 5.39330713270082e-005 1.91840889314495e-002 1.11470980361339e+000 5.19714958767194e-003 4.41966980842971e-003 665 138
9.34500312376574e+001 1.73710701707365e+006 5.37963580994192e-005 2.46716118620061e-001 1.49562771095920e+000 5.19718685188441e-003 4.42047791387435e-003 668 139
9.35640059928925e+001 1.73712631820332e+006 5.38613714627192e-005 3.59220936825916e-001 1.29649192098758e+000 5.19953347247902e-003 4.42081925387933e-003 671 140
9.35161190108633e+001 1.73713172003398e+006 5.38336372780618e-005 7.91583456711033e-001 1.24375976668599e+000 5.22225889214524e-003 4.42087829943464e-003 678 141
9.49391613398545e+001 1.73713201127232e+006 5.46528189160436e-005 1.66941632453024e-001 1.24510203970458e+000 5.22230937451854e-003 4.42269145487088e-003 679 142
9.53099595993075e+001 1.73712434934292e+006 5.48665151920303e-005 8.65340667350042e-001 1.32065283532212e+000 5.23005631839583e-003 4.42274111269088e-003 693 143
9.36356159330174e+001 1.73710639099779e+006 5.39032130257406e-005 7.92312823441703e-001 1.50262670598468e+000 5.23005631839583e-003 4.42280319217520e-003 693 144
9.62355328746890e+001 1.73714725677780e+006 5.53986038896583e-005 1.88427560727346e-001 1.11394279045991e+000 5.23063253943635e-003 4.42411908574217e-003 698 145
9.39004080313464e+001 1.73712640745279e+006 5.40550230179153e-005 4.69203361754871e-001 1.29658779763176e+000 5.23116465881191e-003 4.42430875636168e-003 703 146
9.50879576478143e+001 1.73714644257110e+006 5.47380204815136e-005 7.79761637618089e-001 1.11643558320872e+000 5.23184399083295e-003 4.42436666626817e-003 707 147
9.47129835662982e+001 1.73712576704897e+006 5.45228130680167e-005 5.20228642621330e-001 1.30512081896420e+000 5.23211354237459e-003 4.42451815925988e-003 711 148
9.37335442984206e+001 1.73712770293030e+006 5.39589254430368e-005 4.36868103361832e-001 1.28335682073428e+000 5.23239691872391e-003 4.42473924783100e-003 714 149
9.54998267088750e+001 1.73714162130441e+006 5.49752682460949e-005 3.43813064640511e-001 1.15967594973601e+000 5.23721714360504e-003 4.42509720924760e-003 715 150
9.35751786832989e+001 1.73713843744544e+006 5.38674273596739e-005 4.01037962717666e-001 1.18096056474502e+000 5.23786184608747e-003 4.42535463439668e-003 718 151
9.37729557150612e+001 1.73710748452943e+006 5.39822414324445e-005 5.82963798636310e-002 1.48719056627094e+000 5.26893628746476e-003 4.44465651346164e-003 743 152
9.38028980714196e+001 1.73712693748473e+006 5.39988736321532e-005 1.80951551737978e-001 1.29073932233650e+000 5.27319899149648e-003 4.44619691849703e-003 751 153
9.41463169645564e+001 1.73711757173938e+006 5.41968594434911e-005 5.53627560829929e-001 1.38623245994446e+000 5.27325445652642e-003 4.44633150840784e-003 752 154
9.39929757577083e+001 1.73712054652444e+006 5.41084934226567e-005 6.36289123639201e-001 1.35555193380535e+000 5.28009537129249e-003 4.44642998923187e-003 757 155
9.34930694243609e+001 1.73710051468657e+006 5.38213353479750e-005 1.58098060843650e-001 1.56475477141636e+000 5.28416498829415e-003 4.44858715924052e-003 768 156
9.38831481702709e+001 1.73713903220277e+006 5.40446943730334e-005 5.66543430018878e-001 1.17674199240089e+000 5.28471040945007e-003 4.44870732720894e-003 770 157
9.42785759879118e+001 1.73711388183409e+006 5.42731117868922e-005 8.03405275803977e-001 1.42458311761834e+000 5.29017209637418e-003 4.44876703287191e-003 774 158
9.49566115570840e+001 1.73712980897979e+006 5.46629336343458e-005 3.18984205517285e-001 1.26648253135777e+000 5.32009452306407e-003 4.44920638315005e-003 777 159
9.47781738495167e+001 1.73714566141274e+006 5.45597158953235e-005 6.42002496362784e-001 1.12180467528306e+000 5.32013550818789e-003 4.44929543016996e-003 778 160
9.51581323311721e+001 1.73712282375786e+006 5.47791618039635e-005 4.40241424491181e-001 1.33532196188238e+000 5.32013550818789e-003 4.44951585338949e-003 778 161
9.40193522064699e+001 1.73712906836745e+006 5.41234119137872e-005 5.12813414192851e-001 1.27089285699026e+000 5.32013550818789e-003 4.44967065996265e-003 778 162
9.34635132946596e+001 1.73710878572041e+006 5.38040645311169e-005 1.21690504871036e-001 1.47616475218970e+000 5.32018568431973e-003 4.45349026518048e-003 781 163
9.41725791103433e+001 1.73711219173102e+006 5.42121455749179e-005 2.53675492841871e-001 1.44184091357158e+000 5.38069824794300e-003 4.45424622178150e-003 787 164
9.42795209993335e+001 1.73714984827413e+006 5.42725321021868e-005 8.64125056132259e-001 1.08441278405103e+000 5.38133828256858e-003 4.45429167124192e-003 790 165
9.58869633965702e+001 1.73714528109326e+006 5.51980104040813e-005 6.14225780036432e-001 1.12957068346202e+000 5.40393322338810e-003 4.45439018284922e-003 805 166
9.41718980483484e+001 1.73712332714887e+006 5.42114059976725e-005 3.19592011126177e-001 1.32784358363598e+000 5.40651159974846e-003 4.45483529989678e-003 810 167
9.34934044184333e+001 1.73710382650151e+006 5.38214255830934e-005 3.19561620845732e-001 1.52975979628895e+000 5.40651159974846e-003 4.45529359452091e-003 810 168
9.44727756622755e+001 1.73714890787054e+006 5.43838096671551e-005 5.04547257911923e-001 1.09304168202765e+000 5.43041450039812e-003 4.45544272761856e-003 817 169
9.35124729656753e+001 1.73710282973562e+006 5.38324336789991e-005 9.82595986482608e-002 1.53915570741905e+000 5.43041450039812e-003 4.46158159564351e-003 817 170
9.44737831240740e+001 1.73712607165036e+006 5.43851045544301e-005 5.01964084074134e-001 1.30147750648518e+000 5.43930042515210e-003 4.46174531742078e-003 832 171
9.40906316278462e+001 1.73713739865108e+006 5.41641850603736e-005 3.69432071055297e-001 1.19236988540300e+000 5.43968095258375e-003 4.46205512056736e-003 834 172
9.41993068174377e+001 1.73713092638362e+006 5.42269470276543e-005 1.61896845899223e-001 1.25305980117191e+000 5.44113338559554e-003 4.46400005382231e-003 844 173
9.35216840946290e+001 1.73710978929173e+006 5.38375205647787e-005 8.01490688135968e-001 1.46648121112705e+000 5.44115551833988e-003 4.46406039125392e-003 845 174
9.63789826194644e+001 1.73714967995800e+006 5.54811042666771e-005 4.00430157108774e-001 1.09476746162297e+000 5.44238588070421e-003 4.46430858248804e-003 852 175
9.34431339958478e+001 1.73710020748922e+006 5.37925984366664e-005 1.69707147973481e-001 1.56811045396283e+000 5.45045667345693e-003 4.46615440029375e-003 856 176
9.37048039589043e+001 1.73711747020113e+006 5.39426984504204e-005 5.20441374584442e-001 1.38642421323283e+000 5.45050828698079e-003 4.46630860193464e-003 857 177
9.39494578648284e+001 1.73710953558021e+006 5.40837844988550e-005 3.73625929756649e-001 1.46954926374096e+000 5.45646645689628e-003 4.46663215051031e-003 861 178
9.35255376920822e+001 1.73710438637927e+006 5.38399064184353e-005 1.82562236601541e-001 1.52352781441694e+000 5.49311298723600e-003 4.46820230090956e-003 880 179
9.57095274794508e+001 1.73712888003604e+006 5.50963883466258e-005 6.03376449917715e-001 1.27770009872738e+000 5.49334707513276e-003 4.46831077070674e-003 883 180
9.67152039661496e+001 1.73714788603121e+006 5.56747094728833e-005 4.00703669632775e-001 1.11097061449019e+000 5.49511053447186e-003 4.46856062702672e-003 890 181
9.35283582083585e+001 1.73711277616395e+006 5.38412700668293e-005 3.72319147697532e-001 1.43493779519028e+000 5.49782876982791e-003 4.46888533763847e-003 902 182
9.45698617693018e+001 1.73713454304882e+006 5.44401480324588e-005 1.81103503140201e-001 1.22017411221656e+000 5.49782876982791e-003 4.47038789419440e-003 902 183
9.42484853377924e+001 1.73712064952655e+006 5.42555782012039e-005 1.79675159959305e-001 1.35468904400769e+000 5.49782876982791e-003 4.47197803573713e-003 902 184
9.36963349687788e+001 1.73711313347247e+006 5.39379577947334e-005 5.35758075928513e-001 1.43148623599963e+000 5.50591089112616e-003 4.47212377331677e-003 920 185
9.38350757932790e+001 1.73710749012117e+006 5.40180019000811e-005 7.90945260821697e-001 1.49112150868252e+000 5.50591089112616e-003 4.47218603611346e-003 920 186
9.40612952378236e+001 1.73711948600225e+006 5.41478556333302e-005 5.72530315266461e-001 1.36648187124241e+000 6.37956984525831e-003 4.47231055796339e-003 953 187
9.37001840247212e+001 1.73711478087793e+006 5.39401224175243e-005 9.54627311296234e-001 1.41432431669057e+000 6.57237422390115e-003 4.47235134835303e-003 963 188
9.66106808706190e+001 1.73714184162596e+006 5.56147336135697e-005 9.27671132541887e-001 1.16207286584063e+000 6.85278424201870e-003 4.47239170646971e-003 983 189
9.36102863971255e+001 1.73710944512312e+006 5.38885368272675e-005 8.66070034080712e-001 1.47022040025025e+000 6.85625480330650e-003 4.47244260600269e-003 991 190
9.41148747084084e+001 1.73712106702309e+006 5.41786501833215e-005 9.07887059972461e-001 1.35056634830775e+000 6.85830836499148e-003 4.47248760911120e-003 1006 191
9.48234301136189e+001 1.73712055762405e+006 5.45865568185621e-005 3.37431105747148e-001 1.35718183675649e+000 6.85869426021112e-003 4.47288529343829e-003 1011 192
9.40735753911163e+001 1.73711440543926e+006 5.41550832832813e-005 3.46305067636967e-001 1.41873464232307e+000 6.85889171499340e-003 4.47326520343252e-003 1012 193
9.35188272194835e+001 1.73710375713129e+006 5.38360628979205e-005 1.11722492885212e-001 1.52956804300058e+000 7.34044056631578e-003 4.47789169878681e-003 1021 194
9.44526390360067e+001 1.73711625699204e+006 5.43732398811796e-005 7.82405592016768e-001 1.40032632663961e+000 7.39075657994312e-003 4.47795474214057e-003 1024 195
9.37694643588000e+001 1.73711089265660e+006 5.39801256581378e-005 4.13832270784836e-001 1.45507189046907e+000 7.39075657994312e-003 4.47821273193945e-003 1024 196
9.53875028069784e+001 1.73714188615949e+006 5.49105996873942e-005 5.91736972507439e-001 1.15699140369884e+000 7.39089043183441e-003 4.47832101291140e-003 1025 197
9.39542438573557e+001 1.73712050610041e+006 5.40861980707687e-005 4.37779811775169e-001 1.35583956373791e+000 7.39181010741501e-003 4.47854522357215e-003 1027 198
9.46797863636201e+001 1.73711849689261e+006 5.45039307561521e-005 2.39249726808049e-002 1.35401790749840e+000 7.39374169030554e-003 4.61275130321497e-003 1030 199
9.36971011724362e+001 1.73710601296338e+006 5.39386199704235e-005 2.97285545279851e-001 1.50655764839625e+000 7.39374169030554e-003 4.61328790442879e-003 1030 200
9.48517620311469e+001 1.73713377358507e+006 5.46024511060704e-005 8.30908479606327e-001 1.22870713354900e+000 7.39377970332831e-003 4.61334069913084e-003 1031 201
9.45621572321188e+001 1.73713599630396e+006 5.44356672937017e-005 8.34595320717477e-002 1.20512147907956e+000 7.39454931793066e-003 4.62155510064611e-003 1034 202
9.36095013197620e+001 1.73710612718863e+006 5.38881878107526e-005 6.96705001163037e-001 1.50540712866604e+000 7.39483199676244e-003 4.62163749433051e-003 1038 203
9.38015422188958e+001 1.73713923362026e+006 5.39977108986496e-005 9.82525588744363e-001 1.17463270622883e+000 7.40010210734085e-003 4.62167325150813e-003 1043 204
9.42422336007842e+001 1.73711179147801e+006 5.42522559403835e-005 2.82850162068673e-001 1.44615536255989e+000 7.40532774443975e-003 4.62226853564620e-003 1051 205
9.46786181533125e+001 1.73714357287365e+006 5.45024714928676e-005 6.60905250799316e-001 1.13944597781304e+000 7.40536105519906e-003 4.62235277257630e-003 1052 206
9.48198572284958e+001 1.73712335444590e+006 5.45844121499192e-005 8.65158325667374e-001 1.32928173329875e+000 7.40576965936173e-003 4.62240256110166e-003 1056 207
9.37712831153387e+001 1.73711026969918e+006 5.39811920175311e-005 1.81437796225091e-001 1.46130387234107e+000 7.40588087668173e-003 4.62398643684723e-003 1058 208
9.58949464732110e+001 1.73713494500931e+006 5.52029343784160e-005 8.69261013527393e-001 1.22132463194678e+000 7.40600900274586e-003 4.62403411526935e-003 1061 209
9.47007619562069e+001 1.73711836307572e+006 5.45160098904912e-005 1.04924687242981e-002 1.25133402157659e+000 7.40775193988009e-003 5.42396237755149e-003 1068 210
9.49207999958116e+001 1.73714000101816e+006 5.46419976776238e-005 8.64064275571369e-001 1.17194816019166e+000 7.43334811999022e-003 5.42400976124737e-003 1080 211
9.41961052416031e+001 1.73711107578821e+006 5.42257236524362e-005 7.85323058939449e-001 1.45372961745048e+000 7.43735131738924e-003 5.42407277590544e-003 1086 212
9.49746090538875e+001 1.73711973395874e+006 5.46736112097559e-005 7.63928301506460e-001 1.36590661137730e+000 7.43850468278947e-003 5.42413878969663e-003 1091 213
9.36297344060288e+001 1.73711720396521e+006 5.38994916990266e-005 1.44756727728477e-001 1.38843762276070e+000 7.43932304243016e-003 5.42671430349814e-003 1097 214
9.39920800791022e+001 1.73713299990864e+006 5.41075899152919e-005 6.57775051913523e-001 1.23311745918149e+000 7.48493565198617e-003 5.42680271614263e-003 1109 215
9.62864346982242e+001 1.73713822743830e+006 5.54281939564523e-005 9.89849646331509e-001 1.19284926862392e+000 7.48502762691478e-003 5.42683815603052e-003 1110 216
9.35514794479462e+001 1.73712331695309e+006 5.38542534341162e-005 2.05567678898092e-001 1.32621368068484e+000 7.49051195435155e-003 5.42801280622539e-003 1117 217
9.58326795883573e+001 1.73713169374057e+006 5.51671930438279e-005 4.56378663407256e-001 1.25133402157659e+000 7.60097535897577e-003 5.42821162903831e-003 1118 218
9.45856750954714e+001 1.73713472352209e+006 5.44492454852453e-005 6.56802562939297e-001 1.21892771584216e+000 7.60097535897577e-003 5.42829987907597e-003 1118 219
9.42895274129578e+001 1.73713347171625e+006 5.42788040502169e-005 8.60447832198464e-001 1.22966589999084e+000 7.60097535897577e-003 5.42834878499349e-003 1118 220
9.39402541441406e+001 1.73714949610247e+006 5.40772422081904e-005 8.51877773113091e-001 1.08585093371380e+000 7.60126221424293e-003 5.42839572000080e-003 1122 221
9.37444136698539e+001 1.73710645167283e+006 5.39658427314997e-005 3.25183822727980e-001 1.50195556947539e+000 7.62228105028739e-003 5.42883608942600e-003 1125 222
9.53381340784249e+001 1.73712600880630e+006 5.48826817970536e-005 7.99302587943958e-001 1.30444968245491e+000 8.23239044057717e-003 5.42889497051249e-003 1132 223
9.38083739121420e+001 1.73711682358310e+006 5.40023402844354e-005 9.30892502269013e-001 1.39332733161412e+000 8.29334110198389e-003 5.42893793171347e-003 1134 224
9.38658293754434e+001 1.73710884402456e+006 5.40356636873803e-005 8.66829791091827e-001 1.47683588869900e+000 8.33221712282171e-003 5.42898876595471e-003 1135 225
9.40918675463563e+001 1.73710969749234e+006 5.41657602799444e-005 3.44400097146314e-002 1.45670179342021e+000 8.38212962443618e-003 5.49024617570163e-003 1141 226
9.38953063571349e+001 1.73710823463271e+006 5.40526516389140e-005 4.72363950921108e-001 1.48325962385937e+000 8.38232745584498e-003 5.49043957540084e-003 1142 227
9.50492387282017e+001 1.73713407125344e+006 5.47161213439120e-005 4.24630437520020e-002 1.21902359248634e+000 8.39353858152103e-003 5.52695382361121e-003 1151 228
9.36925459533867e+001 1.73711713803367e+006 5.39356522431124e-005 3.68976216848628e-001 1.38977989577929e+000 8.40190320411806e-003 5.52728265996159e-003 1163 229
9.56480156690368e+001 1.73713074015122e+006 5.50609193433831e-005 4.65191844736185e-001 1.25977116626484e+000 8.40400309317365e-003 5.52747381524937e-003 1169 230
9.64991931627489e+001 1.73714872106166e+006 5.55503348064020e-005 5.66026795251320e-001 1.10320460631123e+000 8.40401275098513e-003 5.52759022078331e-003 1170 231
9.51359501370471e+001 1.73714153648632e+006 5.47658023504310e-005 5.86266722027414e-001 1.15910068987091e+000 8.40495096179747e-003 5.52770083906444e-003 1171 232
9.48577335005861e+001 1.73712511709398e+006 5.46061607611714e-005 7.94105849987934e-001 1.31192806070132e+000 8.40495096179747e-003 5.52776069139909e-003 1171 233
9.50750579936953e+001 1.73713328935383e+006 5.47310091179756e-005 8.56983340227781e-001 1.23398034897916e+000 8.40503379234798e-003 5.52781010844995e-003 1172 234
9.37940829925513e+001 1.73711097419474e+006 5.39942952953149e-005 8.65523009032709e-001 1.45430487731559e+000 8.40927895171163e-003 5.52786099046508e-003 1186 235
9.66393230747073e+001 1.73714662052099e+006 5.56310686924230e-005 4.06690554880358e-001 1.12122941541795e+000 8.41690850636062e-003 5.52810404219474e-003 1199 236
9.40909697680765e+001 1.73714027683865e+006 5.41642899716164e-005 5.60678105893073e-001 1.16629143818476e+000 8.41770901293525e-003 5.52822645216615e-003 1202 237
9.55706580597873e+001 1.73712876632522e+006 5.50164500272113e-005 4.97587883690114e-001 1.27837123523667e+000 8.47330874826638e-003 5.52839224948874e-003 1205 238
9.35259938176374e+001 1.73710538119129e+006 5.38401381631369e-005 6.27333608085405e-002 1.50991333094272e+000 8.47407711091438e-003 5.54484461951124e-003 1208 239
9.36750858777963e+001 1.73710477146352e+006 5.39259849640917e-005 8.30209503156101e-001 1.51988450193793e+000 8.47410625806976e-003 5.54490069262352e-003 1209 240
9.43902897029979e+001 1.73713954241623e+006 5.43366190828938e-005 2.23446780976864e-002 1.14663672612690e+000 8.47422191047434e-003 5.69046319395926e-003 1211 241
9.35041648176945e+001 1.73713452054792e+006 5.38266689317175e-005 6.69272195098932e-002 1.21413388363292e+000 8.47422191047434e-003 5.70385920127782e-003 1211 242
9.59080596345375e+001 1.73713141771497e+006 5.52105952140606e-005 8.10942065354234e-001 1.25421032090213e+000 8.47448238513723e-003 5.70391538565134e-003 1215 243
9.44293896851576e+001 1.73711938333664e+006 5.43597581708900e-005 1.38313988274224e-001 1.36763239097262e+000 8.47448238513723e-003 5.70675069232582e-003 1215 244
9.35258798345434e+001 1.73710240186039e+006 5.38401648883854e-005 8.05562985715542e-001 1.54510005935850e+000 8.47918613748762e-003 5.70681066706810e-003 1225 245
9.34551250695429e+001 1.73710139283844e+006 5.37994646510942e-005 4.92056852649199e-001 1.55583824350719e+000 8.48381303578117e-003 5.70698810582308e-003 1231 246
9.52550184712611e+001 1.73714893464522e+006 5.48341115007762e-005 2.08910609746996e-001 1.09591798135319e+000 8.48425703169392e-003 5.70802728277686e-003 1234 247
9.57086104352085e+001 1.73712944332632e+006 5.50958425729628e-005 8.57621536117117e-001 1.27233100665304e+000 8.48447826267837e-003 5.70807724504911e-003 1237 248
9.39233355990432e+001 1.73711986355627e+006 5.40684252583678e-005 7.95777315412386e-001 1.36235917554247e+000 8.48591327714252e-003 5.70813754069749e-003 1241 249
9.52259690528202e+001 1.73713591670731e+006 5.48177998287745e-005 9.71767429466980e-001 1.21010706457717e+000 8.48591327714252e-003 5.70817469496735e-003 1241 250
9.35715060427639e+001 1.73710348083794e+006 5.38663971285839e-005 8.43915519636609e-001 1.53359486205634e+000 8.48666500121739e-003 5.70822881678359e-003 1247 251
9.65587652268932e+001 1.73714917363353e+006 5.55846133383472e-005 9.88208571187501e-001 1.09975304712058e+000 8.48729084180613e-003 5.70826291941564e-003 1255 252
9.48831036991808e+001 1.73713634599052e+006 5.46204123952748e-005 5.33661146577836e-001 1.20492972579119e+000 8.48729084180613e-003 5.70840153332891e-003 1255 253
9.36185308633487e+001 1.73710504625623e+006 5.38934193844378e-005 3.21810501598631e-001 1.51681644932402e+000 8.48806988479309e-003 5.70885253400242e-003 1261 254
9.36049635223980e+001 1.73710354016029e+006 5.38856557871972e-005 1.93654688963815e-001 1.53263609561449e+000 8.53441469045315e-003 5.71023213268102e-003 1277 255
9.52560678826580e+001 1.73714762247253e+006 5.48347570205945e-005 2.96191495183846e-001 1.10703967207862e+000 8.53441469045315e-003 5.71071696584684e-003 1277 256
9.35413393616261e+001 1.73710769118596e+006 5.38489005292178e-005 3.21476208513741e-001 1.48862871593371e+000 8.53450931981345e-003 5.71116813097654e-003 1280 257
9.36944233325452e+001 1.73714166200682e+006 5.39359715392757e-005 3.66696945815284e-001 1.15229344813379e+000 8.53750615921345e-003 5.71147777129612e-003 1294 258
9.43601006599037e+001 1.73712289905014e+006 5.43197609211718e-005 4.01341865522111e-001 1.33263741584521e+000 8.53941443564676e-003 5.71174777152282e-003 1298 259
9.38012083513019e+001 1.73710794339931e+006 5.39984913525722e-005 4.03226062909676e-001 1.48623179982910e+000 8.53941443564676e-003 5.71202178320306e-003 1298 260
9.41823347354939e+001 1.73712732963178e+006 5.42172891052115e-005 6.45618939735689e-001 1.28834240623188e+000 8.54010481503883e-003 5.71211554447454e-003 1300 261
9.37827692613174e+001 1.73711695111063e+006 5.39875965807842e-005 2.18848231452376e-001 1.39169742866298e+000 8.54037771973556e-003 5.71315358220564e-003 1303 262
9.38230006992475e+001 1.73714471702720e+006 5.40098931818294e-005 3.53963418309003e-001 1.12592737098300e+000 8.54037771973556e-003 5.71348421799002e-003 1303 263
9.38119389419528e+001 1.73712342151843e+006 5.40041874334709e-005 9.29555329929451e-001 1.32611780404065e+000 8.54074184972939e-003 5.71352669884528e-003 1304 264
9.40193133013919e+001 1.73712049736835e+006 5.41236565638484e-005 9.31652259280127e-001 1.35612719367046e+000 8.54074184972939e-003 5.71356926727870e-003 1304 265
9.35037067568792e+001 1.73710220236252e+006 5.38274066657708e-005 5.97328784109243e-001 1.54720934553056e+000 8.54109454114350e-003 5.71368507574221e-003 1310 266
9.39189876656741e+001 1.73710923054435e+006 5.40662532457615e-005 8.22794274727622e-001 1.47280906964324e+000 8.54111831748555e-003 5.71374206613304e-003 1311 267
9.64074115035714e+001 1.73714243470001e+006 5.54977009822697e-005 8.23654819757427e-002 1.15411510437330e+000 8.54138043988829e-003 5.72202234628862e-003 1312 268
9.50796147762742e+001 1.73712189667993e+006 5.47339912432445e-005 9.75262311718108e-001 1.34443024307993e+000 8.54233313307174e-003 5.72206073824149e-003 1315 269
9.56409557798831e+001 1.73712748292830e+006 5.50569584691747e-005 5.28282066939145e-001 1.29093107562487e+000 8.54343875468732e-003 5.72220661666061e-003 1324 270
9.38638481285971e+001 1.73714100611804e+006 5.40335227288223e-005 2.59966280893900e-001 1.15871718329417e+000 8.56103603180069e-003 5.72286844632700e-003 1329 271
9.67145377755723e+001 1.73714945981039e+006 5.56742755376975e-005 5.67120845347325e-001 1.09802726752525e+000 8.56147715636769e-003 5.72298405382279e-003 1334 272
9.35437798206942e+001 1.73710511414456e+006 5.38503853155360e-005 6.25895647727153e-001 1.51614531281472e+000 8.56607492765753e-003 5.72308842427398e-003 1341 273
9.38629064362772e+001 1.73712164089757e+006 5.40335829887133e-005 2.33648298028889e-001 1.34395085985900e+000 8.58839435769354e-003 5.72397848903062e-003 1366 274
9.56651578483263e+001 1.73714065043496e+006 5.50704732674717e-005 3.53477173821889e-001 1.16888010757775e+000 8.58839435769354e-003 5.72431660935123e-003 1366 275
9.40261170387996e+001 1.73711512815548e+006 5.41277405411884e-005 9.78240559201677e-001 1.41125626407666e+000 8.58846403623706e-003 5.72435524601051e-003 1367 276
9.49772850113674e+001 1.73714856088663e+006 5.46742443652913e-005 6.25379012959595e-001 1.09812314416944e+000 8.58849801923530e-003 5.72444848087959e-003 1368 277
9.45264131633849e+001 1.73711585029763e+006 5.44157219300539e-005 8.23949105384517e-001 1.40464077562792e+000 8.58909226672951e-003 5.72450478330789e-003 1381 278
9.57694340759050e+001 1.73713668751536e+006 5.51306265460652e-005 6.82178447110525e-001 1.20492972579119e+000 8.58925906830829e-003 5.72458554688096e-003 1383 279
9.37760682909068e+001 1.73713196560594e+006 5.39832724608821e-005 5.13907464288856e-001 1.24222574037904e+000 8.59033348825378e-003 5.72473820031288e-003 1390 280
9.65531812681924e+001 1.73714232247329e+006 5.55816181090420e-005 7.57364000930430e-001 1.15766254020814e+000 8.79813813837494e-003 5.72480113541415e-003 1424 281
9.40820070091153e+001 1.73712422904097e+006 5.41596308106686e-005 3.62290355150819e-001 1.31863942579424e+000 8.79967151641010e-003 5.72513815105417e-003 1427 282
9.53767330745302e+001 1.73713918404649e+006 5.49044854060121e-005 7.49006673808169e-001 1.18096056474502e+000 8.80578729304926e-003 5.72520328247143e-003 1442 283
9.63694782217426e+001 1.73714896892974e+006 5.54756557131975e-005 5.59705616918846e-001 1.10061593691824e+000 8.81878595207453e-003 5.72532244349898e-003 1448 284
9.35566981253065e+001 1.73710453940552e+006 5.38578398205472e-005 6.41972106082339e-001 1.52228141804254e+000 8.81993774525712e-003 5.72542118139008e-003 1451 285
9.43901530604584e+001 1.73713978354450e+006 5.43365328810606e-005 4.79870350190920e-001 1.17185228354747e+000 8.81997234209175e-003 5.72559397993216e-003 1452 286
9.52197267854150e+001 1.73712593723584e+006 5.48145213015267e-005 7.92100091478591e-001 1.30483318903165e+000 8.82006698947634e-003 5.72565405161028e-003 1453 287
9.47461600131817e+001 1.73712496765991e+006 5.45419366384812e-005 7.93968516695292e-003 1.07367459990234e+000 8.82032805713127e-003 7.09316878615554e-003 1457 288
9.35626505543908e+001 1.73712877410716e+006 5.38605150398283e-005 1.65422118430795e-001 1.27194750007630e+000 8.82522782535174e-003 7.09503488878701e-003 1462 289
9.38237594494673e+001 1.73711133609315e+006 5.40113678431495e-005 3.95385370554973e-001 1.45046981154820e+000 8.82522782535174e-003 7.09531994716325e-003 1462 290
9.46882979336493e+001 1.73714601223464e+006 5.45079671904304e-005 9.22535175146752e-001 1.11844899273659e+000 8.84083039634181e-003 7.09535999070883e-003 1474 291
9.49353401826608e+001 1.73711981014240e+006 5.46510030763870e-005 6.26199550531599e-001 1.36504372157964e+000 8.88249162084897e-003 7.09546220327635e-003 1483 292
9.48580901675033e+001 1.73714393243709e+006 5.46057746292456e-005 8.01004443648855e-001 1.13704906170843e+000 8.88351873118402e-003 7.09551732608216e-003 1484 293
9.35536976301922e+001 1.73710924922056e+006 5.38559665039605e-005 8.78438878221658e-001 1.47223380977813e+000 8.88364129221502e-003 7.09556667212950e-003 1486 294
9.44153477137586e+001 1.73711662474742e+006 5.43517610019510e-005 3.56425031025014e-001 1.39639538422803e+000 9.53517081992162e-003 7.09592194514737e-003 1509 295
9.46586712805626e+001 1.73712045211894e+006 5.44917141879288e-005 3.95759671097664e-002 1.34931995193335e+000 9.53517081992162e-003 7.14022581060338e-003 1509 296
9.49877720924711e+001 1.73712972797607e+006 5.46808741270406e-005 5.48066139508570e-001 1.26744129779962e+000 1.02621786395132e-002 7.14035940896080e-003 1522 297
9.53399876814720e+001 1.73713419267538e+006 5.48834902840237e-005 5.87087259599418e-001 1.22640609408856e+000 1.02696463139602e-002 7.14047267621544e-003 1531 298
9.40906566852320e+001 1.73712146571068e+006 5.41646962808806e-005 5.05185453801260e-001 1.34644365260781e+000 1.02696463139602e-002 7.14063594982574e-003 1531 299
9.34868262208468e+001 1.73710187193799e+006 5.38176992615244e-005 8.47440792168181e-001 1.55075678136540e+000 1.04256190913326e-002 7.14068960392179e-003 1535 300
9.34900299672575e+001 1.73710151344227e+006 5.38195546739983e-005 8.72421602693630e-001 1.55459184713279e+000 1.08067053966681e-002 7.14073993955870e-003 1538 301
9.36148972860471e+001 1.73714392532139e+006 5.38901214981962e-005 8.93694799004840e-001 1.13206347621082e+000 1.08067053966681e-002 7.14078316131694e-003 1538 302
9.46528360775176e+001 1.73712925575809e+006 5.44880789210689e-005 1.48920196149385e-001 1.27041347376934e+000 1.08204223406502e-002 7.14313353909764e-003 1548 303
9.47666390038986e+001 1.73713449309983e+006 5.45534265114852e-005 9.75414263120330e-001 1.22170813852351e+000 1.08234321737333e-002 7.14317054721186e-003 1555 304
9.56598656446052e+001 1.73714564843508e+006 5.50672683284145e-005 9.72436015636761e-001 1.12554386440626e+000 1.08258664634527e-002 7.14320633085646e-003 1557 305
9.37296677285260e+001 1.73712045337080e+006 5.39569190240597e-005 1.17678987852351e-001 1.35497667394024e+000 1.08268339474093e-002 7.14724091932704e-003 1565 306
9.35484109199135e+001 1.73710489086317e+006 5.38530582243622e-005 8.18539635465380e-001 1.51854222891934e+000 1.08275354707277e-002 7.14729876223732e-003 1568 307
9.40314841659249e+001 1.73711696851290e+006 5.41307728716627e-005 2.72882150082849e-001 1.39208093523972e+000 1.08416316862978e-002 7.14793763249231e-003 1571 308
9.37969157400322e+001 1.73710953676170e+006 5.39959706995396e-005 9.01170807994208e-001 1.46945338709677e+000 1.08775819390021e-002 7.14798426846361e-003 1578 309
9.40476030257691e+001 1.73713253271147e+006 5.41395668798420e-005 5.56484247191720e-001 1.23771953810236e+000 1.09425097719705e-002 7.14811220216160e-003 1584 310
9.37170539836400e+001 1.73711398700806e+006 5.39498585548383e-005 2.82151185618447e-001 1.42247383144627e+000 1.09427665599987e-002 7.14870879192310e-003 1585 311
9.39314067849098e+001 1.73711684674357e+006 5.40731654692349e-005 1.64793539718814e-002 1.34318384670553e+000 1.09427665599987e-002 7.45273704867160e-003 1585 312
9.34713656280353e+001 1.73710110899854e+006 5.38088226722225e-005 7.18008587754692e-001 1.55890629612110e+000 1.09428729240272e-002 7.45281431936154e-003 1586 313
9.41497038816655e+001 1.73712259951855e+006 5.41986523090375e-005 3.98394008318987e-001 1.33513020859401e+000 1.11873497815093e-002 7.45308889954304e-003 1597 314
9.38538822663496e+001 1.73714062419469e+006 5.40277976738578e-005 2.43677090575602e-001 1.16207286584063e+000 1.11876470268313e-002 7.45385309674515e-003 1599 315
9.57238723494555e+001 1.73712892441832e+006 5.51046447428302e-005 6.03102937393714e-001 1.27731659215064e+000 1.11876470268313e-002 7.45396166221965e-003 1599 316
9.39183308039694e+001 1.73714289697307e+006 5.40648272955044e-005 7.65356644687356e-001 1.14232227713858e+000 1.12399979680833e-002 7.45402273969119e-003 1605 317
9.38352790440663e+001 1.73710661525896e+006 5.40181461106280e-005 2.70207805403725e-001 1.50022978988006e+000 1.12737715821004e-002 7.45468451890676e-003 1615 318
9.45208503490508e+001 1.73712319733456e+006 5.44122894684736e-005 4.02101622533226e-001 1.33004874645222e+000 1.12742118918399e-002 7.45495322818688e-003 1616 319
9.36095809521311e+001 1.73711486771044e+006 5.38879625069927e-005 9.30345477221010e-001 1.41326967360454e+000 1.13176208192442e-002 7.45499639027797e-003 1629 320
9.35351254850244e+001 1.73710225885587e+006 5.38454917767674e-005 8.85246301041245e-001 1.54663408566546e+000 1.13483412840401e-002 7.45504512773249e-003 1650 321
9.42845929827142e+001 1.73712747883584e+006 5.42761507366839e-005 9.82191295659473e-001 1.28719188650166e+000 1.13485163042238e-002 7.45508236643717e-003 1653 322
9.35701566438521e+001 1.73711877222969e+006 5.38651461541993e-005 3.88486776894052e-001 1.37271385311441e+000 1.13608280815683e-002 7.45537500160931e-003 1664 323
9.35558821649975e+001 1.73710492634266e+006 5.38573580995569e-005 6.74398535316712e-001 1.51815872234260e+000 1.13723232773076e-002 7.45546357682169e-003 1675 324
9.35545329835637e+001 1.73710392784604e+006 5.38566123727069e-005 2.43069284966710e-001 1.52860927655873e+000 1.13740373755228e-002 7.45630021548195e-003 1679 325
9.35960438810719e+001 1.73710742553001e+006 5.38804004950598e-005 2.48691486848959e-001 1.49140913861507e+000 1.14208349395261e-002 7.45709400745048e-003 1704 326
9.41706694584529e+001 1.73713761001670e+006 5.42102530180667e-005 4.02618257300784e-001 1.19073998245186e+000 1.26782679622212e-002 7.45735022814567e-003 1728 327
9.38012935055251e+001 1.73714015268344e+006 5.39975391562157e-005 5.50892435589917e-001 1.16629143818476e+000 1.27089319101498e-002 7.45747747285417e-003 1744 328
9.43648840372653e+001 1.73714474101876e+006 5.43218315182565e-005 7.64201814030462e-001 1.12803665715506e+000 1.27095743661766e-002 7.45753834744938e-003 1746 329
9.48156305599700e+001 1.73713896085551e+006 5.45814886444772e-005 5.01265107623908e-001 1.18086468810083e+000 1.27096879036946e-002 7.45769592468798e-003 1747 330
9.59803649103213e+001 1.73714478715790e+006 5.52517933578144e-005 7.02691886410621e-001 1.13417276238289e+000 1.27096879036946e-002 7.45776935316743e-003 1747 331
9.37804557778415e+001 1.73711673056354e+006 5.39862716400812e-005 4.65647698942854e-001 1.39419022141179e+000 1.27096879036946e-002 7.45796659363194e-003 1747 332
9.37274004077582e+001 1.73712984871456e+006 5.39553219848028e-005 1.62079187581890e-001 1.26197632908109e+000 1.27126332635009e-002 7.45991232849258e-003 1751 333
9.43681644471239e+001 1.73712688879497e+006 5.43242781877353e-005 2.76620154577533e-001 1.29304036179693e+000 1.27161775328364e-002 7.46051824640401e-003 1753 334
9.53639807133362e+001 1.73712868401682e+006 5.48974762174915e-005 4.90385387224747e-001 1.27856298852504e+000 1.27161775328364e-002 7.46068945816073e-003 1753 335
9.42032707282422e+001 1.73711712393212e+006 5.42296597840556e-005 1.59344062341878e-001 1.39045103228858e+000 1.27162312219902e-002 7.46277534401361e-003 1754 336
9.45503871348774e+001 1.73712907203907e+006 5.44291086732683e-005 4.48234068248107e-001 1.27242688329722e+000 1.27517783453378e-002 7.46298359870091e-003 1767 337
9.56069077252233e+001 1.73713868549742e+006 5.50370033359273e-005 4.41031571782740e-001 1.18623378017518e+000 1.27517783453378e-002 7.46319289407336e-003 1767 338
9.35653909564762e+001 1.73710414509213e+006 5.38628562543841e-005 7.52015311572183e-001 1.52649999038667e+000 1.27521853564281e-002 7.46326262184290e-003 1770 339
9.52220168386659e+001 1.73712413163733e+006 5.48158965781796e-005 7.19345760094253e-001 1.32257036820582e+000 1.27522559222906e-002 7.46333722347112e-003 1772 340
9.36376939252992e+001 1.73711087392370e+006 5.39042701535231e-005 8.46103619828619e-001 1.45516776711325e+000 1.27523252810447e-002 7.46339071550788e-003 1774 341
9.46131193357106e+001 1.73714136516304e+006 5.44648358156370e-005 9.95897312139981e-001 1.15862130664998e+000 1.28074209414671e-002 7.46342518806037e-003 1785 342
9.35576237220053e+001 1.73710427816709e+006 5.38583807589612e-005 5.88849895865204e-001 1.52506184072390e+000 1.28728964825166e-002 7.46354460507665e-003 1791 343
9.34651402722422e+001 1.73710046463464e+006 5.38052588695303e-005 9.22747907109864e-001 1.56580941450240e+000 1.28806020677056e-002 7.46358910328680e-003 1801 344
9.35547464693909e+001 1.73710250828669e+006 5.38567792819610e-005 5.63170108889529e-001 1.54394953962828e+000 1.28851026143746e-002 7.46372091896116e-003 1819 345
9.57036018397153e+001 1.73714174311161e+006 5.50925692289579e-005 3.47307946891639e-001 1.15938831980346e+000 1.28857126039187e-002 7.46407095968921e-003 1822 346
9.40189116231725e+001 1.73711195341031e+006 5.41236915368572e-005 2.63339602023249e-001 1.44414195303201e+000 1.31248603199739e-002 7.46476742970839e-003 1825 347
9.39647288336326e+001 1.73711286159775e+006 5.40924719511658e-005 8.47987817216184e-001 1.43474604190191e+000 1.32643671899365e-002 7.46482052325772e-003 1849 348
9.42010201015948e+001 1.73711621956639e+006 5.42283924058744e-005 2.96951252194960e-001 1.40013457335124e+000 1.32643671899365e-002 7.46535173527526e-003 1849 349
9.36214197541895e+001 1.73711172293006e+006 5.38948752850671e-005 4.28966630446240e-001 1.44615536255989e+000 1.32645505940553e-002 7.46558986671617e-003 1851 350
9.44704381920011e+001 1.73711736305618e+006 5.43834516354503e-005 8.56649047142891e-001 1.38901288262581e+000 1.32682240533735e-002 7.46564140722293e-003 1860 351
9.39596981400306e+001 1.73710925185621e+006 5.40896883417071e-005 3.28283631333328e-001 1.47252143971068e+000 1.32682902404922e-002 7.46607161851830e-003 1861 352
9.41383323516907e+001 1.73713109096454e+006 5.41918412198051e-005 6.44656067938818e-002 1.24855359889523e+000 1.32701435016154e-002 7.48079673966707e-003 1870 353
9.42527590011196e+001 1.73711552487039e+006 5.42581984670595e-005 6.73426046342485e-001 1.40751707495346e+000 1.79292497569810e-002 7.48088453629079e-003 1872 354
9.40325316196663e+001 1.73710904171994e+006 5.41316228684859e-005 8.79168244952328e-001 1.47491835581530e+000 1.87560053885335e-002 7.48093380521721e-003 1881 355
9.37545607431889e+001 1.73713178314520e+006 5.39708970625178e-005 1.52962103448515e-001 1.24337626010926e+000 1.87806095701435e-002 7.48313034449863e-003 1898 356
9.47161892436639e+001 1.73712555127415e+006 5.45246652323602e-005 1.44908679130699e-001 1.30665484527116e+000 1.87865034869498e-002 7.48565262262407e-003 1900 357
9.34555158680355e+001 1.73710544076595e+006 5.37995642548111e-005 5.37611883035633e-001 1.51259787697989e+000 1.87903546081747e-002 7.48579842456229e-003 1905 358
9.38330385667942e+001 1.73712729553937e+006 5.40162132714625e-005 4.10650908515510e-002 1.27971350825526e+000 1.89169711235787e-002 7.52590596255211e-003 1909 359
9.46575913210406e+001 1.73712219070241e+006 5.44910379557570e-005 7.51073212878401e-001 1.34049930066836e+000 1.90065659377440e-002 7.52597410373224e-003 1914 360
9.35142686073941e+001 1.73710588254877e+006 5.38333727704896e-005 2.81148306363776e-001 1.50780404477065e+000 1.90636031612510e-002 7.52658085464751e-003 1918 361
9.61388656878765e+001 1.73713945994143e+006 5.53432051983691e-005 4.50330997598783e-001 1.18124819467757e+000 1.93564225785985e-002 7.52678035344916e-003 1922 362
9.40606505982281e+001 1.73711502624347e+006 5.41476235512784e-005 2.25594873711074e-001 1.41211915387432e+000 1.93620344702010e-002 7.52775470541762e-003 1929 363
9.36638086206508e+001 1.73711911879524e+006 5.39190476441489e-005 2.21218673327054e-001 1.36916641727958e+000 1.93649401771898e-002 7.52876403792053e-003 1935 364
9.34788055506581e+001 1.73710215872857e+006 5.38130731060999e-005 8.52242456478426e-001 1.54768872875149e+000 1.93682667865062e-002 7.52881702570623e-003 1938 365
9.44378864566070e+001 1.73711742053893e+006 5.43647108980521e-005 5.84838378846518e-001 1.38834174611652e+000 1.93683108917805e-002 7.52893636475302e-003 1939 366
9.36596998965223e+001 1.73710417656128e+006 5.39171461732191e-005 8.08541233199112e-001 1.52621236045412e+000 1.93709636448002e-002 7.52899581506551e-003 1946 367
9.60080467015729e+001 1.73714776055651e+006 5.52676339824213e-005 6.71541848954921e-001 1.10914895825068e+000 1.93712364227841e-002 7.52907597330473e-003 1948 368
9.35233892523722e+001 1.73711102933608e+006 5.38384637381266e-005 1.27282316472840e-001 1.45257909772027e+000 1.94470751076367e-002 7.53252740389051e-003 1957 369
9.49188721277310e+001 1.73712920014221e+006 5.46412276216963e-005 8.06991328896438e-001 1.27233100665304e+000 1.94510075664700e-002 7.53258452296523e-003 1965 370
9.37857172844981e+001 1.73711465874260e+006 5.39893649054003e-005 6.53469249267748e-002 1.41259853709525e+000 1.94511797386326e-002 7.54746367180304e-003 1968 371
9.38334127286486e+001 1.73710988562114e+006 5.40169700340133e-005 3.39983889304493e-001 1.46571419797357e+000 1.94511797386326e-002 7.54786170576595e-003 1968 372
9.60251660553685e+001 1.73713369519942e+006 5.52779364207421e-005 3.58947424301915e-001 1.23321333582568e+000 1.94511797386326e-002 7.54819684974594e-003 1968 373
9.37993000943319e+001 1.73713203367340e+006 5.39966439999493e-005 5.09592044465725e-001 1.24165048051393e+000 1.94711459260095e-002 7.54835233111183e-003 1970 374
9.42787663114322e+001 1.73711577654046e+006 5.42731621530858e-005 4.56530614809479e-001 1.40492840556047e+000 1.94713088986303e-002 7.54855872418250e-003 1972 375
9.35808995758394e+001 1.73713672760073e+006 5.38707736693610e-005 8.44888008610836e-001 1.19678021103549e+000 1.94766111782151e-002 7.54860901173045e-003 1976 376
9.36724439497611e+001 1.73711509556854e+006 5.39241435975831e-005 5.25303819455575e-001 1.41096863414411e+000 1.94769326882582e-002 7.54876073656920e-003 1980 377
9.35072820322491e+001 1.73710820462168e+006 5.38292788515718e-005 3.43630722957844e-001 1.48316374721519e+000 1.94881011233006e-002 7.54915019275970e-003 1994 378
9.52836069298254e+001 1.73712762124212e+006 5.48512415950966e-005 3.20695678399538e-002 1.27530318262276e+000 1.94883437120032e-002 7.61815555821732e-003 1997 379
9.34972286175565e+001 1.73710285062148e+006 5.38236573003258e-005 7.95391858943962e-002 1.53819694097720e+000 2.00900849129341e-002 7.62792841142370e-003 2002 380
9.37036915751429e+001 1.73713736801095e+006 5.39414402164133e-005 8.40602979068149e-001 1.19131524231697e+000 2.01078682806998e-002 7.62797915481774e-003 2018 381
9.57334121262457e+001 1.73712954029226e+006 5.51101168961879e-005 1.12573420737661e-001 1.27041347376934e+000 2.01078682806998e-002 7.63232902897749e-003 2018 382
9.35301805912297e+001 1.73710759650687e+006 5.38424796995459e-005 2.25959557076409e-001 1.48949160573138e+000 2.02291741812835e-002 7.63330902902120e-003 2023 383
9.42370843651599e+001 1.73711406950912e+006 5.42492205473552e-005 7.79488125094088e-001 1.42256970809046e+000 2.02352602836656e-002 7.63337282029039e-003 2032 384
9.57790333184968e+001 1.73712881763973e+006 5.51364022338749e-005 2.18584336105730e-002 1.24951236533708e+000 2.02352941196160e-002 7.79243156904461e-003 2033 385
9.39646530702469e+001 1.73712671088310e+006 5.40919970834096e-005 6.75887659058496e-001 1.29380737495041e+000 2.02361443109579e-002 7.79251647322957e-003 2037 386
9.37728366895112e+001 1.73713899997603e+006 5.39811935600555e-005 9.85199933423487e-001 1.17664611575671e+000 2.03238699443440e-002 7.79255204707694e-003 2038 387
9.40008221539752e+001 1.73714046696421e+006 5.41123897864744e-005 1.52870932607181e-001 1.16370276879177e+000 2.03270178901071e-002 7.79468503732736e-003 2042 388
9.36959685928592e+001 1.73711082960484e+006 5.39378184196285e-005 1.73302818243298e-002 1.41068100421155e+000 2.03272053369803e-002 8.07046796812459e-003 2043 389
9.43999653556521e+001 1.73711783819640e+006 5.43428679315959e-005 1.86178679974447e-001 1.38364379055147e+000 2.03273373288912e-002 8.07194719291716e-003 2046 390
9.61437885121368e+001 1.73713901675645e+006 5.53460531866274e-005 1.25671631609277e-001 1.18441212393567e+000 2.03273373288912e-002 8.07525812248868e-003 2046 391
9.40424889455146e+001 1.73711849141026e+006 5.41370604933768e-005 1.67731779744583e-001 1.37616541230506e+000 2.03278433026117e-002 8.07711634900087e-003 2047 392
9.46404994812430e+001 1.73712782300984e+006 5.44810221412647e-005 2.27387900257304e-001 1.28460321710868e+000 2.03678002953086e-002 8.07804661793550e-003 2055 393
9.43548892849121e+001 1.73711403836506e+006 5.43170379769218e-005 5.30348606009376e-001 1.42304909131138e+000 2.03678002953086e-002 8.07819546423348e-003 2055 394
9.44701060269296e+001 1.73713666345089e+006 5.43826561959322e-005 3.25862026075117e-002 1.18776780648213e+000 2.03788904530407e-002 8.14278879769579e-003 2059 395
9.38645254442225e+001 1.73710849032399e+006 5.40349240566785e-005 9.88664425394170e-001 1.48057507782220e+000 2.03810436145509e-002 8.14282687385586e-003 2069 396
9.40157743897486e+001 1.73712536693298e+006 5.41214676197752e-005 7.17947807193803e-001 1.30723010513627e+000 2.06993521263660e-002 8.14290149532926e-003 2078 397
9.59281499005520e+001 1.73713270463638e+006 5.52221195001458e-005 8.47359238504203e-002 1.24030820749535e+000 2.07017696155202e-002 8.15094823496951e-003 2086 398
9.36744065366208e+001 1.73710954248826e+006 5.39254457791073e-005 1.64662361419680e-001 1.46878225058748e+000 2.07107087691861e-002 8.15291050781473e-003 2092 399
9.50721981527149e+001 1.73712965582987e+006 5.47294772953332e-005 3.27645435443992e-001 1.26830418759728e+000 2.07107087691861e-002 8.15332494785959e-003 2092 400
9.49005733648696e+001 1.73713615623723e+006 5.46304749513829e-005 6.47047282916585e-001 1.20675138203070e+000 2.07163886047141e-002 8.15341573704977e-003 2094 401
9.58530887364839e+001 1.73714636205885e+006 5.51784758801783e-005 8.19329782756940e-001 1.12027064897610e+000 2.07166780390499e-002 8.15346776890513e-003 2096 402
9.47679984482154e+001 1.73713649986501e+006 5.45541460682939e-005 5.26397869551581e-001 1.20310806955168e+000 2.07264331148404e-002 8.15361052547952e-003 2103 403
9.54852331211931e+001 1.73714205160199e+006 5.49668537106517e-005 8.61572272574913e-001 1.15593676061281e+000 2.07264761255007e-002 8.15365788334188e-003 2104 404
9.42598612877397e+001 1.73713756496628e+006 5.42615985608825e-005 4.97405542007446e-001 1.19150699560533e+000 2.07392309328659e-002 8.15381885498823e-003 2124 405
9.45097543605855e+001 1.73712935278501e+006 5.44057091176407e-005 9.30406257781899e-001 1.26964646061586e+000 2.07394691547998e-002 8.15386058538359e-003 2129 406
9.46608215590141e+001 1.73712388386437e+006 5.44928443760360e-005 8.28234134927203e-001 1.32362501129185e+000 2.07395712926627e-002 8.15391531093862e-003 2131 407
9.34672920856539e+001 1.73711598528496e+006 5.38060168619788e-005 6.83120545804308e-001 1.40138096972564e+000 2.07395712926627e-002 8.15400030215031e-003 2131 408
9.45404721958544e+001 1.73713150286643e+006 5.44233248585463e-005 8.66586668848270e-001 1.24912885876034e+000 2.21567025877580e-002 8.15404877265784e-003 2134 409
9.35318185317392e+001 1.73710550220387e+006 5.38434875272045e-005 9.66996155437180e-001 1.51202261711478e+000 2.21567025877580e-002 8.15408884509122e-003 2134 410
9.54142817006937e+001 1.73712549716948e+006 5.49265333795467e-005 9.04189062935578e-002 1.30799711828974e+000 2.21568879413373e-002 8.16121060851706e-003 2138 411
9.44695437672190e+001 1.73711803186948e+006 5.43829158070624e-005 7.39777645730371e-002 1.37971284813990e+000 2.21747348848850e-002 8.17247040773935e-003 2144 412
9.35030088029219e+001 1.73710135263610e+006 5.38270312038643e-005 9.97538387283988e-001 1.55631762672811e+000 2.21748243249411e-002 8.17250789122880e-003 2145 413
9.64474764730300e+001 1.73714610186489e+006 5.55206474978638e-005 4.47423147853459e-002 1.11796960951567e+000 2.21817775619187e-002 8.20368337187432e-003 2151 414
9.39351251901474e+001 1.73711154399382e+006 5.40754711022293e-005 4.74704002515341e-001 1.44845640202033e+000 2.21896502933581e-002 8.20387398031729e-003 2170 415
9.36076869561224e+001 1.73710538740078e+006 5.38871662850463e-005 5.96325904854572e-001 1.51326901348918e+000 2.21905336918049e-002 8.20399005769425e-003 2172 416
9.37188611522018e+001 1.73714201005119e+006 5.39500285635909e-005 1.00994723888274e-001 1.14807487578967e+000 2.21905336918049e-002 8.20926304745107e-003 2172 417
9.43291459385622e+001 1.73711397753179e+006 5.43022202721978e-005 4.59356910890825e-001 1.42362435117649e+000 2.21914704149453e-002 8.20946725873539e-003 2175 418
9.37078851023242e+001 1.73710489886167e+006 5.39448625542610e-005 7.54112240922859e-001 1.51854222891934e+000 2.21926649269368e-002 8.20953653402132e-003 2180 419
9.36611697081700e+001 1.73711090315538e+006 5.39177835147297e-005 7.03147740617289e-001 1.45488013718070e+000 2.21936413274032e-002 8.20961690586596e-003 2184 420
9.34645401802002e+001 1.73710909564783e+006 5.38046460778864e-005 8.77618340649654e-001 1.47376783608509e+000 2.21937255037134e-002 8.20966636091313e-003 2187 421
9.40451156366667e+001 1.73711169868297e+006 5.41387842912386e-005 8.33096579798337e-001 1.44701825235755e+000 2.22210803484784e-002 8.20972165331751e-003 2191 422
9.43343858523937e+001 1.73711593158077e+006 5.43051756331640e-005 2.16660131260366e-001 1.40320262596515e+000 2.22216318835005e-002 8.21078503449152e-003 2194 423
9.54211431787370e+001 1.73712687748445e+006 5.49304396354423e-005 6.40482982340554e-001 1.29620429105502e+000 2.22397951127542e-002 8.21088067258754e-003 2202 424
9.34453295659721e+001 1.73710359201981e+006 5.37937575543107e-005 7.04879986602631e-001 1.53234846568194e+000 2.22402834234706e-002 8.21096109113492e-003 2207 425
9.36514176589146e+001 1.73711158558451e+006 5.39121483877901e-005 7.70310260399823e-001 1.44768938886685e+000 2.22790724912080e-002 8.21102679136810e-003 2220 426
9.35862401232399e+001 1.73713088872129e+006 5.38740290903394e-005 3.88851460259387e-001 1.25190928144169e+000 2.24652023763809e-002 8.21130963101878e-003 2233 427
9.53021941998147e+001 1.73714926548388e+006 5.48612580379822e-005 4.35530931022270e-001 1.09361694189276e+000 2.24681651453405e-002 8.21151581055732e-003 2238 428
9.48298808700119e+001 1.73712001433034e+006 5.45902873684685e-005 1.16068302988788e-001 1.36178391567736e+000 2.24846475172068e-002 8.21568070958556e-003 2248 429
9.36799734165072e+001 1.73710537241730e+006 5.39287799192793e-005 5.20046300938662e-001 1.51346076677755e+000 2.24959866595092e-002 8.21583757385634e-003 2254 430
9.65974482464059e+001 1.73714144746690e+006 5.56071287618517e-005 3.06767312778562e-001 1.16533267174291e+000 2.33104049012616e-002 8.21629870901259e-003 2255 431
9.36877724567268e+001 1.73714312942765e+006 5.39320973492605e-005 9.06732229315567e-001 1.13935010116886e+000 2.33113305887308e-002 8.21634071736931e-003 2256 432
9.34768168900095e+001 1.73710542870733e+006 5.38118269939110e-005 2.17267936869257e-001 1.51250200033570e+000 2.33128283854138e-002 8.21741076214582e-003 2262 433
9.62472638091167e+001 1.73714658436625e+006 5.54053783237554e-005 5.75934026676255e-001 1.11998301904355e+000 2.33128283854138e-002 8.21752374123695e-003 2262 434
9.37736666848975e+001 1.73714693869366e+006 5.39814246596377e-005 9.50990094820240e-002 1.10521801583911e+000 2.33128283854138e-002 8.22342124522464e-003 2262 435
9.44262544621765e+001 1.73711826170885e+006 5.43579884286541e-005 5.46151551840561e-001 1.37971284813990e+000 2.33128283854138e-002 8.22355974986266e-003 2262 436
9.36354019841596e+001 1.73713058666051e+006 5.39023390714000e-005 1.88822634373125e-001 1.25468970412305e+000 2.33143608942242e-002 8.22494696046901e-003 2267 437
9.48820579714833e+001 1.73712864970951e+006 5.46200524025635e-005 5.66148356373098e-001 1.27750834543901e+000 2.33151981477839e-002 8.22507173660068e-003 2272 438
9.37505939463000e+001 1.73712927928461e+006 5.39686913192140e-005 2.86770508246024e-001 1.26792068102054e+000 2.33173464567402e-002 8.22562728627784e-003 2284 439
9.69217671891191e+001 1.73714763356152e+006 5.57936269871541e-005 4.89595239933188e-001 1.11394279045991e+000 2.33173464567402e-002 8.22578831253194e-003 2284 440
9.39648806471831e+001 1.73713371224529e+006 5.40919100775991e-005 9.33961920593916e-001 1.22631021744438e+000 2.34212830230575e-002 8.22582909853117e-003 2289 441
9.37760425128989e+001 1.73712865271125e+006 5.39833605734625e-005 3.52291952884550e-001 1.27415266289254e+000 2.34212830230575e-002 8.22618305454184e-003 2289 442
9.44527565833487e+001 1.73714452423595e+006 5.43724227734091e-005 1.75906765184177e-001 1.12985831339457e+000 2.34212830230575e-002 8.22772563020165e-003 2289 443
9.35198917926399e+001 1.73710276257024e+006 5.38367065653123e-005 3.74051393682874e-001 1.54116911694693e+000 2.34213176240597e-002 8.22804988861330e-003 2290 444
9.46098194096690e+001 1.73712513847579e+006 5.44634449301315e-005 7.35513389290773e-001 1.31106517090365e+000 2.34213176240597e-002 8.22812071822688e-003 2290 445
9.35938465893438e+001 1.73710879158579e+006 5.38790932105852e-005 9.70491037688307e-001 1.47712351863155e+000 2.34213176240597e-002 8.22816036804125e-003 2290 446
9.34915371495905e+001 1.73710062968233e+006 5.38204496975037e-005 1.04671947822068e-001 1.56283723853267e+000 2.34213176240597e-002 8.23350466110699e-003 2290 447
9.44915954120836e+001 1.73711568230006e+006 5.43956837657315e-005 4.76375467939793e-001 1.40627067857906e+000 2.34230686418803e-002 8.23369265227150e-003 2299 448
9.35279455593893e+001 1.73714221206255e+006 5.38401201810469e-005 3.60071864678364e-001 1.14673260277108e+000 2.34231182547664e-002 8.23401416274328e-003 2300 449
9.64325185093020e+001 1.73713843466087e+006 5.55122818574169e-005 8.24860813797854e-001 1.19150699560533e+000 2.34231182547664e-002 8.23406706513054e-003 2300 450
9.39431630018633e+001 1.73712669863157e+006 5.40796264223474e-005 3.86936872591378e-001 1.29380737495041e+000 2.34238444317518e-002 8.23435669595232e-003 2306 451
9.44302120560597e+001 1.73713205653523e+006 5.43598349980316e-005 4.83729915807383e-001 1.24347213675344e+000 2.34767314911060e-002 8.23453116206933e-003 2308 452
9.53747422156606e+001 1.73712730092698e+006 5.49037149257472e-005 9.06793009876457e-001 1.29198571871090e+000 2.35422768075206e-002 8.23457561591911e-003 2318 453
9.42047788652218e+001 1.73713492397008e+006 5.42299722796290e-005 9.19739269345850e-001 1.21576378658406e+000 2.35533389513134e-002 8.23461764038302e-003 2325 454
9.57015546395589e+001 1.73713646625354e+006 5.50915580910788e-005 1.56092302334307e-001 1.20617612216559e+000 2.35536302770479e-002 8.23669044723740e-003 2326 455
9.34516524111114e+001 1.73710755221204e+006 5.37972747870191e-005 3.84657601558034e-001 1.49006686559648e+000 2.35541268055868e-002 8.23699450104761e-003 2330 456
9.58992379076790e+001 1.73714092928369e+006 5.52052146107695e-005 2.96616959110070e-001 1.16725020462661e+000 2.35557222807877e-002 8.23749147495054e-003 2332 457
9.35210480499570e+001 1.73710203315999e+006 5.38373947956733e-005 6.84670450106981e-001 1.54903100177007e+000 2.35559293123440e-002 8.23757725145254e-003 2335 458
9.48958411374297e+001 1.73712156776519e+006 5.46282095645822e-005 3.50174250430785e-002 1.33618485168004e+000 2.35619035966918e-002 8.29539242269405e-003 2343 459
9.54761506645451e+001 1.73713826741008e+006 5.49617450490878e-005 3.66848897217507e-001 1.18949358607746e+000 2.35879992678522e-002 8.29570668429471e-003 2348 460
9.48691863087685e+001 1.73712519868652e+006 5.46127511627739e-005 9.55143946063792e-001 1.31116104754784e+000 2.35883556576718e-002 8.29574654764516e-003 2349 461
9.55592101580615e+001 1.73713316103494e+006 5.50097207313343e-005 8.91142015447495e-001 1.23676077166051e+000 2.35888290819562e-002 8.29579193697543e-003 2354 462
9.34487650661510e+001 1.73710285783481e+006 5.37957580085285e-005 9.90275110257733e-001 1.54021035050508e+000 2.35891084218453e-002 8.29583001414177e-003 2356 463
9.38519970151757e+001 1.73714790164321e+006 5.40264860781776e-005 4.31316299217829e-002 1.09160353236488e+000 2.35975947380508e-002 8.32917904687564e-003 2358 464
9.35112927837566e+001 1.73710724481100e+006 5.38316174621700e-005 5.03149305011473e-001 1.49342254814295e+000 2.35982277792731e-002 8.32934750667141e-003 2364 465
9.43856562932709e+001 1.73714727880123e+006 5.43337098426821e-005 5.11476241853289e-001 1.10636853556932e+000 2.35982277792731e-002 8.32949321691501e-003 2364 466
9.35300701587953e+001 1.73710226463869e+006 5.38425813910657e-005 1.99368061687397e-001 1.54625057908872e+000 2.36271857005025e-002 8.33078788237299e-003 2365 467
9.44618710816560e+001 1.73712248008014e+006 5.43783596561308e-005 3.44724773053849e-001 1.33704774147771e+000 2.36346398509707e-002 8.33116555628296e-003 2371 468
9.37990277443194e+001 1.73712265792542e+006 5.39967786530274e-005 1.04307264456733e-001 1.33254153920103e+000 2.36352005198089e-002 8.33639907544323e-003 2375 469
9.35966946429506e+001 1.73710519076729e+006 5.38808444358131e-005 9.18705999810734e-001 1.51537829966124e+000 2.36362688295326e-002 8.33644393707265e-003 2378 470
9.35049520695580e+001 1.73710161599605e+006 5.38281417265469e-005 1.43216440603159e-002 1.48786170278024e+000 2.36362975550741e-002 8.75994166093804e-003 2379 471
9.39535261534755e+001 1.73711525245147e+006 5.40859484880301e-005 3.12845368867479e-001 1.40972223776971e+000 2.36362975550741e-002 8.76041606336365e-003 2379 472
9.67391978383282e+001 1.73714498208624e+006 5.56886147880100e-005 6.07783040582180e-001 1.13551503540147e+000 2.36362975550741e-002 8.76051716823737e-003 2379 473
9.40121779567675e+001 1.73711757281664e+006 5.41196401073457e-005 5.95727716423036e-002 1.38220564088870e+000 2.36486663122008e-002 8.77865795611489e-003 2380 474
9.43268912161911e+001 1.73711991988361e+006 5.43007365489201e-005 6.93422850875022e-001 1.36264680547502e+000 2.36486839928954e-002 8.77873958763133e-003 2381 475
9.34744438307881e+001 1.73713061338094e+006 5.38096807577657e-005 2.68749071942385e-001 1.25411444425794e+000 2.36490906098550e-002 8.77937758102519e-003 2386 476
9.45338879588023e+001 1.73712107019997e+006 5.44198613943463e-005 9.49470580798010e-002 1.34999108844264e+000 2.36492454720838e-002 8.78584003107659e-003 2388 477
9.39250714677177e+001 1.73711995072530e+006 5.40694218248839e-005 2.65254189691258e-001 1.36130453245643e+000 2.36585253449377e-002 8.78651591685179e-003 2392 478
9.49228303423383e+001 1.73714281898961e+006 5.46430778230850e-005 9.89576133807507e-001 1.14702023270363e+000 2.43190371517950e-002 8.78655069603998e-003 2399 479
9.50532942721927e+001 1.73714568016453e+006 5.47180902918429e-005 5.42626279308989e-001 1.12276344172491e+000 2.43191376537112e-002 8.78667966901891e-003 2400 480
9.44653224203176e+001 1.73711815666394e+006 5.43804818139806e-005 5.54022634475709e-001 1.38086336787011e+000 2.43197871375136e-002 8.78681391124211e-003 2406 481
9.54292579939532e+001 1.73712738518535e+006 5.49350949802529e-005 2.24662392194648e-002 1.26398973860897e+000 2.43276835899078e-002 8.93726480449254e-003 2412 482
9.50303333996743e+001 1.73714652730050e+006 5.47048460284771e-005 7.75780510879849e-001 1.11547681676687e+000 2.43300487025982e-002 8.93732334275594e-003 2415 483
9.37370018528937e+001 1.73711097970018e+006 5.39614353126074e-005 4.06204310393245e-001 1.45411312402722e+000 2.52565144729022e-002 8.93759208104482e-003 2417 484
