1.77155837611243e+002 1.73710534764790e+006 1.01983358255699e-004 9.98055022051547e-001 1.54059385708182e+000 4.97521648940280e-007 3.74276637875032e-008 2 1
1.79466071716892e+002 1.73713521170755e+006 1.03311515343694e-004 9.86050861275935e-001 1.37702830210273e+000 7.16112887152359e-006 7.51629493893983e-008 18 2
1.77376218531509e+002 1.73710751500260e+006 1.02110097609458e-004 1.31354614052414e-001 1.52697937360759e+000 9.42359728611242e-006 3.31508023218154e-006 32 3
1.78580022410580e+002 1.73713293013040e+006 1.02801586846947e-004 1.94323275133595e-001 1.38776648625141e+000 3.13895739749539e-005 4.66236900118527e-006 40 4
1.78854433203400e+002 1.73713440986652e+006 1.02959466783662e-004 6.72544728209592e-001 1.38067161458174e+000 1.58121723889975e-003 4.74999783967828e-006 78 5
1.77946292790372e+002 1.73712412519760e+006 1.02437292526641e-004 7.16033219525794e-001 1.43599243827631e+000 1.75861132272278e-003 4.82703844547956e-006 124 6
1.77281417365570e+002 1.73711615394684e+006 1.02055015922395e-004 4.62578280617951e-001 1.47980806466872e+000 1.78038462627412e-003 5.02949085661747e-006 131 7
1.77012138580071e+002 1.73710584692962e+006 1.01900605700143e-004 6.53034168164168e-001 1.53771755775628e+000 1.78189303036085e-003 5.12464639182769e-006 133 8
1.78440293957651e+002 1.73714347274315e+006 1.02720527192995e-004 7.09256186986651e-001 1.33177452604755e+000 1.78873570950427e-003 5.20177898136682e-006 140 9
1.78615713399468e+002 1.73712268932560e+006 1.02822738927749e-004 2.98510773674990e-002 1.41557071306497e+000 1.78879345663110e-003 8.86400630334815e-005 142 10
1.78939431154196e+002 1.73712644203067e+006 1.03008869240469e-004 5.68792310771777e-001 1.42400785775323e+000 1.79634040935816e-003 8.87676883340923e-005 164 11
1.77347905486463e+002 1.73712889155128e+006 1.02092542316725e-004 6.34344145690748e-001 1.40924285454878e+000 1.80515649785155e-003 8.88678550809627e-005 179 12
1.77277348412412e+002 1.73710710035732e+006 1.02053205447440e-004 1.45729216702703e-001 1.52956804300058e+000 2.34745149394944e-003 9.14463061956224e-005 222 13
1.77316249889427e+002 1.73714580501925e+006 1.02073325544280e-004 9.11381942223589e-001 1.31796828928495e+000 2.35241537912593e-003 9.14905812224984e-005 233 14
1.76941051887987e+002 1.73710291248375e+006 1.01859855282291e-004 3.95455768293218e-002 1.53810106433302e+000 2.35334466123574e-003 1.36956200886881e-004 237 15
1.77873869239645e+002 1.73711738822887e+006 1.02395998004105e-004 4.02587867020339e-001 1.47319257621998e+000 2.35351588640704e-003 1.37230841809428e-004 239 16
1.76992861172271e+002 1.73710809303219e+006 1.01889376527423e-004 7.85718132585228e-001 1.52506184072390e+000 2.35710431703997e-003 1.37294154305354e-004 257 17
1.77107221217470e+002 1.73712608983661e+006 1.01954153840653e-004 7.12599117835556e-001 1.42448724097415e+000 2.37842992967411e-003 1.37371887419874e-004 267 18
1.76975346729520e+002 1.73710073708926e+006 1.01879725417515e-004 3.20746841783071e-001 1.56638467436750e+000 2.69063303378338e-003 1.37826843227010e-004 285 19
1.77156427427223e+002 1.73710499596137e+006 1.01983718442417e-004 2.58872230797895e-001 1.54222376003296e+000 2.72570117168605e-003 1.38555571077230e-004 310 20
1.77045782558047e+002 1.73710264146212e+006 1.01920161606567e-004 1.59496013744100e-001 1.55487947706534e+000 2.73830371117382e-003 1.40671134479955e-004 321 21
1.77093325188807e+002 1.73710460690865e+006 1.01947415182115e-004 3.74790377590900e-002 1.52669174367504e+000 2.73929288352620e-003 1.91812651759131e-004 330 22
1.77185923830164e+002 1.73710646952767e+006 1.02000612123593e-004 8.65978863239378e-001 1.53426599856563e+000 2.73929288352620e-003 1.91863787530604e-004 330 23
1.77463744655445e+002 1.73711235037766e+006 1.02160199367349e-004 9.19374585980515e-001 1.50128443296609e+000 2.73929288352620e-003 1.91908537951670e-004 330 24
1.77744647578087e+002 1.73712627438950e+006 1.02321086024819e-004 2.48235632642290e-001 1.42362435117649e+000 2.74163091938353e-003 1.92699415467062e-004 352 25
1.78644828690094e+002 1.73712938142356e+006 1.02839103391321e-004 5.71466655450901e-001 1.40770882824183e+000 2.74350385125655e-003 1.92825409320701e-004 357 26
1.76926777264858e+002 1.73710086760795e+006 1.01851757691361e-004 3.03819455575437e-001 1.56561766121403e+000 2.74679504312805e-003 1.93337999867061e-004 368 27
1.77194420497433e+002 1.73711214332706e+006 1.02005170226652e-004 2.46989631144062e-001 1.50195556947539e+000 2.79455352748160e-003 1.94144505902256e-004 399 28
1.76932855666581e+002 1.73711938140137e+006 1.01854171307441e-004 5.06735358103934e-001 1.46159150227363e+000 2.83016959142396e-003 1.94309860867374e-004 413 29
1.76931827241650e+002 1.73710155264525e+006 1.01854624653560e-004 7.36273146301888e-001 1.56197434873501e+000 2.83016959142396e-003 1.94382979503193e-004 413 30
1.77121969141471e+002 1.73713485070129e+006 1.01962129454811e-004 6.29815993904505e-001 1.37645304223762e+000 2.83033403391594e-003 1.94484139063183e-004 416 31
1.77565290900551e+002 1.73711240889083e+006 1.02218652847854e-004 9.30497428623233e-001 1.50099680303354e+000 2.86468730686276e-003 1.94527720195378e-004 419 32
1.76989661998184e+002 1.73710324881068e+006 1.01887818992285e-004 6.74702438121157e-001 1.55238668431654e+000 2.87077457364284e-003 1.94616315372534e-004 432 33
1.77140513060417e+002 1.73711561884499e+006 1.01973933412785e-004 5.96325904854571e-001 1.48278024063845e+000 2.87118691847134e-003 1.94732135017177e-004 434 34
1.78775881533564e+002 1.73713287409425e+006 1.02914338660259e-004 3.42810185385840e-001 1.38872525269326e+000 2.87118691847134e-003 1.95118656811408e-004 434 35
1.77644902542763e+002 1.73711217392128e+006 1.02264496553774e-004 8.92640756366636e-002 1.49917514679403e+000 2.87123201946222e-003 2.02685715413038e-004 437 36
1.77821702554331e+002 1.73711528614138e+006 1.02366091273195e-004 4.06568993758580e-001 1.48488952681051e+000 2.87123201946222e-003 2.02954764062760e-004 437 37
1.78910675261405e+002 1.73712670224817e+006 1.02992300099508e-004 2.67442289883268e-001 1.42228207815790e+000 3.06458858490470e-003 2.03625910514971e-004 470 38
1.77299048624777e+002 1.73712845129897e+006 1.02064443119648e-004 7.74504119101176e-001 1.41163977065340e+000 3.06471893735384e-003 2.03690498924292e-004 472 39
1.77115206938359e+002 1.73714645721586e+006 1.01957555500818e-004 7.38704368737454e-001 1.31422910016175e+000 3.20470117262227e-003 2.03760715799625e-004 484 40
1.78366007462655e+002 1.73713726590741e+006 1.02678130471548e-004 5.89518482034984e-001 1.36475609164708e+000 3.21465925547180e-003 2.03877437586115e-004 490 41
1.77058611030766e+002 1.73710724813496e+006 1.01927276285157e-004 9.67391229082960e-001 1.52985567293313e+000 3.21467849293061e-003 2.03917509667810e-004 491 42
1.77051766185880e+002 1.73710645784904e+006 1.01923382284826e-004 3.88790679698498e-001 1.53417012192145e+000 3.21522180554666e-003 2.04215268375821e-004 493 43
1.76998991774146e+002 1.73710274203639e+006 1.01893219599725e-004 7.70522992362935e-001 1.55526298364208e+000 3.21866848507943e-003 2.04281421441080e-004 501 44
1.79196894434692e+002 1.73714223169900e+006 1.03156143768266e-004 3.67274361143731e-001 1.33915702764977e+000 3.22096726041020e-003 2.04610117288783e-004 508 45
1.77068681459523e+002 1.73710337258895e+006 1.01933300942449e-004 8.36500291208130e-001 1.55171554780725e+000 3.22102286584691e-003 2.04665328365821e-004 510 46
1.76976522242923e+002 1.73710066240852e+006 1.01880406507488e-004 5.21079570473778e-001 1.56695993423261e+000 3.22887144782297e-003 2.04821765047892e-004 520 47
1.78181073828833e+002 1.73711779720662e+006 1.02572821192936e-004 2.69356877551277e-001 1.47089153675954e+000 3.22969281355674e-003 2.05486483888250e-004 528 48
1.77713591484366e+002 1.73711117312124e+006 1.02304097523626e-004 4.86860114693175e-001 1.50789992141484e+000 3.24925976595743e-003 2.05667777235980e-004 540 49
1.77152377112190e+002 1.73710446354417e+006 1.01981418052781e-004 4.56348273126811e-001 1.54548356593524e+000 3.25823757137312e-003 2.05877159282537e-004 546 50
1.78597986214839e+002 1.73712314944488e+006 1.02812506783199e-004 6.73608388025152e-001 1.44184091357158e+000 3.26149851229284e-003 2.05965348019248e-004 552 51
1.78762405426025e+002 1.73712933105183e+006 1.02906790875936e-004 6.37970206241010e-002 1.40186035294656e+000 3.26157270119615e-003 2.21623585396188e-004 554 52
1.77651216190535e+002 1.73713937020796e+006 1.02266530030892e-004 9.17247266349394e-001 1.35267563447981e+000 3.26167259296565e-003 2.21667605032185e-004 555 53
1.78735833674133e+002 1.73712863558327e+006 1.02891535711390e-004 4.98742714347008e-001 1.41183152394177e+000 3.26167259296565e-003 2.21837700098134e-004 555 54
1.77018086599279e+002 1.73710262108055e+006 1.01904219035960e-004 6.70751701663361e-001 1.55593412015137e+000 3.26207021676450e-003 2.21927452649964e-004 562 55
1.77973967642142e+002 1.73711382980436e+006 1.02453831157091e-004 4.80964400286925e-001 1.49313491821039e+000 3.27891020421194e-003 2.22113477621173e-004 591 56
1.77123337064687e+002 1.73711745444721e+006 1.01963938015477e-004 7.27551135814292e-001 1.47252143971068e+000 4.28837514346665e-003 2.22188179299860e-004 598 57
1.78655222504456e+002 1.73712342338733e+006 1.02845439460021e-004 9.61738636920267e-001 1.44040276390881e+000 4.29320327457061e-003 2.22228460518630e-004 610 58
1.77501507494990e+002 1.73711152907158e+006 1.02181986537205e-004 7.21138786640484e-001 1.50588651188696e+000 4.29320327457061e-003 2.22304839465803e-004 610 59
1.77290593280055e+002 1.73714187555407e+006 1.02058786999165e-004 5.76420271163368e-001 1.33877352107303e+000 4.30878453494046e-003 2.22426768716470e-004 622 60
1.77530264169320e+002 1.73711855832405e+006 1.02198127295658e-004 4.02344744776783e-001 1.46648121112705e+000 4.94495702380288e-003 2.22701587963138e-004 675 61
1.78135213055796e+002 1.73711644850053e+006 1.02546500313868e-004 6.38325272428989e-001 1.47865754493851e+000 5.00371141952724e-003 2.22801264309451e-004 681 62
1.79117417765638e+002 1.73713732044701e+006 1.03110683895022e-004 7.43475642767254e-001 1.36533135151219e+000 5.00411901151639e-003 2.22871330993384e-004 684 63
1.77882422609479e+002 1.73712248971367e+006 1.02400621165781e-004 9.45814129967304e-001 1.44500484282968e+000 5.14855770079639e-003 2.22913144136054e-004 701 64
1.77107603088589e+002 1.73713763500554e+006 1.01953696072201e-004 2.79364896994901e-002 1.32861059678945e+000 5.14861484323717e-003 3.17774565667414e-004 703 65
1.77279685382242e+002 1.73710664308951e+006 1.02054577634612e-004 8.61633053135803e-001 1.53330723212378e+000 5.14861484323717e-003 3.17826268729644e-004 703 66
1.77027180621029e+002 1.73710757984178e+006 1.01909163291036e-004 6.15927635741329e-001 1.52793814004944e+000 5.15495877558191e-003 3.17934453565767e-004 726 67
1.78011225127660e+002 1.73712439741910e+006 1.02474655683286e-004 8.52364017600204e-001 1.43455428861354e+000 5.15510610510076e-003 3.17986947879443e-004 728 68
1.77766988446313e+002 1.73711307346232e+006 1.02334724515917e-004 8.88437280487927e-001 1.49735349055452e+000 5.17260338819823e-003 3.18035184789195e-004 740 69
1.78681723668385e+002 1.73712131533079e+006 1.02860820059760e-004 6.46074793942358e-001 1.45200383785516e+000 5.17369787304373e-003 3.18131976239678e-004 741 70
1.77449862466061e+002 1.73711298147114e+006 1.02152170723258e-004 3.36002762566253e-001 1.49754524384289e+000 6.14143432153005e-003 3.18541623668770e-004 750 71
1.78147941407884e+002 1.73712811034375e+006 1.02553139128061e-004 6.21671398745356e-001 1.41422844004639e+000 6.20657458161949e-003 3.18646421383434e-004 772 72
1.76941934958866e+002 1.73710457065059e+006 1.01860266409087e-004 9.44912038731322e-002 1.54212788338878e+000 6.21565196244291e-003 3.25337423392889e-004 785 73
1.77783413718313e+002 1.73713152252060e+006 1.02343093077742e-004 6.18237297055118e-001 1.39524486449782e+000 6.23134306724442e-003 3.25443169035351e-004 791 74
1.79379138885493e+002 1.73712978527480e+006 1.03261794120664e-004 3.09806340823020e-001 1.40598304864650e+000 6.27373731327781e-003 3.25927571863189e-004 839 75
1.77546057174838e+002 1.73713829243922e+006 1.02206057703854e-004 7.81645835005654e-001 1.35833235648671e+000 6.42400787411885e-003 3.25990237834757e-004 883 76
1.77436456344131e+002 1.73712576807832e+006 1.02143701387456e-004 5.69895978045138e-002 1.41873464232307e+000 7.12349637385415e-003 3.46115422736813e-004 886 77
1.77089665407009e+002 1.73711824177934e+006 1.01944508171266e-004 8.11975334889350e-001 1.46811111407819e+000 7.12501440420970e-003 3.46174069326447e-004 894 78
1.78299654379826e+002 1.73712305869246e+006 1.02640773122830e-004 2.18544328647930e-001 1.44164916028321e+000 7.13228439912778e-003 3.47223398615124e-004 916 79
1.80119522200177e+002 1.73714575573979e+006 1.03687051566944e-004 8.80262295048333e-001 1.32199510834071e+000 7.14452347822300e-003 3.47271239720277e-004 919 80
1.77109074081787e+002 1.73713003588954e+006 1.01954988866116e-004 1.96663326727828e-001 1.40214798287912e+000 7.14452347822300e-003 3.48586869196255e-004 919 81
1.79140444067112e+002 1.73713856568142e+006 1.03123865286945e-004 8.57469584714894e-001 1.35871586306345e+000 9.80304158431002e-003 3.48637991276742e-004 929 82
1.77027726369321e+002 1.73711821502994e+006 1.01908853539616e-004 6.70356628017582e-001 1.46820699072237e+000 9.80304158431002e-003 3.48727397612414e-004 929 83
1.77054087493462e+002 1.73710409651176e+006 1.01924857143496e-004 2.36504984390680e-001 1.54720934553056e+000 9.80362747954050e-003 3.49616519330627e-004 933 84
1.79088863010633e+002 1.73713395742619e+006 1.03094445658928e-004 6.99014662476826e-001 1.38335616061892e+000 9.81182778426610e-003 3.49697054682047e-004 954 85
1.78344146169059e+002 1.73713056183021e+006 1.02665942020247e-004 3.05156627914999e-001 1.40080570986053e+000 9.81303946738208e-003 3.50197406175836e-004 957 86
1.77351065728519e+002 1.73713244295156e+006 1.02094152827514e-004 3.73747490878428e-001 1.38968401913511e+000 9.81689014472041e-003 3.50517072134222e-004 961 87
1.77068105533957e+002 1.73710923649947e+006 1.01932625306578e-004 7.78424465278527e-001 1.51863810556352e+000 9.82052942166886e-003 3.50581676732790e-004 965 88
1.78361778941804e+002 1.73713615823304e+006 1.02675761752865e-004 9.78949152829258e-002 1.36811177419355e+000 1.18244056465226e-002 3.56647308061216e-004 969 89
1.77073229703065e+002 1.73712524981699e+006 1.01934635460751e-004 6.17872613689783e-001 1.42908931989502e+000 1.18244056465226e-002 3.56753765946196e-004 969 90
1.77109755419831e+002 1.73710526129054e+006 1.01956835174487e-004 9.99392194391108e-001 1.54107324030274e+000 1.18318182102864e-002 3.56791084063718e-004 983 91
1.78499643805471e+002 1.73714260899785e+006 1.02754743480856e-004 1.43206823425803e-001 1.33522608523820e+000 1.18322540881914e-002 3.59398721306688e-004 986 92
1.76973824252543e+002 1.73710019086107e+006 1.01878881006012e-004 5.88181309695423e-001 1.56964448026978e+000 1.18360198080215e-002 3.59518562388905e-004 1000 93
1.76929605992414e+002 1.73711340406412e+006 1.01852651051251e-004 8.75156727933643e-001 1.49514832773827e+000 1.20411395276620e-002 3.59568416160253e-004 1001 94
1.77193456784227e+002 1.73710944204615e+006 1.02004774069356e-004 3.10171024188355e-001 1.51729583254494e+000 1.20438392876914e-002 3.60057503210023e-004 1002 95
1.78460687579832e+002 1.73714259921077e+006 1.02732318597846e-004 5.03726720339920e-001 1.33637660496841e+000 1.20438661770521e-002 3.60221433042061e-004 1003 96
1.76957843912751e+002 1.73710340289578e+006 1.01869493206702e-004 4.24590430062219e-001 1.55142791787469e+000 1.20448071142042e-002 3.60466855774453e-004 1008 97
1.77841734948821e+002 1.73711527960780e+006 1.02377623647202e-004 2.28633901755532e-001 1.48460189687796e+000 1.20506119313048e-002 3.61421421904205e-004 1023 98
1.77718710175850e+002 1.73711612773187e+006 1.02306752391882e-004 3.57124007475240e-001 1.48009569460128e+000 1.21200736636385e-002 3.61779139211701e-004 1037 99
1.77946444849490e+002 1.73711626828119e+006 1.02437843382316e-004 1.21234650664367e-001 1.47789053178503e+000 1.21220921266671e-002 3.65631037444428e-004 1039 100
1.79579147099793e+002 1.73713900854691e+006 1.03376382417609e-004 3.11274691461716e-002 1.33014462309641e+000 1.21247068453380e-002 4.40433400428481e-004 1048 101
1.77028176891792e+002 1.73710360675928e+006 1.01909969900530e-004 5.84483312658539e-002 1.54299077318644e+000 1.21457501262397e-002 4.59684880754032e-004 1068 102
1.77000895633329e+002 1.73710236839641e+006 1.01894337513430e-004 7.58306099624212e-001 1.55737226981414e+000 1.33261457420591e-002 4.59753403309900e-004 1077 103
1.76956768416812e+002 1.73710035778786e+006 1.01869052649353e-004 5.34876757795620e-001 1.56868571382794e+000 1.33267398717188e-002 4.59901100260332e-004 1080 104
1.77392929133964e+002 1.73714114472101e+006 1.02117740436017e-004 3.75327785461546e-001 1.34270446348460e+000 1.33271905212854e-002 4.60214739576912e-004 1082 105
1.77763207036185e+002 1.73713313531743e+006 1.02331365858845e-004 5.45695697633892e-001 1.38642421323283e+000 1.34066613822284e-002 4.60353675907064e-004 1104 106
1.77511872969976e+002 1.73713555304798e+006 1.02186540388658e-004 9.38034218173490e-001 1.37309735969115e+000 1.64430693856332e-002 4.60395758893483e-004 1108 107
1.79448191501044e+002 1.73713800848615e+006 1.03301056096932e-004 5.12843804473295e-001 1.36197566896573e+000 1.64546691997031e-002 4.60554257292544e-004 1134 108
1.79056292576688e+002 1.73713697996022e+006 1.03075516788928e-004 3.86997653152267e-001 1.36696125446333e+000 1.65025550475939e-002 4.60849029812450e-004 1142 109
1.79061729273224e+002 1.73714569788725e+006 1.03078129172942e-004 5.73897877886468e-001 1.32084458861049e+000 1.66803433197889e-002 4.60971599875105e-004 1146 110
1.77218822378769e+002 1.73711581792070e+006 1.02019001804999e-004 7.11657019141773e-001 1.48172559755242e+000 1.66813379522009e-002 4.61050089098432e-004 1147 111
1.78163034059621e+002 1.73714371492662e+006 1.02560906103537e-004 3.31808903864900e-001 1.32995286980804e+000 1.66813379522009e-002 4.61460158701640e-004 1147 112
1.79111473265794e+002 1.73713667253345e+006 1.03107300342614e-004 6.67591112497124e-001 1.36878291070284e+000 1.66817708701131e-002 4.61549014321755e-004 1150 113
1.77386320165477e+002 1.73713192533286e+006 1.02114477871293e-004 2.66682532872153e-001 1.39236856517228e+000 1.67899343089003e-002 4.62221050170488e-004 1171 114
1.77027645638113e+002 1.73711036143218e+006 1.01909267802260e-004 7.05436628827989e-002 1.50722878490555e+000 1.87160806906779e-002 4.74928108806621e-004 1181 115
1.78167451491669e+002 1.73713753138035e+006 1.02563814118598e-004 6.92480752181240e-001 1.36312618869594e+000 1.87351381302821e-002 4.75009993128799e-004 1189 116
1.77548105954924e+002 1.73714235239896e+006 1.02206998229878e-004 3.99700790378104e-001 1.33647248161260e+000 2.04260802617931e-002 4.75282689836885e-004 1253 117
1.79114268459650e+002 1.73713670227458e+006 1.03108907658432e-004 5.25303819455575e-001 1.36859115741447e+000 2.05086480714730e-002 4.75433242281294e-004 1260 118
1.76932692282853e+002 1.73710086990180e+006 1.01855162665939e-004 6.00489373275480e-001 1.56580941450240e+000 2.09952587603030e-002 4.75547744414170e-004 1282 119
1.76964590177803e+002 1.73710120006915e+006 1.01873506021737e-004 9.64899226086504e-001 1.56398775826289e+000 2.10005921655630e-002 4.75588077395045e-004 1309 120
1.77061694363510e+002 1.73710788094359e+006 1.01929014134767e-004 1.07133560538080e-001 1.52410307428205e+000 2.10123504436571e-002 4.80660563893039e-004 1320 121
1.77464980232777e+002 1.73714840753661e+006 1.02158790144515e-004 4.13984222187059e-001 1.30435380581072e+000 2.10145776767600e-002 4.80910923809378e-004 1328 122
1.77232831895500e+002 1.73711089800871e+006 1.02027355584317e-004 7.45086327630817e-001 1.50933807107761e+000 2.10801436524423e-002 4.80982021497645e-004 1372 123
1.77731997316739e+002 1.73714326499234e+006 1.02312803024546e-004 3.27432703480880e-001 1.33177452604755e+000 2.10804749525142e-002 4.81404433535136e-004 1378 124
1.77745722246408e+002 1.73712596356263e+006 1.02321722980616e-004 2.52277539941420e-001 1.42535013077181e+000 2.10805449782020e-002 4.82167896284589e-004 1379 125
1.77269342386429e+002 1.73711059899102e+006 1.02048391089226e-004 1.80526087811754e-001 1.51029683751946e+000 2.10822895859470e-002 4.83776123747104e-004 1391 126
1.77587492936589e+002 1.73710978612128e+006 1.02231588202864e-004 5.63717133937531e-001 1.51566592959380e+000 2.10822895859470e-002 4.83907505682023e-004 1391 127
1.77784143735038e+002 1.73712416924401e+006 1.02343946542225e-004 1.34454422657762e-001 1.43426665868099e+000 2.10846802536388e-002 4.86959650618764e-004 1400 128
1.77474146805164e+002 1.73711214620436e+006 1.02166199560265e-004 4.52154414425458e-001 1.50233907605213e+000 2.30912001354645e-002 4.87172896845484e-004 1433 129
1.77895032858741e+002 1.73713258867034e+006 1.02407285084112e-004 9.78422900884344e-001 1.38958814249092e+000 2.30932240667448e-002 4.87211373956083e-004 1437 130
1.78086733443637e+002 1.73712741555485e+006 1.02517944984975e-004 5.55268635973937e-001 1.41796762916959e+000 2.31659651140666e-002 4.87345815065720e-004 1467 131
1.78195485652462e+002 1.73712915896719e+006 1.02580446656812e-004 9.66145227584732e-001 1.40857171803949e+000 2.91566426675143e-002 4.87385506566270e-004 1483 132
1.77451957005750e+002 1.73711860950501e+006 1.02153045518903e-004 7.58315716801568e-002 1.46187913220618e+000 2.91566426675143e-002 4.98181918614934e-004 1483 133
1.80218158554923e+002 1.73713841904331e+006 1.03744270423550e-004 9.22018540379194e-001 1.36072927259133e+000 2.92143487145338e-002 4.98225514934772e-004 1500 134
1.76950964551404e+002 1.73710099247141e+006 1.01865674308091e-004 2.15849210865718e-002 1.51058446745201e+000 2.92147177738076e-002 6.70258582896418e-004 1502 135
1.78554620520568e+002 1.73713775484615e+006 1.02786678485130e-004 4.06082749271467e-001 1.36226329889828e+000 2.92468302039169e-002 6.70523473523715e-004 1537 136
1.77682196985079e+002 1.73711223794308e+006 1.02285962003129e-004 3.87453507358936e-001 1.50185969283120e+000 2.92474633492154e-002 6.70822985934971e-004 1539 137
1.77622334695029e+002 1.73711058164079e+006 1.02251598691097e-004 9.50990094820240e-002 1.50847518127995e+000 2.92659772515111e-002 6.77410166656629e-004 1550 138
1.76954532434713e+002 1.73710154843975e+006 1.01867695634469e-004 5.94958342234565e-001 1.56197434873501e+000 2.93347579110858e-002 6.77527020598141e-004 1554 139
1.77091569757784e+002 1.73711346587195e+006 1.01945884723995e-004 4.28237263715570e-001 1.49476482116153e+000 2.93353365525586e-002 6.77767218051594e-004 1562 140
1.77740769182675e+002 1.73711851367955e+006 1.02319310491900e-004 7.22293617297378e-001 1.46696059434797e+000 2.93353365525586e-002 6.77843078414233e-004 1562 141
1.77321856964583e+002 1.73712181206651e+006 1.02077963166984e-004 7.75355046953624e-001 1.44836052537614e+000 2.93402406975617e-002 6.77907847239159e-004 1566 142
1.77290561616221e+002 1.73711331244238e+006 1.02060446909694e-004 4.50847632366341e-001 1.49572358760338e+000 2.93403914152976e-002 6.78122353599622e-004 1568 143
1.77040259571337e+002 1.73710320037061e+006 1.01916949390565e-004 7.35817292095219e-001 1.55267431424909e+000 2.93483721935914e-002 6.78195562755668e-004 1573 144
1.78194660980078e+002 1.73712158825160e+006 1.02580418987480e-004 4.15929200135512e-001 1.45008630497147e+000 2.93495954970358e-002 6.78450548701522e-004 1582 145
1.77175810865577e+002 1.73710721863109e+006 1.01994746409963e-004 3.39558425378269e-001 1.52985567293313e+000 2.94593730753754e-002 6.78851558237329e-004 1592 146
1.80449369870607e+002 1.73714827234743e+006 1.03876780177045e-004 4.00338986267440e-001 1.30924351466414e+000 2.94893503098514e-002 6.79121432708845e-004 1604 147
1.78687174933397e+002 1.73713234614545e+006 1.02863304974815e-004 2.90022268253595e-001 1.39140979873043e+000 2.94893887868622e-002 6.79680103851280e-004 1605 148
1.77483884407897e+002 1.73713219672988e+006 1.02170625888135e-004 9.63136589820718e-001 1.39131392208625e+000 2.95046896754782e-002 6.79719949812154e-004 1606 149
1.77574936869246e+002 1.73711966019983e+006 1.02223779005692e-004 3.70708462833969e-001 1.46034510589923e+000 2.95081393105541e-002 6.80048805007741e-004 1616 150
1.77852262098785e+002 1.73712639465878e+006 1.02383028675520e-004 9.02356028931547e-001 1.42343259788812e+000 2.95122947642280e-002 6.80095039544404e-004 1620 151
1.77039331243129e+002 1.73710620434459e+006 1.01916238735076e-004 1.99702354772287e-001 1.53512888836329e+000 2.95123518367170e-002 6.81384509951420e-004 1621 152
1.77141328783065e+002 1.73710794112047e+006 1.01974853707008e-004 5.92831022603444e-001 1.52592473052156e+000 2.95123518367170e-002 6.81502174410306e-004 1621 153
1.79081981543365e+002 1.73714830679583e+006 1.03089632709187e-004 3.71377049003750e-001 1.30713422849208e+000 2.95390587706831e-002 6.81820347737291e-004 1631 154
1.77709757912186e+002 1.73711526595450e+006 1.02301649622883e-004 4.65890821186411e-001 1.48498540345470e+000 2.95459465012431e-002 6.82019738310613e-004 1643 155
1.78290899347016e+002 1.73711738377203e+006 1.02636068458322e-004 3.43357210433842e-001 1.47338432950835e+000 2.95462692996990e-002 6.82409523486232e-004 1647 156
1.79744254522052e+002 1.73714553184048e+006 1.03471039464467e-004 8.67559157822497e-001 1.32266624485000e+000 2.98154515954842e-002 6.82458927673004e-004 1655 157
1.77735382357210e+002 1.73711337617277e+006 1.02316512079702e-004 7.04940767163520e-001 1.49562771095920e+000 2.98281023131758e-002 6.82539163217970e-004 1676 158
1.77203246409712e+002 1.73710588828570e+006 1.02010618345160e-004 4.12160805360384e-001 1.53742992782373e+000 2.98287722154727e-002 6.82801067246148e-004 1677 159
1.77685761053146e+002 1.73713802214672e+006 1.02286495470224e-004 9.54991994661569e-001 1.35996225943785e+000 2.98287722154727e-002 6.82841413805401e-004 1677 160
1.77598566160959e+002 1.73714710282933e+006 1.02235766477656e-004 5.16095564480866e-001 1.31144867748039e+000 2.98288162015125e-002 6.82995851070326e-004 1679 161
1.78775056171894e+002 1.73713994395034e+006 1.02913444690130e-004 4.59448081732159e-001 1.35085397824030e+000 2.98394353837485e-002 6.83197232909002e-004 1683 162
1.77233047276403e+002 1.73712330459691e+006 1.02026750888914e-004 8.41879370846822e-001 1.44001925733207e+000 2.98394809602711e-002 6.83251215852236e-004 1684 163
1.77044135068144e+002 1.73710894866299e+006 1.01918843139573e-004 9.79273828736793e-001 1.52026800851466e+000 2.98395179567049e-002 6.83290208877548e-004 1686 164
1.76940198119465e+002 1.73710046287306e+006 1.01859507431642e-004 2.36596155232014e-001 1.56772694738609e+000 2.98457627261319e-002 6.84178820002933e-004 1698 165
1.79307158369535e+002 1.73713260919775e+006 1.03220189859621e-004 6.25865257446709e-001 1.39083453886532e+000 2.98670499414905e-002 6.84281669450421e-004 1711 166
1.78536426022647e+002 1.73712950836148e+006 1.02776692546325e-004 6.75735707656273e-001 1.40694181508835e+000 2.98682821945073e-002 6.84368798960605e-004 1715 167
1.78522349612101e+002 1.73712956270480e+006 1.02768586072332e-004 3.51997667257461e-002 1.38594483001190e+000 3.09592644990831e-002 7.42135901283990e-004 1719 168
1.77794597282340e+002 1.73712381437981e+006 1.02349985182251e-004 3.44390479968958e-001 1.43743058793908e+000 3.09636782051655e-002 7.42521507845725e-004 1731 169
1.77596082989803e+002 1.73712222853755e+006 1.02235800943359e-004 9.34569726202808e-001 1.44625123920408e+000 3.09778556719729e-002 7.42564442494698e-004 1736 170
1.77213085383637e+002 1.73710806347323e+006 1.02016154604995e-004 5.92010485031440e-001 1.52525359401227e+000 3.09909085774570e-002 7.42682462456036e-004 1745 171
1.77051619926152e+002 1.73710410002151e+006 1.01923436431280e-004 7.09833602315098e-001 1.54759285210730e+000 3.12717869004047e-002 7.42761688752049e-004 1756 172
1.78656498596077e+002 1.73712399842102e+006 1.02846140015661e-004 9.30223916099232e-001 1.43723883465072e+000 3.12717944871958e-002 7.42805015214942e-004 1757 173
1.77956332563368e+002 1.73713258014080e+006 1.02442573454252e-004 8.17354414528041e-001 1.38968401913511e+000 3.13596201902435e-002 7.42862171726048e-004 1780 174
1.78568721789717e+002 1.73714090862947e+006 1.02794609391611e-004 2.55164616583655e-001 1.34519725623341e+000 3.13625571867627e-002 7.43595636005428e-004 1784 175
1.79888242695127e+002 1.73714943202222e+006 1.03553694769204e-004 7.27317630748091e-002 1.29773831736198e+000 3.13625645023551e-002 7.55059781912426e-004 1785 176
1.77084567947378e+002 1.73713061364678e+006 1.01940847707591e-004 6.91569043767903e-001 1.39955931348613e+000 3.13661597543002e-002 7.55142479704946e-004 1790 177
1.77211808172349e+002 1.73710546095100e+006 1.02015572192476e-004 3.94564832982969e-001 1.53982684392834e+000 3.13958113307032e-002 7.55430791207367e-004 1800 178
1.77566365393317e+002 1.73711037149521e+006 1.02219391288319e-004 7.33264508537874e-001 1.51240612369152e+000 3.14271098922102e-002 7.55504448621073e-004 1804 179
1.78245065201128e+002 1.73714427615557e+006 1.02608094803761e-004 2.73034101485072e-001 1.32698069383831e+000 3.14340089275175e-002 7.56133686738091e-004 1813 180
1.77312539943122e+002 1.73711175745198e+006 1.02073190493745e-004 7.99181026822179e-001 1.50454423886837e+000 3.14348054640737e-002 7.56194606402300e-004 1817 181
1.78194741727504e+002 1.73713725197256e+006 1.02579540505586e-004 7.00959640425279e-001 1.36466021500290e+000 3.14349053453758e-002 7.56274353140399e-004 1821 182
1.77186843366070e+002 1.73711185836383e+006 1.02000825046734e-004 7.07260045654664e-002 1.49888751686148e+000 3.14951509763885e-002 7.68902301853733e-004 1876 183
1.77435320007903e+002 1.73711756598887e+006 1.02143529525486e-004 6.89937585801251e-002 1.46676884105960e+000 3.14976894253620e-002 7.82200566373258e-004 1883 184
1.79534884449876e+002 1.73713272763805e+006 1.03351275900923e-004 8.71509894280293e-001 1.39045103228858e+000 3.15604958884857e-002 7.82250206213714e-004 1895 185
1.78085842390584e+002 1.73712675924830e+006 1.02517470770965e-004 4.32339951575589e-001 1.42151506500443e+000 3.16443453923969e-002 7.82483475573389e-004 1903 186
1.78583536172422e+002 1.73713453001598e+006 1.02803514902013e-004 5.47519114460567e-001 1.37971284813990e+000 3.16676408759766e-002 7.82621220263722e-004 1907 187
1.76935686234635e+002 1.73710084019625e+006 1.01856887941378e-004 7.38005392287229e-001 1.56600116779077e+000 3.16717074228584e-002 7.82693963852732e-004 1929 188
1.77019868702378e+002 1.73710330048654e+006 1.01905205084829e-004 6.81266738697188e-001 1.55209905438398e+000 3.16830184741907e-002 7.82780691380913e-004 1950 189
1.76943493901127e+002 1.73710313548730e+006 1.01861248002133e-004 4.67835799134864e-001 1.55296194418165e+000 3.26879028839948e-002 7.82978960935538e-004 1978 190
1.77151857580523e+002 1.73710490523819e+006 1.01981093042908e-004 9.64838445525615e-001 1.54308664983062e+000 3.42151239500444e-002 7.83019284955508e-004 2012 191
1.76980897067807e+002 1.73714850830939e+006 1.01880118832050e-004 5.81525838278058e-001 1.30320328608051e+000 3.42252249720084e-002 7.83137791031068e-004 2022 192
1.78516956608663e+002 1.73714913738081e+006 1.02764323533794e-004 7.46089206885489e-001 1.30214864299448e+000 3.42265504623358e-002 7.83206265228266e-004 2025 193
1.77158207709877e+002 1.73712066978886e+006 1.01983823102640e-004 2.72426295876180e-001 1.45430487731559e+000 3.42507666536875e-002 7.83853451662818e-004 2026 194
1.77151473398898e+002 1.73711690822733e+006 1.01980167221764e-004 7.54461152117331e-003 6.47694669789727e-001 3.49131916522584e-002 1.83411763616615e-003 2048 195
1.77575062221007e+002 1.73711790300816e+006 1.02223954571514e-004 5.14910343543527e-001 1.47022040025025e+000 3.50248293191871e-002 1.83427741559682e-003 2064 196
1.77428765010568e+002 1.73711042680101e+006 1.02140175809259e-004 5.82164034167395e-001 1.51202261711478e+000 3.50347573668368e-002 1.83439978711351e-003 2087 197
1.78306947265265e+002 1.73712951074169e+006 1.02644590133597e-004 9.59246633923811e-001 1.40675006179998e+000 3.50390253799178e-002 1.83444009722342e-003 2100 198
1.78721120951169e+002 1.73712766809610e+006 1.02883123447377e-004 3.62411916272598e-001 1.41700886272774e+000 3.50644121479510e-002 1.83478375741775e-003 2142 199
1.76974836414369e+002 1.73710172265359e+006 1.01879373841000e-004 7.33659582183653e-001 1.56101558229316e+000 3.50876008527284e-002 1.83485744966729e-003 2169 200
1.77689876194568e+002 1.73711520366251e+006 1.02290208041579e-004 3.89185753344277e-001 1.48527303338725e+000 3.50893304244880e-002 1.83515365661036e-003 2171 201
1.77049458414463e+002 1.73710616613005e+006 1.01922070886333e-004 7.68040606543835e-002 1.53167732917264e+000 3.50930082179347e-002 1.84570610191771e-003 2179 202
1.77533727212985e+002 1.73711687797067e+006 1.02200219712491e-004 8.06960938615993e-001 1.47597299890133e+000 3.52316867170131e-002 1.84576559956071e-003 2219 203
1.77098390153913e+002 1.73710445571550e+006 1.01950339806933e-004 6.36805758406759e-001 1.54557944257942e+000 3.66270779487960e-002 1.84586619475588e-003 2230 204
1.77459437461780e+002 1.73713795887043e+006 1.02156213867928e-004 1.80769210055310e-001 1.35929112292856e+000 3.66301820459568e-002 1.84743680931422e-003 2235 205
1.80587665555061e+002 1.73714654184935e+006 1.03956494489103e-004 3.51927269519215e-001 1.31835179586169e+000 3.66812060838573e-002 1.84779601758572e-003 2247 206
1.77557896970056e+002 1.73714035048141e+006 1.02212752298631e-004 8.86765815063475e-001 1.34730654240547e+000 3.71736627259655e-002 1.84784337778368e-003 2271 207
1.77308831179041e+002 1.73710618876981e+006 1.02071382687802e-004 1.09534392693202e-001 1.53378661534471e+000 3.71742150519347e-002 1.85267643665871e-003 2278 208
1.80218955631583e+002 1.73714258400667e+006 1.03744480530408e-004 5.54022634475709e-001 1.33867764442885e+000 3.72262670145557e-002 1.85280947103762e-003 2298 209
1.78269076218938e+002 1.73711752972827e+006 1.02623496995627e-004 6.25895647727153e-001 1.47271319299905e+000 3.72274297707305e-002 1.85291349516107e-003 2302 210
1.77967682837408e+002 1.73711429721254e+006 1.02450185632766e-004 5.44085012770329e-001 1.49054624881741e+000 3.72393067032433e-002 1.85305529112443e-003 2311 211
1.79926062440645e+002 1.73714628077679e+006 1.03575653811248e-004 4.93606756951873e-001 1.31892705572680e+000 3.73405621556002e-002 1.85322596565150e-003 2326 212
1.77171857763812e+002 1.73712947908310e+006 1.01991163746183e-004 8.82146492435898e-001 1.40588717200232e+000 3.73441888360394e-002 1.85327442848935e-003 2334 213
1.76958094216998e+002 1.73710740720548e+006 1.01869402473825e-004 6.23403644730697e-001 1.52889690649129e+000 3.73620125267360e-002 1.85337978389559e-003 2339 214
1.77386521537860e+002 1.73711442788743e+006 1.02115622364045e-004 7.02053690521285e-001 1.48958748237556e+000 3.73712273315279e-002 1.85346070882696e-003 2344 215
1.76938801599862e+002 1.73711002964624e+006 1.01858142528817e-004 7.89182624555911e-001 1.51413190328684e+000 3.73712273315279e-002 1.85352337635438e-003 2344 216
1.77599756822824e+002 1.73711285571279e+006 1.02238467477779e-004 1.17223133645682e-001 1.49668235404523e+000 3.73839538827693e-002 1.85767776878029e-003 2362 217
1.76941729129970e+002 1.73710621921707e+006 1.01860051251079e-004 6.84761620948315e-001 1.53560827158422e+000 3.98952785378675e-002 1.85776348737896e-003 2363 218
1.79244190880146e+002 1.73713181275392e+006 1.03183989221780e-004 5.35727685648068e-001 1.39505311120945e+000 3.99426937339684e-002 1.85790840197967e-003 2394 219
1.78952212146602e+002 1.73712893171078e+006 1.03016079144644e-004 2.88320412548698e-001 1.41020162099063e+000 3.99502845591091e-002 1.85847618215501e-003 2403 220
1.77630854889235e+002 1.73711654424606e+006 1.02256152506571e-004 8.48838745068632e-001 1.47789053178503e+000 3.99505939853390e-002 1.85852942218117e-003 2409 221
1.77026728486368e+002 1.73710504643239e+006 1.01909051635712e-004 5.87087259599418e-001 1.54222376003296e+000 3.99557251658066e-002 1.85864970609485e-003 2423 222
1.77645247097968e+002 1.73711805708442e+006 1.02264348559508e-004 4.26839310815119e-001 1.46935751045259e+000 3.99718702290040e-002 1.85889109135168e-003 2426 223
1.78878481159627e+002 1.73712525619072e+006 1.02973852858274e-004 5.06522626140822e-001 1.43043159291360e+000 3.99941393833558e-002 1.85905595344530e-003 2434 224
1.79747140343296e+002 1.73714970743591e+006 1.03472451989828e-004 2.59297694724119e-001 1.30061461668752e+000 3.99945283239098e-002 1.85975599788608e-003 2439 225
1.77089359283030e+002 1.73710650885674e+006 1.01945020507750e-004 5.64021036741977e-001 1.53397836863308e+000 4.00709302058993e-002 1.85988733473909e-003 2454 226
1.78036088583917e+002 1.73712995432393e+006 1.02488640828169e-004 7.67575135159811e-001 1.40406551576281e+000 4.00748679627620e-002 1.85995313082067e-003 2455 227
1.77197904812175e+002 1.73714155623859e+006 1.02005448871577e-004 3.33328417887129e-001 1.34021167073580e+000 4.01121770260262e-002 1.86036010063223e-003 2479 228
1.76974887039578e+002 1.73710374156254e+006 1.01879284577495e-004 8.51309974961999e-002 1.54615470244453e+000 4.01121897596068e-002 1.86877804087654e-003 2480 229
1.77694856223426e+002 1.73711404332680e+006 1.02293143208562e-004 5.89953563138565e-002 1.48460189687796e+000 4.01636774443968e-002 1.88757623712326e-003 2515 230
1.79134013208270e+002 1.73713107866241e+006 1.03120607750130e-004 9.52773504189114e-001 1.39898405362102e+000 4.05542042512412e-002 1.88761709836511e-003 2526 231
1.77822706366573e+002 1.73713311126602e+006 1.02365618726741e-004 5.48218090910793e-001 1.38661596652120e+000 4.05549725735530e-002 1.88775463712759e-003 2530 232
1.77465353178791e+002 1.73712094561561e+006 1.02160619851665e-004 4.00156644584773e-001 1.45315435758538e+000 4.05566626733106e-002 1.88803236049775e-003 2535 233
1.76975029883445e+002 1.73710282019474e+006 1.01879420845858e-004 5.68579578808665e-001 1.55478360042116e+000 4.05586694041563e-002 1.88816146287746e-003 2540 234
1.77325168745601e+002 1.73710929479532e+006 1.02080605210600e-004 5.74353732093136e-001 1.51835047563097e+000 4.05586694041563e-002 1.88828756963465e-003 2540 235
1.78476115230027e+002 1.73712197801981e+006 1.02742419277591e-004 5.01569010428354e-001 1.44816877208777e+000 4.12787586998913e-002 1.88845643072604e-003 2560 236
1.77359409175969e+002 1.73713116820249e+006 1.02099030750347e-004 8.97295470206882e-003 1.02391462157048e+000 4.12787586998913e-002 2.90378575616885e-003 2560 237
1.78325120100564e+002 1.73712178306253e+006 1.02655508216455e-004 3.46365848197856e-001 1.44903166188543e+000 4.15435118591479e-002 2.90416710814737e-003 2581 238
1.76944681064998e+002 1.73710792324999e+006 1.01861650669331e-004 9.60826928506930e-001 1.52602060716575e+000 4.20158131528116e-002 2.90420777830281e-003 2604 239
1.77278645865494e+002 1.73713405606847e+006 1.02052368745382e-004 4.25593309316891e-001 1.38086336787011e+000 4.20158131528116e-002 2.90444758489176e-003 2604 240
1.77199462848581e+002 1.73713741504715e+006 1.02006588942858e-004 6.53581193212171e-001 1.36264680547502e+000 4.20557751094115e-002 2.90454056601522e-003 2618 241
1.77945787573258e+002 1.73711356662828e+006 1.02437624326558e-004 8.61967346220693e-001 1.49466894451735e+000 4.20558519646546e-002 2.90459211157214e-003 2619 242
1.77350316192660e+002 1.73711355052301e+006 1.02094831695411e-004 6.41121178229891e-001 1.49447719122898e+000 4.20562213355397e-002 2.90469096606116e-003 2622 243
1.78840475947094e+002 1.73714187557638e+006 1.02950989685812e-004 8.39153862784165e-002 1.33714361812189e+000 4.27120044237426e-002 2.91314599052263e-003 2654 244
1.80319012817719e+002 1.73713947658911e+006 1.03802264930469e-004 2.96799300792738e-001 1.35497667394024e+000 4.27368721900016e-002 2.91367312151995e-003 2662 245
1.76994208365700e+002 1.73710248579755e+006 1.01890480959124e-004 7.01415494631948e-001 1.55670113330485e+000 4.42469719125801e-002 2.91375446856271e-003 2672 246
1.77274113620374e+002 1.73713316624816e+006 1.02049811982959e-004 5.27978164134699e-001 1.38575307672353e+000 4.42595870338953e-002 2.91390385026894e-003 2675 247
1.79990206518890e+002 1.73714650891681e+006 1.03612565175647e-004 4.09608021803039e-001 1.31777653599658e+000 4.42949897924070e-002 2.91416104829732e-003 2691 248
1.78485384978564e+002 1.73713844046997e+006 1.02746781829427e-004 3.28040509089771e-001 1.35842823313089e+000 4.43693334302969e-002 2.91458432303327e-003 2697 249
1.76970755826478e+002 1.73714551203813e+006 1.01874456680730e-004 4.09435297297727e-002 1.30387442258980e+000 4.43732435782062e-002 2.95523470603035e-003 2718 250
1.77979383944288e+002 1.73714328328137e+006 1.02455211976148e-004 5.76845735089592e-001 1.33215803262429e+000 4.44310696511350e-002 2.95535624457943e-003 2735 251
1.77820111884720e+002 1.73713607500495e+006 1.02363950540331e-004 8.57803877799785e-001 1.37060456694235e+000 4.50271364700922e-002 2.95540744998050e-003 2751 252
1.77136012566674e+002 1.73711690101713e+006 1.01971267362026e-004 3.04579212586551e-001 1.47539773903623e+000 4.59434622309394e-002 2.95591492057878e-003 2780 253
1.77048114923490e+002 1.73710532683749e+006 1.01921346722689e-004 9.40374269767723e-001 1.54068973372600e+000 4.76604589088708e-002 2.95595758562478e-003 2796 254
1.77684811278031e+002 1.73711683844535e+006 1.02287196074483e-004 1.58797037293875e-001 1.47530186239204e+000 4.81594891237279e-002 2.95808422671030e-003 2849 255
1.76998228437464e+002 1.73712570762946e+006 1.01891433099840e-004 1.65695630954796e-001 1.42563776070437e+000 4.81650988204347e-002 2.96000933293345e-003 2862 256
1.78321157082613e+002 1.73713162112616e+006 1.02652645480400e-004 4.20183839397754e-001 1.39514898785363e+000 4.82061163562600e-002 2.96025663627057e-003 2869 257
1.78140051843678e+002 1.73711705303183e+006 1.02549250154620e-004 1.66668119929023e-001 1.47443897259438e+000 4.82098710159470e-002 2.96216840710134e-003 2875 258
1.79553657964472e+002 1.73713093341668e+006 1.03362189844770e-004 2.73398784850407e-001 1.39984694341868e+000 4.82100251915263e-002 2.96280549773954e-003 2876 259
1.77350956619534e+002 1.73711837215038e+006 1.02094916988180e-004 8.33613214565895e-001 1.46753585421308e+000 4.82130340760199e-002 2.96286084410259e-003 2889 260
1.79086984202170e+002 1.73714751858835e+006 1.03092559297008e-004 2.63643504827695e-001 1.31106517090365e+000 4.82165943378694e-002 2.96353766940660e-003 2897 261
