2.23048738894646e+002 1.73714431056221e+006 1.28399659321738e-004 7.33477240500986e-001 1.37463138599811e+000 2.84174263115242e-006 7.23219220872751e-008 12 1
2.22839997557678e+002 1.73711951800428e+006 1.28281326659280e-004 1.18377964302576e-001 1.48115033768731e+000 8.98913911783995e-006 4.13289528336646e-006 26 2
2.22636462952912e+002 1.73710857237695e+006 1.28164966355121e-004 7.36789781069446e-001 1.53225258903775e+000 2.83987672823543e-005 4.20584978751952e-006 53 3
2.24184179978559e+002 1.73712292235872e+006 1.29054873347447e-004 3.21020354307072e-001 1.46859049729911e+000 2.87786880695059e-005 4.65758792186662e-006 55 4
2.22730191661743e+002 1.73710683287027e+006 1.28219051486401e-004 5.40012715190755e-001 1.54001859721671e+000 1.74602312717247e-004 4.80214394646305e-006 79 5
2.22516473325092e+002 1.73710058214999e+006 1.28096481225409e-004 6.76860148032723e-001 1.56811045396283e+000 1.74655925107323e-004 4.89013356803778e-006 80 6
2.23481203465116e+002 1.73711708031692e+006 1.28650627389721e-004 9.06580277913344e-001 1.49447719122898e+000 1.76256337737634e-004 4.93626223231967e-006 95 7
2.24795680465417e+002 1.73714273723137e+006 1.29405416372923e-004 8.39508928972144e-001 1.38287677739799e+000 1.76256337737634e-004 4.99008439493925e-006 95 8
2.23391260892871e+002 1.73712199507924e+006 1.28598486631465e-004 9.50737355399327e-001 1.47261731635487e+000 2.13062200064817e-003 5.03155123937529e-006 101 9
2.22563902663900e+002 1.73711418553658e+006 1.28122781622052e-004 1.04924687242981e-002 1.19016472258675e+000 2.13373203897706e-003 7.87287795199700e-004 113 10
2.22578080547713e+002 1.73712500903642e+006 1.28130145022281e-004 9.62234498584736e-002 1.45545539704581e+000 2.80620216280256e-003 7.93676567501922e-004 123 11
2.22581189626977e+002 1.73711274314039e+006 1.28132839556790e-004 7.95412632047051e-001 1.51355664342174e+000 2.81119561872694e-003 7.93738158236540e-004 127 12
2.25400898841066e+002 1.73714142642809e+006 1.29753913036073e-004 5.23936256835569e-001 1.38891700598163e+000 2.86288923856112e-003 7.93890176193461e-004 155 13
2.23071195593402e+002 1.73711694225978e+006 1.28414609828767e-004 9.52408820823779e-001 1.49495657444990e+000 5.84502694896791e-003 7.93931563678494e-004 168 14
2.25198565066729e+002 1.73713551910951e+006 1.29637878753760e-004 9.31925771804129e-001 1.41432431669057e+000 6.39261845948177e-003 7.93974572092387e-004 201 15
2.24226851338765e+002 1.73712307815863e+006 1.29079426157374e-004 3.83259648657583e-001 1.46801523743400e+000 6.40696139193433e-003 7.94280449849793e-004 216 16
2.22870798840774e+002 1.73712391475298e+006 1.28298733167580e-004 5.50588532785470e-001 1.46379666508988e+000 6.44259423396397e-003 7.94418240603782e-004 233 17
2.23048488855691e+002 1.73714464810547e+006 1.28399490435750e-004 8.73150969424300e-001 1.37319323633534e+000 6.45692652981187e-003 7.94467512518578e-004 271 18
2.22747389441614e+002 1.73714718855884e+006 1.28225972840914e-004 7.41904965361492e-002 1.35622307031465e+000 6.46494473245592e-003 8.05602480805630e-004 291 19
2.23193219726920e+002 1.73711328268428e+006 1.28485125710305e-004 6.34323372587659e-002 1.50339371913816e+000 6.67088432789781e-003 8.21651919634660e-004 310 20
2.22867763565368e+002 1.73712407789779e+006 1.28296973819087e-004 7.87784671655460e-001 1.46312552858058e+000 6.67607152140414e-003 8.21714568306665e-004 314 21
2.24314615735877e+002 1.73714759167299e+006 1.29128126800729e-004 8.59019489017568e-001 1.36168803903317e+000 6.73316370256003e-003 8.21765520044586e-004 337 22
2.22600024059609e+002 1.73710333578514e+006 1.28144375901829e-004 6.77680685604727e-001 1.55574236686300e+000 6.83235636807374e-003 8.21853265825717e-004 363 23
2.23446213943214e+002 1.73713956938489e+006 1.28628819842035e-004 5.96994491024353e-001 1.39543661778619e+000 6.83813085113975e-003 8.21967470525181e-004 379 24
2.22547308203145e+002 1.73710814662236e+006 1.28113674107338e-004 9.37851876490823e-001 1.53417012192145e+000 6.83955894666658e-003 8.22010379088854e-004 381 25
2.22626259196675e+002 1.73710565888341e+006 1.28159307316350e-004 5.91645801666105e-001 1.54529181264687e+000 6.83955894666658e-003 8.22128643343102e-004 381 26
2.23185257464256e+002 1.73713366698927e+006 1.28479034444737e-004 8.75916484944758e-001 1.42103568178350e+000 6.84059605472490e-003 8.22177986190457e-004 387 27
2.24135114525514e+002 1.73713667178371e+006 1.29025606863506e-004 8.27565548757422e-001 1.40857171803949e+000 7.09370329886831e-003 8.22233785077942e-004 399 28
2.24155508503306e+002 1.73712879408626e+006 1.29037932030303e-004 8.12735091900465e-001 1.44299143330180e+000 7.09394564696726e-003 8.22292141178948e-004 403 29
2.26178112933637e+002 1.73714404437789e+006 1.30201126606374e-004 2.89475243205592e-001 1.37808294518876e+000 7.10049282496678e-003 8.22851732055691e-004 405 30
2.22824769440387e+002 1.73711294996982e+006 1.28273045355019e-004 4.67136822684639e-001 1.51259787697989e+000 8.74369432575329e-003 8.23050349670799e-004 440 31
2.23731430462012e+002 1.73714258791715e+006 1.28792783494655e-004 5.53657951110374e-001 1.38258914746544e+000 8.75137234156265e-003 8.23184830904176e-004 457 32
2.22689629681559e+002 1.73712530991503e+006 1.28194337616654e-004 7.19467321216032e-001 1.45756468321787e+000 8.88455676368842e-003 8.23261270121560e-004 500 33
2.22783285444867e+002 1.73711896692517e+006 1.28248720131001e-004 5.32962170127611e-001 1.48575241660817e+000 9.52301085095456e-003 8.23409599181165e-004 503 34
2.22922746129996e+002 1.73711076696726e+006 1.28329608649800e-004 4.50665290683674e-001 1.52237729468673e+000 9.52309482637152e-003 8.23624650629059e-004 505 35
2.23931291559257e+002 1.73714045379804e+006 1.28907993495450e-004 2.38328401217355e-001 1.39150567537461e+000 9.53261697925092e-003 8.24485101318504e-004 527 36
2.26466307055974e+002 1.73714539444786e+006 1.30366926393621e-004 7.03816326787070e-001 1.37290560640278e+000 9.53927768984171e-003 8.24564271277241e-004 542 37
2.24881802943538e+002 1.73713213874734e+006 1.29455783282814e-004 8.77314437845209e-001 1.42880168996246e+000 9.54487047856589e-003 8.24613497449558e-004 547 38
2.22859923979254e+002 1.73711318236982e+006 1.28293265527193e-004 2.64008188193030e-001 1.51125560396130e+000 9.58754044319137e-003 8.25310448309540e-004 553 39
2.23428336849514e+002 1.73711361762136e+006 1.28620450240544e-004 3.98758691684322e-001 1.50972157765435e+000 9.58756852056420e-003 8.25591740611252e-004 554 40
2.23080995076782e+002 1.73712666686178e+006 1.28419532153906e-004 2.43200463265845e-002 1.39725827402570e+000 9.58756852056420e-003 9.56159647391862e-004 554 41
2.23047440444254e+002 1.73711206651658e+006 1.28401295182839e-004 3.17373520653722e-001 1.51643294274728e+000 1.00350809998268e-002 9.56624626145502e-004 576 42
2.23467271133812e+002 1.73711922219061e+006 1.28642448397581e-004 5.65905234129542e-001 1.48488952681051e+000 1.02224879667002e-002 9.56754610180339e-004 604 43
2.23939635855472e+002 1.73712038631883e+006 1.28914286182251e-004 5.46029990718783e-001 1.47990394131291e+000 1.02320832075924e-002 9.56895168960578e-004 612 44
2.23480293751359e+002 1.73711386914562e+006 1.28650341516380e-004 2.70937172134395e-001 1.50837930463576e+000 1.02320832075924e-002 9.57553392270469e-004 612 45
2.25274194563947e+002 1.73713976557800e+006 1.29681098645603e-004 7.12963801200891e-001 1.39601187765130e+000 1.03227111970365e-002 9.57630680689105e-004 621 46
2.24024573828854e+002 1.73711984812670e+006 1.28963221984071e-004 9.96839410833763e-001 1.48239673406171e+000 1.03547876079127e-002 9.57668079358063e-004 640 47
2.25337911868540e+002 1.73714799024014e+006 1.29717163920792e-004 8.97220071536412e-001 1.36092102587970e+000 1.03569816089509e-002 9.57714372542837e-004 643 48
2.22950040826607e+002 1.73710839038319e+006 1.28345496940027e-004 7.00716518181723e-001 1.53311547883541e+000 1.03971099457778e-002 9.57795848434868e-004 649 49
2.23373153318467e+002 1.73713370809224e+006 1.28587195704496e-004 4.24711991183998e-001 1.42084392849513e+000 1.05519115614474e-002 9.58038409796913e-004 683 50
2.22639464514555e+002 1.73710453425014e+006 1.28166992202101e-004 7.29678455445413e-001 1.55037327478866e+000 1.05519655135836e-002 9.58112977499760e-004 684 51
2.23280471993020e+002 1.73712885523066e+006 1.28534201761195e-004 3.63141283003268e-001 1.44203266685995e+000 1.05785738147202e-002 9.58456340907649e-004 702 52
2.23038667220957e+002 1.73711015428485e+006 1.28396386058278e-004 2.46503386656949e-001 1.52477421079134e+000 1.15232897739111e-002 9.59267414474443e-004 712 53
2.23961018179047e+002 1.73712577022785e+006 1.28926195659846e-004 5.45543746231669e-001 1.45612653355510e+000 1.15589323428633e-002 9.59407904027599e-004 743 54
2.23324120928701e+002 1.73712631091136e+006 1.28559517114909e-004 2.39300890191582e-001 1.45296260429701e+000 1.16271187414143e-002 9.60268563111935e-004 750 55
2.23001775153202e+002 1.73711617773163e+006 1.28374703308201e-004 6.98133344343933e-001 1.49831225699637e+000 1.39531070335128e-002 9.60350546219549e-004 768 56
2.22515233068261e+002 1.73710036979927e+006 1.28095782903394e-004 1.37219938178219e-001 1.56743931745354e+000 1.39849306747249e-002 9.63296394426222e-004 807 57
2.22542821438340e+002 1.73710054123127e+006 1.28111652111453e-004 7.17005708500020e-001 1.56830220725120e+000 1.39914117527370e-002 9.63373908327287e-004 831 58
2.23261102692473e+002 1.73714366781154e+006 1.28521955667875e-004 8.90108745912379e-001 1.37760356196783e+000 1.39980180804095e-002 9.63421179931189e-004 848 59
2.24448979941101e+002 1.73712387820273e+006 1.29207238187468e-004 7.74534509381621e-001 1.46475543153172e+000 1.40350114754369e-002 9.63486222046300e-004 876 60
2.23650723382523e+002 1.73713172073655e+006 1.28747129234370e-004 8.16412315834259e-001 1.42985633304849e+000 1.40776618954091e-002 9.63543898945339e-004 893 61
2.25045662490553e+002 1.73713303554440e+006 1.29550044024711e-004 5.37378377969432e-002 1.41384493346965e+000 1.41124720651420e-002 9.86428483096999e-004 903 62
2.24386638168948e+002 1.73713006450715e+006 1.29170890254920e-004 3.88769906595409e-002 1.41624184957427e+000 1.54594780907980e-002 1.03309432314083e-003 921 63
2.23876784800010e+002 1.73712989966440e+006 1.28877399211064e-004 5.21869717765337e-001 1.43790997116001e+000 1.54597729985959e-002 1.03324886573065e-003 929 64
2.23225899612302e+002 1.73711152885397e+006 1.28504068205016e-004 4.28997020726684e-001 1.51902161214026e+000 1.54601860818739e-002 1.03348850000663e-003 935 65
2.22905600883618e+002 1.73714865279891e+006 1.28316940119703e-004 4.51972072742791e-001 1.35574368709372e+000 1.55138893267471e-002 1.03369750865196e-003 943 66
2.22537681823785e+002 1.73710112064648e+006 1.28108650648701e-004 8.23493251177848e-001 1.56571353785821e+000 1.56935873363870e-002 1.03375466612064e-003 954 67
2.25731061428345e+002 1.73713852620788e+006 1.29944190835824e-004 6.22704668280472e-001 1.40166859965819e+000 1.56943736454053e-002 1.03385886639610e-003 959 68
2.22666774124543e+002 1.73712176329361e+006 1.28181442205212e-004 4.28541166520015e-001 1.47319257621998e+000 1.65601978099930e-002 1.03409823938673e-003 1013 69
2.22543882147133e+002 1.73712031594739e+006 1.28110804350515e-004 8.95983687215540e-002 1.47578124561296e+000 1.67399160458324e-002 1.04158867604073e-003 1050 70
2.23987890211539e+002 1.73713460146950e+006 1.28941009396011e-004 8.91719430775942e-001 1.41748824594867e+000 1.76118567390136e-002 1.04163608984235e-003 1090 71
2.22637683356781e+002 1.73711383571336e+006 1.28165280570868e-004 7.02661496130176e-001 1.50866693456832e+000 1.76125925375351e-002 1.04171697156819e-003 1094 72
2.22955591253983e+002 1.73710804490844e+006 1.28348717676600e-004 6.34404926251637e-001 1.53464950514237e+000 1.76561643344678e-002 1.04181837216403e-003 1111 73
2.22538505423449e+002 1.73711424482535e+006 1.28108156886602e-004 3.18194058225726e-001 1.50655764839625e+000 1.76813214678384e-002 1.04228044607821e-003 1120 74
2.25331668952227e+002 1.73713879505080e+006 1.29714256759687e-004 6.85734109922542e-001 1.40023044999542e+000 1.78701569398168e-002 1.04236470963044e-003 1130 75
2.25577131335060e+002 1.73714093745247e+006 1.29855399296470e-004 7.78515636119861e-001 1.39121804544206e+000 2.04085275127594e-002 1.04242834549385e-003 1146 76
2.25164011425018e+002 1.73714538225296e+006 1.29617251649962e-004 4.58202080233931e-001 1.37175508667257e+000 2.04087779045526e-002 1.04263183637235e-003 1152 77
2.22692194680819e+002 1.73711070017318e+006 1.28196892367698e-004 5.17736639624874e-001 1.52266492461928e+000 2.04091475522204e-002 1.04279032126448e-003 1153 78
2.23105721196129e+002 1.73711487781152e+006 1.28434637696766e-004 4.69750386802873e-001 1.50406485564745e+000 2.04437371692745e-002 1.04298641118833e-003 1189 79
2.24169994804136e+002 1.73712065333464e+006 1.29046876006820e-004 6.59507297898865e-001 1.47884929822687e+000 2.04439159228317e-002 1.04307918152892e-003 1191 80
2.22546988250021e+002 1.73711177636243e+006 1.28113222223666e-004 3.57336739438352e-001 1.51767933912168e+000 2.05247096584120e-002 1.04343739908707e-003 1212 81
2.25530840174120e+002 1.73714456274638e+006 1.29828480452094e-004 9.95289506531089e-001 1.37568602908414e+000 2.05254000665581e-002 1.04347435829076e-003 1213 82
2.22521453702029e+002 1.73710043127652e+006 1.28099359414329e-004 3.44876724456072e-001 1.56858983718375e+000 2.05261621793250e-002 1.04386221301897e-003 1215 83
2.22538002649956e+002 1.73710062836460e+006 1.28108871644381e-004 1.14123325040334e-001 1.56552178456984e+000 2.10814688784021e-002 1.04828097833853e-003 1233 84
2.23939608117314e+002 1.73713176534515e+006 1.28913425765542e-004 9.98541266538660e-001 1.42985633304849e+000 2.10956427284743e-002 1.04831801208667e-003 1238 85
2.22600323478654e+002 1.73710177969914e+006 1.28144663059849e-004 4.52458317229904e-001 1.56264548524430e+000 2.31902047646816e-002 1.04853143615820e-003 1246 86
2.24640138025755e+002 1.73713764091135e+006 1.29316256514773e-004 1.58219621965428e-001 1.40349025589770e+000 2.32076304461484e-002 1.05065493062135e-003 1265 87
2.23159965833162e+002 1.73713148548510e+006 1.28464636367597e-004 8.60730961899821e-002 1.42630889721366e+000 2.32309695259093e-002 1.05878835057342e-003 1281 88
2.23268314577441e+002 1.73711363715774e+006 1.28528329161771e-004 6.72301605966035e-001 1.50972157765435e+000 2.32311652916681e-002 1.05887749189674e-003 1283 89
2.22792614976324e+002 1.73712673531550e+006 1.28253517273909e-004 9.72253673954094e-001 1.45133270134587e+000 2.32311652916681e-002 1.05891687492990e-003 1283 90
2.26189087541529e+002 1.73714980600001e+006 1.30207012361298e-004 8.90807722362604e-001 1.35401790749840e+000 2.33319284325082e-002 1.05896383412455e-003 1328 91
2.22674658776768e+002 1.73714055353988e+006 1.28184594564556e-004 5.55147074852158e-001 1.39054690893277e+000 2.35350149610815e-002 1.05909772141497e-003 1361 92
2.23173814751028e+002 1.73711715980148e+006 1.28473668148364e-004 4.53673928447688e-001 1.49390193136387e+000 2.35353550371473e-002 1.05930926949183e-003 1363 93
2.23111038338979e+002 1.73711423820849e+006 1.28437745891856e-004 5.06188333055931e-001 1.50694115497299e+000 2.37084922840785e-002 1.05947567128026e-003 1389 94
2.22743181769764e+002 1.73710966202855e+006 1.28226320662376e-004 9.92016973420430e-002 1.52419895092624e+000 2.41193458689385e-002 1.06548349252080e-003 1423 95
2.22564763918035e+002 1.73710283654440e+006 1.28124114484161e-004 3.98971423647434e-001 1.55785165303507e+000 2.61461022357904e-002 1.06576495620518e-003 1438 96
2.25414764563855e+002 1.73714836807101e+006 1.29761376426922e-004 8.91233186288829e-001 1.35938699957274e+000 2.84215117199813e-002 1.06581192088872e-003 1462 97
2.24216335869208e+002 1.73714624466317e+006 1.29071651458783e-004 2.45682849084945e-001 1.36686537781915e+000 2.84221270935266e-002 1.06661288317293e-003 1471 98
2.22762836334743e+002 1.73710543816438e+006 1.28237947000517e-004 2.73915419617965e-001 1.54596294915616e+000 2.85860940727976e-002 1.06725651944225e-003 1481 99
2.23967374943365e+002 1.73711982135925e+006 1.28930296545181e-004 9.92767113254189e-001 1.48249261070589e+000 2.85877348898755e-002 1.06729425676038e-003 1487 100
2.22698716886313e+002 1.73710671676341e+006 1.28200940976841e-004 7.92616726246149e-001 1.54059385708182e+000 2.86007303445466e-002 1.06735639994031e-003 1510 101
2.25238928000275e+002 1.73714133794862e+006 1.29660679771761e-004 6.26533843616490e-001 1.38920463591418e+000 2.86372850395119e-002 1.06745897752417e-003 1527 102
2.22594105817618e+002 1.73711653416567e+006 1.28139995343610e-004 4.43341233096529e-001 1.49649060075686e+000 2.86464594350306e-002 1.06768156809892e-003 1531 103
2.22961628180031e+002 1.73711375857979e+006 1.28351770777492e-004 1.00234966877159e-001 1.50598238853114e+000 2.86523905116040e-002 1.07354801981026e-003 1535 104
2.25186772910728e+002 1.73713533406718e+006 1.29631104286005e-004 4.49480069746335e-001 1.41499545319987e+000 2.87820288885840e-002 1.07376195156361e-003 1591 105
2.24766732151068e+002 1.73714167608871e+006 1.29388831084196e-004 3.46882482965414e-001 1.38719122638630e+000 2.99029802410045e-002 1.07413845397834e-003 1651 106
2.23941242449181e+002 1.73712870196015e+006 1.28914593924982e-004 7.38562034512587e-002 1.43743058793908e+000 2.99029802410045e-002 1.08554635026800e-003 1651 107
2.23780316449706e+002 1.73714643704308e+006 1.28820639665104e-004 5.96812149341685e-001 1.36609836466567e+000 2.99629915330905e-002 1.08565998859980e-003 1681 108
2.22974511753519e+002 1.73712776738986e+006 1.28358152298717e-004 6.48809919182371e-001 1.44682649906919e+000 3.00296930055193e-002 1.08575582410178e-003 1700 109
2.23304699543798e+002 1.73711751816400e+006 1.28548987606658e-004 1.78793841826412e-001 1.49150501525925e+000 3.00345142678102e-002 1.08739637008740e-003 1705 110
2.23060528179852e+002 1.73712913641227e+006 1.28407567565509e-004 5.07312773432381e-001 1.44078627048555e+000 3.01099229043875e-002 1.08756089936750e-003 1712 111
2.23228516296726e+002 1.73711068797451e+006 1.28505636752622e-004 4.07328750769695e-001 1.52276080126347e+000 3.01124595872492e-002 1.08782952676832e-003 1726 112
2.22649724529939e+002 1.73714922483916e+006 1.28169601164439e-004 3.05338969597666e-001 1.35286738776818e+000 3.01374466265917e-002 1.08832453693165e-003 1732 113
2.23613928131996e+002 1.73711640712468e+006 1.28727082410663e-004 1.44148922119585e-001 1.49601121753594e+000 3.01375720715951e-002 1.09096044353764e-003 1733 114
2.24100298722259e+002 1.73713425768019e+006 1.29005744080099e-004 6.30849263439621e-001 1.41902227225562e+000 3.01387609551872e-002 1.09106199191430e-003 1739 115
2.24026718518867e+002 1.73713158846382e+006 1.28963585006824e-004 3.35729250042251e-001 1.43043159291360e+000 3.01466128421158e-002 1.09146943043256e-003 1770 116
2.23082538729828e+002 1.73714188311354e+006 1.28419295897504e-004 3.78336423225560e-001 1.38498606357006e+000 3.01512639705161e-002 1.09178035719708e-003 1777 117
2.24300924023065e+002 1.73714920896847e+006 1.29120124868111e-004 2.74097761300632e-001 1.35440141407514e+000 3.02219600261996e-002 1.09240825643388e-003 1834 118
2.23172752972011e+002 1.73711507506792e+006 1.28473211099982e-004 4.65161454455741e-001 1.50320196584979e+000 3.04321281471291e-002 1.09260861578166e-003 1865 119
2.23741815742971e+002 1.73714286917367e+006 1.28798741010966e-004 7.93953898585711e-001 1.38143862773522e+000 3.04322329530384e-002 1.09266945000687e-003 1867 120
2.23612561865172e+002 1.73712259496963e+006 1.28725837357477e-004 4.47474311236992e-001 1.46993277031770e+000 3.04584167219029e-002 1.09288703451081e-003 1896 121
2.25050676593059e+002 1.73714110075088e+006 1.29552328959756e-004 6.89329780192359e-002 1.38335616061892e+000 3.04613301766951e-002 1.10604888326227e-003 1902 122
2.23353792124915e+002 1.73712831176956e+006 1.28576449638640e-004 2.60148622576568e-001 1.44423782967620e+000 3.04615892056773e-002 1.10676429480566e-003 1907 123
2.22582012366626e+002 1.73714850340290e+006 1.28130675479116e-004 5.36730564902740e-001 1.35612719367046e+000 3.05947294054825e-002 1.10690750772526e-003 2008 124
2.22601250819708e+002 1.73711509416976e+006 1.28144214708846e-004 4.24104185575106e-001 1.50291433591723e+000 3.06001138196719e-002 1.10715302931602e-003 2012 125
2.23429210666280e+002 1.73713851869884e+006 1.28619109546647e-004 4.89321727409186e-001 1.39994282006287e+000 3.07578196659313e-002 1.10733006180894e-003 2024 126
2.22657240264230e+002 1.73712753232427e+006 1.28175528222141e-004 6.39692835048995e-001 1.44768938886685e+000 3.09534823462564e-002 1.10742893854973e-003 2059 127
2.24956791321321e+002 1.73713439554765e+006 1.29498782961405e-004 7.98269318408842e-001 1.41902227225562e+000 3.09534823462564e-002 1.10748944205603e-003 2059 128
2.23580486225945e+002 1.73712704966300e+006 1.28707042489923e-004 3.02157607328340e-002 1.41509132984405e+000 3.10713684448204e-002 1.18872215987795e-003 2078 129
2.24576656565959e+002 1.73713615960346e+006 1.29279823042822e-004 4.16658566866182e-001 1.41096863414411e+000 3.10874492324140e-002 1.18897476562024e-003 2112 130
2.22586283440395e+002 1.73710255102700e+006 1.28136523713345e-004 8.31485894934774e-001 1.55928980269784e+000 3.10950800179085e-002 1.18903071833895e-003 2126 131
2.23296847451275e+002 1.73714325162375e+006 1.28542563206975e-004 8.48270946917541e-002 1.37501489257485e+000 3.14589100462104e-002 1.19735558974383e-003 2144 132
2.23409542593428e+002 1.73712402170859e+006 1.28608860720226e-004 3.43569942396954e-001 1.46341315851314e+000 3.14648608165080e-002 1.19774444552005e-003 2151 133
2.23186543751069e+002 1.73711034592949e+006 1.28481499776897e-004 6.20091104162238e-001 1.52439070421461e+000 3.14724619696892e-002 1.19785102186003e-003 2156 134
2.23027471895007e+002 1.73711454568662e+006 1.28389616691281e-004 6.74003461670932e-001 1.50559888195441e+000 3.15661292360480e-002 1.19793964565254e-003 2170 135
2.22667001087681e+002 1.73710319486464e+006 1.28182943032060e-004 9.46725838380642e-001 1.55641350337230e+000 3.17216903511337e-002 1.19798169821515e-003 2216 136
2.24225984909245e+002 1.73713966488202e+006 1.29077694900941e-004 6.24953549033371e-001 1.39562837107456e+000 3.17369724914602e-002 1.19808496684353e-003 2222 137
2.22994684410091e+002 1.73711246600096e+006 1.28370895695968e-004 7.77938220791414e-001 1.51489891644032e+000 3.17369724914602e-002 1.19814964723198e-003 2222 138
2.22573177001963e+002 1.73710237403836e+006 1.28128991768364e-004 4.34041807280485e-001 1.55996093920713e+000 3.17842411549032e-002 1.19838349636318e-003 2232 139
2.24070085289220e+002 1.73714956927526e+006 1.28987214463077e-004 3.88304435211384e-001 1.35286738776818e+000 3.17971599877629e-002 1.19867520941575e-003 2254 140
2.24994233670964e+002 1.73713230065891e+006 1.29520493244808e-004 1.16493766915012e-001 1.42582951399274e+000 3.51749807139974e-002 1.20285433357834e-003 2269 141
2.23412803098258e+002 1.73712676241700e+006 1.28610534763512e-004 7.93741166622599e-001 1.45152445463424e+000 3.51751932488044e-002 1.20291587119362e-003 2273 142
2.22636090454731e+002 1.73710387901958e+006 1.28165098198593e-004 3.79916717808679e-001 1.55315369747002e+000 3.60244628667158e-002 1.20322930700217e-003 2333 143
2.22559100148112e+002 1.73713534380154e+006 1.28118456471759e-004 9.48974719133541e-001 1.41326967360454e+000 3.61381211589641e-002 1.20327062693570e-003 2346 144
2.23111688757133e+002 1.73714075152211e+006 1.28436160014572e-004 6.78713955139843e-001 1.39006752571184e+000 3.61381211589641e-002 1.20335666451277e-003 2346 145
2.23264030982128e+002 1.73711038485714e+006 1.28526103867099e-004 5.22994158141787e-001 1.52419895092624e+000 3.61452029199452e-002 1.20351167675039e-003 2354 146
2.24152775343171e+002 1.73712334176652e+006 1.29036763659592e-004 6.48688358060592e-001 1.46696059434797e+000 3.61465857259388e-002 1.20360777285779e-003 2355 147
2.24364463776481e+002 1.73713657809828e+006 1.29157641003973e-004 4.84368111696719e-001 1.40905110126041e+000 3.61480359133330e-002 1.20378908991112e-003 2357 148
2.22629420562869e+002 1.73710475331315e+006 1.28161194032389e-004 9.65233519171394e-001 1.54941450834681e+000 3.62057446100849e-002 1.20382938388885e-003 2365 149
2.26043845882673e+002 1.73714194903641e+006 1.30123991728050e-004 5.34815977234731e-001 1.38719122638630e+000 3.62074498802512e-002 1.20397463496460e-003 2375 150
2.22797917407111e+002 1.73711378652487e+006 1.28257525738223e-004 8.77496779527876e-001 1.50895456450087e+000 3.62374391273092e-002 1.20402424385772e-003 2400 151
2.22877374162712e+002 1.73712353134616e+006 1.28302546662889e-004 4.21824914541762e-001 1.46542656804102e+000 3.67617840100416e-002 1.20427188590213e-003 2444 152
2.25372205202168e+002 1.73714448289581e+006 1.29737167032881e-004 2.73702687654853e-001 1.37549427579577e+000 3.67629174654482e-002 1.20490456128811e-003 2450 153
2.23700470342855e+002 1.73714117805264e+006 1.28775065568985e-004 9.98784388782217e-001 1.38872525269326e+000 3.68605654882649e-002 1.20494132796038e-003 2478 154
2.22526500566241e+002 1.73710152773450e+006 1.28102183894354e-004 3.71802512929974e-001 1.56370012833033e+000 3.68726090024006e-002 1.20527005289984e-003 2494 155
2.23865495626273e+002 1.73713730905793e+006 1.28870350789018e-004 4.59539252573493e-001 1.40550366542558e+000 4.06079331019199e-002 1.20547350440469e-003 2542 156
2.23339136093346e+002 1.73713328821408e+006 1.28567644393244e-004 4.31397852881806e-001 1.42266558473464e+000 4.10961878797523e-002 1.20570793636098e-003 2561 157
2.22675558727021e+002 1.73711212946687e+006 1.28187210100074e-004 8.76645851675428e-001 1.51633706610309e+000 4.10982861606067e-002 1.20575767262476e-003 2566 158
2.23526353879003e+002 1.73711337985107e+006 1.28676893079063e-004 8.77466389247432e-001 1.51096797402875e+000 4.11192152866803e-002 1.20580729138265e-003 2587 159
2.23601179300896e+002 1.73712015528263e+006 1.28719465597121e-004 9.29312207685894e-001 1.48086270775475e+000 4.12819670015151e-002 1.20585092451687e-003 2596 160
2.22588714185135e+002 1.73710429703490e+006 1.28137794228490e-004 4.44131380388088e-001 1.55133204123051e+000 4.14531104175276e-002 1.20607321619788e-003 2608 161
2.22688277552219e+002 1.73710829314234e+006 1.28194815033384e-004 6.59203395094419e-001 1.53349898541215e+000 4.20479525476021e-002 1.20616640973484e-003 2620 162
2.22749693487954e+002 1.73710862459923e+006 1.28230145836997e-004 4.75686108666923e-002 1.51796696905423e+000 4.21321485982380e-002 1.23642295480522e-003 2626 163
2.25834919916687e+002 1.73714788833830e+006 1.30003277303261e-004 3.06402629413227e-001 1.36149628574480e+000 4.21322507841051e-002 1.23691511273319e-003 2630 164
2.23408121501923e+002 1.73711427000350e+006 1.28608764620725e-004 4.42642256646303e-001 1.50684527832881e+000 4.21692405407265e-002 1.23713863752374e-003 2641 165
2.23166799185600e+002 1.73712219052066e+006 1.28469257474036e-004 9.59195470540278e-002 1.46820699072237e+000 4.21902716032402e-002 1.24358100702675e-003 2650 166
2.22904348895186e+002 1.73711027253767e+006 1.28319054464011e-004 6.98042173502599e-001 1.52467833414716e+000 4.21906662973400e-002 1.24366314217214e-003 2656 167
2.22656114908301e+002 1.73710355548844e+006 1.28176649564416e-004 1.24547191232827e-001 1.55277019089328e+000 4.43106909294484e-002 1.24730837663236e-003 2712 168
2.25433133035283e+002 1.73713436257800e+006 1.29772996623715e-004 6.29157024912080e-002 1.41135214072085e+000 4.49660937422670e-002 1.26347862980030e-003 2721 169
2.24197138833543e+002 1.73713513512965e+006 1.29061425939096e-004 2.09163349167909e-002 1.34069105395672e+000 4.49660937422670e-002 1.44330851880310e-003 2721 170
2.23144795747315e+002 1.73710961245225e+006 1.28457520999443e-004 5.79732811731828e-001 1.52765051011689e+000 4.49763327286077e-002 1.44343212066055e-003 2736 171
2.23258045114335e+002 1.73714855359119e+006 1.28519834083035e-004 1.27707780399064e-001 1.35468904400769e+000 4.49928221022919e-002 1.44680213141795e-003 2743 172
2.24955719304917e+002 1.73713157791627e+006 1.29498375890021e-004 9.07400815485348e-001 1.43129448271126e+000 4.49969529884028e-002 1.44684785422675e-003 2765 173
2.24038722365708e+002 1.73713934608896e+006 1.28969919211116e-004 2.07877340211881e-001 1.39620363093966e+000 4.50538272838037e-002 1.44801118131941e-003 2768 174
2.23620857965796e+002 1.73712818398938e+006 1.28730198952273e-004 9.66692252632735e-001 1.44538834940642e+000 4.50549087761573e-002 1.44805103537037e-003 2772 175
2.23379887932070e+002 1.73712320411371e+006 1.28591850118530e-004 8.73758775033192e-001 1.46724822428053e+000 4.50795470760827e-002 1.44810093953762e-003 2795 176
2.24224882858175e+002 1.73714222997003e+006 1.29076869898433e-004 2.29241707364424e-001 1.38402729712821e+000 4.50818991435013e-002 1.44903691738861e-003 2800 177
2.22784654954392e+002 1.73712048857608e+006 1.28249396169152e-004 8.21001248181392e-001 1.47904105151524e+000 4.56375537634997e-002 1.44909421592861e-003 2816 178
2.25921009642080e+002 1.73714202943430e+006 1.30053274021537e-004 7.65235083565577e-001 1.38680771980956e+000 4.70897407671628e-002 1.44916025322676e-003 2834 179
2.24218637290856e+002 1.73713211252270e+006 1.29074026338776e-004 3.80889206782905e-001 1.42832230674154e+000 4.71115818697598e-002 1.44946882116353e-003 2861 180
2.22548905600293e+002 1.73711522794286e+006 1.28114071423034e-004 8.64520129778038e-001 1.50243495269631e+000 5.14158968256806e-002 1.44952006125210e-003 2886 181
2.22619576890322e+002 1.73711418766842e+006 1.28154831301207e-004 3.89307314466056e-001 1.50694115497299e+000 5.14163849059917e-002 1.44981654509984e-003 2889 182
2.23443130267734e+002 1.73714894506102e+006 1.28626350475443e-004 2.21097112205275e-001 1.35449729071932e+000 5.15227703703735e-002 1.45082396013210e-003 2904 183
2.25093436986938e+002 1.73714445669590e+006 1.29576694016162e-004 3.89854339514058e-001 1.37559015243995e+000 5.15233481098279e-002 1.45111450813200e-003 2909 184
2.24106356213825e+002 1.73713260359012e+006 1.29009353982171e-004 3.24150553192864e-001 1.42602126728111e+000 5.15320324978729e-002 1.45155437419030e-003 2916 185
2.22616518612893e+002 1.73710216526301e+006 1.28153957692222e-004 7.64566497395797e-001 1.56101558229316e+000 5.15320324978729e-002 1.45162167128894e-003 2916 186
2.22890220369673e+002 1.73711097893661e+006 1.28310868936492e-004 7.03755546226181e-001 1.52151440488907e+000 5.15321863268518e-002 1.45170233441828e-003 2918 187
2.23525239450901e+002 1.73714579193778e+006 1.28673850666228e-004 8.66920961933160e-001 1.36868703405866e+000 5.15481533014401e-002 1.45175234301464e-003 2928 188
2.22545590226277e+002 1.73714120141779e+006 1.28110247357644e-004 4.50361387879228e-001 1.38757473296304e+000 5.15494014446646e-002 1.45196435740836e-003 2931 189
2.22515312224359e+002 1.73710120750646e+006 1.28095766697855e-004 8.96338753403519e-001 1.56533003128147e+000 5.15523115638284e-002 1.45201179093596e-003 2938 190
2.22529247792055e+002 1.73710037173947e+006 1.28103850643900e-004 7.51042822597956e-001 1.56906922040468e+000 5.15849211570817e-002 1.45208178604695e-003 2953 191
2.23325959246624e+002 1.73711629268578e+006 1.28561316796447e-004 8.74761654287864e-001 1.49792875041963e+000 5.15851104845795e-002 1.45213169968985e-003 2955 192
2.22657707546190e+002 1.73711577405499e+006 1.28176664821291e-004 9.98389315136437e-001 1.50003803659169e+000 5.17154494484654e-002 1.45216902322341e-003 2978 193
2.22815561686908e+002 1.73710976128619e+006 1.28267980199455e-004 2.48995389653405e-001 1.52649999038667e+000 5.26061083461304e-002 1.45296240752566e-003 2994 194
2.23633912565317e+002 1.73712247878485e+006 1.28738136810184e-004 5.43021352954769e-001 1.47050803018281e+000 5.26608617519453e-002 1.45310455718267e-003 3008 195
2.22561955950070e+002 1.73713148561612e+006 1.28120384999734e-004 4.09435297297727e-002 1.41116038743248e+000 5.26623863350648e-002 1.49471149109020e-003 3010 196
2.22615194273154e+002 1.73710325340395e+006 1.28153115031153e-004 1.37584621543554e-001 1.55449597048860e+000 5.27461901243224e-002 1.49763981578357e-003 3015 197
2.23782438126631e+002 1.73711714710520e+006 1.28824033118096e-004 4.92755829099425e-001 1.49418956129643e+000 5.33329760959378e-002 1.49781620222619e-003 3098 198
2.25170779702084e+002 1.73713885593642e+006 1.29621634834490e-004 6.78410052335397e-001 1.39984694341868e+000 5.48478864458066e-002 1.49790247439093e-003 3113 199
2.24152492465545e+002 1.73712248725929e+006 1.29036664291368e-004 3.95354980274528e-001 1.47060390682699e+000 5.48552848148846e-002 1.49818821721310e-003 3121 200
2.23232016502532e+002 1.73712083238866e+006 1.28506901253813e-004 8.40147124861481e-001 1.47769877849666e+000 5.49131441804235e-002 1.49824267552324e-003 3126 201
2.23094106365602e+002 1.73711779967982e+006 1.28427735401810e-004 2.44041773940937e-001 1.49064212546159e+000 5.49221817109849e-002 1.49907007056109e-003 3138 202
2.22700626354649e+002 1.73711478020989e+006 1.28201445104086e-004 6.43734742348125e-001 1.50444836222419e+000 5.72174951441057e-002 1.49916811406229e-003 3167 203
2.22619974130344e+002 1.73710761471672e+006 1.28155544898633e-004 9.21349954209413e-001 1.53656703802606e+000 5.72190419502958e-002 1.49921273534644e-003 3169 204
2.22513474406368e+002 1.73710050507329e+006 1.28094760515863e-004 9.90761354744846e-001 1.56849396053957e+000 5.73191758911569e-002 1.49925078910996e-003 3191 205
2.22967591980748e+002 1.73711506772340e+006 1.28355107211462e-004 1.80495697531309e-001 1.50233907605213e+000 5.73191758911569e-002 1.50085878591619e-003 3191 206
2.23043047148957e+002 1.73711424455275e+006 1.28398605113432e-004 2.39756744398251e-001 1.50646177175207e+000 5.73191758911569e-002 1.50172004830756e-003 3191 207
2.25762084648545e+002 1.73714291144004e+006 1.29961721566334e-004 6.12037679844422e-001 1.38287677739799e+000 5.73220760066617e-002 1.50182791935480e-003 3200 208
2.24998187146882e+002 1.73713646000261e+006 1.29522458983072e-004 8.84395373188797e-001 1.41010574434645e+000 5.79599125664230e-002 1.50187614489721e-003 3209 209
