1.57882239115490e+002 1.73712908785309e+006 9.08868775410877e-005 5.75903636395810e-001 1.38853349940489e+000 1.98380823554813e-005 1.23454583323327e-007 16 1
1.59636625706550e+002 1.73713419333912e+006 9.18965419420598e-005 4.45711674971206e-001 1.35967462950529e+000 4.25327921320584e-005 3.39159645605175e-007 30 2
1.58611789262459e+002 1.73713182965166e+006 9.13067080542108e-005 7.88848331471020e-001 1.37271385311441e+000 4.83502465435889e-005 4.00757917561128e-007 36 3
1.59512375364557e+002 1.73712356395098e+006 9.18255777691622e-005 4.29057801287573e-001 1.42400785775323e+000 5.00218442645301e-005 6.38059256427952e-007 49 4
1.58407353116383e+002 1.73711153417236e+006 9.11900874302635e-005 5.12205608583959e-001 1.49802462706381e+000 3.31991059381076e-004 8.00091782194442e-007 71 5
1.58495694259130e+002 1.73712740281158e+006 9.12401091381026e-005 7.90610967736806e-001 1.39955931348613e+000 4.55360451872073e-004 8.61696486792433e-007 98 6
1.58473414259935e+002 1.73712687694703e+006 9.12273109830770e-005 5.59553665516623e-001 1.40272324274422e+000 4.56845213883402e-004 9.93557272378075e-007 102 7
1.57752014131620e+002 1.73710161110541e+006 9.08133483323236e-005 1.66668119929023e-001 1.55976918591876e+000 1.02600315681983e-003 2.91412094121260e-006 106 8
1.58526283943884e+002 1.73713209388141e+006 9.12574720495849e-005 2.57018423690775e-001 1.37070044358654e+000 4.07041833032327e-003 3.63998696392140e-006 134 9
1.58273561417095e+002 1.73711150930463e+006 9.11130690985281e-005 4.16121158995536e-002 1.48508128009888e+000 4.07110943226500e-003 4.41581532550138e-005 140 10
1.57733073547486e+002 1.73711361415184e+006 9.08018173532067e-005 2.17115985467035e-001 1.48421839030122e+000 4.08199547093462e-003 4.52276488927955e-005 156 11
1.58552247146742e+002 1.73711541265317e+006 9.12732945384953e-005 8.94697678259512e-001 1.47386371272927e+000 4.11309024666605e-003 4.52750511811632e-005 162 12
1.59069652205865e+002 1.73712036772725e+006 9.15708863452975e-005 2.94398468637615e-001 1.44318318659017e+000 4.17427412012575e-003 4.58199634477462e-005 170 13
1.59143026834086e+002 1.73712283947971e+006 9.16129952194547e-005 9.06458716791566e-001 1.42822643009735e+000 4.30055578950310e-003 4.58657709089327e-005 174 14
1.61579095217906e+002 1.73714805797178e+006 9.30140030439237e-005 5.72196022181571e-001 1.28163104113895e+000 4.30197016148069e-003 4.59878148221933e-005 175 15
1.59776428128114e+002 1.73712936303195e+006 9.19772764641337e-005 8.01460297855523e-001 1.38901288262581e+000 4.39654292551689e-003 4.60474873883017e-005 193 16
1.58856204579538e+002 1.73712058903196e+006 9.14480002941186e-005 5.87877406890977e-001 1.44184091357158e+000 4.46047946030200e-003 4.61664686851191e-005 201 17
1.57697220746491e+002 1.73711481259836e+006 9.07811154274850e-005 3.29195339746666e-001 1.47693176534318e+000 4.69402044908881e-003 4.65942448650623e-005 209 18
1.57806389315139e+002 1.73712075940631e+006 9.08436491974047e-005 1.18651476826578e-001 1.43838935438093e+000 4.69685692081631e-003 5.06150372867089e-005 210 19
1.58611428871165e+002 1.73714379074215e+006 9.13058719005833e-005 7.83226129588772e-001 1.30138162984100e+000 4.69718999147887e-003 5.06765582324431e-005 213 20
1.60556182911273e+002 1.73713498765127e+006 9.24258526800903e-005 4.61484230521946e-001 1.35612719367046e+000 4.69923474268219e-003 5.08762228062860e-005 224 21
1.60782324522443e+002 1.73713855768518e+006 9.25558432584533e-005 2.78200449160651e-001 1.33513020859401e+000 4.69950573313708e-003 5.14812433544752e-005 228 22
1.58625183718534e+002 1.73711310947321e+006 9.13154027867185e-005 1.08987367645200e-001 1.48642355311747e+000 4.70059422537741e-003 5.63537840786148e-005 231 23
1.57869421348375e+002 1.73710685816698e+006 9.08806618150890e-005 2.71879270828177e-001 1.52707525025178e+000 4.70189659512847e-003 5.70076490406024e-005 236 24
1.60136288513161e+002 1.73713418711170e+006 9.21841785439773e-005 9.67239277680737e-001 1.36044164265877e+000 4.72234970783798e-003 5.70468842327452e-005 274 25
1.57870933028298e+002 1.73711818571514e+006 9.08809394155690e-005 3.61287475896148e-001 1.45593478026673e+000 4.72827182366357e-003 5.73947271110071e-005 279 26
1.60881762696638e+002 1.73714197195802e+006 9.26129037428824e-005 9.37547973686377e-001 1.31557137318033e+000 4.93935873723817e-003 5.74363032145193e-005 282 27
1.57847977081296e+002 1.73710489452354e+006 9.08684197163218e-005 5.79337738086048e-001 1.53973096728416e+000 4.93935873723817e-003 5.75601461103903e-005 282 28
1.60423686273724e+002 1.73713219638158e+006 9.23497279895149e-005 5.61690602325100e-002 1.36542722815638e+000 4.94957819827859e-003 7.81386279423892e-005 294 29
1.57728102841168e+002 1.73710598606387e+006 9.07993546007526e-005 8.05228692630652e-001 1.53282784890286e+000 4.95330198983274e-003 7.81986340210486e-005 302 30
1.57921989629294e+002 1.73710431046867e+006 9.09110571210436e-005 7.71860164702497e-001 1.54347015640736e+000 6.80509511228462e-003 7.82645185651384e-005 321 31
1.59097864477481e+002 1.73712546300744e+006 9.15868585319069e-005 3.67882166752623e-001 1.41192740058596e+000 6.81992957748643e-003 7.85967705719103e-005 330 32
1.58427177321221e+002 1.73711490172940e+006 9.12013227934715e-005 5.32779828444943e-001 1.47693176534318e+000 6.82240032937100e-003 7.87450939433287e-005 335 33
1.58024913649064e+002 1.73713694755014e+006 9.09685983226732e-005 7.58913905233104e-001 1.34107456053346e+000 6.83527216027867e-003 7.88117048933962e-005 343 34
1.58462676170732e+002 1.73711328218515e+006 9.12218433629459e-005 5.39496080423197e-001 1.48709468962676e+000 6.83527216027867e-003 7.89561268893238e-005 343 35
1.58889718349607e+002 1.73713569176092e+006 9.14664977871966e-005 8.36500291208130e-001 1.34979933515427e+000 1.09149554289276e-002 7.90100050069277e-005 345 36
1.59278927289422e+002 1.73712883316063e+006 9.16909119246246e-005 4.53582757606354e-001 1.39160155201880e+000 1.09410901886513e-002 7.92188749310668e-005 346 37
1.57961501063393e+002 1.73711515016308e+006 9.09332352626001e-005 5.76329100322035e-001 1.47511010910367e+000 1.09411443631310e-002 7.93436317457720e-005 347 38
1.58340793337847e+002 1.73712853356438e+006 9.11508790742308e-005 7.36729000508556e-001 1.39246444181646e+000 1.09434534720111e-002 7.94154956685507e-005 352 39
1.59129337549868e+002 1.73714283359615e+006 9.16040604302785e-005 6.86129183568322e-001 1.30780536500137e+000 1.12490290614102e-002 7.94979555142682e-005 370 40
1.58887410975698e+002 1.73712987906190e+006 9.14654755799960e-005 9.51102038764662e-001 1.38489018692587e+000 1.12500963107407e-002 7.95388705155232e-005 376 41
1.59129975005926e+002 1.73712071297414e+006 9.16055938843539e-005 3.46244287076078e-001 1.44116977706229e+000 1.36959481170398e-002 7.99201381498701e-005 438 42
1.58150751637189e+002 1.73713390290987e+006 9.10411977656570e-005 4.04380893566570e-001 1.35948287621693e+000 1.36999303815593e-002 8.01873292099988e-005 453 43
1.58143785980649e+002 1.73711749048389e+006 9.10380480365212e-005 2.74857518311747e-001 1.46034510589923e+000 1.37011706735278e-002 8.08224253056749e-005 466 44
1.59984388520226e+002 1.73714909732874e+006 9.20959451977536e-005 4.27082433058675e-001 1.27290626651814e+000 1.37243294840079e-002 8.10540813836649e-005 481 45
1.57731328026577e+002 1.73710043893090e+006 9.08015012017145e-005 4.88379628715404e-001 1.56791870067446e+000 1.37386540560192e-002 8.12344920902859e-005 491 46
1.57695733109559e+002 1.73710804410577e+006 9.07806127612178e-005 4.05657285345243e-001 1.51969274864956e+000 1.37878194708530e-002 8.15055193255716e-005 505 47
1.60134452750585e+002 1.73713376453629e+006 9.21831441919719e-005 3.90674877086062e-001 1.36283855876339e+000 1.37904098175379e-002 8.17939738185028e-005 512 48
1.60877028228445e+002 1.73714026202662e+006 9.26102694671468e-005 2.71727319425955e-001 1.32525491424299e+000 1.37915397912593e-002 8.24296146430690e-005 516 49
1.58030982902581e+002 1.73710751848043e+006 9.09736333447316e-005 8.20007986104076e-002 1.51988450193793e+000 1.38748024756578e-002 9.15616549989540e-005 536 50
1.59412952111004e+002 1.73714061124484e+006 9.17674427916816e-005 5.63514019151775e-002 1.31413322351756e+000 1.38757942216774e-002 1.11748834602894e-004 539 51
1.58382684349408e+002 1.73712048504328e+006 9.11754166013337e-005 7.27368794131624e-001 1.44212854350414e+000 1.38946716622895e-002 1.11823319034738e-004 545 52
1.60187196963473e+002 1.73714190523090e+006 9.22130748369364e-005 8.99347391167533e-001 1.31490023667104e+000 1.38951481766919e-002 1.11868871603901e-004 548 53
1.58289806921361e+002 1.73713676247362e+006 9.11210964517648e-005 1.47765365492491e-001 1.34155394375439e+000 1.38956912079396e-002 1.14306446389537e-004 550 54
1.60684131404396e+002 1.73714821921368e+006 9.24988030203069e-005 9.48427694085539e-001 1.27923412503433e+000 1.38982234081595e-002 1.14346569483086e-004 558 55
1.60342376469277e+002 1.73714442632749e+006 9.23022712353869e-005 3.70231835524212e-002 1.28364445066683e+000 1.38982234081595e-002 1.64781528371149e-004 558 56
1.59635556558155e+002 1.73713799052927e+006 9.18957256010231e-005 1.29865490310630e-001 1.33580134510331e+000 1.39839135404795e-002 1.68015535401680e-004 566 57
1.59037388607343e+002 1.73712873535571e+006 9.15518723086693e-005 2.57352716775666e-001 1.39169742866298e+000 1.39867152600446e-002 1.68742251138293e-004 575 58
1.57926393331200e+002 1.73711956244883e+006 9.09127939780237e-005 2.27083997452858e-001 1.44711412900174e+000 1.39867152600446e-002 1.69707390570666e-004 575 59
1.60739122506527e+002 1.73714529789175e+006 9.25306145909960e-005 4.86373870206061e-001 1.29601253776666e+000 1.39920891432131e-002 1.69882612978923e-004 580 60
1.57698168979708e+002 1.73710011657982e+006 9.07824293150010e-005 3.20047865332845e-001 1.56983623355815e+000 1.55172781877153e-002 1.70339761835246e-004 587 61
1.59125181538237e+002 1.73714642151520e+006 9.16014787943884e-005 7.55175900738420e-001 1.28690425656911e+000 1.56916722117607e-002 1.70406148927596e-004 613 62
1.58376747216413e+002 1.73712823949450e+006 9.11715918127482e-005 1.19441624118137e-001 1.39275207174902e+000 1.56917470425683e-002 1.74340453353887e-004 615 63
1.58443570914044e+002 1.73714578669179e+006 9.12091383973090e-005 2.86618556843801e-001 1.28920529602954e+000 1.56965432835975e-002 1.74900224328742e-004 616 64
1.58754640202514e+002 1.73711669223125e+006 9.13897382199598e-005 8.11458700121792e-001 1.46600182790613e+000 1.57457465770974e-002 1.74958940199301e-004 630 65
1.58069163095008e+002 1.73711037480549e+006 9.09954628970696e-005 7.49492918295282e-001 1.50521537537767e+000 1.57460918456545e-002 1.75029103099111e-004 633 66
1.58449176352940e+002 1.73712158403504e+006 9.12136360343076e-005 2.00188599259400e-001 1.43484191854610e+000 1.61074942405715e-002 1.76300666607670e-004 638 67
1.58452524009806e+002 1.73714357828563e+006 9.12144082682773e-005 3.73352417232648e-001 1.30224451963866e+000 1.61127234032169e-002 1.76614729299149e-004 643 68
1.57990839831053e+002 1.73713462581295e+006 9.09491049500531e-005 1.87789364838010e-001 1.35440141407514e+000 1.79433083956747e-002 1.78057528340561e-004 653 69
1.58366149355193e+002 1.73712900516882e+006 9.11654508359718e-005 5.99091420375029e-001 1.38958814249092e+000 1.79677325441150e-002 1.78170736093916e-004 666 70
1.57904828681780e+002 1.73711104894599e+006 9.09008254496277e-005 7.81585054444765e-001 1.50090092638936e+000 1.79686433736672e-002 1.78234697977419e-004 672 71
1.58057418187595e+002 1.73711652300038e+006 9.09883796847524e-005 6.16748173313333e-001 1.46657708777123e+000 1.83357659893598e-002 1.78342079737216e-004 679 72
1.57894235608702e+002 1.73711686017763e+006 9.08944232788840e-005 7.01415494631948e-001 1.46437192495499e+000 1.83422208527247e-002 1.78422974575811e-004 691 73
1.58812094691621e+002 1.73713098551509e+006 9.14220606122458e-005 5.25222265791598e-002 1.36983755378887e+000 1.83439751680469e-002 2.02298161246627e-004 694 74
1.59134031958268e+002 1.73713703252689e+006 9.16070687190661e-005 9.80155146869686e-001 1.34212920361950e+000 1.83462249693068e-002 2.02336112610742e-004 699 75
1.59745732575277e+002 1.73712716084453e+006 9.19597227685470e-005 7.41530664818801e-001 1.40233973616749e+000 1.83464169957668e-002 2.02407079399103e-004 703 76
1.60264885878703e+002 1.73713237026579e+006 9.22583034932903e-005 8.69504135770950e-001 1.37146745674001e+000 1.83464169957668e-002 2.02456789840659e-004 703 77
1.57838540791314e+002 1.73714354686553e+006 9.08609657743931e-005 4.33069318306259e-001 1.30147750648518e+000 1.83497119915665e-002 2.02683337694148e-004 710 78
1.57992988158469e+002 1.73711868328616e+006 9.09511763605835e-005 4.23314038283547e-001 1.45296260429701e+000 1.84775962305137e-002 2.02928724253809e-004 742 79
1.58412887728137e+002 1.73711774213353e+006 9.11929476320042e-005 5.81313106314946e-001 1.45919458616901e+000 2.33886497813612e-002 2.03050937492034e-004 755 80
1.57754348315550e+002 1.73710242896796e+006 9.08146492982523e-005 3.11447415967028e-001 1.55516710699789e+000 2.34208142946810e-002 2.03536260900394e-004 761 81
1.58198841621282e+002 1.73714478110068e+006 9.10683110038232e-005 3.56668153268571e-001 1.29476614139225e+000 2.34221975606913e-002 2.03882829860559e-004 767 82
1.59718423199664e+002 1.73714822280541e+006 9.19428869988237e-005 1.42933310901801e-001 1.27645370235298e+000 2.34224009474341e-002 2.06460016580642e-004 769 83
1.58050693792515e+002 1.73711260008338e+006 9.09847141450722e-005 9.44598518749521e-001 1.49121738532670e+000 2.34400105725203e-002 2.06502148390580e-004 783 84
1.59776348503840e+002 1.73714103595003e+006 9.19766125759074e-005 5.16824931211536e-001 1.31931056230354e+000 2.35850614668294e-002 2.06656422960220e-004 793 85
1.59712125919839e+002 1.73712677944840e+006 9.19403968434218e-005 9.09862428201360e-001 1.40464077562792e+000 2.36688289367315e-002 2.06701687839547e-004 814 86
1.58396519466597e+002 1.73712396948676e+006 9.11831980963376e-005 6.50663726289490e-001 1.42055629856258e+000 2.36728242357806e-002 2.06796579090120e-004 817 87
1.57776820509977e+002 1.73711699681489e+006 9.08268241951520e-005 5.68306066284664e-001 1.46341315851314e+000 2.36728242357806e-002 2.06925090257587e-004 817 88
1.58113335526553e+002 1.73710726572538e+006 9.10210544907715e-005 1.08592293999420e-001 1.52295255455184e+000 2.36728242357806e-002 2.11848609415185e-004 817 89
1.58430297082432e+002 1.73711371566664e+006 9.12031810089972e-005 8.81447515985672e-001 1.48441014358959e+000 2.36958879838046e-002 2.11897641006655e-004 818 90
1.57873684152169e+002 1.73710998217923e+006 9.08829523387179e-005 7.60099126170443e-001 1.50761229148228e+000 2.36970998027982e-002 2.11965678562506e-004 823 91
1.58157420491122e+002 1.73711896411144e+006 9.10458197288836e-005 4.22949354918212e-001 1.45133270134587e+000 2.37946776808103e-002 2.12211483078926e-004 824 92
1.58768662258678e+002 1.73713287639647e+006 9.13969587323354e-005 8.27565548757422e-001 1.36657774788659e+000 2.37995316490412e-002 2.12266849388366e-004 838 93
1.57749210340873e+002 1.73710565007564e+006 9.08115231220189e-005 2.05263776093646e-001 1.53445775185400e+000 2.38007963512009e-002 2.13480676404165e-004 844 94
1.58454856119923e+002 1.73714053124021e+006 9.12159107630342e-005 3.35577298640029e-001 1.32017345210120e+000 2.38266213902116e-002 2.13879703505635e-004 868 95
1.59877977386817e+002 1.73714045873004e+006 9.20351466871506e-005 5.29831971241819e-001 1.32285799813837e+000 2.41001546495071e-002 2.14025900655879e-004 880 96
1.60670338851487e+002 1.73714763501200e+006 9.24908943575322e-005 6.09403342623099e-002 1.27635782570879e+000 2.41003487301317e-002 2.30838552814891e-004 881 97
1.58316872686706e+002 1.73713353836735e+006 9.11368462767569e-005 5.97146442426575e-001 1.36197566896573e+000 2.41003487301317e-002 2.30951953129838e-004 881 98
1.59116309612146e+002 1.73712503128049e+006 9.15974994902101e-005 6.56620221256629e-001 1.41470782326731e+000 2.41191545982690e-002 2.31044876985454e-004 885 99
1.57746374933385e+002 1.73710569789799e+006 9.08098883623796e-005 1.16341815512789e-001 1.53301960219123e+000 2.41248287275603e-002 2.35277424998744e-004 897 100
1.58228263206979e+002 1.73712417916567e+006 9.10863280052802e-005 7.59734442805107e-001 1.41911814889981e+000 2.41575991883395e-002 2.35344887071081e-004 918 101
1.59490643695361e+002 1.73712904361861e+006 9.18127780046667e-005 9.56693850366466e-001 1.39064278557695e+000 2.42161829610106e-002 2.35385320828364e-004 934 102
1.57750253079265e+002 1.73711367083476e+006 9.08117040894718e-005 7.84350569965222e-001 1.48431426694540e+000 2.42161829610106e-002 2.35448705188963e-004 934 103
1.58202551564270e+002 1.73714116008462e+006 9.10706364928878e-005 9.84531347253706e-001 1.31624250968963e+000 2.42164331843636e-002 2.35486047433785e-004 937 104
1.57786210757430e+002 1.73710553535890e+006 9.08328291584697e-005 9.48184571841982e-001 1.53570414822840e+000 2.43655200117733e-002 2.35527936326967e-004 943 105
1.58543462061430e+002 1.73713059818110e+006 9.12674394125734e-005 6.85095914033206e-001 1.38009635471664e+000 2.44383507659759e-002 2.35612062755247e-004 947 106
1.58833614632898e+002 1.73714621750313e+006 9.14336470873325e-005 6.20334226405794e-001 1.28757539307840e+000 2.44383507659759e-002 2.35714415105084e-004 947 107
1.58477172080653e+002 1.73713090474781e+006 9.12292626927868e-005 9.75292701998552e-001 1.37817882183294e+000 2.44391821574278e-002 2.35753080900181e-004 953 108
1.59169233996544e+002 1.73712030798198e+006 9.16282152823397e-005 7.52927019985520e-001 1.44385432309946e+000 2.44394481286906e-002 2.35822131227923e-004 955 109
1.58710898672215e+002 1.73713545763383e+006 9.13635707181950e-005 1.32752566952865e-001 1.34970345851009e+000 2.44394481286906e-002 2.38913380511669e-004 955 110
1.59910386272154e+002 1.73713140620041e+006 9.20542828537246e-005 8.84152250945240e-001 1.37683654881436e+000 2.44603926880996e-002 2.38961348362780e-004 975 111
1.57970076137866e+002 1.73714621858007e+006 9.09365452446184e-005 9.47667937074424e-001 1.28613724341563e+000 2.44605989973729e-002 2.39001624570667e-004 978 112
1.60452043450316e+002 1.73713262083761e+006 9.23660295531448e-005 1.15399716819007e-001 1.36849528077029e+000 2.44608624220386e-002 2.43225703911113e-004 984 113
1.58325727490593e+002 1.73712911068310e+006 9.11421759491066e-005 7.14665656905787e-001 1.38891700598163e+000 2.44614458992130e-002 2.43302489740614e-004 986 114
1.58933703061942e+002 1.73713018544968e+006 9.14921080467739e-005 4.11978463677716e-001 1.38297265404218e+000 2.44652050984025e-002 2.43560181679498e-004 1000 115
1.59110768159812e+002 1.73714360129619e+006 9.15933303361593e-005 1.28893001336403e-001 1.30195688970611e+000 2.44656099840460e-002 2.46819592778012e-004 1004 116
1.57989020235345e+002 1.73710781357286e+006 9.09494612627281e-005 1.89248098299350e-001 1.52074739173559e+000 2.44658766127397e-002 2.48270090940628e-004 1007 117
1.58093533834815e+002 1.73710814306275e+006 9.10096092921379e-005 9.58486876912696e-001 1.51930924207282e+000 2.44664350490638e-002 2.48310966642556e-004 1010 118
1.57706003172406e+002 1.73710138486097e+006 9.07868729560328e-005 7.43506033047699e-001 1.56197434873501e+000 2.45106997199458e-002 2.48382529537552e-004 1027 119
1.59113484089875e+002 1.73712182331652e+006 9.15960420905403e-005 2.66925655115710e-001 1.43417078203681e+000 2.45106997199458e-002 2.49057688341757e-004 1027 120
1.58536324853395e+002 1.73711398291897e+006 9.12642037149685e-005 7.21868153371154e-001 1.48278024063845e+000 2.45580842815502e-002 2.49133762818434e-004 1043 121
1.58756160974854e+002 1.73713626955140e+006 9.13895837163491e-005 8.14528118446695e-001 1.34615602267525e+000 2.45607558157384e-002 2.49190843077397e-004 1053 122
1.60623880709037e+002 1.73713600257089e+006 9.24647696055788e-005 4.46106748616986e-001 1.35018284173101e+000 2.45733439412659e-002 2.49405680467021e-004 1065 123
1.57908286589997e+002 1.73710661656938e+006 9.09030480045602e-005 1.69372854888591e-001 1.52812989333781e+000 2.45734571754905e-002 2.51257842156553e-004 1070 124
1.57715182145531e+002 1.73712523011505e+006 9.07909107403483e-005 6.82391179073638e-001 1.41211915387432e+000 2.45779851826844e-002 2.51343184915063e-004 1073 125
1.58917874078098e+002 1.73714349601454e+006 9.14822949280637e-005 6.67256819412234e-001 1.30358679265725e+000 2.45811200827720e-002 2.51430762594828e-004 1076 126
1.60130418797782e+002 1.73712999978915e+006 9.21810217794049e-005 8.00396638039963e-001 1.38556132343516e+000 2.45930496005424e-002 2.51490571433805e-004 1100 127
1.60283621174365e+002 1.73713667256391e+006 9.22688601599409e-005 2.44376067025828e-001 1.34548488616596e+000 2.45942561599289e-002 2.52297218454620e-004 1114 128
1.58707040747700e+002 1.73714815887770e+006 9.13606818710673e-005 1.96268253082049e-001 1.27559081255531e+000 2.45945171082995e-002 2.53579713148510e-004 1115 129
1.57883096953442e+002 1.73711148483669e+006 9.08882923732116e-005 1.15734009903897e-001 1.49649060075686e+000 2.46797268175258e-002 2.57852551314515e-004 1174 130
1.58468216238414e+002 1.73711437552137e+006 9.12249751840672e-005 1.20140600568362e-001 1.47875342158269e+000 2.46997476798135e-002 2.61782355267647e-004 1179 131
1.57966538516024e+002 1.73711652415264e+006 9.09360632313664e-005 5.05215844081705e-001 1.46648121112705e+000 2.47009184284327e-002 2.61948893580764e-004 1188 132
1.58599847325464e+002 1.73713094185317e+006 9.12998802010815e-005 3.13513955037260e-001 1.37789119190039e+000 2.47021143882166e-002 2.62418392263698e-004 1190 133
1.60318984828901e+002 1.73713183791977e+006 9.22894744510125e-005 8.96612265927520e-001 1.37472726264229e+000 2.47116303291529e-002 2.62464886440055e-004 1200 134
1.58738508294706e+002 1.73711943678077e+006 9.13803072441805e-005 4.39967911967180e-001 1.44883990859706e+000 2.47146996054889e-002 2.62690189317433e-004 1208 135
1.58944324721668e+002 1.73714673846348e+006 9.14973506606054e-005 2.93648328803856e-002 1.25814126331370e+000 2.48941661369498e-002 3.46006141560985e-004 1220 136
1.57925692061085e+002 1.73710762199629e+006 9.09130151904475e-005 4.82271182346042e-001 1.52247317133091e+000 2.48941661369498e-002 3.46191401938409e-004 1220 137
1.58596040354004e+002 1.73713083174032e+006 9.12976944600486e-005 3.18163667945281e-001 1.37856232840968e+000 2.49009991741115e-002 3.46645997355755e-004 1234 138
1.60419178961895e+002 1.73713644706581e+006 9.23469073352545e-005 2.49056170214294e-001 1.34701891247291e+000 2.49623601630301e-002 3.47419943426900e-004 1254 139
1.59360589622752e+002 1.73712521730397e+006 9.17381128247202e-005 4.59995106780161e-001 1.41374905682546e+000 2.52222098337837e-002 3.47623223955453e-004 1258 140
1.58176936463117e+002 1.73710962019717e+006 9.10575442026446e-005 7.28705966471186e-001 1.51000920758690e+000 2.52401811615755e-002 3.47697888205764e-004 1262 141
1.59876452333337e+002 1.73712678959208e+006 9.20349929779576e-005 7.03309309196868e-002 1.40013457335124e+000 2.52580567289356e-002 3.60329339174211e-004 1282 142
1.58551152746971e+002 1.73713020719208e+006 9.12718871908754e-005 1.92408687465587e-001 1.38191801095614e+000 2.52645380257223e-002 3.61704783985926e-004 1290 143
1.57756386722938e+002 1.73712470062170e+006 9.08146584023530e-005 3.36549787614255e-001 1.41528308313242e+000 2.52659509184212e-002 3.62109126413815e-004 1300 144
1.58328634275543e+002 1.73711617949597e+006 9.11445277557966e-005 2.20793209400829e-001 1.46849462065493e+000 2.52660449590609e-002 3.63138292739337e-004 1302 145
1.59744533296281e+002 1.73712813069904e+006 9.19589810463248e-005 5.04395306509701e-001 1.39639538422803e+000 2.52726347265310e-002 3.63303791968636e-004 1324 146
1.58720970631883e+002 1.73713075025032e+006 9.13696163442633e-005 4.77226395792241e-001 1.37932934156316e+000 2.52772180044999e-002 3.63490141042131e-004 1335 147
1.58392310994537e+002 1.73712513385208e+006 9.11807143129336e-005 6.06111575157728e-001 1.41336555024873e+000 2.52775666648341e-002 3.63600933645887e-004 1342 148
1.58275206079423e+002 1.73711564622728e+006 9.11137988913891e-005 2.45327782896966e-002 1.43436253532517e+000 2.58385211926059e-002 4.92435754988745e-004 1366 149
1.58445586672627e+002 1.73713430838492e+006 9.12109014648084e-005 2.21927266954635e-002 1.31087341761528e+000 2.58391594357515e-002 6.49121163555176e-004 1373 150
1.58466234651566e+002 1.73711562314892e+006 9.12237689306696e-005 3.41898476972502e-001 1.47232968642231e+000 2.58448320183291e-002 6.49514576030801e-004 1377 151
1.58676313479143e+002 1.73712991714517e+006 9.13439527301432e-005 8.54400166389991e-001 1.38441080370495e+000 2.69464697296129e-002 6.49566371061518e-004 1400 152
1.57936249264931e+002 1.73710761219336e+006 9.09190931644878e-005 5.82954181458954e-001 1.52256904797510e+000 2.71104377184077e-002 6.49688446899538e-004 1408 153
1.58363332598043e+002 1.73712040079430e+006 9.11642808909024e-005 5.64476890948646e-001 1.44260792672506e+000 2.71104377184077e-002 6.49818563015328e-004 1408 154
1.57881669346728e+002 1.73711368068523e+006 9.08873556563788e-005 1.27707780399064e-001 1.48297199392682e+000 2.71106012148052e-002 6.53255530873367e-004 1409 155
1.59135530449489e+002 1.73713766259098e+006 9.16078981138309e-005 4.59083398366824e-001 1.33829413785211e+000 2.71645869560847e-002 6.53456682480662e-004 1417 156
1.59638977726316e+002 1.73713192273041e+006 9.18980160274760e-005 7.03360472580402e-001 1.37338498962371e+000 2.72083285193877e-002 6.53535972978805e-004 1435 157
1.57765768770235e+002 1.73710186342311e+006 9.08212532945920e-005 5.34360123028062e-001 1.55890629612110e+000 2.72551863160038e-002 6.53683974133745e-004 1451 158
1.58058393320861e+002 1.73713722114004e+006 9.09878568953544e-005 2.49846317505853e-001 1.33915702764977e+000 2.72564375075831e-002 6.54451146706847e-004 1455 159
1.58014089570842e+002 1.73710693688345e+006 9.09639388226205e-005 4.07541482732807e-001 1.52678762031922e+000 2.72564375075831e-002 6.54719515484809e-004 1455 160
1.61472346631422e+002 1.73714847290383e+006 9.29525303593966e-005 9.81826612294138e-001 1.27913824839015e+000 2.72564375075831e-002 6.54756695935703e-004 1455 161
1.60053071982254e+002 1.73714398897215e+006 9.21357541720297e-005 7.00351834816388e-001 1.30253214957121e+000 2.74567976367767e-002 6.54835403530024e-004 1472 162
1.60056229228030e+002 1.73713619822642e+006 9.21379848848449e-005 1.76037943483311e-002 1.27271451322977e+000 2.95335217451819e-002 9.12829667460858e-004 1485 163
1.60333366708989e+002 1.73713518978094e+006 9.22975754546325e-005 6.51788166665940e-001 1.35468904400769e+000 2.95371484946767e-002 9.12923052054821e-004 1492 164
1.59780084969511e+002 1.73713566714590e+006 9.19790477743403e-005 8.89318598620820e-001 1.35114160817286e+000 2.95394292912282e-002 9.12970154359558e-004 1499 165
1.57984115067824e+002 1.73711428059201e+006 9.09462989265214e-005 3.65602895719279e-001 1.48047920117801e+000 2.95437237597590e-002 9.13309885840408e-004 1502 166
1.59630418044418e+002 1.73713497141639e+006 9.18929272749253e-005 2.07269534602989e-001 1.35459316736351e+000 2.95471152382718e-002 9.14471126650047e-004 1508 167
1.57733872272369e+002 1.73711921444427e+006 9.08019844160925e-005 1.31263443211081e-001 1.44826464873196e+000 2.95487381275131e-002 9.17694761998318e-004 1510 168
1.58360800251537e+002 1.73712739559220e+006 9.11624560263531e-005 1.79553598837527e-001 1.39879230033265e+000 2.96298520574495e-002 9.19301138447031e-004 1545 169
1.59447359801211e+002 1.73714734384706e+006 9.17868941389445e-005 3.05734043243446e-001 1.28191867107150e+000 3.07041323228446e-002 9.19785751987064e-004 1568 170
1.59398325386283e+002 1.73712134753538e+006 9.17600403478221e-005 4.09516850961705e-001 1.43752646458327e+000 3.07047299080094e-002 9.20049181599776e-004 1570 171
1.60323012813828e+002 1.73713400218977e+006 9.22916782220216e-005 9.86658666884827e-001 1.36178391567736e+000 3.07178633922427e-002 9.20086748660448e-004 1592 172
1.57798479127808e+002 1.73711544606888e+006 9.08393734284436e-005 1.51321028304507e-001 1.47223380977813e+000 3.07199467732560e-002 9.22450704468549e-004 1609 173
1.60721325994127e+002 1.73713688203162e+006 9.25208181335507e-005 4.34254539243597e-001 1.34510137958922e+000 3.07206789398260e-002 9.22678390713633e-004 1613 174
1.58196759813987e+002 1.73714174013731e+006 9.10672720144073e-005 8.05745327398210e-001 1.31279095049898e+000 3.12388838047909e-002 9.22736370615904e-004 1635 175
1.58831261145372e+002 1.73712851442507e+006 9.14332240728479e-005 9.27914254785443e-001 1.39313557832575e+000 3.14109147815035e-002 9.22779634268041e-004 1665 176
1.58131177425117e+002 1.73714735289756e+006 9.10292248522149e-005 8.44371373843278e-001 1.27980938489944e+000 3.14228188169973e-002 9.22831455162719e-004 1677 177
1.60276419266949e+002 1.73713276043077e+006 9.22649220963419e-005 4.71361071666436e-001 1.36907054063540e+000 3.14228856262166e-002 9.23022552880963e-004 1678 178
1.58756509479617e+002 1.73712351853193e+006 9.13904551656725e-005 4.78442007010025e-001 1.42362435117649e+000 3.14239413228773e-002 9.23209270727124e-004 1683 179
1.58216200185702e+002 1.73714933983578e+006 9.10780645739876e-005 4.69355313157094e-001 1.26840006424146e+000 3.20381512286536e-002 9.23397228351695e-004 1722 180
1.58176791579396e+002 1.73712293079920e+006 9.10567630751714e-005 3.11842489612807e-001 1.42659652714621e+000 3.20473206948749e-002 9.23876235565874e-004 1730 181
1.59210732177443e+002 1.73712679927050e+006 9.16517618624680e-005 5.96538636817684e-001 1.40396963911863e+000 3.20473247371265e-002 9.23990801137266e-004 1731 182
1.57916240558364e+002 1.73711289821765e+006 9.09072981297753e-005 2.43099675247155e-001 1.48891634586627e+000 3.20607625922406e-002 9.24825149858595e-004 1745 183
1.58066958046101e+002 1.73710675861036e+006 9.09943829452870e-005 2.10885977975894e-001 1.52755463347270e+000 3.20613170011556e-002 9.25968606200567e-004 1746 184
1.58585293412176e+002 1.73711576642316e+006 9.12922995904577e-005 7.17340001584911e-001 1.47165854991302e+000 3.20732050962165e-002 9.26045660680344e-004 1752 185
1.58796472390763e+002 1.73712576334725e+006 9.14133422570726e-005 7.32261629283202e-001 1.40991399105808e+000 3.20751578896812e-002 9.26118710646647e-004 1759 186
1.58944104475503e+002 1.73711826516501e+006 9.14987236155987e-005 5.95626928404346e-001 1.45631828684347e+000 3.35222063062028e-002 9.26234517745312e-004 1767 187
1.58266897722532e+002 1.73712034800796e+006 9.11087694448517e-005 8.10729333391122e-001 1.44289555665761e+000 3.35222063062028e-002 9.26293191217529e-004 1767 188
1.57761096420151e+002 1.73710805580245e+006 9.08182398092317e-005 2.86162702637133e-001 1.51950099536119e+000 3.35222063062028e-002 9.26877187953954e-004 1767 189
1.57741314095425e+002 1.73710765342047e+006 9.08068727641893e-005 1.12218354549681e-002 1.33676011154515e+000 3.35524325178442e-002 1.63382302001323e-003 1774 190
1.57739152556794e+002 1.73710383439058e+006 9.08058280687496e-005 6.70326237737137e-001 1.54644233237709e+000 3.35540948269882e-002 1.63391288121175e-003 1780 191
1.57751353565258e+002 1.73710558990800e+006 9.08127600579287e-005 6.38082150185432e-001 1.53532064165166e+000 3.35587529605242e-002 1.63401300305615e-003 1804 192
1.58047144613426e+002 1.73710934677435e+006 9.09828413915370e-005 5.10868436244397e-001 1.51163911053804e+000 3.35591917585301e-002 1.63417611673079e-003 1806 193
1.58063547681664e+002 1.73711520091742e+006 9.09919774819513e-005 2.79233718695767e-001 1.47463072588275e+000 3.61812618651318e-002 1.63479043037354e-003 1838 194
1.58850578228044e+002 1.73711975682409e+006 9.14448052077231e-005 7.56117999432202e-001 1.44701825235755e+000 3.75181521771325e-002 1.63485886851079e-003 1885 195
1.57978698654874e+002 1.73711955141493e+006 9.09429049317125e-005 5.72621486107795e-001 1.44759351222266e+000 3.75185338979619e-002 1.63498502728224e-003 1890 196
1.57706583652700e+002 1.73710386584104e+006 9.07870774572576e-005 7.73744362090061e-001 1.54625057908872e+000 3.75185338979619e-002 1.63505056410108e-003 1890 197
1.59738117394228e+002 1.73714485478622e+006 9.19544023654018e-005 5.61164350380186e-001 1.29697130420850e+000 3.75352162877932e-002 1.63517851494977e-003 1899 198
1.58240142559234e+002 1.73714204801147e+006 9.10922295057517e-005 2.40121427763586e-001 1.31068166432691e+000 3.75378993414346e-002 1.63600974616580e-003 1905 199
1.58680635274732e+002 1.73712154812524e+006 9.13468807088533e-005 9.41468319863728e-001 1.43580068498795e+000 3.75435302199667e-002 1.63605193415245e-003 1928 200
1.57748283899343e+002 1.73710630598593e+006 9.08109555080909e-005 8.96217192281741e-001 1.53081443937498e+000 3.75471045140487e-002 1.63609934462512e-003 1930 201
1.59931290620248e+002 1.73714864543775e+006 9.20654030318087e-005 9.01110027433319e-001 1.27549493591113e+000 4.31051241539536e-002 1.63614419869225e-003 1939 202
1.59221362017804e+002 1.73714470259628e+006 9.16569364279006e-005 1.82045601833983e-001 1.29639604434339e+000 4.31051241539536e-002 1.63766675955349e-003 1939 203
1.59590719291780e+002 1.73714719113245e+006 9.18694280239782e-005 9.15818923168498e-001 1.28326094409009e+000 4.31081820854906e-002 1.63771014495035e-003 1955 204
1.58682403657240e+002 1.73712960345410e+006 9.13474751108662e-005 8.66556278567825e-001 1.38632833658864e+000 4.36029664162930e-002 1.63776037300062e-003 1960 205
1.58417360090029e+002 1.73711469282458e+006 9.11956823030906e-005 3.13605125878593e-001 1.47808228507340e+000 4.36055090511514e-002 1.63823638566119e-003 1967 206
1.59675435379855e+002 1.73712730621919e+006 9.19192475752843e-005 7.29951967969414e-001 1.40138096972564e+000 4.36856152876259e-002 1.63830984055938e-003 2004 207
1.57747578605610e+002 1.73710190628263e+006 9.08107794951189e-005 3.45332578662740e-001 1.55852278954436e+000 4.36856152876259e-002 1.63869654162525e-003 2004 208
1.59104913331142e+002 1.73712044115468e+006 9.15911810815356e-005 8.88589231890150e-001 1.44299143330180e+000 4.37089875821845e-002 1.63874449639302e-003 2006 209
1.58133457312522e+002 1.73714872487221e+006 9.10304653894050e-005 3.93592344008742e-001 1.27175574678793e+000 4.37098705736890e-002 1.63902164526810e-003 2011 210
1.60618711239635e+002 1.73714992901740e+006 9.24610524969335e-005 1.44270483241363e-001 1.26830418759728e+000 4.37136601630680e-002 1.64154025171204e-003 2017 211
1.58373126710453e+002 1.73711386197811e+006 9.11702622022184e-005 4.08726703670146e-001 1.48335550050356e+000 4.48013090638065e-002 1.64180615007326e-003 2021 212
1.58936704921972e+002 1.73711947133952e+006 9.14944004144484e-005 6.50724506850379e-001 1.44883990859706e+000 4.48055200627688e-002 1.64190139002949e-003 2034 213
1.59069488836843e+002 1.73714683081019e+006 9.15693973422255e-005 1.42507846975577e-001 1.28335682073428e+000 4.48068822304896e-002 1.64450090139923e-003 2042 214
1.61107847446686e+002 1.73714312195565e+006 9.27429898829540e-005 4.38600349347173e-001 1.30914763801996e+000 4.48095556444727e-002 1.64472167150352e-003 2055 215
1.58105471345647e+002 1.73712896894189e+006 9.10153901845180e-005 1.62808554312560e-001 1.38872525269326e+000 4.48350430507504e-002 1.64671052265151e-003 2067 216
1.58816584515622e+002 1.73714725433221e+006 9.14237890179290e-005 6.03680352722161e-001 1.28153516449477e+000 4.48350783735304e-002 1.64681899695712e-003 2068 217
1.57883232727010e+002 1.73710968025746e+006 9.08884649522343e-005 3.19288108321731e-001 1.50933807107761e+000 4.48401992105748e-002 1.64727767499987e-003 2077 218
1.57870493135167e+002 1.73713955659897e+006 9.08795681388019e-005 8.36348339805907e-001 1.32525491424299e+000 4.48434822869371e-002 1.64733126123115e-003 2085 219
1.57722161536969e+002 1.73710690917535e+006 9.07958861198871e-005 7.62104884679785e-001 1.52697937360759e+000 4.48552971992586e-002 1.64739897565927e-003 2100 220
1.59339138741492e+002 1.73714639647716e+006 9.17246460158807e-005 5.86114770625191e-001 1.28738363979003e+000 4.48554554735923e-002 1.64751493035542e-003 2103 221
1.59490432348866e+002 1.73712525919162e+006 9.18128563595579e-005 5.58398834859729e-001 1.41365318018128e+000 4.48554554735923e-002 1.64764762956752e-003 2103 222
1.57956704624771e+002 1.73711289491618e+006 9.09305921634093e-005 7.40315053601017e-001 1.48929985244301e+000 4.48646298155186e-002 1.64771963585114e-003 2116 223
1.57862838726536e+002 1.73710445884602e+006 9.08769979191863e-005 3.97573470746983e-001 1.54241551332133e+000 4.48816676122734e-002 1.64800319096990e-003 2122 224
1.60735916758750e+002 1.73714087768430e+006 9.25290046218355e-005 6.63366863515327e-001 1.32170747840815e+000 4.48816676122734e-002 1.64809232791884e-003 2122 225
1.57732910073347e+002 1.73710194028468e+006 9.08023334623595e-005 5.72803827790462e-001 1.55842691290017e+000 4.48965181216547e-002 1.64821935153266e-003 2131 226
1.58154662105971e+002 1.73713247175251e+006 9.10435238767016e-005 5.12357559986182e-001 1.36820765083773e+000 4.50413724739218e-002 1.64837838771233e-003 2140 227
1.58363782043128e+002 1.73713163857523e+006 9.11639498629491e-005 1.43520343407604e-002 1.25977116626484e+000 4.50429206106918e-002 2.05106509794431e-003 2148 228
1.57868420445240e+002 1.73711493462324e+006 9.08796630919891e-005 1.33573104524869e-001 1.47520598574786e+000 4.50596310857911e-002 2.05417653941212e-003 2153 229
1.58809761031686e+002 1.73712651559063e+006 9.14209524544945e-005 7.03877107347959e-001 1.40531191213721e+000 4.50840504566369e-002 2.05425616702693e-003 2161 230
1.58590473692583e+002 1.73712225656491e+006 9.12949406137854e-005 2.03014895340747e-001 1.43081509949034e+000 4.50840504566369e-002 2.05548842147141e-003 2161 231
1.59688114333445e+002 1.73714129828562e+006 9.19258059440728e-005 7.37124074154336e-001 1.31768065935240e+000 4.50852401605561e-002 2.05555903341318e-003 2166 232
1.58790654666616e+002 1.73712463624731e+006 9.14100525149278e-005 1.49740733721389e-001 1.41585834299753e+000 4.50857044117953e-002 2.05796090071673e-003 2172 233
1.57699167276853e+002 1.73710322892068e+006 9.07828413522723e-005 6.96735391443482e-001 1.55027739814447e+000 4.53441409393287e-002 2.05804344555974e-003 2179 234
1.58976269860535e+002 1.73713921942160e+006 9.15161362079252e-005 9.04604909684446e-001 1.32889822672201e+000 4.53454512533695e-002 2.05808857800203e-003 2183 235
1.58645734653122e+002 1.73713155372704e+006 9.13262636164105e-005 9.62468003650937e-001 1.37443963270974e+000 4.53608403123498e-002 2.05812835702887e-003 2191 236
1.57767091543824e+002 1.73710780279796e+006 9.08217042465208e-005 6.34344145690748e-001 1.52132265160070e+000 4.76082262327858e-002 2.05822972111721e-003 2206 237
1.57723008581170e+002 1.73710263873799e+006 9.07965969485441e-005 6.65403012305114e-001 1.55401658726768e+000 4.76131000446357e-002 2.05832106575835e-003 2213 238
1.58030741792604e+002 1.73712202976608e+006 9.09727345855654e-005 2.33040492419997e-001 1.43186974257637e+000 4.76524748676592e-002 2.05923093087603e-003 2246 239
1.59448412502305e+002 1.73712234474498e+006 9.17888210561929e-005 2.22373503983948e-001 1.43110272942289e+000 4.77039254454612e-002 2.06023947911900e-003 2256 240
1.57748356693783e+002 1.73710682860214e+006 9.08109700927796e-005 5.43386036320104e-001 1.52745875682852e+000 4.77083258111206e-002 2.06038200183506e-003 2275 241
1.61307339403537e+002 1.73714483376038e+006 9.28577374810649e-005 7.33203727976984e-001 1.29965585024567e+000 4.77164602438323e-002 2.06045310236815e-003 2282 242
1.57712472168290e+002 1.73710094638457e+006 9.07906198906857e-005 2.62397503329467e-001 1.56446714148381e+000 4.81501412101963e-002 2.06116073957426e-003 2303 243
1.58286824276332e+002 1.73711120128022e+006 9.11207202633853e-005 3.31808903864900e-001 1.49994215994751e+000 4.81529967979980e-002 2.06158193723949e-003 2306 244
1.58927237434187e+002 1.73711833558050e+006 9.14890101241483e-005 4.91570608162086e-001 1.45583890362255e+000 4.81559250035536e-002 2.06175860841889e-003 2308 245
1.58100562070866e+002 1.73710961742195e+006 9.10135779853454e-005 8.56071631814443e-001 1.51000920758690e+000 4.81564172404750e-002 2.06181099325530e-003 2311 246
1.58143909081734e+002 1.73712104280770e+006 9.10379327333647e-005 9.16274777375167e-001 1.43848523102512e+000 4.81578425687747e-002 2.06185579155310e-003 2312 247
1.61203275397116e+002 1.73714369387855e+006 9.27978931751256e-005 9.07674328009350e-001 1.30607958540605e+000 4.81582845898055e-002 2.06190032505902e-003 2317 248
1.58680808629363e+002 1.73711353874245e+006 9.13474016804193e-005 9.48184571841982e-001 1.48565653996399e+000 4.81583285311093e-002 2.06194208793417e-003 2318 249
1.58868574768475e+002 1.73712393712400e+006 9.14549451138031e-005 3.27037629835100e-001 1.42103568178350e+000 4.81585332649296e-002 2.06237313743682e-003 2322 250
1.60087322668207e+002 1.73713545711567e+006 9.21559234539043e-005 6.32125655218293e-001 1.35277151112400e+000 4.81794133017903e-002 2.06247298978778e-003 2329 251
1.57914623254418e+002 1.73712784960309e+006 9.09055846727150e-005 8.82298443838121e-001 1.39620363093966e+000 4.86317639366199e-002 2.06252135392519e-003 2338 252
1.58850835129044e+002 1.73712287493332e+006 9.14447889544739e-005 8.73576433350525e-001 1.42774704687643e+000 4.87336328403344e-002 2.06257103716988e-003 2364 253
1.58553829425897e+002 1.73712189206718e+006 9.12738649542420e-005 1.72776566298384e-001 1.43282850901822e+000 4.87336372867789e-002 2.06432862665376e-003 2365 254
1.57714679458149e+002 1.73710208836322e+006 9.07918308781722e-005 5.08315652687052e-001 1.55746814645833e+000 4.87357928897085e-002 2.06449382224631e-003 2368 255
1.59999102762308e+002 1.73714460112284e+006 9.21046539283205e-005 3.96205908126976e-001 1.29879296044801e+000 4.87385492010710e-002 2.06476914156457e-003 2371 256
1.57730567842326e+002 1.73710269903020e+006 9.08009454460567e-005 6.51727386105051e-001 1.55363308069094e+000 4.87466800559126e-002 2.06486475558699e-003 2379 257
1.59444845604938e+002 1.73714149842567e+006 9.17857556806311e-005 8.67103303615828e-001 1.31614663304544e+000 4.87493312608393e-002 2.06491413418356e-003 2381 258
1.57748700409436e+002 1.73710152671090e+006 9.08114451286493e-005 1.21173870103478e-001 1.55957743263039e+000 4.87504250102307e-002 2.06878674281966e-003 2384 259
1.58965249284497e+002 1.73713175200226e+006 9.15101854868171e-005 5.61498643465077e-001 1.37357674291208e+000 4.87504690001190e-002 2.06891689820368e-003 2385 260
1.59336180671353e+002 1.73712788214203e+006 9.17239207674399e-005 2.74796737750858e-001 1.39725827402570e+000 4.88868780361555e-002 2.06954659670128e-003 2391 261
1.57813601253977e+002 1.73710264400926e+006 9.08487482671541e-005 9.10500624090696e-001 1.55401658726768e+000 4.88869945897096e-002 2.06959241648201e-003 2395 262
1.58149981021683e+002 1.73713709991747e+006 9.10405866020939e-005 2.52459881624087e-001 1.34001991744743e+000 4.88890010903608e-002 2.07034237728130e-003 2401 263
1.60470971083741e+002 1.73713679179989e+006 9.23767036567201e-005 8.95700557514183e-001 1.34538900952177e+000 4.88981744597485e-002 2.07038868408516e-003 2409 264
1.58677996422351e+002 1.73712405007264e+006 9.13452300510039e-005 4.60694083230387e-001 1.42026866863002e+000 4.88985750219200e-002 2.07059149155976e-003 2413 265
1.57947213225421e+002 1.73710658196730e+006 9.09254587080492e-005 6.15411000973771e-001 1.52908865977966e+000 4.89286050354775e-002 2.07069988157794e-003 2422 266
1.58102082415664e+002 1.73711700744819e+006 9.10140660077727e-005 8.56405924899334e-001 1.46360491180151e+000 4.89330330994915e-002 2.07075201732740e-003 2439 267
1.57848150229365e+002 1.73710462652842e+006 9.08685334114657e-005 7.72164067506943e-001 1.54145674687948e+000 4.94604799965919e-002 2.07081784108208e-003 2450 268
1.60790008389515e+002 1.73714707731071e+006 9.25598125975926e-005 9.79395389858571e-001 1.28594549012726e+000 4.94617952995769e-002 2.07085530041918e-003 2457 269
1.59954118421952e+002 1.73713865139629e+006 9.20790737350314e-005 4.68413214463312e-001 1.33359618228706e+000 4.95249678656945e-002 2.07104752668106e-003 2469 270
1.58243851507767e+002 1.73711953865040e+006 9.10955449807366e-005 5.90126287643876e-001 1.44788114215522e+000 4.97082821455416e-002 2.07116560299698e-003 2480 271
1.59077861807620e+002 1.73712393563753e+006 9.15754242396986e-005 8.37472780182357e-001 1.42141918836024e+000 4.99875958518759e-002 2.07122006977747e-003 2502 272
1.58712720612143e+002 1.73714191084768e+006 9.13642801313110e-005 9.93769992508860e-001 1.31259919721061e+000 4.99876871604018e-002 2.07125661761719e-003 2503 273
1.59530708226189e+002 1.73714366678065e+006 9.18350685832227e-005 8.26319547259194e-001 1.30358679265725e+000 4.99927355383880e-002 2.07131133337557e-003 2511 274
1.57746494557314e+002 1.73710762175445e+006 9.08098566537734e-005 2.61121111550794e-001 1.52218554139836e+000 4.99927355383880e-002 2.07202577212686e-003 2511 275
1.61305948800269e+002 1.73714850525783e+006 9.28567407152762e-005 8.08328501236000e-001 1.27865886516923e+000 5.01397859510973e-002 2.07208279318737e-003 2515 276
1.58173708548383e+002 1.73712090335831e+006 9.10550945564298e-005 6.41394690753892e-001 1.43934812082278e+000 5.01537089634779e-002 2.07218098878984e-003 2523 277
1.57878588353837e+002 1.73710399072248e+006 9.08860890092521e-005 4.06781725721692e-001 1.54538768929105e+000 5.32703940061635e-002 2.07245063562890e-003 2556 278
1.57981637107086e+002 1.73713175848948e+006 9.09439574168591e-005 5.20532545425776e-001 1.37233034653768e+000 5.32703940061635e-002 2.07260435742013e-003 2556 279
1.60446475078787e+002 1.73714232856439e+006 9.23623079031972e-005 1.43389165108470e-001 1.31173630741295e+000 5.32927669013471e-002 2.07518932776273e-003 2568 280
1.60184242713033e+002 1.73713529150480e+006 9.22117252711254e-005 4.44344112351200e-001 1.35382615421003e+000 5.32932317513159e-002 2.07540622013851e-003 2573 281
1.59367506868325e+002 1.73712604690139e+006 9.17420510189728e-005 9.37152900040597e-001 1.40876347132786e+000 5.32978522725217e-002 2.07544866464125e-003 2575 282
1.57848694222819e+002 1.73710685182293e+006 9.08687301663183e-005 3.89793558953169e-001 1.52726700354015e+000 5.32986091351783e-002 2.07574465861205e-003 2584 283
1.58102093395952e+002 1.73712377236746e+006 9.10137178906573e-005 7.68395672731814e-001 1.42151506500443e+000 5.33023611012822e-002 2.07581048298146e-003 2588 284
1.59393871627386e+002 1.73714228515093e+006 9.17563705302432e-005 2.34134542516002e-001 1.31106517090365e+000 5.74797880037260e-002 2.07668928303514e-003 2592 285
1.57969896330482e+002 1.73710763235316e+006 9.09384617008614e-005 7.06004426979081e-001 1.52247317133091e+000 5.80854470884496e-002 2.07676938572447e-003 2619 286
1.59352162892551e+002 1.73714751718292e+006 9.17320842757197e-005 7.44600083143704e-001 1.28095990462966e+000 5.81442086869177e-002 2.07683774495461e-003 2620 287
1.58351490991423e+002 1.73713769701067e+006 9.11565564579664e-005 7.57151268967318e-001 1.33704774147771e+000 5.81714594953427e-002 2.07690463394364e-003 2634 288
1.57785247729427e+002 1.73711536356847e+006 9.08317608632314e-005 3.80767645661127e-001 1.47357608279672e+000 5.81844505948789e-002 2.07721510630225e-003 2640 289
1.57930069731716e+002 1.73711204518063e+006 9.09153037852346e-005 4.72303170360218e-001 1.49457306787317e+000 5.81916402946618e-002 2.07740874045289e-003 2654 290
1.57931998938049e+002 1.73711539725951e+006 9.09162389280877e-005 8.11367529280458e-001 1.47357608279672e+000 5.81916402946618e-002 2.07746751594238e-003 2654 291
1.57768671004885e+002 1.73710504113767e+006 9.08227578844390e-005 5.24452891603127e-001 1.53877220084231e+000 5.82253916664887e-002 2.07762166955141e-003 2678 292
