9.67713826118738e+004 1.73443755447355e+006 5.57363127068231e-002 3.89922676764663e-001 1.50665352504044e+000 2.23898839537290e-001 2.46637506570274e-008 3951 1
9.67705411151174e+004 1.73443322447791e+006 5.57359678985939e-002 4.18389091307392e-001 1.51882985885189e+000 6.35149552412298e-001 4.00366233384123e-008 9868 2
9.67685159817196e+004 1.73441332942383e+006 5.57354419145082e-002 1.72584344747319e-001 5.79142869197668e-001 1.01645359450461e+000 1.46991161433581e-006 16717 3
9.67726382536005e+004 1.73444780489059e+006 5.57367056890073e-002 4.83672881404314e-001 1.53877220084231e+000 1.32898062000484e+000 1.47525613804863e-006 21128 4
9.67769271504685e+004 1.73441117189421e+006 6.22743965436554e+000 8.71596354958762e-001 -1.56130321222571e+000 2.62653993876698e+000 1.47548076817216e-006 41235 5
9.67714932595984e+004 1.73444736434210e+006 5.57360617162744e-002 5.46701302468943e-001 1.55171554780725e+000 2.81302859343247e+000 1.47732318370573e-006 44856 6
9.67792231297723e+004 1.73445053309398e+006 6.22743959706330e+000 8.33651294888421e-001 -1.56341249839778e+000 2.89906618014685e+000 1.47749108094264e-006 46128 7
9.67770909200542e+004 1.73440811762255e+006 6.22743946227983e+000 7.91866011871204e-001 -1.56513827799310e+000 3.38279361815859e+000 1.47761554073192e-006 53814 8
9.67723085750668e+004 1.73443940429164e+006 5.57367855979272e-002 5.83396766183553e-001 1.55746814645833e+000 3.40528000497184e+000 1.47853365220710e-006 54956 9
9.67781839330658e+004 1.73443263547878e+006 6.22743962036550e+000 8.08933669412883e-001 -1.56446714148381e+000 4.88692624065171e+000 1.47867493930145e-006 86892 10
9.67782147267484e+004 1.73443449059419e+006 6.22743966216165e+000 7.75011700048796e-001 -1.56638467436750e+000 4.88827402062880e+000 1.47876366097127e-006 86973 11
9.67732787603667e+004 1.73444782404854e+006 5.57370732142952e-002 4.09794306616761e-001 1.51528242301706e+000 5.00841718918974e+000 1.49654541993808e-006 89470 12
9.67714321962037e+004 1.73443760334309e+006 5.57363396390596e-002 1.89865348008269e-001 4.32451603595080e-001 5.85676435337924e+000 2.19373729231512e-006 104525 13
9.67768755161094e+004 1.73441364651427e+006 6.22743976340801e+000 7.29203326325325e-001 -1.56916509704886e+000 6.06656531194284e+000 2.19375895247638e-006 105904 14
9.67711781285840e+004 1.73444582847235e+006 5.57359298430777e-002 4.20248246861040e-001 1.51940511871700e+000 8.00166904877244e+000 2.20872807054240e-006 137014 15
9.67710433401907e+004 1.73442938595845e+006 5.57363796578227e-002 5.99001481650231e-001 1.55967330927457e+000 8.05773847210951e+000 2.20938311441825e-006 139792 16
9.67679319718121e+004 1.73440320228563e+006 5.57354310028132e-002 1.72066219429089e-001 5.85758357646413e-001 8.11731775870730e+000 3.67412534853797e-006 141059 17
9.67709982859345e+004 1.73444321452571e+006 5.57359103005878e-002 5.83671067822616e-001 1.55746814645833e+000 9.76682362829529e+000 3.67504251103578e-006 168476 18
9.67710156499641e+004 1.73442870267621e+006 5.57363856543565e-002 7.08143056037289e-001 1.57069912335582e+000 1.09535786651809e+001 3.67504280008919e-006 188903 19
9.67773960511724e+004 1.73441461859233e+006 6.22743949539381e+000 9.19568663834838e-001 -1.55948155598621e+000 1.11399534503191e+001 3.67530474192437e-006 190667 20
9.67724854798103e+004 1.73445127258948e+006 5.57365066763519e-002 3.52038572614115e-001 1.48546478667562e+000 1.11465193907084e+001 3.72260828286708e-006 190960 21
9.67699024019156e+004 1.73443552283773e+006 5.57355270823865e-002 1.83007807031701e-001 1.11950363582263e+000 1.12072597826209e+001 5.39048809991842e-006 192483 22
9.67691621865458e+004 1.73442185540475e+006 5.57355399204799e-002 1.64416251495230e-001 8.12027237922300e-001 1.16457776502264e+001 7.75242616649569e-006 197266 23
9.67755673934590e+004 1.73443905787643e+006 6.22744133023508e+000 8.02929511313399e-001 -1.56485064806055e+000 1.17962879989626e+001 7.75255652838719e-006 201915 24
9.67764777628351e+004 1.73445055754835e+006 5.57388242197796e-002 1.96905756744212e-001 1.20445034257027e+000 1.18160047997760e+001 8.93174715324691e-006 202053 25
9.67685194029191e+004 1.73441197608556e+006 5.57354872805325e-002 5.99824386567419e-001 1.55996093920713e+000 1.18272320076122e+001 8.93237429102378e-006 202429 26
9.67708704478132e+004 1.73444721137219e+006 5.57357086523518e-002 5.68157786235626e-001 1.55516710699789e+000 1.19462537549321e+001 8.93361874557766e-006 206580 27
9.67691984962058e+004 1.73441487057551e+006 5.57357847837361e-002 2.90716917303654e-001 1.43186974257637e+000 1.26710551271882e+001 9.08014494970966e-006 220421 28
9.67683800298683e+004 1.73440706952460e+006 5.57355645190479e-002 3.06382588690124e-001 1.44903166188543e+000 1.27117586059681e+001 9.18822392692968e-006 221012 29
9.67698915561441e+004 1.73442374396481e+006 5.57358985780011e-002 1.67159267885857e-001 9.29476127048555e-001 1.33882563739387e+001 1.15697490294297e-005 233280 30
9.67778208283955e+004 1.73442576268306e+006 6.22743960864891e+000 7.76718465802964e-001 -1.56619292107913e+000 1.34985902895477e+001 1.15698433451444e-005 235863 31
9.67694063630382e+004 1.73441731057612e+006 5.57358260125033e-002 6.70624687405491e-001 1.56763107074190e+000 1.41309162942898e+001 1.15699162175738e-005 247086 32
9.67705938013224e+004 1.73442824500139e+006 5.57361578656485e-002 2.77550438628645e-001 1.41489957655568e+000 1.64230431582980e+001 1.17608176308064e-005 290683 33
9.67682482942935e+004 1.73440908820420e+006 5.57354240642072e-002 5.63708004090831e-001 1.55487947706534e+000 1.65428612148351e+001 1.17621199350566e-005 293897 34
9.67712810819620e+004 1.73443599741066e+006 5.57363042836183e-002 2.96507729683867e-001 1.43829347773675e+000 1.76176288897641e+001 1.18932672951472e-005 313960 35
9.67725917690721e+004 1.73444845776585e+006 5.57366580346252e-002 3.85198592980806e-001 1.50425660893582e+000 1.84930553801082e+001 1.19200369778779e-005 328589 36
9.67770621271888e+004 1.73444167433922e+006 6.22744055502403e+000 7.63643421007642e-001 -1.56715168752098e+000 1.86726223756096e+001 1.19201051309333e-005 331512 37
9.67679448708410e+004 1.73440354986492e+006 5.57354272704716e-002 3.89374073486538e-001 1.50674940168462e+000 1.96159944753310e+001 1.19447898148777e-005 348509 38
9.67706146843081e+004 1.73443719320363e+006 5.57358829130644e-002 4.38992192196990e-001 1.52611648380993e+000 2.02857650829968e+001 1.19557862301800e-005 360290 39
9.67701278969290e+004 1.73442034366634e+006 5.57361434631541e-002 3.34148010155248e-001 1.47319257621998e+000 2.04007823648534e+001 1.20204855005722e-005 363357 40
9.67715672588563e+004 1.73443156542209e+006 5.57366108971445e-002 3.90196978403726e-001 1.50684527832881e+000 2.05813719483418e+001 1.20450005156698e-005 366395 41
9.67771216869268e+004 1.73441864106721e+006 6.22743978209698e+000 7.36731382419601e-001 -1.56868571382794e+000 2.15117433158693e+001 1.20450321072136e-005 378358 42
9.67775876478546e+004 1.73442948139983e+006 6.22743986193707e+000 7.70958131382647e-001 -1.56657642765587e+000 2.16658113397495e+001 1.20451158809494e-005 380343 43
9.67705811889086e+004 1.73443805676527e+006 5.57358359680574e-002 6.15947227352327e-001 1.56168671880245e+000 2.18737527130043e+001 1.20455682054728e-005 381566 44
9.67697760075027e+004 1.73443079102078e+006 5.57356061759387e-002 2.05988188793176e-001 1.24577317621387e+000 2.26964780284741e+001 1.29871974034476e-005 396655 45
9.67762844971962e+004 1.73443656190567e+006 6.22744083802207e+000 9.96464556652081e-001 -1.55727639316996e+000 2.27323299566518e+001 1.29874864603199e-005 397878 46
9.67685439094921e+004 1.73440889891135e+006 5.57356000471129e-002 5.38898944735604e-001 1.55075678136540e+000 2.33122677770932e+001 1.29895372382749e-005 409796 47
9.67723111783244e+004 1.73443766741874e+006 5.57368427937104e-002 3.24882710346908e-001 1.46561832132939e+000 2.34247770400476e+001 1.30663349932660e-005 411001 48
9.67725469225655e+004 1.73444158520403e+006 5.57368526525731e-002 3.51002321977656e-001 1.48488952681051e+000 2.44426072184838e+001 1.31144229545724e-005 428209 49
9.67679872298922e+004 1.73440397141122e+006 5.57354380990710e-002 4.04308273835507e-001 1.51346076677755e+000 2.49630042717220e+001 1.31336553277013e-005 438840 50
9.67692693294045e+004 1.73441881511091e+006 5.57356990008997e-002 5.21008382276737e-001 1.54730522217475e+000 2.49866152127947e+001 1.31364761485714e-005 439021 51
9.67773877114029e+004 1.73441871385528e+006 6.22743963152782e+000 9.34533342143703e-001 -1.55900217276528e+000 2.54888871266498e+001 1.31367457007687e-005 448094 52
9.67725844736692e+004 1.73444923684885e+006 5.57366288574270e-002 1.72950080266069e-001 1.02333936170537e+000 2.57742982465452e+001 1.52620226729702e-005 455406 53
9.67739846833911e+004 1.73444977627111e+006 5.57374163469128e-002 2.57282595297901e-001 2.15195127872555e-001 2.60261240155258e+001 1.53457259432664e-005 458589 54
9.67693360741643e+004 1.73442186431456e+006 5.57356395804540e-002 2.32534491862466e-001 1.33091163624989e+000 2.67675961069001e+001 1.58480390747718e-005 468337 55
9.67764089429012e+004 1.73442160376288e+006 6.22744028677896e+000 9.32582752710368e-001 -1.55909804940947e+000 2.70042063143538e+001 1.58483064733650e-005 471789 56
9.67771843859777e+004 1.73442531060945e+006 6.22743995995863e+000 9.82231349380716e-001 -1.55756402310251e+000 2.71211626391854e+001 1.58485950772718e-005 473650 57
9.67768789486179e+004 1.73443501662499e+006 6.22744044679334e+000 8.59435648960315e-001 -1.56207022537919e+000 2.74758264668803e+001 1.58487984361961e-005 480498 58
9.67702547843471e+004 1.73442697167455e+006 5.57360038427622e-002 2.25768384765586e-001 1.31279095049898e+000 2.78930367175767e+001 1.64360099917006e-005 485400 59
9.67714024191384e+004 1.73444903645201e+006 5.57359558829623e-002 2.22933934495272e-001 1.30435380581072e+000 2.88709558123094e+001 1.70640992612789e-005 506870 60
9.67717840233319e+004 1.73444097176460e+006 5.57364338367816e-002 2.31528719185903e-001 1.32813121356853e+000 2.90278357583765e+001 1.75786784492413e-005 510800 61
9.67696543132708e+004 1.73441683923682e+006 5.57359836429421e-002 2.90412137704696e-001 1.43148623599963e+000 2.90369807899939e+001 1.77261197345517e-005 511296 62
9.67770128795640e+004 1.73443170498230e+006 6.22744026360789e+000 9.00916152378574e-001 -1.56034444578387e+000 2.95085833400713e+001 1.77263621190717e-005 519860 63
9.67737163813289e+004 1.73444497378079e+006 5.57374161479760e-002 3.91720876398519e-001 1.50742053819391e+000 2.97374082562832e+001 1.77503397373000e-005 524623 64
9.67769415670369e+004 1.73442304900043e+006 6.22744002699191e+000 7.38773405732624e-001 -1.56858983718375e+000 2.99005719166113e+001 1.77503733789026e-005 527932 65
9.67764123327845e+004 1.73443110878967e+006 6.22744058966295e+000 8.43617587774366e-001 -1.56274136188849e+000 3.00075105046631e+001 1.77505605338177e-005 531109 66
9.67763470185851e+004 1.73442111760106e+006 6.22744030677969e+000 9.13442593895771e-001 -1.55976918591876e+000 3.01961091710169e+001 1.77508159797956e-005 535802 67
9.67717496995496e+004 1.73442948975895e+006 5.57367823226715e-002 5.44506889356442e-001 1.55152379451888e+000 3.05571519348958e+001 1.77527036272058e-005 542454 68
9.67682316247165e+004 1.73440755512969e+006 5.57354636465209e-002 5.55753256558012e-001 1.55363308069094e+000 3.05960036201318e+001 1.77542130038974e-005 543173 69
9.67708135173375e+004 1.73445111174358e+006 5.57355508538189e-002 6.14667153036701e-001 1.56139908886990e+000 3.09746796411598e+001 1.77546897989202e-005 549690 70
9.67782308978382e+004 1.73443383129401e+006 6.22743963172264e+000 7.24143984982613e-001 -1.56974035691397e+000 3.10382589251528e+001 1.77547009939183e-005 550166 71
9.67706516604088e+004 1.73443707727551e+006 5.57359078833199e-002 4.17992877828746e-001 1.51863810556352e+000 3.11429923654017e+001 1.77701921058486e-005 552146 72
9.67769776035777e+004 1.73440632976825e+006 6.22743947007218e+000 9.42122354157771e-001 -1.55861866618854e+000 3.13537806464715e+001 1.77704703312317e-005 555911 73
9.67771482925624e+004 1.73441955888337e+006 6.22743979624023e+000 7.11952801024271e-001 -1.57050737006745e+000 3.16614989553419e+001 1.77704718835044e-005 565400 74
9.67686283549903e+004 1.73441290470181e+006 5.57355201240429e-002 4.06350297148529e-001 1.51422777993103e+000 3.22067084265656e+001 1.77891093586927e-005 572339 75
9.67755790203354e+004 1.73444627276467e+006 6.22744155493220e+000 8.73364076632721e-001 -1.56159084215827e+000 3.25848560995038e+001 1.77893225912271e-005 580128 76
9.67682772579703e+004 1.73440947494245e+006 5.57354283096796e-002 3.25675137304200e-001 1.46657708777123e+000 3.41696073709424e+001 1.78646937988013e-005 606227 77
9.67700893161397e+004 1.73443047304550e+006 5.57357964529380e-002 2.52649945393731e-001 1.37472726264229e+000 3.44813905766286e+001 1.81862320820816e-005 612159 78
9.67768852270499e+004 1.73440292645235e+006 6.22743941401823e+000 9.24262269658800e-001 -1.55919392605365e+000 3.44852879716357e+001 1.81865013573308e-005 612564 79
9.67769922500769e+004 1.73441747775810e+006 6.22743981918508e+000 9.63609315884349e-001 -1.55804340632344e+000 3.52298721862863e+001 1.81867856919464e-005 625905 80
9.67716110742356e+004 1.73443386553619e+006 5.57365623188634e-002 3.18695684488049e-001 1.46034510589923e+000 3.54459037422158e+001 1.82728280658919e-005 632085 81
9.67679532621720e+004 1.73440294142631e+006 5.57354516054687e-002 5.75381062730943e-001 1.55670113330485e+000 3.54459037422158e+001 1.82738599875370e-005 632085 82
9.67690097382579e+004 1.73441624056749e+006 5.57356323568160e-002 1.75266405218154e-001 5.47982959837642e-001 3.55243761887801e+001 1.95395800874248e-005 634472 83
9.67790306887569e+004 1.73444409224108e+006 6.22743950110815e+000 8.42398469378532e-001 -1.56293311517685e+000 3.59213018977753e+001 1.95397609629415e-005 642648 84
9.67763800649256e+004 1.73442277655912e+006 6.22744034098971e+000 9.59250967619241e-001 -1.55823515961180e+000 3.61224261147732e+001 1.95400415021413e-005 645324 85
9.67705842160018e+004 1.73443776246732e+006 5.57358471455654e-002 4.85196779399107e-001 1.53925158406323e+000 3.68076858319299e+001 1.95452279990069e-005 660073 86
9.67789207863716e+004 1.73444556861047e+006 6.22743961162444e+000 9.76288147201024e-001 -1.55794752967925e+000 3.72618906708897e+001 1.95455074891337e-005 669484 87
9.67767963932510e+004 1.73441377038739e+006 6.22743981285855e+000 9.30235949798387e-001 -1.55909804940947e+000 3.73339870145316e+001 1.95457763740811e-005 671412 88
9.67707559006777e+004 1.73443366368647e+006 5.57360772656888e-002 2.52162298035397e-001 1.37376849620045e+000 3.73418769702505e+001 1.98708024959223e-005 671784 89
9.67724282026549e+004 1.73444345405060e+006 5.57367244849416e-002 6.06956229183049e-001 1.56053619907224e+000 3.74635495758412e+001 1.98713640929187e-005 673599 90
9.67782694472900e+004 1.73443800274538e+006 6.22743974334791e+000 9.31942715552555e-001 -1.55928980269784e+000 3.76950099843899e+001 1.98716251395779e-005 678536 91
9.67705662806709e+004 1.73444120778570e+006 5.57357263516340e-002 4.71786477044931e-001 1.53580002487259e+000 3.78787788490704e+001 1.98780913231435e-005 680486 92
9.67752468521601e+004 1.73444943858558e+006 6.22744184737656e+000 8.41484130581656e-001 -1.56302899182104e+000 3.80063135871604e+001 1.98782692192717e-005 685170 93
9.67739394138299e+004 1.73444991515812e+006 5.57373858737069e-002 2.07725432507240e-001 3.45683240607929e-001 3.82214912155726e+001 2.02460096520642e-005 688956 94
9.67725472377583e+004 1.73444930565631e+006 5.57366052490617e-002 1.70146107955650e-001 9.84605197454756e-001 3.85762967278691e+001 2.25037762396770e-005 697635 95
9.67732100415507e+004 1.73444736282280e+006 5.57370485082184e-002 4.16042288395411e-001 1.51777521576586e+000 3.85762970004661e+001 2.25198212428441e-005 697642 96
9.67761441291658e+004 1.73444585456264e+006 6.22744121671659e+000 8.32615044251962e-001 -1.56341249839778e+000 3.85902522515823e+001 2.25199896001373e-005 698247 97
9.67757104896992e+004 1.73443757781594e+006 6.22744120052273e+000 8.32828389971233e-001 -1.56331662175359e+000 3.97819270234477e+001 2.25201612586252e-005 718485 98
9.67707844888914e+004 1.73444950270313e+006 5.57355857679406e-002 3.95561099345397e-001 1.50914631778924e+000 3.97902431605637e+001 2.25426745784129e-005 718713 99
9.67754269957648e+004 1.73444555551831e+006 6.22744161930856e+000 7.86806670528492e-001 -1.56580941450240e+000 3.99794476612457e+001 2.25427783654102e-005 723881 100
9.67765946079735e+004 1.73444280749148e+006 6.22744086007804e+000 7.74828832289421e-001 -1.56648055101169e+000 4.00589221361846e+001 2.25428641591522e-005 725601 101
9.67778901811825e+004 1.73444224898595e+006 6.22744009751685e+000 9.06371707199932e-001 -1.56024856913968e+000 4.11355477592823e+001 2.25431067478634e-005 741042 102
9.67730891560093e+004 1.73443807928607e+006 5.57372767409611e-002 6.37159887439842e-001 1.56408363490707e+000 4.14759910564966e+001 2.25433684167199e-005 747415 103
9.67771102012624e+004 1.73444623192760e+006 6.22744067355565e+000 8.06129697102464e-001 -1.56475477141636e+000 4.17417403183629e+001 2.25435008866730e-005 750744 104
9.67684654613746e+004 1.73441186680717e+006 5.57354597806785e-002 4.97509875197033e-001 1.54241551332133e+000 4.18300499568001e+001 2.25476751703641e-005 751690 105
9.67706448259990e+004 1.73445093021779e+006 5.57354597175709e-002 5.75502974570527e-001 1.55622175008393e+000 4.28721393707628e+001 2.25487612765085e-005 774177 106
9.67769365726838e+004 1.73440849711014e+006 6.22743956316573e+000 9.25908079493176e-001 -1.55919392605365e+000 4.34175376812487e+001 2.25490294998745e-005 783844 107
9.67721437666263e+004 1.73444969104772e+006 5.57363609900464e-002 1.67799305043670e-001 9.42802980590228e-001 4.35377325624549e+001 2.49074385566167e-005 787199 108
9.67712575567989e+004 1.73443099041337e+006 5.57364513299765e-002 3.85411938700077e-001 1.50454423886837e+000 4.37538259037789e+001 2.49340023113024e-005 790392 109
9.67769421031503e+004 1.73442413492569e+006 6.22744006151040e+000 9.81743702022383e-001 -1.55756402310251e+000 4.40998762225971e+001 2.49342912306821e-005 795779 110
9.67707308086459e+004 1.73442362079606e+006 5.57363849059951e-002 4.40607524071471e-001 1.52678762031922e+000 4.42546606542191e+001 2.49449509213218e-005 800202 111
9.67711043746172e+004 1.73443814784023e+006 5.57361337569881e-002 5.93119235390331e-001 1.55881041947691e+000 4.44081739624896e+001 2.49457023125083e-005 801650 112
9.67683253802437e+004 1.73440898093673e+006 5.57354718112844e-002 2.21531948340063e-001 1.30061461668752e+000 4.47219251485291e+001 2.55934539662935e-005 806250 113
9.67781143113283e+004 1.73443228555636e+006 6.22743964915948e+000 7.99881715323814e-001 -1.56494652470473e+000 4.48595256770389e+001 2.55935821525777e-005 807812 114
9.67717400545622e+004 1.73443056487259e+006 5.57367423012350e-002 3.30947824366183e-001 1.47060390682699e+000 4.55327355931832e+001 2.56622557401578e-005 821257 115
9.67686656698642e+004 1.73441144809011e+006 5.57355882832222e-002 3.00043173031786e-001 1.44241617343669e+000 4.62444130469518e+001 2.57843723518189e-005 834925 116
9.67717468582874e+004 1.73443533157043e+006 5.57365933491819e-002 5.63616570211143e-001 1.55459184713279e+000 4.63145549779882e+001 2.57857116211259e-005 836196 117
9.67707647571194e+004 1.73444497979612e+006 5.57357194675347e-002 1.83038284991597e-001 1.11959951246681e+000 4.64853288258084e+001 2.74527096322066e-005 839021 118
9.67698731338270e+004 1.73443367117490e+006 5.57355696395302e-002 5.39264680254355e-001 1.55056502807703e+000 4.65750273864425e+001 2.74547876030075e-005 840618 119
9.67777740705988e+004 1.73442606748238e+006 6.22743964529916e+000 8.30390153179565e-001 -1.56331662175359e+000 4.65929363880421e+001 2.74549603723220e-005 841598 120
9.67710127901762e+004 1.73442480577985e+006 5.57365089796555e-002 2.80354410939063e-001 1.41873464232307e+000 4.74382349154734e+001 2.76352788372702e-005 854192 121
9.67681036004055e+004 1.73440503223714e+006 5.57354709669199e-002 3.41462720530253e-001 1.47875342158269e+000 4.77268136408138e+001 2.76918614438613e-005 857537 122
9.67713155972789e+004 1.73445186492795e+006 5.57358152771845e-002 4.12506845047492e-001 1.51633706610309e+000 4.80602837754628e+001 2.77088860834002e-005 863811 123
9.67715001105355e+004 1.73444884813598e+006 5.57360180712956e-002 2.84377501645316e-001 1.42372022782067e+000 4.82709086559953e+001 2.78756282347080e-005 867553 124
9.67779656147529e+004 1.73442819159088e+006 6.22743960332788e+000 9.10211930146810e-001 -1.55996093920713e+000 4.83508269477366e+001 2.78758787893604e-005 868243 125
9.67718978225984e+004 1.73443782278095e+006 5.57366002284238e-002 3.99584190051650e-001 1.51106385067293e+000 4.86757421775116e+001 2.78968728093930e-005 875636 126
9.67695683849866e+004 1.73441651137599e+006 5.57359447677358e-002 2.15223010641621e-001 1.28028876812036e+000 4.88276245066250e+001 2.86495024282223e-005 878550 127
9.67763367289165e+004 1.73445062887199e+006 6.22744125912850e+000 7.30513878600847e-001 -1.56945272698141e+000 4.89001639204922e+001 2.86495183917496e-005 879100 128
9.67747162688584e+004 1.73445007414288e+006 5.57378272822224e-002 5.28170702852263e-001 1.54835986526078e+000 5.00984836798588e+001 2.86520690462863e-005 897506 129
9.67692147196106e+004 1.73442497581595e+006 5.57354700484428e-002 5.31889013959558e-001 1.54931863170263e+000 5.02518529486780e+001 2.86544174174229e-005 900476 130
9.67778805812250e+004 1.73443725576896e+006 6.22743994289889e+000 9.70253511141645e-001 -1.55804340632344e+000 5.03338969792999e+001 2.86546974860240e-005 901547 131
9.67769765294237e+004 1.73441755077659e+006 6.22743983056267e+000 8.57515537486876e-001 -1.56197434873501e+000 5.11494783467861e+001 2.86549053342989e-005 918694 132
9.67720925175378e+004 1.73444751678740e+006 5.57364012590593e-002 5.98971003690335e-001 1.55948155598621e+000 5.11497187015985e+001 2.86555779968784e-005 918807 133
9.67778850743897e+004 1.73442476507567e+006 6.22743953972779e+000 9.88601242998950e-001 -1.55737226981414e+000 5.13233741352454e+001 2.86558689201741e-005 923171 134
9.67690763151944e+004 1.73441832204459e+006 5.57356038734907e-002 4.55541724420440e-001 1.53148557588427e+000 5.14484334178699e+001 2.86642099108348e-005 925524 135
9.67778699562118e+004 1.73445203536519e+006 5.57395770057971e-002 1.70511843474401e-001 9.90070166173284e-001 5.21174645124775e+001 3.09052333621830e-005 938963 136
9.67767778250704e+004 1.73442147062367e+006 6.22744007048606e+000 9.29748302440053e-001 -1.55919392605365e+000 5.21349819601122e+001 3.09054991542800e-005 939601 137
9.67687628922477e+004 1.73441608712884e+006 5.57354953967809e-002 3.34087054235456e-001 1.47319257621998e+000 5.24961847883527e+001 3.09702243978954e-005 946050 138
9.67685221282313e+004 1.73440885595878e+006 5.57355889051980e-002 4.96107889041823e-001 1.54212788338878e+000 5.35083872447151e+001 3.09744901389633e-005 961165 139
9.67764106111148e+004 1.73444903996644e+006 5.57388342920455e-002 2.24488310449961e-001 2.89307773827326e-001 5.38491819994150e+001 3.11885325869302e-005 970275 140
9.67723268561421e+004 1.73443777484980e+006 5.57368483595999e-002 3.59597106668287e-001 1.49035449552904e+000 5.39102536258210e+001 3.12298877401817e-005 971548 141
9.67770669851959e+004 1.73440845126995e+006 6.22743948673759e+000 9.09876672587956e-001 -1.55976918591876e+000 5.41531790760743e+001 3.12301453938150e-005 976068 142
9.67692397793000e+004 1.73441589855124e+006 5.57357755463502e-002 4.54810253382939e-001 1.53129382259590e+000 5.47881580993090e+001 3.12385782731089e-005 988197 143
9.67767809442502e+004 1.73441708210265e+006 6.22743992794884e+000 9.96464556652081e-001 -1.55708463988159e+000 5.52010625795283e+001 3.12388736868133e-005 994398 144
9.67706732378950e+004 1.73442950235874e+006 5.57361632016026e-002 2.25676950885899e-001 1.31250332056642e+000 5.53839165206028e+001 3.18274182313721e-005 998316 145
9.67695998486059e+004 1.73443144056270e+006 5.57354840956338e-002 5.85591179296055e-001 4.05078821680349e-002 5.64498764814747e+001 3.18277326641776e-005 1017356 146
9.67768896197743e+004 1.73440361221494e+006 6.22743943348693e+000 8.47884502159786e-001 -1.56226197866756e+000 5.68385716285337e+001 3.18279350841163e-005 1022654 147
9.67684191700903e+004 1.73440773563287e+006 5.57355656546973e-002 2.31010593867674e-001 1.32717244712668e+000 5.68549708371094e+001 3.23476379388441e-005 1022951 148
9.67700405251732e+004 1.73442092964743e+006 5.57360744526031e-002 6.52063609828915e-001 1.56580941450240e+000 5.70688256227121e+001 3.23477948358658e-005 1026657 149
9.67719767376632e+004 1.73443399769180e+006 5.57367682523202e-002 3.34087054235456e-001 1.47300082293161e+000 5.71617951405875e+001 3.24127070790565e-005 1028978 150
9.67773305894587e+004 1.73441194009456e+006 6.22743944711622e+000 8.47671156440515e-001 -1.56235785531175e+000 5.81793505082085e+001 3.24129060994576e-005 1051230 151
9.67687804692724e+004 1.73441220825476e+006 5.57356298896074e-002 1.64568641294709e-001 7.65143558915983e-001 5.81942191223379e+001 3.46645016410908e-005 1051408 152
9.67770187057634e+004 1.73441475651863e+006 6.22743971670557e+000 7.96559617695165e-001 -1.56494652470473e+000 5.82919562010857e+001 3.46646310064571e-005 1052484 153
9.67709036566923e+004 1.73442863236781e+006 5.57363235387451e-002 5.61330723218954e-001 1.55430421720023e+000 5.86462682334139e+001 3.46660194829755e-005 1059693 154
9.67772778712612e+004 1.73442371081170e+006 6.22743985491894e+000 9.71960276895813e-001 -1.55785165303507e+000 6.01019054127734e+001 3.46663049789468e-005 1088839 155
9.67699237278027e+004 1.73443632983995e+006 5.57355134607308e-002 5.28414526531430e-001 1.54855161854915e+000 6.01833048623533e+001 3.46688196221742e-005 1091062 156
9.67733175033641e+004 1.73444671587144e+006 5.57371310203177e-002 3.61181960582872e-001 1.49121738532670e+000 6.13786375827172e+001 3.47091244683020e-005 1110121 157
9.67698969688456e+004 1.73442819019346e+006 5.57357591050932e-002 6.97292902314365e-001 1.56983623355815e+000 6.14522610596072e+001 3.47091349618443e-005 1111249 158
9.67712944665598e+004 1.73444280002503e+006 5.57360938271066e-002 6.51454050630998e-001 1.56552178456984e+000 6.21256724181508e+001 3.47093064624381e-005 1122534 159
9.67679952538414e+004 1.73440454087609e+006 5.57354244490634e-002 6.52276955548186e-001 1.56600116779077e+000 6.27506050834832e+001 3.47094539983829e-005 1134332 160
9.67694949918974e+004 1.73442354361745e+006 5.57356770691450e-002 7.03815185732078e-001 1.57041149342326e+000 6.30118367432665e+001 3.47094564830965e-005 1137293 161
9.67692751090133e+004 1.73442053559072e+006 5.57356471495739e-002 5.20612168798091e-001 1.54720934553056e+000 6.32184706657374e+001 3.47122997783491e-005 1139799 162
9.67766358532158e+004 1.73441476404554e+006 6.22743993700060e+000 8.70194368803552e-001 -1.56139908886990e+000 6.54620967256034e+001 3.47125216919572e-005 1179199 163
9.67679293708837e+004 1.73440267909159e+006 5.57354462860203e-002 4.31159356503756e-001 1.52381544434950e+000 6.55095545901042e+001 3.47248697051021e-005 1180596 164
9.67768678498914e+004 1.73440680321155e+006 6.22743954834008e+000 8.99209386624406e-001 -1.56015269249550e+000 6.56875602162933e+001 3.47251200443688e-005 1184799 165
9.67692284945998e+004 1.73441489615871e+006 5.57358012056155e-002 2.06628225950989e-001 1.24855359889523e+000 6.60845190997534e+001 3.56515394648344e-005 1191730 166
9.67707571447109e+004 1.73442942193151e+006 5.57362140078525e-002 3.06047331131270e-001 1.44845640202033e+000 6.67321989701018e+001 3.57606180732738e-005 1204065 167
9.67741648685017e+004 1.73444968080778e+006 5.57375229719614e-002 1.66153495209293e-001 9.02630666676839e-001 6.69230673521667e+001 3.81707914272160e-005 1209495 168
9.67690538374551e+004 1.73441517729203e+006 5.57356918016496e-002 1.76698869333259e-001 5.33217956633198e-001 6.81066097901896e+001 3.93591900430705e-005 1225734 169
9.67721422147342e+004 1.73444093648325e+006 5.57366408442325e-002 3.36982460425563e-001 1.47511010910367e+000 6.85015543358032e+001 3.94208712264665e-005 1230364 170
9.67769095266448e+004 1.73440475386020e+006 6.22743945865934e+000 7.98174949569646e-001 -1.56475477141636e+000 6.85997937008179e+001 3.94210066182789e-005 1231344 171
9.67690011746973e+004 1.73441175230547e+006 5.57357713672838e-002 3.10039943877627e-001 1.45257909772027e+000 6.89169511629579e+001 3.95218975197211e-005 1236077 172
9.67766411361116e+004 1.73442183415090e+006 6.22744016070965e+000 8.31456881775920e-001 -1.56322074510941e+000 6.90558467001589e+001 3.95220732340845e-005 1239260 173
9.67716104561220e+004 1.73442952453040e+006 5.57367011747555e-002 2.10620838697346e-001 1.26379798532060e+000 6.90831187028664e+001 4.03633283185291e-005 1240714 174
9.67716585677409e+004 1.73444019650630e+006 5.57363865906663e-002 6.06681927543987e-001 1.56053619907224e+000 6.98753147383371e+001 4.03638904742949e-005 1255196 175
9.67705293163755e+004 1.73444734067935e+006 5.57355084358763e-002 2.03763297720779e-001 1.23628138843959e+000 7.00544577429210e+001 4.13589467325762e-005 1258583 176
9.67771150782048e+004 1.73442131203069e+006 6.22743987155628e+000 7.22376263308654e-001 -1.56974035691397e+000 7.01852451154174e+001 4.13589579879323e-005 1261114 177
9.67712283576870e+004 1.73444718342341e+006 5.57359152621056e-002 6.84827416716960e-001 1.56858983718375e+000 7.03146755302061e+001 4.13589977366322e-005 1264704 178
9.67764719907424e+004 1.73445166394765e+006 6.22744121457976e+000 7.79613871993070e-001 -1.56628879772332e+000 7.12249041940691e+001 4.13590882793696e-005 1274764 179
9.67701215500640e+004 1.73444039453012e+006 5.57354968153965e-002 5.77392608084070e-001 1.55660525666066e+000 7.14353688474776e+001 4.13601230847509e-005 1279523 180
9.67699177502751e+004 1.73443564532044e+006 5.57355319763247e-002 2.52253731915085e-001 2.24399285714286e-001 7.15038238224632e+001 4.14559370143897e-005 1281833 181
9.67681045346572e+004 1.73440652828791e+006 5.57354235275424e-002 6.74647778111744e-001 1.56811045396283e+000 7.18320694676150e+001 4.14559927539432e-005 1289539 182
9.67781575788513e+004 1.73443556076379e+006 6.22743972932970e+000 9.66626633914038e-001 -1.55813928296762e+000 7.23447697462284e+001 4.14562718658108e-005 1296388 183
9.67702405130582e+004 1.73443848423583e+006 5.57356264508176e-002 6.78335611259143e-001 1.56811045396283e+000 7.27509597670488e+001 4.14563269408652e-005 1300161 184
9.67708116778741e+004 1.73444189623143e+006 5.57358453202001e-002 2.48322075088519e-001 1.36619424130985e+000 7.31224662718850e+001 4.18098611573064e-005 1309622 185
9.67704055064652e+004 1.73442486336945e+006 5.57361580839055e-002 3.80687854916219e-001 1.50224319940794e+000 7.32898521171933e+001 4.18385902209847e-005 1312977 186
9.67707362417645e+004 1.73442459873787e+006 5.57363566673113e-002 6.78884214537268e-001 1.56830220725120e+000 7.34180396497735e+001 4.18386392275777e-005 1315487 187
9.67682796428677e+004 1.73440809901328e+006 5.57354738046117e-002 5.91503903515851e-001 1.55890629612110e+000 7.43676639439835e+001 4.18393858141373e-005 1332152 188
9.67714644348306e+004 1.73444767915922e+006 5.57360350532240e-002 5.24513347664761e-001 1.54768872875149e+000 7.52636831772673e+001 4.18420958667546e-005 1349465 189
9.67773801677906e+004 1.73441521664207e+006 6.22743952370345e+000 8.30054895620711e-001 -1.56322074510941e+000 7.55394135591298e+001 4.18422722347101e-005 1353588 190
9.67688416698611e+004 1.73441959636483e+006 5.57354281402458e-002 4.94919248605885e-001 1.54174437681204e+000 7.55439750717453e+001 4.18466488250241e-005 1354048 191
9.67684519095419e+004 1.73440769047309e+006 5.57355859207800e-002 5.91473425555955e-001 1.55890629612110e+000 7.58091892653500e+001 4.18473954962219e-005 1359280 192
9.67764127405110e+004 1.73443320849620e+006 6.22744065676711e+000 7.47398668383151e-001 -1.56811045396283e+000 7.60176698656295e+001 4.18474399919164e-005 1362570 193
9.67721553055605e+004 1.73443299599186e+006 5.57369030108793e-002 5.59197266026244e-001 1.55392071062349e+000 7.63619480595992e+001 4.18488906852479e-005 1370196 194
9.67681339574105e+004 1.73440519989471e+006 5.57354830388780e-002 1.66641142567627e-001 9.17395669881283e-001 7.85274673578399e+001 4.42469014041907e-005 1403114 195
9.67706991865886e+004 1.73442872094935e+006 5.57362031748716e-002 1.69323203038462e-001 6.26697684713279e-001 7.87509650826424e+001 4.59226760567265e-005 1409092 196
9.67690040226457e+004 1.73442111505348e+006 5.57354727542048e-002 1.67646915244190e-001 6.58145224005860e-001 7.89278074479900e+001 4.77529567247701e-005 1411251 197
9.67680953291091e+004 1.73440480042034e+006 5.57354736468299e-002 6.31338597099734e-001 1.56379600497452e+000 7.94555873862666e+001 4.77532416631476e-005 1421889 198
9.67780148179542e+004 1.73442271137645e+006 6.22743939929026e+000 9.81347488543737e-001 -1.55756402310251e+000 7.96162994006722e+001 4.77535308392184e-005 1423477 199
9.67771898183135e+004 1.73440819430791e+006 6.22743940789490e+000 9.36971578935371e-001 -1.55881041947691e+000 7.96658890105115e+001 4.77538056162308e-005 1424807 200
