1.47809178863448e+005 1.73082420290008e+006 8.51914517579489e-002 4.77211553906393e-001 1.51978862529374e+000 1.11028651563690e-001 1.11896464889790e-008 2135 1
1.47809203953962e+005 1.73082088362887e+006 8.51916287353620e-002 5.88852321004911e-001 1.55200317773980e+000 4.40445428338587e-001 1.27181264577338e-008 8530 2
1.47816445370691e+005 1.73084054226643e+006 6.19798518071835e+000 8.54254395778020e-001 -1.55756402310251e+000 1.10868371061701e+000 1.31104827820521e-008 19633 3
1.47817201234843e+005 1.73083692026493e+006 6.19798456975612e+000 9.36148674018183e-001 -1.55267431424909e+000 1.53098209530498e+000 1.36316480768989e-008 26302 4
1.47815402940755e+005 1.73080364121357e+006 6.19798397104546e+000 9.31820803712971e-001 -1.55267431424909e+000 2.70032323920284e+000 1.41581534663443e-008 44208 5
1.47816117633220e+005 1.73081526835189e+006 6.19798413067087e+000 8.25147944077478e-001 -1.55948155598621e+000 2.92680334486059e+000 1.44905986282946e-008 49228 6
1.47810949921924e+005 1.73083918674178e+006 8.51917336489091e-002 2.53625240110398e-001 1.25919590639973e+000 2.96920302413749e+000 5.82983871438971e-007 50104 7
1.47815746781732e+005 1.73083404810260e+006 6.19798526329986e+000 9.83602857576030e-001 -1.55037327478866e+000 3.48033262366826e+000 5.83545835611685e-007 62705 8
1.47809796772367e+005 1.73083428025283e+006 8.51913125641905e-002 5.46183177150714e-001 1.54193613010041e+000 3.71813401365211e+000 5.87033681827508e-007 69571 9
1.47817205426979e+005 1.73084278631018e+006 6.19798485469461e+000 8.07866940816528e-001 -1.56101558229316e+000 5.12242428001527e+000 5.87311699956634e-007 89248 10
1.47806984791419e+005 1.73080702352902e+006 8.51910347720045e-002 4.62124963757945e-001 1.51365252006592e+000 5.42980513806825e+000 6.01572153598176e-007 94353 11
1.47818642998156e+005 1.73084889106128e+006 8.51956708163063e-002 6.85284586115398e-001 4.52058377330851e-002 5.69517294346869e+000 6.01858005537826e-007 98435 12
1.47816454818109e+005 1.73082540101948e+006 6.19798443361701e+000 8.64190210704068e-001 -1.55679700994903e+000 6.44604484548614e+000 6.02275288622204e-007 116444 13
1.47811266682262e+005 1.73084657951219e+006 8.51915532209379e-002 2.45914316256747e-001 3.81253475600452e-001 7.62553530443763e+000 9.11274987363598e-007 132101 14
1.47812324533776e+005 1.73084692534858e+006 8.51921430319393e-002 4.21772144855832e-001 1.49313491821039e+000 8.34071758093869e+000 9.38906434771985e-007 146700 15
1.47809334069851e+005 1.73083050314388e+006 8.51912321806462e-002 3.19670979204717e-001 1.40090158650471e+000 8.51749895991994e+000 1.09656427709456e-006 151101 16
1.47807976591265e+005 1.73081715898218e+006 8.51911071893039e-002 2.28999048514547e-001 1.15507387081515e+000 1.07090108602638e+001 2.04889425789101e-006 183790 17
1.47807052735967e+005 1.73080881831134e+006 8.51909858307094e-002 3.96323048342793e-001 1.47721939527573e+000 1.10444226489931e+001 2.09066948553208e-006 188923 18
1.47808199307526e+005 1.73082064519175e+006 8.51910641719191e-002 2.82914559570315e-001 1.33723949476608e+000 1.12695112186440e+001 2.40603425194794e-006 193815 19
1.47815375456859e+005 1.73084300490663e+006 6.19798591501808e+000 8.01984694556628e-001 -1.56149496551408e+000 1.14024302877032e+001 2.40629563771329e-006 196756 20
1.47811203778038e+005 1.73083260839269e+006 8.51922014766354e-002 2.51644172717168e-001 1.25258041795099e+000 1.18207784212228e+001 2.99845602307962e-006 203150 21
1.47808921556797e+005 1.73082776221262e+006 8.51911298300328e-002 3.06992147888041e-001 2.31302404095584e-001 1.18293087262581e+001 3.06490767736773e-006 203619 22
1.47806569997572e+005 1.73080413436258e+006 8.51909383724127e-002 2.77184703109895e-001 1.32458377773370e+000 1.18752743719621e+001 3.41763118811113e-006 204882 23
1.47808794492402e+005 1.73083016165637e+006 8.51909394195542e-002 5.81476654710114e-001 1.55037327478866e+000 1.29025240437512e+001 3.41941743351935e-006 219497 24
1.47807043571189e+005 1.73080779566856e+006 8.51910306656221e-002 6.92446906690924e-001 1.56906922040468e+000 1.29742704522056e+001 3.41944395460127e-006 221168 25
1.47815928564642e+005 1.73081475431720e+006 6.19798421393660e+000 9.22433592065048e-001 -1.55324957411420e+000 1.50719513055827e+001 3.41995620162978e-006 263147 26
1.47813241658761e+005 1.73084107400026e+006 8.51929556803423e-002 5.20490256958508e-001 1.53464950514237e+000 1.54360662359266e+001 3.42542947972754e-006 267530 27
1.47807698181290e+005 1.73081233508733e+006 8.51911837852462e-002 3.85350982780285e-001 1.46916575716422e+000 1.57460285661381e+001 3.47560049605468e-006 273860 28
1.47810685245015e+005 1.73084463654926e+006 8.51913148960843e-002 2.10224625218700e-001 6.02728523667104e-001 1.58671372755285e+001 4.45972498169826e-006 275360 29
1.47815142283579e+005 1.73080038297973e+006 6.19798396094752e+000 8.34108464286859e-001 -1.55871454283273e+000 1.63459828776175e+001 4.46008426527222e-006 282377 30
1.47808224982091e+005 1.73081587450755e+006 8.51913125777705e-002 4.70414968849617e-001 1.51710407925657e+000 1.66194335671153e+001 4.47256528758370e-006 286164 31
1.47806228345850e+005 1.73080111512649e+006 8.51908902968181e-002 2.68163226980721e-001 1.30234039628285e+000 1.67448904518961e+001 4.89475891361202e-006 289499 32
1.47810066369793e+005 1.73084245490445e+006 8.51910667883993e-002 3.32685068080247e-001 1.41787175252541e+000 1.73344148308758e+001 5.01948957897946e-006 303127 33
1.47810543576257e+005 1.73084041376055e+006 8.51914404788875e-002 2.20099484224957e-001 1.09898603396710e+000 1.81418572133481e+001 6.16760901337517e-006 321555 34
1.47806570234351e+005 1.73080396812381e+006 8.51909466510397e-002 6.99853050945616e-001 1.57002798684652e+000 1.81698442369093e+001 6.16761637766976e-006 323144 35
1.47806551078561e+005 1.73080476713515e+006 8.51908965259315e-002 4.13543095683951e-001 1.48853283928953e+000 1.83130191683755e+001 6.19905330083310e-006 324428 36
1.47810661498794e+005 1.73084725432182e+006 8.51911730532154e-002 2.36405192769240e-001 1.19208225547044e+000 1.88109850320641e+001 7.01395431182004e-006 333850 37
1.47811652411894e+005 1.73083142462676e+006 8.51925167852395e-002 3.96963085500606e-001 1.47750702520829e+000 1.94343152933687e+001 7.05539297954741e-006 342805 38
1.47816589309549e+005 1.73084049881632e+006 6.19798509603089e+000 8.44562404531138e-001 -1.55823515961180e+000 1.96432536476365e+001 7.05576421945507e-006 347041 39
1.47807841616680e+005 1.73081315766447e+006 8.51912257650292e-002 4.60905845362111e-001 1.51307726020081e+000 1.96932893134666e+001 7.07032632698111e-006 347850 40
1.47810553802526e+005 1.73083729454957e+006 8.51915991295382e-002 2.23726361452564e-001 1.12362633152257e+000 2.04719436943364e+001 8.13483124775721e-006 366754 41
1.47806897946793e+005 1.73080936481353e+006 8.51908702774657e-002 3.69929135072982e-001 1.45660591677602e+000 2.06879222357757e+001 8.19988884559256e-006 370530 42
1.47810475523539e+005 1.73084018473231e+006 8.51914126640529e-002 2.16106871478600e-001 1.06792200125126e+000 2.10907783720179e+001 9.44573587062329e-006 376164 43
1.47808119743123e+005 1.73081406095007e+006 8.51913410475325e-002 4.03851104437069e-001 1.48230085741752e+000 2.20543501320834e+001 9.48264437580314e-006 397130 44
1.47818061359623e+005 1.73084802257684e+006 6.19798462025110e+000 7.35877999542518e-001 -1.56772694738609e+000 2.21314812981785e+001 9.48270101495869e-006 400330 45
1.47809897591545e+005 1.73083066387015e+006 8.51915475294982e-002 3.12935350067733e-001 1.39112216879788e+000 2.37437657355179e+001 9.66111722926053e-006 428556 46
1.47816675882794e+005 1.73082477202302e+006 6.19798427600845e+000 7.08965960954477e-001 -1.57060324671163e+000 2.42438075432317e+001 9.66111806669929e-006 440751 47
1.47815309830871e+005 1.73084721270069e+006 6.19798615877035e+000 7.19297989359172e-001 -1.56954860362560e+000 2.43116553394041e+001 9.66113278923051e-006 442519 48
1.47810574176897e+005 1.73083759187054e+006 8.51915962523098e-002 4.25703801682398e-001 1.49543595767083e+000 2.49537563904188e+001 9.68701809148859e-006 454355 49
1.47807576807289e+005 1.73081096440691e+006 8.51911813069159e-002 6.78091787579976e-001 1.56715168752098e+000 2.52345767266295e+001 9.68710660509103e-006 462124 50
1.47810305366616e+005 1.73083515152707e+006 8.51915616032849e-002 5.44384977516858e-001 1.54145674687948e+000 2.57027935911733e+001 9.69070971600507e-006 470159 51
1.47810823561473e+005 1.73084953060688e+006 8.51911545113619e-002 2.67431755943221e-001 1.30003935682241e+000 2.57368780742969e+001 1.01198698125800e-005 471675 52
1.47812152671086e+005 1.73084555817678e+006 8.51921114237976e-002 2.73405436082808e-001 1.31528374324778e+000 2.60745841843220e+001 1.05006360906138e-005 478312 53
1.47815397800648e+005 1.73083110580268e+006 6.19798531934054e+000 8.66232234017091e-001 -1.55670113330485e+000 2.61329064327935e+001 1.05010556113322e-005 479787 54
1.47807358129587e+005 1.73081062305814e+006 8.51910725976991e-002 6.49716806916934e-001 1.56302899182104e+000 2.69108028609926e+001 1.05013698607772e-005 494017 55
1.47810708023794e+005 1.73082729341655e+006 8.51921774661301e-002 6.78914692497164e-001 1.56715168752098e+000 2.72150518380557e+001 1.05014581385213e-005 499051 56
1.47815243743353e+005 1.73082767239807e+006 6.19798523952170e+000 8.52974321462394e-001 -1.55756402310251e+000 2.97868242943093e+001 1.05018517914082e-005 544617 57
1.47816289928340e+005 1.73083280084799e+006 6.19798489067000e+000 9.83419989816655e-001 -1.55037327478866e+000 2.99228099706959e+001 1.05024139855015e-005 548370 58
1.47814195257277e+005 1.73084571169111e+006 8.51932754688158e-002 4.86354941875150e-001 1.52314430784020e+000 3.11036981624149e+001 1.05120935713264e-005 568377 59
1.47809151187494e+005 1.73083504526867e+006 8.51909048022360e-002 3.52008094654219e-001 1.43953987411115e+000 3.12556846298833e+001 1.06007993432413e-005 569657 60
1.47817802622915e+005 1.73083516767057e+006 6.19798413896690e+000 8.32096918933733e-001 -1.55909804940947e+000 3.12560508316013e+001 1.06011429713977e-005 569724 61
1.47815721881293e+005 1.73083759857112e+006 6.19798545149769e+000 7.35207484424809e-001 -1.56772694738609e+000 3.13929623380652e+001 1.06011997242572e-005 572081 62
1.47812433169496e+005 1.73083674091873e+006 8.51927042001814e-002 5.33870081352788e-001 1.53858044755394e+000 3.24662781866584e+001 1.06055401628484e-005 587743 63
1.47815371587783e+005 1.73080655363423e+006 6.19798413169525e+000 8.71078229640532e-001 -1.55622175008393e+000 3.32343565946544e+001 1.06059765291240e-005 598127 64
1.47817052551546e+005 1.73083921087262e+006 6.19798476724016e+000 9.67601928630706e-001 -1.55114028794214e+000 3.34582243704183e+001 1.06065257882465e-005 601789 65
1.47812156630987e+005 1.73084813951298e+006 8.51919872559016e-002 4.85623470837649e-001 1.52285667790765e+000 3.38940936464835e+001 1.06163266055034e-005 608731 66
1.47807926012783e+005 1.73081212037332e+006 8.51913249821761e-002 5.93210669270019e-001 1.55296194418165e+000 3.40356437215974e+001 1.06177138835394e-005 612319 67
1.47816985807030e+005 1.73082457534352e+006 6.19798408860909e+000 9.49650410252047e-001 -1.55190730109561e+000 3.43979216437099e+001 1.06182522015122e-005 620409 68
1.47813204267312e+005 1.73084531756071e+006 8.51927263730331e-002 2.08121645985886e-001 9.84125814233833e-001 3.56165069090344e+001 1.20679857749182e-005 646666 69
1.47812114289432e+005 1.73083732808819e+006 8.51924925383686e-002 2.21653860179646e-001 1.10991597140416e+000 3.59013266865838e+001 1.31796103210030e-005 651633 70
1.47814885364713e+005 1.73083970855013e+006 6.19798603465391e+000 8.32493132412379e-001 -1.55909804940947e+000 3.63267992110507e+001 1.31799535894630e-005 658641 71
1.47807886384289e+005 1.73081202650698e+006 8.51913068498670e-002 5.19514962241840e-001 1.53455362849818e+000 3.63343897852139e+001 1.31854717827867e-005 659015 72
1.47815664497919e+005 1.73083159013389e+006 6.19798519009449e+000 7.38438148173769e-001 -1.56734344080935e+000 3.72297834299952e+001 1.31855392568985e-005 674077 73
1.47815530577685e+005 1.73082020817256e+006 6.19798470936971e+000 9.73087961411960e-001 -1.55075678136540e+000 3.75282458329372e+001 1.31860981132021e-005 681615 74
1.47815366512700e+005 1.73083608550375e+006 6.19798558121145e+000 8.28287173946751e-001 -1.55938567934202e+000 3.76529275161921e+001 1.31864321220627e-005 684556 75
1.47807815079754e+005 1.73081110394192e+006 8.51913111406389e-002 6.11893658686178e-001 1.55660525666066e+000 3.82497054000516e+001 1.31873428911178e-005 695597 76
1.47812817105871e+005 1.73084754035878e+006 8.51923954313431e-002 2.29700041592152e-001 1.15862130664998e+000 3.83714790116981e+001 1.41262312365880e-005 697714 77
1.47806473756455e+005 1.73080335128700e+006 8.51909215272333e-002 2.36283280929657e-001 1.19189050218207e+000 3.84352450035178e+001 1.49424575954381e-005 699600 78
1.47809282777505e+005 1.73082745496422e+006 8.51913520670008e-002 6.64559573386216e-001 1.56513827799310e+000 3.96451871933122e+001 1.49426406110703e-005 718614 79
1.47811600914539e+005 1.73083540290187e+006 8.51922923812939e-002 3.04797734775539e-001 1.37827469847713e+000 4.11695133656920e+001 1.51502718339053e-005 745014 80
1.47807701643516e+005 1.73081309775299e+006 8.51911484138203e-002 6.02384535198671e-001 1.55478360042116e+000 4.23032944858799e+001 1.51514077168344e-005 762738 81
1.47818654236484e+005 1.73084887570152e+006 6.19798432198537e+000 7.73762103693066e-001 -1.56398775826289e+000 4.45154234166404e+001 1.51515821803479e-005 802750 82
1.47807047160926e+005 1.73080701496917e+006 8.51910709653248e-002 2.78068563946874e-001 1.32659718726157e+000 4.52328105850671e+001 1.54982416170350e-005 816654 83
1.47812091769785e+005 1.73083631561173e+006 8.51925292154652e-002 6.35849335164320e-001 1.56063207571642e+000 4.60474999554535e+001 1.54987412879809e-005 833972 84
1.47815273128604e+005 1.73080430962583e+006 6.19798407824597e+000 8.15455952830596e-001 -1.56015269249550e+000 4.64109910791257e+001 1.54990517022591e-005 838426 85
1.47808352675991e+005 1.73082079854878e+006 8.51911446288629e-002 3.95622055265188e-001 1.47664413541063e+000 4.69325436170662e+001 1.55413705200114e-005 844392 86
1.47810537922127e+005 1.73083895886222e+006 8.51915084995812e-002 6.79493773735185e-001 1.56715168752098e+000 4.71100581920688e+001 1.55414586323287e-005 850037 87
1.47807976834229e+005 1.73082016544592e+006 8.51909600652078e-002 2.04708114477550e-001 9.28709113895077e-001 4.75749332431882e+001 1.70664276856207e-005 858574 88
1.47815204856571e+005 1.73080253209624e+006 6.19798403033245e+000 8.75162276266577e-001 -1.55593412015137e+000 4.78747956362494e+001 1.70668728137828e-005 861215 89
1.47807259586233e+005 1.73081256621532e+006 8.51909208945171e-002 6.74678256071640e-001 1.56667230430006e+000 4.83419415589710e+001 1.70669812268779e-005 870853 90
1.47818881850143e+005 1.73084419184074e+006 6.19798396199796e+000 9.91740472868223e-001 -1.55008564485611e+000 4.93349811325944e+001 1.70675451082455e-005 887625 91
1.47806678702150e+005 1.73080511499519e+006 8.51909526895428e-002 4.74712361194933e-001 1.51892573549608e+000 4.99832935524483e+001 1.70791561182532e-005 897265 92
1.47815679759098e+005 1.73081600744378e+006 6.19798441803065e+000 8.21429632970183e-001 -1.55976918591876e+000 5.06880971906703e+001 1.70794787766961e-005 905768 93
1.47815523136634e+005 1.73081648674357e+006 6.19798453134441e+000 7.62210956892536e-001 -1.56485064806055e+000 5.07738219214865e+001 1.70796249525252e-005 907589 94
1.47808999789701e+005 1.73083073429785e+006 8.51910291237494e-002 2.57495941017172e-001 1.27165987014374e+000 5.18024848554564e+001 1.76044643261197e-005 928128 95
1.47810998835809e+005 1.73083690038850e+006 8.51918736950840e-002 3.60115231986517e-001 1.44749763557848e+000 5.30601942200480e+001 1.76815883895941e-005 948834 96
1.47815505805556e+005 1.73082688358655e+006 6.19798505057004e+000 9.91222347549994e-001 -1.54998976821192e+000 5.40412121169726e+001 1.76821569479037e-005 965908 97
1.47811665555718e+005 1.73083674313175e+006 8.51922638098837e-002 3.73738880059964e-001 1.45967396938993e+000 5.40519900085919e+001 1.77432960220686e-005 966782 98
1.47816093357660e+005 1.73081915780055e+006 6.19798433511952e+000 9.72966049572376e-001 -1.55075678136540e+000 5.40528831292558e+001 1.77438550324371e-005 967038 99
1.47809136069001e+005 1.73082170308700e+006 8.51915496589569e-002 2.29639085672360e-001 1.15852543000580e+000 5.43314376926816e+001 1.86834838137145e-005 972249 100
1.47808419555444e+005 1.73082179962552e+006 8.51911339543975e-002 2.45396190938517e-001 1.23004940656758e+000 5.56923089786859e+001 1.93576803016403e-005 990058 101
1.47810531555541e+005 1.73083933320872e+006 8.51914865116613e-002 3.41310330730774e-001 1.42803467680898e+000 5.62519928884093e+001 1.94646852875764e-005 998310 102
1.47812013419601e+005 1.73083447731179e+006 8.51925743207912e-002 3.79194434881322e-001 1.46418017166662e+000 5.65330967600996e+001 1.95204381789089e-005 1002867 103
1.47810205295903e+005 1.73084077224518e+006 8.51912288918509e-002 3.22993076833365e-001 2.07716749626148e-001 5.66012166297396e+001 1.95673922830653e-005 1003723 104
1.47810709102478e+005 1.73083267879737e+006 8.51919142952149e-002 6.93025987928945e-001 1.56897334376049e+000 5.79551701599290e+001 1.95674210718028e-005 1030168 105
1.47815438324060e+005 1.73083506959113e+006 6.19798549025922e+000 8.53705792499894e-001 -1.55756402310251e+000 5.79938431503365e+001 1.95678139830351e-005 1032027 106
1.47815320794346e+005 1.73081725563215e+006 6.19798468506745e+000 9.89759405474993e-001 -1.54998976821192e+000 5.85676640843406e+001 1.95683843918068e-005 1042612 107
1.47809948449983e+005 1.73084370205621e+006 8.51909380656530e-002 3.59658062588079e-001 1.44701825235755e+000 5.86072187193105e+001 1.96461578274623e-005 1043546 108
1.47810376354048e+005 1.73084397289881e+006 8.51911702322701e-002 3.50575630539114e-001 1.43800584780419e+000 5.91258521190716e+001 1.97371628015822e-005 1052772 109
1.47814590163178e+005 1.73084805412863e+006 8.51933872353601e-002 3.33507972997435e-001 1.41883051896725e+000 5.91608347296560e+001 1.98601268234495e-005 1054027 110
1.47815749804499e+005 1.73081402444411e+006 6.19798428071681e+000 8.28866255184772e-001 -1.55919392605365e+000 5.99236150172780e+001 1.98604690235406e-005 1069802 111
1.47809517696322e+005 1.73083072895517e+006 8.51913264433655e-002 2.49602149404145e-001 1.24548554628132e+000 6.18188307736428e+001 2.04782127794708e-005 1104955 112
1.47808203691693e+005 1.73081323394410e+006 8.51914297076702e-002 4.66696657742323e-001 1.51557005294961e+000 6.29850473755408e+001 2.04914663700597e-005 1125100 113
1.47807204072514e+005 1.73081169957049e+006 8.51909315032803e-002 2.58288367974464e-001 1.27424853953673e+000 6.38732628509423e+001 2.10075548911599e-005 1142648 114
1.47815300633366e+005 1.73080677678397e+006 6.19798418332448e+000 8.24385995080081e-001 -1.55948155598621e+000 6.50486247036874e+001 2.10078880126832e-005 1162624 115
1.47816196071525e+005 1.73081589893598e+006 6.19798411656956e+000 8.16461725507159e-001 -1.56015269249550e+000 6.50937133414076e+001 2.10081975863268e-005 1163890 116
1.47808295620659e+005 1.73082560010109e+006 8.51908767129369e-002 4.15828942676141e-001 1.48977923566393e+000 6.55669612857870e+001 2.10385586058515e-005 1170805 117
1.47809172359909e+005 1.73082298326011e+006 8.51915077685599e-002 7.06405812323225e-001 1.57069912335582e+000 6.55711810646366e+001 2.10385588964711e-005 1170962 118
1.47807155369416e+005 1.73080845088294e+006 8.51910626969542e-002 4.59961028605339e-001 1.51269375362407e+000 6.57281010038615e+001 2.10533338235268e-005 1173662 119
1.47811869709400e+005 1.73084880287111e+006 8.51917901942055e-002 3.90471280042789e-001 1.40315468764306e-001 6.76240592022667e+001 2.10662457284407e-005 1205765 120
1.47812023785233e+005 1.73084143970567e+006 8.51922392306413e-002 3.84741423582368e-001 1.46849462065493e+000 6.78864608105177e+001 2.11170796892242e-005 1210008 121
1.47806924982128e+005 1.73080726221314e+006 8.51909887750971e-002 6.38135182156509e-001 1.56120733558153e+000 6.80306694473853e+001 2.11175326987049e-005 1211285 122
1.47808230288128e+005 1.73081443359526e+006 8.51913862007785e-002 3.03090969021372e-001 1.37559015243995e+000 6.92346970946745e+001 2.13316955145559e-005 1228817 123
1.47815896568548e+005 1.73082577536282e+006 6.19798477215237e+000 7.69982836665980e-001 -1.56417951155126e+000 6.94720177085233e+001 2.13318642320649e-005 1233552 124
1.47806736760783e+005 1.73080677359232e+006 8.51909047485897e-002 5.91625815355434e-001 1.55267431424909e+000 7.02706486094513e+001 2.13332945429731e-005 1248389 125
1.47809623638188e+005 1.73083322880642e+006 8.51912647610011e-002 2.23756839412460e-001 4.89306453596606e-001 7.02822912914462e+001 2.19428142143678e-005 1248586 126
1.47806241059674e+005 1.73080131223924e+006 8.51908879341521e-002 4.99155685031409e-001 1.52803401669362e+000 7.04821811789520e+001 2.19505686807890e-005 1251947 127
1.47810473284718e+005 1.73082865625389e+006 8.51919760703046e-002 6.64620529306008e-001 1.56513827799310e+000 7.09973805026132e+001 2.19507516594954e-005 1262346 128
1.47810062844629e+005 1.73082871208040e+006 8.51917379176521e-002 5.83213898424178e-001 1.55075678136540e+000 7.11005708297030e+001 2.19524751681569e-005 1264790 129
1.47818642420960e+005 1.73084355113400e+006 6.19798406794260e+000 7.99729325524335e-001 -1.56168671880245e+000 7.11644154162355e+001 2.19527298342918e-005 1266662 130
1.47815350369235e+005 1.73080990217812e+006 6.19798430789517e+000 9.21824032867131e-001 -1.55324957411420e+000 7.32384731336518e+001 2.19532428268111e-005 1304180 131
1.47809883532522e+005 1.73083942584551e+006 8.51911102866639e-002 6.51606440430477e-001 1.56312486846522e+000 7.38158826490961e+001 2.19535491261128e-005 1311230 132
1.47807630230773e+005 1.73081110274142e+006 8.51912051736190e-002 2.62799106039051e-001 1.28757539307840e+000 7.39790214028417e+001 2.24242588157220e-005 1314759 133
1.47816745885154e+005 1.73082996783197e+006 6.19798449037171e+000 7.56237276752949e-001 -1.56552178456984e+000 7.48980029137970e+001 2.24243823428048e-005 1332338 134
1.47818593111210e+005 1.73084745201353e+006 6.19798428730680e+000 9.60713909694243e-001 -1.55152379451888e+000 7.51901106300816e+001 2.24249236220033e-005 1338415 135
1.47806390350375e+005 1.73080303167585e+006 8.51908893422866e-002 3.12295312909920e-001 1.39035515564440e+000 7.55925480278719e+001 2.26051906415294e-005 1342934 136
1.47809005200244e+005 1.73082550655736e+006 8.51912882927360e-002 3.61761041820893e-001 1.44912753852962e+000 7.71514438861823e+001 2.26800939003438e-005 1370119 137
1.47815257838632e+005 1.73080228212735e+006 6.19798398769796e+000 7.39291531050853e-001 -1.56705581087680e+000 7.76919311443926e+001 2.26801700985565e-005 1378253 138
1.47809974993940e+005 1.73083864507260e+006 8.51912009899726e-002 6.46638532967453e-001 1.56235785531175e+000 7.91169179095780e+001 2.26805311278260e-005 1403915 139
1.47810770581481e+005 1.73083647265097e+006 8.51917637262687e-002 2.16045915558809e-001 1.06744261803034e+000 7.91753817472713e+001 2.39278594006378e-005 1405909 140
1.47810824072903e+005 1.73083206985691e+006 8.51920100666020e-002 2.08121645985886e-001 9.84317567522202e-001 7.96653024119871e+001 2.53774615525559e-005 1413407 141
1.47806209058736e+005 1.73080108996753e+006 8.51908804663886e-002 2.48017295489561e-001 1.24002057756279e+000 8.00417557028632e+001 2.60154147969478e-005 1423568 142
1.47807749622220e+005 1.73081206529138e+006 8.51912265060541e-002 6.40695330787761e-001 1.56159084215827e+000 8.10597614383468e+001 2.60158363475875e-005 1442818 143
1.47816432917982e+005 1.73083159703036e+006 6.19798474968683e+000 8.12926282159240e-001 -1.56053619907224e+000 8.13073090630639e+001 2.60161316441794e-005 1446698 144
1.47806827804482e+005 1.73080599553471e+006 8.51909950809220e-002 2.02269877685882e-001 8.57664520554216e-001 8.16019632297161e+001 2.75578671612985e-005 1453457 145
1.47810473004805e+005 1.73084007147797e+006 8.51914167667913e-002 2.13211465288494e-001 1.04184355403302e+000 8.29977610319881e+001 2.88774886293293e-005 1481877 146
1.47807860511141e+005 1.73081164162523e+006 8.51913108620540e-002 4.43198150662619e-001 1.50483186880093e+000 8.30557082026938e+001 2.88968962291701e-005 1483539 147
1.47807130794877e+005 1.73081034849648e+006 8.51909556515427e-002 2.43049388026537e-001 1.22094112537004e+000 8.35316390925597e+001 2.96048599149788e-005 1493144 148
1.47813095396503e+005 1.73084597408368e+006 8.51926317699831e-002 2.63164841557801e-001 1.28834240623188e+000 8.37268016261604e+001 3.00726229108722e-005 1496577 149
1.47818100935315e+005 1.73083706650899e+006 6.19798406087701e+000 9.88418375239575e-001 -1.55018152150029e+000 8.40859409522582e+001 3.00731869265822e-005 1503290 150
1.47808145259164e+005 1.73081642384061e+006 8.51912399426629e-002 3.56092141280264e-001 1.44375844645528e+000 8.46176421033160e+001 3.01557126215771e-005 1508088 151
1.47808869822163e+005 1.73082242801605e+006 8.51913614370757e-002 5.20063565519966e-001 1.53464950514237e+000 8.53249958113393e+001 3.01611957838731e-005 1524535 152
1.47817920632062e+005 1.73084802426219e+006 8.51952989495001e-002 2.04311900998904e-001 6.93427829065828e-001 8.60410752099598e+001 3.14248909721974e-005 1535311 153
1.47807624394243e+005 1.73080999747051e+006 8.51912559649657e-002 2.52040386195814e-001 1.25411444425794e+000 8.66510432519395e+001 3.20118350156415e-005 1544437 154
1.47815755193516e+005 1.73082028354617e+006 6.19798458422731e+000 9.04177294087431e-001 -1.55430421720023e+000 8.68193356198802e+001 3.20123214923089e-005 1549406 155
1.47807478261699e+005 1.73081180671462e+006 8.51910835246929e-002 2.52497555594252e-001 1.25564847056490e+000 8.78765905972465e+001 3.25937646501244e-005 1569079 156
1.47815050212527e+005 1.73084452864903e+006 6.19798617620620e+000 9.38983124288498e-001 -1.55257843760491e+000 8.80333275380461e+001 3.25942865884768e-005 1571881 157
1.47813156797394e+005 1.73084989653387e+006 8.51924748568904e-002 2.04708114477550e-001 9.28133854029969e-001 9.08762896055495e+001 3.41192933175901e-005 1628381 158
1.47807479641588e+005 1.73081001917050e+006 8.51911718746489e-002 7.04881914328433e-001 1.57060324671163e+000 9.15729991230601e+001 3.41192941657405e-005 1637222 159
1.47818590314893e+005 1.73084907886194e+006 6.19798436860035e+000 8.21856324408725e-001 -1.55996093920713e+000 9.15976639135327e+001 3.41196078300027e-005 1637838 160
1.47815675665956e+005 1.73083891936335e+006 6.19798554270278e+000 9.59464313338512e-001 -1.55152379451888e+000 9.18028252450516e+001 3.41201506613173e-005 1643804 161
1.47810198271063e+005 1.73084237875766e+006 8.51911461728616e-002 3.13758254984921e-001 1.39227268852809e+000 9.19152152797104e+001 3.42959884517861e-005 1644613 162
1.47816459665578e+005 1.73082185364808e+006 6.19798425706943e+000 9.94879702737496e-001 -1.54979801492355e+000 9.22459247684288e+001 3.42965604427994e-005 1650332 163
1.47817118012957e+005 1.73082588263680e+006 6.19798407681659e+000 7.43588923396169e-001 -1.56676818094424e+000 9.40109560428672e+001 3.42966448376928e-005 1679979 164
1.47806635902523e+005 1.73080524603221e+006 8.51909217218785e-002 3.44022869161505e-001 1.43129448271126e+000 9.45047252892783e+001 3.43984121566684e-005 1691075 165
1.47815505421520e+005 1.73081087470579e+006 6.19798426659963e+000 7.94791896021206e-001 -1.56187847209082e+000 9.50836366791413e+001 3.43986619539691e-005 1702876 166
1.47815173866765e+005 1.73081632574112e+006 6.19798472379147e+000 7.33866454189391e-001 -1.56772694738609e+000 9.56379946141880e+001 3.43987189352349e-005 1709760 167
1.47807316727190e+005 1.73081124183838e+006 8.51910185406685e-002 4.59138123688151e-001 1.51231024704733e+000 9.58943394560234e+001 3.44137001566033e-005 1714711 168
1.47811792260459e+005 1.73084978526559e+006 8.51916976524957e-002 2.59111272891652e-001 1.27645370235298e+000 9.69878328476153e+001 3.49217649882049e-005 1734627 169
1.47817297817281e+005 1.73082662604405e+006 6.19798401010097e+000 7.21461924511778e-001 -1.56916509704886e+000 9.91730418892325e+001 3.49217871629778e-005 1772363 170
1.47816564767737e+005 1.73084496772535e+006 6.19798532901121e+000 7.95249065419644e-001 -1.56207022537919e+000 9.97206973671171e+001 3.49220283898405e-005 1779090 171
1.47812131233606e+005 1.73084916850083e+006 8.51919222869303e-002 6.07657222260654e-001 1.55555061357463e+000 9.99198682755259e+001 3.49230614127119e-005 1781563 172
1.47813572182195e+005 1.73084534873315e+006 8.51929358708045e-002 2.53381416431232e-001 1.25833301660207e+000 1.00031963267069e+002 3.54945365032551e-005 1783445 173
1.47815053954652e+005 1.73084545296577e+006 6.19798621933575e+000 7.64252980205559e-001 -1.56485064806055e+000 1.00489113562237e+002 3.54946818212070e-005 1794746 174
1.47816444415911e+005 1.73081868574771e+006 6.19798411063682e+000 8.95765377156175e-001 -1.55478360042116e+000 1.00767078082047e+002 3.54951563128462e-005 1798703 175
1.47808957070190e+005 1.73083328139580e+006 8.51908798593594e-002 2.66791718785408e-001 3.14715084536271e-001 1.01896115103474e+002 3.56698766601049e-005 1823345 176
1.47815138457339e+005 1.73080064761892e+006 6.19798397610572e+000 7.33775020309704e-001 -1.56763107074190e+000 1.02654587682770e+002 3.56699364433931e-005 1838123 177
1.47806370651519e+005 1.73080289497730e+006 8.51908847392037e-002 7.03693273892494e-001 1.57050737006745e+000 1.02729077330706e+002 3.56699380360315e-005 1841198 178
1.47808371680877e+005 1.73081537617911e+006 8.51914211305554e-002 2.12693339970265e-001 1.03704972182379e+000 1.03670114832106e+002 3.70025775708375e-005 1856074 179
1.47812576280255e+005 1.73084048276536e+006 8.51926029989116e-002 5.60050648903328e-001 1.54538768929105e+000 1.05016627065918e+002 3.70052921534770e-005 1880408 180
1.47816355360548e+005 1.73082502163567e+006 6.19798447207946e+000 8.62696790669172e-001 -1.55689288659322e+000 1.05220322004810e+002 3.70057066052883e-005 1882992 181
1.47811935124380e+005 1.73084464291705e+006 8.51920314770226e-002 2.56947337739047e-001 1.26983821390423e+000 1.05351908463438e+002 3.75367158397137e-005 1883840 182
1.47809953887705e+005 1.73082308012205e+006 8.51919512902151e-002 4.85166301439211e-001 1.52285667790765e+000 1.09711954581409e+002 3.75465369860159e-005 1954385 183
1.47816783352390e+005 1.73083456530510e+006 6.19798469408591e+000 7.97839692010791e-001 -1.56178259544664e+000 1.10255228266697e+002 3.75467888229023e-005 1965212 184
1.47807908694338e+005 1.73081313237151e+006 8.51912654783532e-002 5.66908189879895e-001 1.54720934553056e+000 1.10803234222475e+002 3.75491461803761e-005 1976837 185
1.47806736947698e+005 1.73080723500368e+006 8.51908822547035e-002 3.96993563460502e-001 1.47769877849666e+000 1.11784205441681e+002 3.75904523216650e-005 1991607 186
1.47806774956113e+005 1.73080622433300e+006 8.51909535608882e-002 6.12747041563262e-001 1.55679700994903e+000 1.13595773023245e+002 3.75913414258253e-005 2025506 187
1.47810270602840e+005 1.73083319321277e+006 8.51916375861931e-002 2.49419281644770e-001 1.24481440977203e+000 1.15029062405753e+002 3.82114818757903e-005 2052579 188
1.47809861411758e+005 1.73083800676635e+006 8.51911671078364e-002 3.24699842587533e-001 1.40770882824183e+000 1.17496124784273e+002 3.83554311598233e-005 2094661 189
1.47810796470057e+005 1.73083601591243e+006 8.51918009473047e-002 3.31252603965142e-001 1.41614597293008e+000 1.18191658227834e+002 3.84833485852664e-005 2104742 190
1.47819264863631e+005 1.73084869385422e+006 8.51960371583707e-002 2.09249330502033e-001 9.98603187505722e-001 1.18372517688953e+002 3.99049996692415e-005 2108005 191
1.47809031450368e+005 1.73082107285863e+006 8.51915205222341e-002 3.81724105552678e-001 1.46628945783868e+000 1.18463643947423e+002 3.99583618033315e-005 2112460 192
1.47815359003029e+005 1.73081135996174e+006 6.19798437435273e+000 9.42122354157771e-001 -1.55219493102817e+000 1.18625683988540e+002 3.99588968284314e-005 2116152 193
1.47816998108414e+005 1.73084660822848e+006 8.51948391817461e-002 2.43140821906224e-001 3.92087536393322e-001 1.19232898651507e+002 4.02937415405888e-005 2127530 194
1.47812281784273e+005 1.73084780187620e+006 8.51920755780149e-002 4.27380089476670e-001 1.49629884746849e+000 1.21961202490482e+002 4.03189664677348e-005 2176041 195
1.47810104086323e+005 1.73083636551934e+006 8.51913866905964e-002 2.80506800738543e-001 1.33187040269173e+000 1.22252969693230e+002 4.06497650296197e-005 2181796 196
1.47807575343131e+005 1.73081133503805e+006 8.51911623126363e-002 4.10678167453741e-001 1.48671118305002e+000 1.23353852047320e+002 4.06827418277370e-005 2200864 197
1.47806466296302e+005 1.73080340119959e+006 8.51909148033623e-002 5.92448720272622e-001 1.55286606753746e+000 1.23525933918080e+002 4.06841445802572e-005 2203637 198
1.47810883950610e+005 1.73083501416051e+006 8.51919001918398e-002 4.51914847192833e-001 1.50885868785668e+000 1.24621817168556e+002 4.07010578887246e-005 2219024 199
1.47809840895501e+005 1.73082658760042e+006 8.51917146752996e-002 3.99553712091754e-001 1.47932868144780e+000 1.24949543808325e+002 4.07407362123002e-005 2226988 200
