3.81288304207513e+005 1.69475463783422e+006 2.21296757136851e-001 3.83613739066221e-001 1.28048052140873e+000 1.95685300703835e+000 2.10878936041384e-007 39880 1
3.81302556248425e+005 1.69478159805678e+006 2.21301354823466e-001 6.59713577762775e-001 1.26796861934263e-001 3.52869164861679e+000 2.14121184814948e-007 66736 2
3.81291278114184e+005 1.69476174631158e+006 2.21297529165185e-001 6.60963174118505e-001 1.55507123035371e+000 5.98889813548743e+000 2.15021758847918e-007 103616 3
3.81296638711988e+005 1.69478367777111e+006 2.21297768644363e-001 3.92635215195395e-001 1.30205276635029e+000 6.34977026505522e+000 3.97738719153781e-007 114386 4
3.81295031705566e+005 1.69478061097376e+006 2.21297253622121e-001 4.37102558683448e-001 1.38383554383984e+000 7.86132457421034e+000 4.88028801725336e-007 138856 5
3.81297009878041e+005 1.69476789175515e+006 6.06188002825187e+000 8.44928140049888e-001 -1.53742992782373e+000 9.06987272882498e+000 4.89696854245844e-007 159381 6
3.81286648305659e+005 1.69474960721032e+006 2.21296462783847e-001 6.33807311851298e-001 1.54394953962828e+000 9.43989746560919e+000 4.91947007017837e-007 166297 7
3.81299330753809e+005 1.69476925059299e+006 6.06187889649407e+000 7.13964346377397e-001 -1.56839808389538e+000 9.83303733883277e+000 4.91988282498338e-007 174743 8
3.81291454061310e+005 1.69477001574329e+006 2.21296583095456e-001 3.23267378472428e-001 1.01058776802881e+000 1.11891482408085e+001 1.03386562119018e-006 200299 9
3.81293016647992e+005 1.69473752873983e+006 6.06187843434529e+000 9.93172936983328e-001 -1.51604943617054e+000 1.30002891093881e+001 1.03634893195841e-006 230501 10
3.81291254693610e+005 1.69476229033106e+006 2.21297447271604e-001 4.09154269458948e-001 1.33666423490097e+000 1.33855055965913e+001 1.17684681150927e-006 235554 11
3.81288678569719e+005 1.69475760740320e+006 2.21296592166920e-001 6.06285714065341e-001 1.53100619266335e+000 1.66793501122015e+001 1.18137700461618e-006 298208 12
3.81285301345599e+005 1.69474363819100e+006 2.21296460512908e-001 3.16013624017214e-001 9.05411089358196e-001 1.80545922697825e+001 1.76749271424171e-006 321571 13
3.81298375053171e+005 1.69478612185544e+006 2.21298434983779e-001 5.44263065677275e-001 1.49390193136387e+000 1.91311601027447e+001 1.78302976560167e-006 339294 14
3.81296381072641e+005 1.69475422784650e+006 6.06187865486731e+000 7.56115364913366e-001 -1.55660525666066e+000 2.01014735234987e+001 1.78360150961028e-006 358719 15
3.81290651469160e+005 1.69476673948632e+006 2.21296546311426e-001 4.07721805343843e-001 1.33388381221961e+000 2.23867885042761e+001 1.92733687785499e-006 396806 16
3.81287408425825e+005 1.69475019867215e+006 2.21296814955104e-001 6.45053679052869e-001 1.54874337183752e+000 2.32493679694978e+001 1.92893689805095e-006 414391 17
3.81300665411340e+005 1.69477586866171e+006 6.06187898316058e+000 7.40693517206063e-001 -1.56072795236061e+000 2.34587716770312e+001 1.92928885611877e-006 419254 18
3.81287188991245e+005 1.69474930528787e+006 2.21296804598837e-001 7.02992280814890e-001 1.56983623355815e+000 2.46439261710613e+001 1.92929916340729e-006 438187 19
3.81299107749648e+005 1.69477536700920e+006 6.06187979458794e+000 9.53856368717675e-001 -1.52084326837977e+000 2.56849284008101e+001 1.93166162430499e-006 456268 20
3.81294415807192e+005 1.69478255616752e+006 2.21296661938745e-001 3.19274765726071e-001 9.64758732108524e-001 2.80222979865134e+001 2.50150001597608e-006 502861 21
3.81298943359176e+005 1.69478159406858e+006 6.06188067373748e+000 7.79187180554528e-001 -1.55104441129795e+000 3.25558391332189e+001 2.50239117046995e-006 586904 22
3.81292962714181e+005 1.69476759176494e+006 2.21297736672134e-001 3.91568486599040e-001 1.29965585024567e+000 3.31517537237803e+001 2.68819523384326e-006 603106 23
3.81289601232386e+005 1.69476146747010e+006 2.21296622618283e-001 5.47585163305923e-001 1.49629884746849e+000 3.88961637389768e+001 2.70281793719077e-006 706304 24
3.81300750896691e+005 1.69477722759643e+006 6.06187910686056e+000 9.71777409136438e-001 -1.51863810556352e+000 4.27640603596609e+001 2.70523900623416e-006 773365 25
3.81303037402761e+005 1.69478494798240e+006 6.06187879823562e+000 7.93603255585268e-001 -1.54778460539567e+000 4.46371928711517e+001 2.70632178015638e-006 805812 26
3.81294253238660e+005 1.69474496568390e+006 6.06187867956491e+000 8.02838077433712e-001 -1.54567531922361e+000 4.82325995591897e+001 2.70752966770493e-006 864554 27
3.81290955605904e+005 1.69476152409545e+006 2.21297376114536e-001 6.73520093595598e-001 1.55976918591876e+000 4.88818594031446e+001 2.70802904249438e-006 873475 28
3.81293736029206e+005 1.69474194950252e+006 6.06187858892337e+000 8.45080529849367e-001 -1.53733405117954e+000 5.02358144251189e+001 2.70970376864383e-006 897646 29
3.81286843389550e+005 1.69474961028045e+006 2.21296571960865e-001 6.12046048485657e-001 1.53388249198889e+000 5.16033365537140e+001 2.71366069826002e-006 924065 30
3.81288111646383e+005 1.69475200850222e+006 2.21296981221057e-001 4.83490013644939e-001 1.44174503692740e+000 5.38945085403969e+001 2.75673064385710e-006 967531 31
3.81286199507176e+005 1.69474697397431e+006 2.21296543450808e-001 6.94123194485196e-001 1.56695993423261e+000 5.74507479120052e+001 2.75682168342480e-006 1022850 32
3.81296902799947e+005 1.69475524695089e+006 6.06187849062357e+000 9.64188397122370e-001 -1.51950099536119e+000 5.89834340040291e+001 2.75922341464001e-006 1049542 33
3.81296386688097e+005 1.69475713288952e+006 6.06187901878946e+000 9.60348174175492e-001 -1.51998037858211e+000 5.92919311139762e+001 2.76161209798245e-006 1053602 34
3.81285858462917e+005 1.69474486808017e+006 2.21296618003073e-001 6.99670183186241e-001 1.56878159047212e+000 6.11498290846857e+001 2.76164502415914e-006 1086160 35
3.81290142788832e+005 1.69476168711701e+006 2.21296899016829e-001 4.06685554707384e-001 1.33187040269173e+000 6.11669854206610e+001 2.90775162563720e-006 1086872 36
3.81295568610484e+005 1.69475224527174e+006 6.06187886065343e+000 7.07289673160205e-001 -1.57041149342326e+000 6.30057069444923e+001 2.90775408357694e-006 1117258 37
3.81285264301596e+005 1.69474299070922e+006 2.21296521521411e-001 4.39236015876157e-001 1.38709534974212e+000 6.37604605475909e+001 2.99497447923008e-006 1133731 38
3.81295604394724e+005 1.69478092010675e+006 2.21297536195160e-001 3.54568243285471e-001 1.19045235251930e+000 6.43001311744558e+001 3.33041348243321e-006 1143785 39
3.81294509348699e+005 1.69474708141073e+006 6.06187880306687e+000 9.76745316599462e-001 -1.51796696905423e+000 6.45535362226775e+001 3.33285433566720e-006 1147812 40
3.81295963931032e+005 1.69475812745650e+006 6.06187938189222e+000 7.35634175863351e-001 -1.56207022537919e+000 6.58035404154389e+001 3.33314067200271e-006 1171309 41
3.81297238908613e+005 1.69476715877851e+006 6.06187980700649e+000 7.23595381704488e-001 -1.56552178456984e+000 6.61893985290334e+001 3.33327679115432e-006 1179782 42
3.81300148232566e+005 1.69478588258909e+006 2.21299461064328e-001 4.85714904717337e-001 1.44395019974364e+000 6.64660372624800e+001 3.37487215841953e-006 1186424 43
3.81286725643510e+005 1.69474857815837e+006 2.21296636246213e-001 3.42986618525046e-001 1.14088412747581e+000 6.90513173811051e+001 3.77776295542686e-006 1232917 44
3.81287851695889e+005 1.69475508877431e+006 2.21296446014686e-001 4.33689027175112e-001 1.37875408169805e+000 6.92332062751732e+001 3.87301350367768e-006 1234720 45
3.81288192246019e+005 1.69475276765539e+006 2.21296930564445e-001 5.99885342487211e-001 1.52774638676107e+000 7.01237969740362e+001 3.87824170860158e-006 1256278 46
3.81294914558718e+005 1.69474906422405e+006 6.06187882603490e+000 8.51023732029059e-001 -1.53627940809351e+000 7.02881958953589e+001 3.87997096276768e-006 1258250 47
3.81285563487173e+005 1.69474405028609e+006 2.21296555669032e-001 6.30302346463275e-001 1.54241551332133e+000 7.20169647115343e+001 3.88245145619613e-006 1288838 48
3.81298552752338e+005 1.69477334424349e+006 6.06187985069685e+000 9.83907637174988e-001 -1.51719995590075e+000 7.40525415812021e+001 3.88490636154276e-006 1328024 49
3.81294607551315e+005 1.69474620883941e+006 6.06187863765620e+000 8.29811071941544e-001 -1.54021035050508e+000 7.43020308179382e+001 3.88642553555140e-006 1331542 50
3.81291791535452e+005 1.69476398505621e+006 2.21297534637381e-001 6.30210912583587e-001 1.54231963667714e+000 7.47745701869421e+001 3.88891968853923e-006 1337611 51
3.81300419906230e+005 1.69478574239214e+006 2.21299631355513e-001 3.80504987156844e-001 4.08961825769829e-001 7.52981781597489e+001 4.02464686756079e-006 1350416 52
3.81285039480481e+005 1.69474243617600e+006 2.21296465323597e-001 6.61572733316422e-001 1.55535886028626e+000 7.54452167936603e+001 4.02552037426409e-006 1354237 53
3.81294672952142e+005 1.69474510971041e+006 6.06187846204021e+000 7.83332183100364e-001 -1.54998976821192e+000 7.58786416926512e+001 4.02647464205223e-006 1363329 54
3.81287670690965e+005 1.69475157178091e+006 2.21296788750104e-001 4.83764315284002e-001 1.44203266685995e+000 7.59652283685551e+001 4.06935345779927e-006 1365545 55
3.81288942958509e+005 1.69475979116355e+006 2.21296464724685e-001 6.48375776681517e-001 1.55008564485611e+000 7.67504524032835e+001 4.07078975563941e-006 1379874 56
3.81296188667569e+005 1.69478157478060e+006 2.21297781613048e-001 5.89797137761683e-001 1.52228141804254e+000 7.73314267655539e+001 4.07729760955440e-006 1392054 57
3.81293411958332e+005 1.69473947245390e+006 6.06187845793329e+000 8.73760290111367e-001 -1.53234846568194e+000 7.97262027915669e+001 4.07922164172184e-006 1433002 58
3.81302821903287e+005 1.69478391836051e+006 6.06187878916487e+000 8.40996483223323e-001 -1.53819694097720e+000 8.01134888757567e+001 4.08084798153887e-006 1440955 59
3.81296603172233e+005 1.69475377018099e+006 6.06187847230023e+000 9.57970893303615e-001 -1.52026800851466e+000 8.11349882290649e+001 4.08322915210665e-006 1454682 60
3.81287674036340e+005 1.69475280753481e+006 2.21296634483963e-001 4.85806338597024e-001 1.44414195303201e+000 8.15480275326256e+001 4.12471702857185e-006 1464709 61
3.81295215669192e+005 1.69478174785989e+006 2.21297213289321e-001 6.55446663377355e-001 1.55286606753746e+000 8.25430266415085e+001 4.12584015993980e-006 1478485 62
3.81296423229951e+005 1.69478595215726e+006 2.21297360247792e-001 5.71236060185107e-001 1.69749598529008e-001 8.39564088164444e+001 4.13440404963470e-006 1508319 63
3.81285666681520e+005 1.69474439473160e+006 2.21296570103291e-001 3.14824983581276e-001 8.37626301919614e-001 9.31493547761549e+001 4.71054689090784e-006 1661424 64
3.81286400148828e+005 1.69474854026082e+006 2.21296458227145e-001 4.71176917847014e-001 1.42832230674154e+000 9.37372123402314e+001 4.76303814801241e-006 1670973 65
3.81285494621286e+005 1.69474451351437e+006 2.21296458459843e-001 6.89521022540922e-001 1.56542590792566e+000 9.41898814022886e+001 4.76319379256825e-006 1681072 66
3.81298705130020e+005 1.69477803058966e+006 6.06188035726644e+000 9.70192555221853e-001 -1.51882985885189e+000 9.55272385671767e+001 4.76561005634400e-006 1710263 67
3.81295031873361e+005 1.69477794084008e+006 2.21297591099560e-001 6.45236546812244e-001 1.54874337183752e+000 9.56947681287863e+001 4.76720907908688e-006 1712011 68
3.81286488144742e+005 1.69474756642962e+006 2.21296630698018e-001 3.35306172631291e-001 1.10004067705313e+000 9.59767867362320e+001 5.22125042974277e-006 1714541 69
3.81293552176039e+005 1.69474028274147e+006 6.06187848157013e+000 8.44531926571242e-001 -1.53742992782373e+000 9.75822320941918e+001 5.22292020440073e-006 1743543 70
3.81289645407109e+005 1.69475995010347e+006 2.21296839155490e-001 5.94826001144499e-001 1.52506184072390e+000 1.00061005006848e+002 5.22876005096155e-006 1788106 71
3.81285899720063e+005 1.69474662130619e+006 2.21296419642971e-001 3.54385375526096e-001 1.18987709265419e+000 1.00590561771904e+002 5.56506949770845e-006 1802143 72
3.81292064828990e+005 1.69477372545393e+006 2.21296457377732e-001 5.31553756400703e-001 1.48460189687796e+000 1.00679999440599e+002 5.58446343991682e-006 1803917 73
3.81297252093637e+005 1.69478573901861e+006 2.21297852683176e-001 4.27715347035524e-001 1.36926229392376e+000 1.05982370824662e+002 5.68922361172902e-006 1886962 74
3.81296439560563e+005 1.69475796061566e+006 6.06187909368465e+000 8.21642978689454e-001 -1.54184025345622e+000 1.08016687400024e+002 5.69065121429277e-006 1922514 75
3.81288047889002e+005 1.69475463093033e+006 2.21296614053493e-001 3.94677238508417e-001 1.30675072191534e+000 1.10390543053644e+002 5.86745076207138e-006 1965366 76
3.81299077195857e+005 1.69478153543761e+006 6.06188059116398e+000 8.46177736405618e-001 -1.53723817453536e+000 1.11847248984303e+002 5.86912803966102e-006 1997415 77
3.81288655350334e+005 1.69475646475520e+006 2.21296723506335e-001 4.90560900340778e-001 1.44893578524125e+000 1.12492151343745e+002 5.90754215823445e-006 2011519 78
3.81290684959396e+005 1.69476151735836e+006 2.21297224963753e-001 4.84160528762648e-001 1.44241617343669e+000 1.13535536110801e+002 5.95016107009750e-006 2028375 79
3.81295920613763e+005 1.69478450831645e+006 2.21297260404487e-001 7.12288058583125e-001 1.08676176183355e-001 1.14317693802290e+002 5.95209418743440e-006 2041284 80
3.81284429483805e+005 1.69474013198371e+006 2.21296413879731e-001 5.44080197917900e-001 1.49390193136387e+000 1.19738985107441e+002 5.96764272966883e-006 2131928 81
3.81297048387046e+005 1.69475742241020e+006 6.06187868374526e+000 9.65803728996850e-001 -1.51930924207282e+000 1.22475654354466e+002 5.97004919694160e-006 2175311 82
3.81296789908822e+005 1.69478620617068e+006 2.21297534085502e-001 5.89644747962204e-001 1.52218554139836e+000 1.24067428323547e+002 5.97658028778626e-006 2207284 83
3.81294088285695e+005 1.69474318475311e+006 6.06187854717060e+000 8.24843164478519e-001 -1.54116911694693e+000 1.29141024831453e+002 5.97804633791371e-006 2303852 84
3.81293979511017e+005 1.69477479018261e+006 2.21297398171297e-001 3.14885939501068e-001 8.27367500991852e-001 1.31069753439662e+002 6.55006758487377e-006 2342806 85
3.81298132002852e+005 1.69478501174825e+006 2.21298438749498e-001 5.05769402328810e-001 1.46322140522477e+000 1.34049799671942e+002 6.58004146532041e-006 2396061 86
3.81295115148785e+005 1.69474713637257e+006 6.06187846977658e+000 9.69522040104145e-001 -1.51882985885189e+000 1.38072252918055e+002 6.58246140698074e-006 2462746 87
3.81293740238831e+005 1.69477957157029e+006 2.21296659641867e-001 4.34237630453237e-001 1.37952109485153e+000 1.38620835035063e+002 6.67693640440593e-006 2469987 88
3.81300216981747e+005 1.69477176750041e+006 6.06187871679823e+000 9.18105721759837e-001 -1.52563710058901e+000 1.38701579415194e+002 6.67914105271710e-006 2472302 89
3.81296104416359e+005 1.69477888815508e+006 2.21298073763485e-001 6.59347842244025e-001 1.55440009384442e+000 1.39514367589524e+002 6.68010679612601e-006 2489835 90
3.81284784264159e+005 1.69474148667238e+006 2.21296441961959e-001 5.49871010298112e-001 1.49792875041963e+000 1.42171636059066e+002 6.69412491543281e-006 2534913 91
3.81296102147395e+005 1.69477885979483e+006 2.21298076072645e-001 4.75961957550663e-001 1.43359552217170e+000 1.42354854017897e+002 6.74278444416729e-006 2538209 92
3.81294553122879e+005 1.69477375599144e+006 2.21297850999154e-001 4.55541724420440e-001 1.40933873119297e+000 1.42667515052358e+002 6.81018166205829e-006 2545803 93
3.81287160424013e+005 1.69475173648728e+006 2.21296481357632e-001 3.23694069910970e-001 1.01480634037294e+000 1.44631126775767e+002 7.34888653761657e-006 2582486 94
3.81290919042911e+005 1.69476307389272e+006 2.21297159754251e-001 3.65601264767771e-001 1.22918651676992e+000 1.48815654211352e+002 7.63010514363784e-006 2650231 95
3.81289226621913e+005 1.69475926621581e+006 2.21296690367607e-001 4.19486297863643e-001 1.35555193380535e+000 1.51140259234503e+002 7.74937727885759e-006 2694551 96
3.81297392947880e+005 1.69476146846259e+006 6.06187900148178e+000 9.91191869590098e-001 -1.51633706610309e+000 1.51952084484119e+002 7.75185173333302e-006 2706094 97
3.81297203322214e+005 1.69475760177090e+006 6.06187861939332e+000 8.03447636631629e-001 -1.54557944257942e+000 1.52500815483304e+002 7.75306468304313e-006 2717082 98
3.81294511380442e+005 1.69478278965177e+006 2.21296686112875e-001 3.17567999971903e-001 9.38296778313547e-001 1.54842907302199e+002 8.33299994709251e-006 2759719 99
3.81289845826863e+005 1.69475952943865e+006 2.21297004869888e-001 5.31127064962161e-001 1.48431426694540e+000 1.56523632167637e+002 8.35252433146167e-006 2784234 100
3.81297611259020e+005 1.69476169169218e+006 6.06187890707960e+000 9.52820118081216e-001 -1.52093914502396e+000 1.56843281794915e+002 8.35488556039576e-006 2789354 101
3.81291493730743e+005 1.69476760793405e+006 2.21296909613102e-001 4.12049675649054e-001 1.34212920361950e+000 1.57937936992676e+002 8.48909060524756e-006 2804045 102
3.81286555023187e+005 1.69474694534840e+006 2.21296746736602e-001 3.43504743843276e-001 1.14337692022462e+000 1.59083566510293e+002 8.88870729058437e-006 2825851 103
3.81298433702696e+005 1.69477835555575e+006 6.06188055076666e+000 8.34260854086339e-001 -1.53944333735160e+000 1.64843057989975e+002 8.89026675064410e-006 2920760 104
3.81295660592786e+005 1.69474988922336e+006 6.06187851128659e+000 8.24934598358207e-001 -1.54116911694693e+000 1.65728887028227e+002 8.89173244330925e-006 2934457 105
3.81300132107205e+005 1.69477674806153e+006 6.06187939379268e+000 7.56724924111283e-001 -1.55650938001648e+000 1.66106460678918e+002 8.89230913974229e-006 2941018 106
3.81295700900812e+005 1.69475288914569e+006 6.06187886771439e+000 8.19174263937890e-001 -1.54231963667714e+000 1.66560156180872e+002 8.89370990142017e-006 2951955 107
3.81300763414498e+005 1.69478449817093e+006 6.06188001851040e+000 7.77175635201402e-001 -1.55152379451888e+000 1.69632227050708e+002 8.89457285239048e-006 2999330 108
3.81292029387438e+005 1.69477004586146e+006 2.21296902406319e-001 3.48320261506821e-001 5.16247790612506e-001 1.70050452509624e+002 9.14736014487606e-006 3010027 109
3.81285313007074e+005 1.69474318108685e+006 2.21296524820492e-001 5.02051091221515e-001 1.45996159932249e+000 1.70502440586656e+002 9.17917908488012e-006 3018952 110
3.81290208883141e+005 1.69476254863648e+006 2.21296827279448e-001 6.15886271432535e-001 1.53570414822840e+000 1.72947289734873e+002 9.18279154564778e-006 3064724 111
3.81285363342733e+005 1.69474362928271e+006 2.21296496458097e-001 3.66119390086000e-001 1.23091229636525e+000 1.73028575375831e+002 9.46163163800822e-006 3067867 112
3.81293846811615e+005 1.69478107743071e+006 2.21296529223900e-001 4.75443832232434e-001 1.43302026230659e+000 1.75428291071071e+002 9.51069925778519e-006 3116181 113
3.81301288103857e+005 1.69478584304529e+006 2.21300106232070e-001 4.76419126949101e-001 1.43407490539262e+000 1.75494370197315e+002 9.55901469796725e-006 3118801 114
3.81292012832991e+005 1.69476724127663e+006 2.21297247482358e-001 3.95256319746438e-001 1.30799711828974e+000 1.79207438153094e+002 9.73422613170341e-006 3184086 115
3.81287895605042e+005 1.69475503683355e+006 2.21296477238313e-001 4.27776302955316e-001 1.36945404721213e+000 1.79814828467424e+002 9.83882068254498e-006 3195748 116
3.81294043148211e+005 1.69477050263878e+006 2.21297975664199e-001 3.75049432335486e-001 1.25756600344859e+000 1.85008819913210e+002 1.00806476375478e-005 3284821 117
3.81293208508710e+005 1.69473841339766e+006 6.06187843837518e+000 7.69038019909208e-001 -1.55334545075838e+000 1.88063032215284e+002 1.00814054864836e-005 3335602 118
3.81290037809617e+005 1.69476333870875e+006 2.21296631370409e-001 7.02809413055514e-001 1.56974035691397e+000 1.88390658041916e+002 1.00814174427673e-005 3343895 119
3.81290231825385e+005 1.69476210500346e+006 2.21296896219823e-001 3.28814367173473e-001 6.24013138676107e-001 1.89764424956029e+002 1.04682048245634e-005 3365159 120
3.81295632324855e+005 1.69478418361654e+006 2.21297139523290e-001 4.15737508796453e-001 1.34884056871242e+000 1.92385102030637e+002 1.05948293527268e-005 3413676 121
3.81296497041520e+005 1.69478110977473e+006 2.21298013557328e-001 5.50876782974676e-001 1.49850401028474e+000 1.93769443268270e+002 1.06086267072082e-005 3437491 122
3.81286534710349e+005 1.69474737873484e+006 2.21296680567122e-001 5.24574303584552e-001 1.47923280480361e+000 1.95074046191076e+002 1.06304597892225e-005 3453120 123
3.81289543950908e+005 1.69476023142422e+006 2.21296746628584e-001 6.33654922051819e-001 1.54385366298410e+000 1.96426296872784e+002 1.06327234851992e-005 3474606 124
3.81284843643518e+005 1.69474198391252e+006 2.21296412481720e-001 8.08903191452987e-001 8.42276319162572e-002 2.00290360266654e+002 1.06335431391308e-005 3543201 125
3.81286504007685e+005 1.69474842141967e+006 2.21296531573745e-001 6.07382920621591e-001 1.53158145252846e+000 2.05198142920754e+002 1.06379562463692e-005 3619458 126
3.81293349128099e+005 1.69477751842872e+006 2.21296699408966e-001 3.87758741612058e-001 1.29064344569231e+000 2.06275189754448e+002 1.08354086042339e-005 3633686 127
3.81294664851692e+005 1.69478054636301e+006 2.21297055753674e-001 4.44264879258974e-001 1.39419022141179e+000 2.07400475542756e+002 1.09160185989614e-005 3650538 128
3.81293656475012e+005 1.69474023436504e+006 6.06187841687969e+000 8.26763275951958e-001 -1.54078561037019e+000 2.12580185143871e+002 1.09175062054389e-005 3742150 129
3.81298446381276e+005 1.69476179480837e+006 6.06187845108387e+000 9.92898635344266e-001 -1.51614531281472e+000 2.13640475555591e+002 1.09199844489088e-005 3754427 130
3.81291315100072e+005 1.69476515140294e+006 2.21297119685190e-001 3.16196491776589e-001 7.71471417432173e-001 2.13644753953985e+002 1.14590494173952e-005 3754577 131
3.81297531856168e+005 1.69478011478988e+006 2.21298720450212e-001 6.74190608713306e-001 1.55996093920713e+000 2.13902217735526e+002 1.14595343641818e-005 3759725 132
3.81292967205586e+005 1.69477805883883e+006 2.21296416630409e-001 4.03119633399569e-001 1.32467965437788e+000 2.14144176407516e+002 1.16141877472925e-005 3761330 133
3.81294000204501e+005 1.69474209509304e+006 6.06187845895102e+000 8.01009399839960e-001 -1.54605882580035e+000 2.17408009936596e+002 1.16153733532044e-005 3824307 134
3.81300383390431e+005 1.69477845615378e+006 6.06187946849518e+000 8.37826775394154e-001 -1.53877220084231e+000 2.17638024403646e+002 1.16169691717721e-005 3830755 135
3.81288850029772e+005 1.69475639244438e+006 2.21296841980568e-001 6.65961559541425e-001 1.55698876323740e+000 2.19717930519407e+002 1.16176938287850e-005 3862524 136
3.81294967040885e+005 1.69474658919108e+006 6.06187848381703e+000 8.27342357189979e-001 -1.54068973372600e+000 2.21028086736553e+002 1.16191864235993e-005 3887383 137
3.81298531450100e+005 1.69476914929417e+006 6.06187933260106e+000 9.46998827741108e-001 -1.52170615817743e+000 2.21666222402507e+002 1.16215240858689e-005 3897779 138
3.81285850052107e+005 1.69474578134643e+006 2.21296497882176e-001 6.11436489287740e-001 1.53359486205634e+000 2.22069577082603e+002 1.16255369779792e-005 3905408 139
3.81291640631344e+005 1.69476487683462e+006 2.21297337204755e-001 3.29637272090662e-001 1.06331992233039e+000 2.26585441562919e+002 1.21202852815550e-005 3992567 140
3.81286322059345e+005 1.69474712987645e+006 2.21296592580646e-001 5.07689513802248e-001 1.46504306146428e+000 2.27548201481706e+002 1.21492782625144e-005 4011205 141
3.81294413988985e+005 1.69474412434949e+006 6.06187848297235e+000 9.79122597471339e-001 -1.51767933912168e+000 2.31723591426243e+002 1.21517261316089e-005 4089256 142
3.81297410637084e+005 1.69476693478792e+006 6.06187968225706e+000 7.61174706256077e-001 -1.55535886028626e+000 2.33304286107947e+002 1.21523677420021e-005 4114886 143
3.81293849584642e+005 1.69474183709187e+006 6.06187851094296e+000 9.36270585857766e-001 -1.52304843119602e+000 2.34402510940099e+002 1.21546659867868e-005 4137628 144
3.81291353440125e+005 1.69476398178251e+006 2.21297289005777e-001 3.83248003547471e-001 1.27952175496689e+000 2.34538924664465e+002 1.23668056024782e-005 4140959 145
3.81294443581025e+005 1.69474588541608e+006 6.06187868887937e+000 8.40966005263427e-001 -1.53810106433302e+000 2.34810911484319e+002 1.23684393986280e-005 4143926 146
3.81287296366413e+005 1.69475150390922e+006 2.21296587094495e-001 5.07811425641832e-001 1.46513893810846e+000 2.36344262336734e+002 1.23973786908452e-005 4169482 147
3.81296311034844e+005 1.69478376526255e+006 2.21297573559964e-001 4.19547253783435e-001 3.25740898617511e-001 2.41579464253752e+002 1.24666992506104e-005 4260780 148
3.81296492127520e+005 1.69475755666348e+006 6.06187901311913e+000 8.44257624932179e-001 -1.53752580446791e+000 2.41580351644142e+002 1.24683628788136e-005 4260985 149
3.81290070124238e+005 1.69476150577334e+006 2.21296881120278e-001 3.26619954060972e-001 1.04040540437025e+000 2.42365652087980e+002 1.29854090738718e-005 4281713 150
3.81285418559480e+005 1.69474347292012e+006 2.21296547227030e-001 6.18598809863266e-001 1.53704642124699e+000 2.42607698866920e+002 1.29887796616077e-005 4287509 151
3.81297006322469e+005 1.69476799036407e+006 6.06188004270865e+000 7.66995996596186e-001 -1.55392071062349e+000 2.42693541811859e+002 1.29895035537923e-005 4290009 152
3.81292390665153e+005 1.69477031806784e+006 2.21297070913582e-001 3.39512131096919e-001 5.58050007477035e-001 2.46395899494175e+002 1.32938715521197e-005 4352487 153
3.81293460521885e+005 1.69473940132320e+006 6.06187842167040e+000 8.92961404845756e-001 -1.52928041306803e+000 2.46796702781471e+002 1.32959334949650e-005 4359006 154
3.81292152299645e+005 1.69477280510653e+006 2.21296622793129e-001 4.78491628222019e-001 1.43637594485305e+000 2.52869699305708e+002 1.33426454958274e-005 4467885 155
3.81291728298499e+005 1.69477101629215e+006 2.21296610689371e-001 4.29361156869900e-001 1.37194683996094e+000 2.54846420198755e+002 1.34446814905888e-005 4505849 156
3.81295335854766e+005 1.69475048649137e+006 6.06187876913872e+000 9.43676730112459e-001 -1.52208966475417e+000 2.55450721107062e+002 1.34470094314186e-005 4509846 157
3.81295264877399e+005 1.69477535214461e+006 2.21298049053615e-001 3.14946895420859e-001 8.20943765831477e-001 2.55555525862631e+002 1.40161537984992e-005 4511760 158
3.81284475937867e+005 1.69474017246841e+006 2.21296434854350e-001 3.85899586058411e-001 1.28623312005982e+000 2.57529745772288e+002 1.42194438639627e-005 4548107 159
3.81298713841161e+005 1.69476579901932e+006 6.06187880683480e+000 8.46482516004577e-001 -1.53714229789117e+000 2.58793454695821e+002 1.42211271432994e-005 4572407 160
3.81291999569046e+005 1.69477032634303e+006 2.21296850219427e-001 4.03485368918319e-001 1.32544666753136e+000 2.60597611686540e+002 1.43748674081473e-005 4606324 161
3.81294748087147e+005 1.69478189913169e+006 2.21296931572511e-001 6.97323380274260e-001 1.56791870067446e+000 2.62075133285376e+002 1.43749250924371e-005 4633842 162
3.81298762873323e+005 1.69477473789433e+006 6.06187990878501e+000 9.63822661603620e-001 -1.51959687200537e+000 2.63863709246671e+002 1.43773220254295e-005 4665596 163
3.81285042880829e+005 1.69474216479413e+006 2.21296501524254e-001 4.30214539746984e-001 1.37338498962371e+000 2.63865409397151e+002 1.44779314198874e-005 4665670 164
3.81291626428118e+005 1.69476434636840e+006 2.21297396255190e-001 3.21012009440134e-001 9.86714483626820e-001 2.65601967413038e+002 1.50360122298485e-005 4696509 165
3.81298801736422e+005 1.69477226851718e+006 6.06187957493715e+000 9.70070643382270e-001 -1.51882985885189e+000 2.68997284460258e+002 1.50384291617255e-005 4756621 166
3.81297129625793e+005 1.69476046075782e+006 6.06187902203880e+000 8.84153274435854e-001 -1.53071856273080e+000 2.70110264521899e+002 1.50404263329740e-005 4778227 167
3.81299323221497e+005 1.69478524844289e+006 2.21299077851344e-001 4.82667108727751e-001 1.44078627048555e+000 2.73584911335513e+002 1.50841190736714e-005 4842071 168
3.81294049556484e+005 1.69477637145894e+006 2.21297237708701e-001 3.55878795560993e-001 1.19543793801691e+000 2.74948268692038e+002 1.54126107931046e-005 4876697 169
3.81296147800995e+005 1.69477666171557e+006 2.21298379450858e-001 3.24212195229199e-001 1.01950429593799e+000 2.76293485656736e+002 1.59475576732946e-005 4900984 170
3.81297114056918e+005 1.69476157403526e+006 6.06187917145378e+000 8.48006413999369e-001 -1.53685466795862e+000 2.76696531497934e+002 1.59492562722517e-005 4908532 171
3.81286005692420e+005 1.69474670398201e+006 2.21296468713709e-001 4.72609381962119e-001 1.42995220969268e+000 2.78051992725693e+002 1.60005542914673e-005 4934270 172
3.81289924500957e+005 1.69476314665064e+006 2.21296592000929e-001 4.91353327298070e-001 1.44970279839473e+000 2.78313107722827e+002 1.60384850754194e-005 4937665 173
3.81287593225202e+005 1.69475137484216e+006 2.21296770127489e-001 4.63740295632425e-001 1.41959753212073e+000 2.78903941899549e+002 1.60976030172317e-005 4947042 174
3.81285307647117e+005 1.69474336671381e+006 2.21296498354973e-001 4.22930307331875e-001 1.36149628574480e+000 2.78904619844197e+002 1.62105117959618e-005 4947187 175
3.81291083462112e+005 1.69476646114744e+006 2.21296824098640e-001 4.85471081038170e-001 1.44375844645528e+000 2.79612218300347e+002 1.62522435889685e-005 4960137 176
3.81296155137903e+005 1.69478219738075e+006 2.21297684113888e-001 6.05279941388777e-001 1.53043093279824e+000 2.79968001152453e+002 1.62568909494959e-005 4964196 177
3.81295449931856e+005 1.69477807880884e+006 2.21297808456660e-001 6.26462123516397e-001 1.54059385708182e+000 2.81738038746919e+002 1.62596565974343e-005 4994089 178
3.81299787583777e+005 1.69477226940572e+006 6.06187902137651e+000 7.37158073858143e-001 -1.56168671880245e+000 2.83549210130994e+002 1.62599612553496e-005 5022108 179
3.81296819206045e+005 1.69478475956538e+006 2.21297733323815e-001 5.27378275894971e-001 1.48134209097568e+000 2.86800893821715e+002 1.62808093565607e-005 5079187 180
3.81294974150507e+005 1.69474916443684e+006 6.06187880522919e+000 8.38436334592071e-001 -1.53858044755394e+000 2.89206343788139e+002 1.62824172516163e-005 5122204 181
3.81296172564228e+005 1.69475280019144e+006 6.06187859157506e+000 8.73394554592617e-001 -1.53244434232612e+000 2.89867403629651e+002 1.62843357338902e-005 5136693 182
3.81293008316460e+005 1.69473743297435e+006 6.06187842692365e+000 7.77053723361818e-001 -1.55142791787469e+000 2.91095208100664e+002 1.62852056073989e-005 5160709 183
3.81296502870039e+005 1.69476226018285e+006 6.06187960141133e+000 9.40994669641624e-001 -1.52247317133091e+000 2.95446712487374e+002 1.62875202390260e-005 5240687 184
3.81295754896200e+005 1.69475577652523e+006 6.06187920223311e+000 8.56540242770209e-001 -1.53532064165166e+000 2.99977495784086e+002 1.62892980015805e-005 5322907 185
3.81292139138060e+005 1.69476540585061e+006 2.21297550334281e-001 4.19608209703227e-001 1.35574368709372e+000 3.01562130566536e+002 1.64083547517253e-005 5353138 186
3.81293743195908e+005 1.69474139318872e+006 6.06187851460286e+000 9.08261340713475e-001 -1.52697937360759e+000 3.01934577864610e+002 1.64105110553517e-005 5361764 187
3.81300144334521e+005 1.69477262618673e+006 6.06187886609946e+000 9.65346559598412e-001 -1.51940511871700e+000 3.03492406868449e+002 1.64129132381888e-005 5395742 188
3.81284170990130e+005 1.69473889320573e+006 2.21296425229168e-001 4.20949239938644e-001 1.35814060319834e+000 3.04379061632393e+002 1.65294102696902e-005 5409760 189
3.81286861110586e+005 1.69474988737243e+006 2.21296546901248e-001 6.68735053891948e-001 1.55804340632344e+000 3.04665875346710e+002 1.65300453854912e-005 5413371 190
3.81295514942117e+005 1.69474965064005e+006 6.06187856294108e+000 8.56997412168647e-001 -1.53522476500748e+000 3.04740277054603e+002 1.65318284011603e-005 5414237 191
3.81294314757821e+005 1.69477544493182e+006 2.21297503722344e-001 5.27835445293409e-001 1.48172559755242e+000 3.04777639764331e+002 1.65525050071286e-005 5414988 192
3.81293980740473e+005 1.69474332669854e+006 6.06187862550743e+000 8.39381151348842e-001 -1.53838869426557e+000 3.05676304790180e+002 1.65541235595008e-005 5429024 193
3.81296359467564e+005 1.69477849881884e+006 2.21298266199836e-001 4.62460221316799e-001 1.41796762916959e+000 3.06599152035574e+002 1.66145046065577e-005 5448275 194
3.81293742198931e+005 1.69474125184663e+006 6.06187849730289e+000 8.00552230441523e-001 -1.54615470244453e+000 3.07409190774179e+002 1.66156846403044e-005 5460517 195
3.81289507713003e+005 1.69476151354533e+006 2.21296564273520e-001 4.42862893103764e-001 2.89116020538957e-001 3.08947891454079e+002 1.66636275347058e-005 5484324 196
3.81284893119173e+005 1.69474169525830e+006 2.21296476742248e-001 3.14824983581276e-001 8.44433543656728e-001 3.09765759272129e+002 1.72421151820571e-005 5495525 197
3.81295931610175e+005 1.69475505808498e+006 6.06187901220508e+000 9.09815716668164e-001 -1.52678762031922e+000 3.11688303636320e+002 1.72442777075933e-005 5521743 198
3.81292278327667e+005 1.69476684574235e+006 2.21297446568370e-001 6.54136111101833e-001 1.55238668431654e+000 3.11746737025973e+002 1.72454526187789e-005 5522605 199
3.81290887976785e+005 1.69476243634164e+006 2.21297222864832e-001 4.24454205326668e-001 1.36398907849361e+000 3.12909592828442e+002 1.73557108031588e-005 5547625 200
