# 80 rows of flux data
# 12 columns of flux data
# 
# total cross-sectional flux  9.905362e-01 /m^2/yr
#
#                             +x ram      -x wake      +y port -y starboard    +z zenith     -z nadir        Earth          Sun     anti-Sun      rot (x)      rot (y)      rot (z) 
# average speed (km/s)         37.74        37.76        32.69        30.81        37.99        30.65        37.77        28.25        28.25        33.90        37.85        33.95 
# total flux (#/m2/yr)  2.274101e-01 2.273545e-01 2.999264e-01 3.202350e-01 4.256105e-01 3.862137e-04 2.268904e-01 1.546171e-01 1.545318e-01 8.167487e-01 6.955715e-01 8.316409e-01 
# velocity (km/s)
     0.5                0.000000e+00 0.000000e+00 0.000000e+00 0.000000e+00 0.000000e+00 0.000000e+00 0.000000e+00 0.000000e+00 0.000000e+00 0.000000e+00 0.000000e+00 0.000000e+00 
     1.5                0.000000e+00 0.000000e+00 0.000000e+00 0.000000e+00 0.000000e+00 0.000000e+00 0.000000e+00 0.000000e+00 0.000000e+00 0.000000e+00 0.000000e+00 0.000000e+00 
     2.5                8.903937e-05 9.017449e-05 7.839911e-05 6.989684e-05 2.061296e-04 2.972151e-08 8.957095e-05 9.330173e-05 9.318294e-05 2.749456e-04 3.014379e-04 2.573492e-04 
     3.5                4.598515e-04 4.599005e-04 4.149856e-04 3.822054e-04 9.014861e-04 3.386512e-07 4.572765e-04 4.730492e-04 4.727312e-04 1.321369e-03 1.433903e-03 1.338198e-03 
     4.5                8.933735e-04 8.921715e-04 8.653831e-04 8.290468e-04 1.658134e-03 9.055864e-07 8.871772e-04 9.530211e-04 9.525618e-04 2.624089e-03 2.718885e-03 2.717532e-03 
     5.5                1.353545e-03 1.351844e-03 1.399113e-03 1.373067e-03 2.486175e-03 1.577879e-06 1.344231e-03 1.496168e-03 1.495517e-03 4.120346e-03 4.101318e-03 4.275564e-03 
     6.5                1.788448e-03 1.785479e-03 1.993163e-03 2.048847e-03 3.246439e-03 2.509833e-06 1.776171e-03 2.009780e-03 2.009074e-03 5.736715e-03 5.392085e-03 5.955924e-03 
     7.5                2.205256e-03 2.200908e-03 2.672249e-03 2.822581e-03 3.990910e-03 3.475839e-06 2.189967e-03 2.516460e-03 2.515343e-03 7.494371e-03 6.641114e-03 7.756881e-03 
     8.5                2.579301e-03 2.575060e-03 3.250352e-03 3.527885e-03 4.664669e-03 4.498614e-06 2.562547e-03 2.989344e-03 2.988368e-03 9.068224e-03 7.766002e-03 9.365277e-03 
     9.5                2.880171e-03 2.875133e-03 3.869172e-03 4.286699e-03 5.189555e-03 5.461526e-06 2.861633e-03 3.396305e-03 3.395220e-03 1.060435e-02 8.660917e-03 1.093740e-02 
    10.5                3.194832e-03 3.189582e-03 4.490331e-03 5.048923e-03 5.791655e-03 6.451503e-06 3.174578e-03 3.854257e-03 3.852734e-03 1.221215e-02 9.631006e-03 1.254301e-02 
    11.5                3.459121e-03 3.453058e-03 5.137555e-03 5.925713e-03 6.257038e-03 7.737917e-06 3.437925e-03 4.244068e-03 4.242036e-03 1.384504e-02 1.042341e-02 1.420662e-02 
    12.5                3.669489e-03 3.663767e-03 5.657091e-03 6.594600e-03 6.608386e-03 8.617947e-06 3.648760e-03 4.471703e-03 4.470137e-03 1.511402e-02 1.103490e-02 1.549167e-02 
    13.5                3.711491e-03 3.704569e-03 5.890951e-03 7.126593e-03 6.685598e-03 9.807359e-06 3.691366e-03 4.571062e-03 4.568632e-03 1.586566e-02 1.116492e-02 1.623111e-02 
    14.5                3.808965e-03 3.803345e-03 6.368024e-03 7.705554e-03 6.934567e-03 1.027075e-05 3.791110e-03 4.680234e-03 4.677915e-03 1.693893e-02 1.151298e-02 1.727936e-02 
    15.5                3.901211e-03 3.894998e-03 6.710437e-03 8.264689e-03 7.064060e-03 1.135919e-05 3.883338e-03 4.799938e-03 4.797856e-03 1.782449e-02 1.176634e-02 1.816671e-02 
    16.5                3.926947e-03 3.921174e-03 6.885833e-03 8.475127e-03 7.156919e-03 1.154240e-05 3.910180e-03 4.839037e-03 4.836616e-03 1.820673e-02 1.187890e-02 1.852845e-02 
    17.5                3.947941e-03 3.942904e-03 7.044142e-03 8.748927e-03 7.184307e-03 1.203305e-05 3.932661e-03 4.782267e-03 4.779536e-03 1.859391e-02 1.193572e-02 1.891514e-02 
    18.5                3.992646e-03 3.986117e-03 7.360226e-03 9.114820e-03 7.307382e-03 1.233298e-05 3.977017e-03 4.805957e-03 4.803220e-03 1.926075e-02 1.210194e-02 1.955025e-02 
    19.5                4.008381e-03 4.004301e-03 7.437485e-03 9.147552e-03 7.269148e-03 1.213131e-05 3.995310e-03 4.677225e-03 4.674945e-03 1.928370e-02 1.209920e-02 1.961787e-02 
    20.5                3.902403e-03 3.898357e-03 7.394834e-03 9.042628e-03 7.156173e-03 1.181446e-05 3.889576e-03 4.523186e-03 4.520448e-03 1.905239e-02 1.184005e-02 1.931972e-02 
    21.5                3.941597e-03 3.937418e-03 7.537019e-03 9.201669e-03 7.250211e-03 1.191035e-05 3.929708e-03 4.473632e-03 4.470957e-03 1.934511e-02 1.197558e-02 1.961016e-02 
    22.5                3.909009e-03 3.903771e-03 7.576889e-03 9.303164e-03 7.105272e-03 1.206973e-05 3.897784e-03 4.295132e-03 4.292303e-03 1.936642e-02 1.181341e-02 1.965881e-02 
    23.5                3.707705e-03 3.704611e-03 7.191836e-03 8.726004e-03 6.808419e-03 1.104654e-05 3.697982e-03 4.030342e-03 4.028220e-03 1.829960e-02 1.125839e-02 1.854157e-02 
    24.5                3.607829e-03 3.604480e-03 7.061415e-03 8.442214e-03 6.638534e-03 1.031938e-05 3.598109e-03 3.813130e-03 3.810577e-03 1.778170e-02 1.096115e-02 1.801410e-02 
    25.5                3.503119e-03 3.500421e-03 6.860600e-03 8.157648e-03 6.460542e-03 9.939714e-06 3.493822e-03 3.620025e-03 3.618155e-03 1.722915e-02 1.065570e-02 1.744095e-02 
    26.5                3.462075e-03 3.458700e-03 6.774503e-03 7.917432e-03 6.400240e-03 9.274681e-06 3.452296e-03 3.468449e-03 3.466093e-03 1.684512e-02 1.054217e-02 1.705396e-02 
    27.5                3.346375e-03 3.343422e-03 6.473794e-03 7.477867e-03 6.139709e-03 8.572137e-06 3.336526e-03 3.241864e-03 3.239874e-03 1.599403e-02 1.015362e-02 1.621292e-02 
    28.5                3.239936e-03 3.239405e-03 6.283440e-03 7.190261e-03 6.000124e-03 8.014099e-06 3.233596e-03 2.986740e-03 2.984844e-03 1.545026e-02 9.874026e-03 1.563468e-02 
    29.5                3.031156e-03 3.027963e-03 5.872876e-03 6.705560e-03 5.566794e-03 7.454211e-06 3.022932e-03 2.703800e-03 2.702307e-03 1.438834e-02 9.198862e-03 1.458156e-02 
    30.5                2.914399e-03 2.912724e-03 5.724716e-03 6.486300e-03 5.422204e-03 6.981886e-06 2.907984e-03 2.561976e-03 2.560108e-03 1.394614e-02 8.899937e-03 1.410201e-02 
    31.5                2.903152e-03 2.901112e-03 5.608068e-03 6.278452e-03 5.398542e-03 6.619805e-06 2.896762e-03 2.392093e-03 2.390689e-03 1.361152e-02 8.860602e-03 1.375226e-02 
    32.5                2.777175e-03 2.776198e-03 5.224969e-03 5.781720e-03 5.178175e-03 6.001254e-06 2.771582e-03 2.191225e-03 2.189789e-03 1.268549e-02 8.487156e-03 1.282436e-02 
    33.5                2.812539e-03 2.812652e-03 5.242439e-03 5.699901e-03 5.292653e-03 5.609480e-06 2.808895e-03 2.060413e-03 2.059021e-03 1.265022e-02 8.628910e-03 1.277801e-02 
    34.5                2.834168e-03 2.831276e-03 5.202231e-03 5.651950e-03 5.295510e-03 5.611750e-06 2.827475e-03 1.998292e-03 1.996845e-03 1.255862e-02 8.662254e-03 1.268816e-02 
    35.5                2.720545e-03 2.722031e-03 4.785482e-03 5.122075e-03 5.103322e-03 4.996013e-06 2.716918e-03 1.843952e-03 1.842965e-03 1.159928e-02 8.334095e-03 1.172184e-02 
    36.5                2.759851e-03 2.759864e-03 4.851283e-03 5.135648e-03 5.207566e-03 4.837954e-06 2.756894e-03 1.746130e-03 1.744941e-03 1.170355e-02 8.479673e-03 1.182518e-02 
    37.5                2.818716e-03 2.820099e-03 4.800172e-03 5.067471e-03 5.359003e-03 4.875468e-06 2.815956e-03 1.700158e-03 1.698950e-03 1.169862e-02 8.692246e-03 1.178031e-02 
    38.5                2.981301e-03 2.981264e-03 4.874259e-03 5.044096e-03 5.748517e-03 4.641538e-06 2.978058e-03 1.652178e-03 1.651240e-03 1.194790e-02 9.239157e-03 1.201205e-02 
    39.5                2.939097e-03 2.943194e-03 4.698296e-03 4.862089e-03 5.533116e-03 4.617795e-06 2.939431e-03 1.589538e-03 1.588363e-03 1.150743e-02 9.021312e-03 1.165200e-02 
    40.5                2.978944e-03 2.981619e-03 4.697215e-03 4.820287e-03 5.701587e-03 4.496557e-06 2.977438e-03 1.523509e-03 1.522676e-03 1.157202e-02 9.213228e-03 1.164874e-02 
    41.5                3.266866e-03 3.269078e-03 4.811591e-03 4.843853e-03 6.290932e-03 4.465119e-06 3.264666e-03 1.564356e-03 1.563527e-03 1.206193e-02 1.011825e-02 1.213778e-02 
    42.5                3.230939e-03 3.229219e-03 4.530151e-03 4.537079e-03 6.103614e-03 4.417861e-06 3.224757e-03 1.507298e-03 1.506072e-03 1.145926e-02 9.927247e-03 1.160174e-02 
    43.5                3.307324e-03 3.310237e-03 4.487193e-03 4.406402e-03 6.452571e-03 4.081779e-06 3.304348e-03 1.494890e-03 1.493848e-03 1.153816e-02 1.031087e-02 1.157788e-02 
    44.5                3.666146e-03 3.667431e-03 4.825625e-03 4.694367e-03 7.095748e-03 4.401586e-06 3.663256e-03 1.575345e-03 1.574328e-03 1.244723e-02 1.138573e-02 1.254244e-02 
    45.5                3.659595e-03 3.663025e-03 4.644237e-03 4.490618e-03 7.054019e-03 4.337494e-06 3.657549e-03 1.506860e-03 1.505987e-03 1.212489e-02 1.134465e-02 1.222172e-02 
    46.5                3.770771e-03 3.766330e-03 4.587250e-03 4.399324e-03 7.230273e-03 4.275063e-06 3.760416e-03 1.508138e-03 1.507257e-03 1.216235e-02 1.165130e-02 1.227888e-02 
    47.5                3.923174e-03 3.927966e-03 4.561083e-03 4.314572e-03 7.711605e-03 4.329720e-06 3.922233e-03 1.563359e-03 1.562358e-03 1.244286e-02 1.228195e-02 1.243507e-02 
    48.5                4.366207e-03 4.367454e-03 4.731355e-03 4.380318e-03 8.455307e-03 4.361188e-06 4.360259e-03 1.603301e-03 1.602234e-03 1.315046e-02 1.355123e-02 1.327862e-02 
    49.5                4.638305e-03 4.646862e-03 4.914424e-03 4.486572e-03 9.281493e-03 4.547089e-06 4.638980e-03 1.681769e-03 1.680971e-03 1.398694e-02 1.463726e-02 1.389793e-02 
    50.5                5.341407e-03 5.354168e-03 5.186171e-03 4.633358e-03 1.063332e-02 4.880066e-06 5.344550e-03 1.782974e-03 1.781909e-03 1.536432e-02 1.680430e-02 1.528143e-02 
    51.5                6.000546e-03 6.011399e-03 5.327387e-03 4.667211e-03 1.171353e-02 5.382863e-06 6.001353e-03 1.852831e-03 1.851604e-03 1.637089e-02 1.870191e-02 1.648126e-02 
    52.5                6.080869e-03 6.083232e-03 5.051100e-03 4.356258e-03 1.171565e-02 5.464779e-06 6.073933e-03 1.875494e-03 1.874401e-03 1.598889e-02 1.883166e-02 1.622828e-02 
    53.5                6.194837e-03 6.195948e-03 4.896556e-03 4.156671e-03 1.187786e-02 5.367688e-06 6.186953e-03 1.879450e-03 1.878439e-03 1.588591e-02 1.913367e-02 1.618677e-02 
    54.5                5.916421e-03 5.918344e-03 4.527399e-03 3.820867e-03 1.119123e-02 5.278793e-06 5.908672e-03 1.836299e-03 1.835275e-03 1.483659e-02 1.818385e-02 1.525524e-02 
    55.5                5.900753e-03 5.906255e-03 4.418838e-03 3.671737e-03 1.128921e-02 4.927883e-06 5.896498e-03 1.815307e-03 1.814229e-03 1.472655e-02 1.820592e-02 1.507441e-02 
    56.5                5.689927e-03 5.690841e-03 4.170398e-03 3.458801e-03 1.076100e-02 4.891788e-06 5.681802e-03 1.754826e-03 1.753857e-03 1.399209e-02 1.746878e-02 1.440744e-02 
    57.5                5.206069e-03 5.210199e-03 3.665907e-03 3.007732e-03 9.822783e-03 4.515366e-06 5.201924e-03 1.626274e-03 1.625464e-03 1.258859e-02 1.598218e-02 1.299027e-02 
    58.5                4.986913e-03 4.987539e-03 3.422199e-03 2.767640e-03 9.422393e-03 4.111900e-06 4.979423e-03 1.497004e-03 1.496125e-03 1.191475e-02 1.529563e-02 1.230312e-02 
    59.5                4.759527e-03 4.758322e-03 3.173018e-03 2.538483e-03 8.986303e-03 3.877295e-06 4.751003e-03 1.364642e-03 1.364124e-03 1.124748e-02 1.459266e-02 1.161056e-02 
    60.5                4.329967e-03 4.336738e-03 2.777048e-03 2.192011e-03 8.170509e-03 3.593920e-06 4.330099e-03 1.194012e-03 1.193272e-03 1.009275e-02 1.329010e-02 1.043699e-02 
    61.5                3.916842e-03 3.918574e-03 2.347619e-03 1.834756e-03 7.122723e-03 3.341772e-06 3.912684e-03 1.037664e-03 1.037163e-03 8.719012e-03 1.181148e-02 9.248929e-03 
    62.5                3.195002e-03 3.188660e-03 1.869132e-03 1.439132e-03 5.830954e-03 2.684032e-06 3.184371e-03 8.618408e-04 8.612273e-04 7.057733e-03 9.646432e-03 7.485525e-03 
    63.5                2.615375e-03 2.614837e-03 1.486158e-03 1.133404e-03 4.757222e-03 2.202333e-06 2.611140e-03 6.958775e-04 6.955712e-04 5.715259e-03 7.886530e-03 6.076007e-03 
    64.5                2.091991e-03 2.090553e-03 1.156913e-03 8.708485e-04 3.804896e-03 1.763923e-06 2.087513e-03 5.334160e-04 5.331413e-04 4.531332e-03 6.312568e-03 4.820613e-03 
    65.5                1.644553e-03 1.642771e-03 8.544860e-04 6.345252e-04 2.905462e-03 1.395339e-06 1.640578e-03 3.917217e-04 3.915555e-04 3.429794e-03 4.893964e-03 3.733183e-03 
    66.5                1.194210e-03 1.192364e-03 5.902743e-04 4.325980e-04 2.066353e-03 1.043745e-06 1.191028e-03 2.641172e-04 2.639712e-04 2.420901e-03 3.521667e-03 2.679097e-03 
    67.5                7.791795e-04 7.782278e-04 3.583495e-04 2.564448e-04 1.324308e-03 7.069919e-07 7.774776e-04 1.579268e-04 1.578507e-04 1.532474e-03 2.282418e-03 1.721531e-03 
    68.5                4.683143e-04 4.678423e-04 1.925663e-04 1.346509e-04 7.450354e-04 4.405005e-07 4.674532e-04 8.032441e-05 8.027766e-05 8.544442e-04 1.333014e-03 1.014968e-03 
    69.5                2.234816e-04 2.222103e-04 7.908228e-05 5.328171e-05 3.294744e-04 2.269064e-07 2.221878e-04 3.180322e-05 3.177056e-05 3.733232e-04 6.161468e-04 4.735056e-04 
    70.5                7.122412e-05 7.068269e-05 1.944516e-05 1.293293e-05 8.453687e-05 9.190451e-08 7.066041e-05 7.953024e-06 7.940295e-06 9.607440e-05 1.822781e-04 1.472137e-04 
    71.5                1.159568e-05 1.147325e-05 2.174297e-06 1.308673e-06 1.117767e-05 1.834335e-08 1.146747e-05 1.048998e-06 1.047189e-06 1.247251e-05 2.793097e-05 2.346241e-05 
    72.5                6.798045e-07 6.692808e-07 5.247720e-08 3.350784e-08 2.453975e-07 1.808342e-09 6.677854e-07 3.236041e-08 3.209465e-08 2.830985e-07 1.389498e-06 1.353090e-06 
    73.5                0.000000e+00 0.000000e+00 0.000000e+00 0.000000e+00 0.000000e+00 0.000000e+00 0.000000e+00 0.000000e+00 0.000000e+00 0.000000e+00 0.000000e+00 0.000000e+00 
    74.5                0.000000e+00 0.000000e+00 0.000000e+00 0.000000e+00 0.000000e+00 0.000000e+00 0.000000e+00 0.000000e+00 0.000000e+00 0.000000e+00 0.000000e+00 0.000000e+00 
    75.5                0.000000e+00 0.000000e+00 0.000000e+00 0.000000e+00 0.000000e+00 0.000000e+00 0.000000e+00 0.000000e+00 0.000000e+00 0.000000e+00 0.000000e+00 0.000000e+00 
    76.5                0.000000e+00 0.000000e+00 0.000000e+00 0.000000e+00 0.000000e+00 0.000000e+00 0.000000e+00 0.000000e+00 0.000000e+00 0.000000e+00 0.000000e+00 0.000000e+00 
    77.5                0.000000e+00 0.000000e+00 0.000000e+00 0.000000e+00 0.000000e+00 0.000000e+00 0.000000e+00 0.000000e+00 0.000000e+00 0.000000e+00 0.000000e+00 0.000000e+00 
    78.5                0.000000e+00 0.000000e+00 0.000000e+00 0.000000e+00 0.000000e+00 0.000000e+00 0.000000e+00 0.000000e+00 0.000000e+00 0.000000e+00 0.000000e+00 0.000000e+00 
    79.5                0.000000e+00 0.000000e+00 0.000000e+00 0.000000e+00 0.000000e+00 0.000000e+00 0.000000e+00 0.000000e+00 0.000000e+00 0.000000e+00 0.000000e+00 0.000000e+00 


