0 0 0 0 0 0 0 0 0 0 0 0 0 0 0 0 0 0 0 0 
0 0 0 0 0 0 0 0 0 0 0 0 0 0 0 0 0 0 0 0 
0 0 0 0 0 0 0 0 0 0 0 0 0 0 0 0 0 0 0 0 
0 0 0 0 0 0 0 0 0 0 0 0 0 0 0 0 0 0 0 0 
0 0 0 0 0 0 0 0 0 0 0 0 0 0 0 0 0 0 0 0 
0 0 0 0 0 0 0 0 0 0 0 0 0 0 0 0 0 0 0 0 
0 0 0 0 0 0 0 0 0 0 0 0 0 0 0 0 0 0 0 0 
0 0 0 0 0 0 0 0 0 0 0 0 0 0 0 0 0 0 0 0 
0 0 0 0 0 0 0 0 0 0 0 0 0 0 0 0 0 0 0 8.91486e-006 
0 0 0 0 0 0 0 0 0 0 0 0 0 0 0 0 0 0 6.8102e-005 4.86443e-005 
0 0 0 0 0 0 0 0 0 0 0 0 0 0 0 0 0 6.28129e-005 0 0 
0 0 0 0 0 0 0 0 0 0 0 0 0 0 0 0 0.000100162 0 0 0 
0 0 0 0 0 0 0 0 0 0 0 0 0 0 0 5.85235e-005 0 0 0 0 
0 0 0 0 0 0 0 0 0 0 0 0 0 0 3.65736e-005 2.43824e-005 0 0 0 0 
0 0 0 0 0 0 0 0 0 0 0 0 0 0 5.03397e-005 0 0 0 0 0 
0 0 0 0 0 0 0 0 0 0 0 0 0 1.28829e-005 5.15315e-005 0 0 0 0 0 
0 0 0 0 0 0 0 0 0 0 0 0 0 0 0 0 0 0 0 0 
0 0 0 0 0 0 0 0 0 0 0 0 0 0 0 0 0 0 0 0 
