0 0 0 0 0 0 2.87793e-006 3.51108e-005 2.30235e-005 1.61164e-005 1.03606e-005 9.20939e-006 1.72676e-006 6.90704e-006 3.45352e-006 1.15117e-006 0 7.48263e-006 3.45352e-006 0 
0 0 0 0 5.16714e-005 0.000111955 5.85609e-005 1.72238e-006 0 0 0 0 0 0 0 0 0 0 0 0 
0 0 0 0.000102818 0.0001885 0 0 0 0 0 0 0 0 0 0 0 0 0 0 0 
0 0 0 0.000353153 0 0 0 0 0 0 0 0 0 0 0 0 0 0 0 0 
0 0 0.00020199 0.000191891 0 0 0 0 0 0 0 0 0 0 0 0 0 0 0 0 
0 0 0.000444795 0 0 0 0 0 0 0 0 0 0 0 0 0 0 0 0 0 
0 0 0.000489212 0 0 0 0 0 0 0 0 0 0 0 0 0 0 0 0 0 
0 0 0.000514113 0 0 0 0 0 0 0 0 0 0 0 0 0 0 0 0 0 
0 0 0.000632955 0 0 0 0 0 0 0 0 0 0 0 0 0 0 0 0 0 
0 0 0.000671291 0 0 0 0 0 0 0 0 0 0 0 0 0 0 0 0 0 
0 0 0.000680473 0 0 0 0 0 0 0 0 0 0 0 0 0 0 0 0 0 
0 0 0.000734521 0 0 0 0 0 0 0 0 0 0 0 0 0 0 0 0 0 
0 0 0.000807624 0 0 0 0 0 0 0 0 0 0 0 0 0 0 0 0 0 
0 0 0.000670516 0.000219442 0 0 0 0 0 0 0 0 0 0 0 0 0 0 0 0 
0 0 0 0.000981624 0 0 0 0 0 0 0 0 0 0 0 0 0 0 0 0 
0 0 0 0.000682792 0.000502432 0 0 0 0 0 0 0 0 0 0 0 0 0 0 0 
0 0 0 0 0.00061489 0.000654138 2.61655e-005 0 0 0 0 0 0 0 0 0 0 0 0 0 
0 0 0 0 0 1.31831e-005 0.000435042 0.000342761 0.00021093 0.000131831 0.000145014 5.27324e-005 3.95493e-005 1.31831e-005 0 0 0 0 0 0 
