4.01529831976664e+003 1.73712559991737e+006 2.31145702356325e-003 3.26029236732078e-001 1.55900217276528e+000 4.49140138314204e-001 4.38870191557101e-007 262 1
4.01405663038284e+003 1.73709765631174e+006 2.31077940331905e-003 1.72399060029908e-001 1.55200317773980e+000 4.49698963034583e-001 2.22156595117704e-006 447 2
4.01442052908252e+003 1.73711671926692e+006 2.31096352832660e-003 6.65150914029359e-001 1.56533003128147e+000 4.74474561314854e-001 2.31299828032567e-006 1080 3
4.01624109264986e+003 1.73712523996882e+006 2.31200021977380e-003 8.97030549027986e-001 1.56379600497452e+000 4.78379855866549e-001 2.36035091407941e-006 1116 4
4.01574957497288e+003 1.73713712166452e+006 2.31170146072438e-003 6.20563371684927e-001 1.56005681585131e+000 4.82326572471678e-001 2.46685742189909e-006 1452 5
4.01436091038613e+003 1.73713022140469e+006 2.31091124599697e-003 2.93984801782281e-001 1.55660525666066e+000 4.83608408698471e-001 3.01788359569777e-006 1525 6
4.01641109787655e+003 1.73714268829909e+006 2.31207486183928e-003 8.57997375408185e-001 1.55938567934202e+000 4.85014005489310e-001 3.07010316795406e-006 1579 7
4.01410468642670e+003 1.73710189522164e+006 2.31080142887583e-003 1.14200262459181e-001 1.52611648380993e+000 2.83032932995299e+000 7.47797986353862e-006 1692 8
4.01403322776116e+003 1.73709874433458e+006 2.31076448380534e-003 3.49101229895932e-001 1.56638467436750e+000 5.40894410881205e+000 7.85558112346586e-006 1783 9
4.01457549086373e+003 1.73711212345941e+006 2.31105884840242e-003 8.39777825251015e-001 1.56695993423261e+000 5.40905344569364e+000 7.91032881512015e-006 1815 10
4.01449044455929e+003 1.73712486770461e+006 2.31099293578548e-003 9.68291268654439e-001 1.56398775826289e+000 2.85709860544031e+002 7.95035160820363e-006 2386 11
4.01531226234772e+003 1.73711727645970e+006 2.31147612518247e-003 9.89349040192877e-001 1.56590529114658e+000 2.85710083219528e+002 7.98852462811919e-006 2486 12
4.01590266306024e+003 1.73712046835711e+006 2.31181174933741e-003 1.56682027649770e-001 1.54222376003296e+000 2.85710572375344e+002 1.01879599237134e-005 2548 13
4.01408777211831e+003 1.73709681440622e+006 2.31079845062828e-003 1.74932096316416e-001 1.55277019089328e+000 2.85710660090667e+002 1.19143829873407e-005 2552 14
4.01470476951998e+003 1.73712444373225e+006 2.31111687832189e-003 8.29493087557604e-002 1.48057507782220e+000 2.85720376754095e+002 2.07935585562733e-005 2655 15
4.01449427997162e+003 1.73710846214071e+006 2.31101696905688e-003 7.37968077639088e-001 1.56763107074190e+000 2.85721455873359e+002 2.08663107095601e-005 2738 16
4.01467844722975e+003 1.73712412222719e+006 2.31110215334273e-003 8.48353526413770e-001 1.56398775826289e+000 3.07029767695869e+002 2.09198473994059e-005 3440 17
4.01481779334157e+003 1.73713770688727e+006 2.31116429576341e-003 5.99993896298105e-002 1.39831291711173e+000 3.07029781167749e+002 3.88306533824822e-005 3454 18
4.01491738649438e+003 1.73713931791113e+006 2.31121948379137e-003 5.24002807702872e-001 1.55890629612110e+000 3.14516284416651e+002 3.89851667451601e-005 3886 19
4.01769425888138e+003 1.73714167715368e+006 2.31281486594816e-003 9.38627277443770e-001 1.55976918591876e+000 3.14517625342321e+002 3.90280235029809e-005 4054 20
4.01548432524037e+003 1.73713534007709e+006 2.31155113862483e-003 6.28223517563402e-001 1.56053619907224e+000 3.14525804182881e+002 3.91316943427576e-005 4419 21
4.01628958800002e+003 1.73712437920831e+006 2.31202928226521e-003 7.86919766838588e-001 1.56379600497452e+000 3.14530922535068e+002 3.91948588413597e-005 4790 22
4.01464145989012e+003 1.73710479618904e+006 2.31110657284999e-003 6.65700247199927e-001 1.56830220725120e+000 3.14532634462994e+002 3.92861263432716e-005 5060 23
4.01721609787401e+003 1.73713620567621e+006 2.31254689388063e-003 5.47990356151006e-001 1.55986506256294e+000 3.14955576440987e+002 3.94261509405218e-005 6107 24
4.01438286434213e+003 1.73710537852788e+006 2.31095693310308e-003 1.22135074922941e-001 1.53081443937498e+000 3.14959133729249e+002 4.32292233469879e-005 6318 25
4.01466876212157e+003 1.73714097411001e+006 2.31107415829732e-003 4.05285805841243e-001 1.55708463988159e+000 3.14959258694869e+002 4.35011268487110e-005 6363 26
4.01647503369915e+003 1.73713412089470e+006 2.31212306991344e-003 2.75093844416639e-001 1.55468772377697e+000 3.15203477846153e+002 4.41388268611044e-005 6487 27
4.01732219233496e+003 1.73714350549989e+006 2.31259824989634e-003 4.99740592669454e-001 1.55765989974670e+000 3.15204734040752e+002 4.43103232740498e-005 6706 28
4.01413282254668e+003 1.73712369180391e+006 2.31078863103967e-003 8.42768639179662e-001 1.56408363490707e+000 3.15204811456827e+002 4.43646436170486e-005 6734 29
4.01511244957366e+003 1.73711013991335e+006 2.31137059600238e-003 7.88018433179724e-001 1.56734344080935e+000 3.15205618372361e+002 4.44276157026522e-005 6893 30
4.01830341986255e+003 1.73714288795462e+006 2.31316392035123e-003 6.39576403088473e-001 1.55871454283273e+000 3.15646428809464e+002 4.45272790904680e-005 7268 31
4.01529033054180e+003 1.73711453490921e+006 2.31146714783383e-003 2.88338877529221e-001 1.56024856913968e+000 3.18814003602667e+002 4.51023474691115e-005 8076 32
4.01558141846389e+003 1.73711536638832e+006 2.31163361025914e-003 5.76097903378399e-001 1.56523415463729e+000 3.18814080831653e+002 4.52277863376744e-005 8101 33
4.01430061561826e+003 1.73711055360320e+006 2.31090270073541e-003 9.54405346842860e-001 1.56753519409772e+000 3.19671186838410e+002 4.52691021299227e-005 8191 34
4.01669707513151e+003 1.73713023822954e+006 2.31225605787708e-003 2.60597552415540e-001 1.55478360042116e+000 3.19791388010822e+002 4.59874590547269e-005 8496 35
4.01482056807095e+003 1.73710810439252e+006 2.31120527807169e-003 3.92651142918180e-001 1.56504240134892e+000 3.19816888586036e+002 4.62790059360739e-005 8954 36
4.01458721726057e+003 1.73710862431553e+006 2.31107025415596e-003 4.29181798760949e-001 1.56552178456984e+000 3.19817814325933e+002 4.65187311985843e-005 9028 37
4.01598674151372e+003 1.73713182444134e+006 2.31184503694859e-003 9.03317361980041e-001 1.56216610202338e+000 3.19818274733912e+002 4.65653612328240e-005 9114 38
4.01585455255755e+003 1.73714262205089e+006 2.31175457197535e-003 6.98355052339244e-001 1.55900217276528e+000 3.28512597401647e+002 4.66474970672138e-005 9394 39
4.01561228477339e+003 1.73714436195911e+006 2.31161279405444e-003 9.40366832483901e-001 1.55909804940947e+000 3.28512616063335e+002 4.66901792784787e-005 9416 40
4.01609608077481e+003 1.73714164119902e+006 2.31189491424873e-003 2.91177098910489e-001 1.55363308069094e+000 3.28513259553437e+002 4.72529362092845e-005 9597 41
4.01456637675925e+003 1.73711577414461e+006 2.31104874488810e-003 4.99923703726310e-001 1.56456301812799e+000 3.28514056211617e+002 4.74243059158765e-005 9708 42
4.01655349119982e+003 1.73713680946142e+006 2.31216465604866e-003 8.99258400219733e-001 1.56091970564898e+000 3.28514076776488e+002 4.74713997017165e-005 9719 43
4.01468721247543e+003 1.73711043837146e+006 2.31112540452688e-003 5.45976134525590e-002 1.36974167714469e+000 3.28551903162724e+002 6.93949620806864e-005 9975 44
4.01711300903905e+003 1.73713319243467e+006 2.31249156130938e-003 6.65608691671499e-002 1.43081509949034e+000 3.28624538404412e+002 8.37227787311115e-005 10391 45
4.01465885797406e+003 1.73711960716558e+006 2.31109688345828e-003 2.59681997131260e-001 1.55737226981414e+000 3.28627757837207e+002 8.44467469615665e-005 10429 46
4.01825180547097e+003 1.73714362705170e+006 2.31313322412025e-003 7.46879482406079e-001 1.55890629612110e+000 3.28640399368411e+002 8.45175984259942e-005 10594 47
4.01492929151135e+003 1.73711695799586e+006 2.31125608664696e-003 5.62852870265816e-001 1.56475477141636e+000 3.28640527700670e+002 8.46496227708960e-005 10628 48
4.01758791846244e+003 1.73714360133716e+006 2.31275108877146e-003 1.32480849635304e-001 1.52707525025178e+000 3.28839565093612e+002 8.78292678668063e-005 11509 49
4.01460115817154e+003 1.73713992515986e+006 2.31103663720011e-003 7.29361857966857e-001 1.55976918591876e+000 3.28844599482179e+002 8.79039178275136e-005 11818 50
4.01655763847067e+003 1.73713236738041e+006 2.31217295595433e-003 2.06488235114597e-001 1.54922275505844e+000 3.28854931857285e+002 8.91024782563140e-005 12000 51
4.01606732317944e+003 1.73712332521406e+006 2.31190273582347e-003 3.46690267647328e-002 9.16436903439436e-001 3.28874017266242e+002 1.37316354462283e-004 12390 52
4.01405020560484e+003 1.73710236540220e+006 2.31076944053588e-003 3.44553971984008e-002 6.63514316080203e-001 3.28882267095667e+002 1.75253741022286e-004 12432 53
4.01483167758894e+003 1.73714054217414e+006 2.31116851613739e-003 5.99841303750725e-001 1.55909804940947e+000 3.28882290193688e+002 1.75368509063602e-004 12462 54
4.01405449805950e+003 1.73710060846125e+006 2.31077424872184e-003 8.98861659596545e-001 1.56993211020234e+000 3.28883677126016e+002 1.75415650873101e-004 12557 55
4.01490217065901e+003 1.73711701659457e+006 2.31124039619932e-003 1.54484694967498e-001 1.54241551332133e+000 3.29348026093086e+002 1.77684511162569e-004 13125 56
4.01528132276068e+003 1.73714184538201e+006 2.31142562286050e-003 1.03854487746818e-001 1.50684527832881e+000 3.29780322867952e+002 1.83110843940088e-004 13799 57
4.01701374954523e+003 1.73713390605359e+006 2.31243347183538e-003 8.67824335459456e-001 1.56159084215827e+000 3.29785540629125e+002 1.83161772603580e-004 14246 58
4.01417975876962e+003 1.73710384711349e+006 2.31084204908616e-003 4.08337656788842e-001 1.56638467436750e+000 3.29785879184925e+002 1.83429247924434e-004 14315 59
4.01514027057563e+003 1.73711369828045e+006 2.31138187688606e-003 1.68187505722221e-001 1.54701759224219e+000 3.29947369193883e+002 1.85311430272006e-004 14420 60
4.01568096690188e+003 1.73713503735636e+006 2.31166473967395e-003 9.25595873897519e-001 1.56139908886990e+000 3.29952924696034e+002 1.85355626419721e-004 14614 61
4.01590085049865e+003 1.73711886777622e+006 2.31181283600837e-003 5.34745323038423e-001 1.56408363490707e+000 3.29953150306804e+002 1.85503400246831e-004 14703 62
4.01498937727272e+003 1.73713899352268e+006 2.31126135731116e-003 9.21048615985595e-002 1.49294316492203e+000 3.29954492133210e+002 1.92563187096403e-004 14865 63
4.01446079250031e+003 1.73710664183704e+006 2.31100011312296e-003 6.60725730155339e-001 1.56782282403027e+000 3.29954516660051e+002 1.92655973019234e-004 14906 64
4.01583032964369e+003 1.73713116943527e+006 2.31175586880188e-003 9.22421948912015e-001 1.56235785531175e+000 3.29960004842678e+002 1.92700504798659e-004 15210 65
4.01444775741777e+003 1.73713719344625e+006 2.31095196520799e-003 4.60005493331706e-001 1.55881041947691e+000 3.29960786937633e+002 1.92906293183382e-004 15359 66
4.01516601708136e+003 1.73713521280163e+006 2.31136807155364e-003 6.21631519516587e-001 1.56053619907224e+000 3.29960797911230e+002 1.93012398018654e-004 15374 67
4.01673955505414e+003 1.73712910302193e+006 2.31228202288840e-003 8.98434400463881e-001 1.56283723853267e+000 3.29960806202860e+002 1.93059587686377e-004 15389 68
4.01542649385475e+003 1.73712750017539e+006 2.31152827973424e-003 8.81374553666799e-002 1.48949160573138e+000 3.29961165262024e+002 2.00835306558870e-004 15464 69
4.01419452667502e+003 1.73709919952542e+006 2.31085673312391e-003 8.38953825495163e-002 1.48882046922208e+000 3.29965043424132e+002 2.09501853419655e-004 15701 70
4.01523952486647e+003 1.73713109951953e+006 2.31141585992579e-003 3.05825983458968e-001 1.55689288659322e+000 3.29965047029155e+002 2.10007032175694e-004 15706 71
4.01512635384979e+003 1.73713498964868e+006 2.31134553603791e-003 5.21073030793176e-001 1.55996093920713e+000 3.29965592970942e+002 2.10163465144901e-004 15740 72
4.01515854047583e+003 1.73712615225654e+006 2.31137582321546e-003 5.46952726828822e-001 1.56235785531175e+000 3.29988309414232e+002 2.10304078214698e-004 16498 73
4.01435959651241e+003 1.73713161183539e+006 2.31090863996690e-003 3.98174993133335e-001 1.55928980269784e+000 3.30295805027410e+002 2.10586786922012e-004 16749 74
4.01407347647420e+003 1.73709883149753e+006 2.31078753781071e-003 4.19965208899197e-001 1.56782282403027e+000 3.30863710290832e+002 2.10838241463843e-004 17588 75
4.01505639601351e+003 1.73711260458629e+006 2.31133504850086e-003 8.52229377117222e-001 1.56686405758843e+000 3.30865103431342e+002 2.10891244779174e-004 17661 76
4.01508503702020e+003 1.73712148467580e+006 2.31133972063504e-003 4.98184148686178e-001 1.56312486846522e+000 3.30869330882244e+002 2.11063931969735e-004 17818 77
4.01454834878844e+003 1.73711069745520e+006 2.31104512080150e-003 6.74001281777398e-001 1.56686405758843e+000 3.30872568868388e+002 2.11152744398592e-004 17909 78
4.01430389688317e+003 1.73711055506971e+006 2.31090458769558e-003 9.54680013428144e-001 1.56753519409772e+000 3.30879267646942e+002 2.11194034044447e-004 18221 79
4.01406742488103e+003 1.73711125873044e+006 2.31076752288455e-003 7.14621417889950e-001 1.56686405758843e+000 3.30879703839221e+002 2.11272117688772e-004 18280 80
4.01539657377860e+003 1.73713065471815e+006 2.31150685837194e-003 2.53639332255013e-001 1.55420834055605e+000 3.31586798857823e+002 2.12034537931640e-004 18458 81
4.01419747169190e+003 1.73710424514598e+006 2.31085171634752e-003 3.78215887936033e-001 1.56571353785821e+000 3.31604762569792e+002 2.12351128223835e-004 18775 82
4.01502470668817e+003 1.73712111548356e+006 2.31130548198377e-003 7.33603930784021e-001 1.56446714148381e+000 3.31605006377537e+002 2.12424834821851e-004 18878 83
4.02296522556398e+003 1.73709559066907e+006 6.28086408943362e+000 9.24405652027955e-001 -1.57041149342326e+000 3.31622379349272e+002 2.12469158210853e-004 19149 84
4.01560739056543e+003 1.73711428572329e+006 2.31164999954089e-003 2.14239936521500e-001 1.55468772377697e+000 3.31622402649724e+002 2.13574491874544e-004 19169 85
4.01506557528377e+003 1.73711285662042e+006 2.31133999733763e-003 1.87108981597339e-001 1.55114028794214e+000 3.31623176805707e+002 2.15063299536354e-004 19275 86
4.01527527490339e+003 1.73712742210237e+006 2.31144133293107e-003 6.85506759849849e-001 1.56274136188849e+000 3.31721088276667e+002 2.15148863476134e-004 19300 87
4.01427483414043e+003 1.73712216173121e+006 2.31087241702814e-003 1.75328836939604e-001 1.54653820902127e+000 3.31721097041912e+002 2.16866477297505e-004 19308 88
4.01433308361954e+003 1.73714153851847e+006 2.31088017232266e-003 6.77297280800806e-001 1.55919392605365e+000 3.31722931715677e+002 2.16954336434280e-004 19462 89
4.01480369035756e+003 1.73711017023011e+006 2.31119281358823e-003 4.61745048371838e-002 1.28268568422498e+000 3.31741884621233e+002 2.47968910310475e-004 19971 90
4.01473119091323e+003 1.73711182383211e+006 2.31114887811126e-003 2.01269569994201e-001 1.55363308069094e+000 3.31745929961507e+002 2.49237014284389e-004 20111 91
4.01682375307178e+003 1.73713915656959e+006 2.31231710989487e-003 5.72374645222328e-001 1.55928980269784e+000 3.31761249232295e+002 2.49364248844123e-004 20309 92
4.01425292222456e+003 1.73709970760746e+006 2.31088967374145e-003 8.27356791894284e-001 1.57002798684652e+000 3.31775060942146e+002 2.49420821468525e-004 20560 93
4.01540241066597e+003 1.73712059188354e+006 2.31152360855306e-003 4.51063570055239e-001 1.56283723853267e+000 3.31775064520134e+002 2.49635700423031e-004 20565 94
4.01561212901807e+003 1.73711476449265e+006 2.31165209018231e-003 8.85311441389203e-001 1.56638467436750e+000 3.31781066668501e+002 2.49684443742195e-004 21060 95
4.01451257360265e+003 1.73712464853208e+006 2.31100596618577e-003 8.18018127994629e-001 1.56379600497452e+000 3.31841845506470e+002 2.49742445560875e-004 21271 96
4.01423359119235e+003 1.73711796648651e+006 2.31085425586252e-003 5.88641010773034e-001 1.56465889477218e+000 3.32054021641036e+002 2.49862078667112e-004 21489 97
4.01405989777704e+003 1.73710024244448e+006 2.31077784406289e-003 5.87755973998230e-001 1.56906922040468e+000 3.32071987125373e+002 2.49982110526108e-004 21664 98
4.01549060238541e+003 1.73711926205583e+006 2.31157614677966e-003 8.67549668874172e-001 1.56523415463729e+000 3.32123341420808e+002 2.50033076040279e-004 21956 99
4.01661531252904e+003 1.73712873030789e+006 2.31221099761447e-003 2.49671926023133e-001 1.55440009384442e+000 3.34134474905858e+002 2.50822406658427e-004 22132 100
4.01700171063204e+003 1.73712965556590e+006 2.31243219967135e-003 7.38639484847560e-001 1.56235785531175e+000 3.34134572650796e+002 2.50895011183423e-004 22184 101
4.01500836343312e+003 1.73710797853614e+006 2.31131355299772e-003 1.61534470656453e-001 1.54672996230964e+000 3.34163030706592e+002 2.52951950335001e-004 22523 102
4.01479911195722e+003 1.73711541574310e+006 2.31118319895671e-003 3.65489669484542e-001 1.56264548524430e+000 3.34165993864380e+002 2.53293293361054e-004 22719 103
4.01702782252404e+003 1.73713858020128e+006 2.31243535095231e-003 7.12302011169774e-001 1.56005681585131e+000 3.34166028005577e+002 2.53371933536478e-004 22751 104
4.01486057340268e+003 1.73710659994375e+006 2.31123030946330e-003 3.81786553544725e-002 1.11307990066225e+000 3.34166037437778e+002 2.97462808285247e-004 22764 105
4.01418250160315e+003 1.73714220739918e+006 2.31079259923319e-003 5.68559831537828e-002 1.37779531525620e+000 3.34168378322349e+002 3.17548361104608e-004 23002 106
4.01411918272614e+003 1.73709809621077e+006 2.31081482763010e-003 6.58894619586779e-002 1.43704708136235e+000 3.34275924374610e+002 3.32211921287470e-004 23375 107
4.01449371189132e+003 1.73712569227456e+006 2.31099371969307e-003 1.06936857203894e-001 1.51394014999847e+000 3.95403075439457e+002 3.37302275976129e-004 23624 108
4.01438158780955e+003 1.73711230091050e+006 2.31094698913061e-003 4.62691122165593e-001 1.56504240134892e+000 3.95481648715193e+002 3.37505456903709e-004 24031 109
4.01609186514588e+003 1.73713066036752e+006 2.31190710149067e-003 1.20639667958617e-001 1.52352781441694e+000 3.95485258096991e+002 3.41411769966464e-004 24185 110
4.01474440992387e+003 1.73713541128122e+006 2.31112510623249e-003 3.92345957823420e-001 1.55823515961180e+000 3.95493405240442e+002 3.41703797788656e-004 24540 111
4.01413328421143e+003 1.73710195445933e+006 2.31081781291472e-003 5.23239844965972e-001 1.56820633060701e+000 3.95541233609148e+002 3.41858817691210e-004 24751 112
4.01724955233774e+003 1.73714527523855e+006 2.31255407841008e-003 6.50349436933500e-002 1.42132331171606e+000 3.95555250816664e+002 3.56915805069198e-004 24882 113
4.02300131722875e+003 1.73709558694075e+006 6.28086406865174e+000 9.77233191930906e-001 -1.57031561677908e+000 3.95555461691987e+002 3.56955027507046e-004 24893 114
4.01414424892610e+003 1.73709869456925e+006 2.31082846149872e-003 6.05029450361644e-001 1.56954860362560e+000 3.95555825083828e+002 3.57067649192814e-004 24939 115
4.01497349303639e+003 1.73711879457927e+006 2.31127908823417e-003 8.56410412915433e-001 1.56533003128147e+000 3.95629684500052e+002 3.57120084514882e-004 25128 116
4.01464493709374e+003 1.73710516446349e+006 2.31110808459875e-003 8.89187292092654e-001 1.56878159047212e+000 3.95635771092559e+002 3.57168362003370e-004 25308 117
4.01463355870618e+003 1.73712646700076e+006 2.31107319328902e-003 1.38523514511551e-001 1.53417012192145e+000 3.95635891924680e+002 3.60051647366921e-004 25421 118
4.01430759222141e+003 1.73710646386637e+006 2.31091215756288e-003 2.16437269203772e-001 1.55689288659322e+000 3.95635895543681e+002 3.61132479422468e-004 25431 119
4.01430957078488e+003 1.73710212280457e+006 2.31091907156610e-003 8.94955290383618e-001 1.56954860362560e+000 3.98560851309361e+002 3.61180075088574e-004 25790 120
4.01403325855536e+003 1.73710429380061e+006 2.31075711944077e-003 2.97494430372021e-001 1.56322074510941e+000 3.99278083349652e+002 3.61716939710286e-004 26190 121
4.01478975126688e+003 1.73711181115789e+006 2.31118260612600e-003 2.03314310129093e-001 1.55392071062349e+000 3.99295868507275e+002 3.62957161527978e-004 26672 122
4.01480434107445e+003 1.73712125033063e+006 2.31117844645981e-003 1.04068117313150e-001 1.51221437040315e+000 3.99296179105491e+002 3.68360797906151e-004 26732 123
4.01708327383258e+003 1.73713630119550e+006 2.31247030563417e-003 2.58766441846980e-001 1.55315369747002e+000 3.99306887919860e+002 3.69090365612563e-004 27146 124
4.01496718254431e+003 1.73712037276690e+006 2.31127335571407e-003 9.20438245796075e-001 1.56504240134892e+000 3.99309906695431e+002 3.69135109659498e-004 27374 125
4.01456306161145e+003 1.73710858931100e+006 2.31105639513608e-003 3.70738853114414e-001 1.56446714148381e+000 3.99558640876907e+002 3.69465914740268e-004 27413 126
4.01606923486696e+003 1.73713297070412e+006 2.31189099942883e-003 4.96353038117618e-001 1.56024856913968e+000 3.99571624322064e+002 3.69640002016110e-004 27855 127
4.01674512968358e+003 1.73713055177843e+006 2.31228330355091e-003 8.31904049806207e-001 1.56235785531175e+000 3.99584031785697e+002 3.69695894589664e-004 28433 128
4.01609470366298e+003 1.73713851697984e+006 2.31189827940135e-003 8.17712942899869e-001 1.56034444578387e+000 3.99745335032746e+002 3.69753942294713e-004 29028 129
4.01460004746811e+003 1.73711191383878e+006 2.31107326366082e-003 4.13892025513474e-001 1.56446714148381e+000 3.99759345195982e+002 3.70013581616621e-004 29263 130
4.01533214852119e+003 1.73713959384629e+006 2.31145787687622e-003 9.15341654713584e-001 1.56024856913968e+000 3.99969760105147e+002 3.70058873818796e-004 29413 131
4.01411427412902e+003 1.73710205206551e+006 2.31080673956979e-003 8.16370128482925e-002 1.48345137714774e+000 3.99975910664392e+002 3.79257443561646e-004 29577 132
4.01405983341889e+003 1.73709949352675e+006 2.31077880325868e-003 3.10403759880367e-001 1.56494652470473e+000 4.00426362982966e+002 3.79746415484866e-004 29807 133
4.01420774740916e+003 1.73709932460274e+006 2.31086417750468e-003 3.14371166112247e-001 1.56513827799310e+000 4.00426697880459e+002 3.80221914683692e-004 29950 134
4.01518120596393e+003 1.73711577619143e+006 2.31140267707763e-003 9.24192022461623e-001 1.56619292107913e+000 4.02894189615103e+002 3.80266260149275e-004 30189 135
4.01418629165128e+003 1.73710575802073e+006 2.31084326781316e-003 8.63582262642293e-001 1.56858983718375e+000 4.02929078486477e+002 3.80317742867283e-004 30576 136
4.01461327650605e+003 1.73713915101904e+006 2.31104464308219e-003 2.98745689260536e-001 1.55459184713279e+000 4.03758387671015e+002 3.80849618443748e-004 31269 137
4.01450506562087e+003 1.73712254942924e+006 2.31100443669105e-003 4.88601336710715e-002 1.31307858043153e+000 4.03765883914237e+002 4.08470996507822e-004 31654 138
4.01625624115569e+003 1.73712994669062e+006 2.31200267584902e-003 6.98263496810816e-002 1.44395019974364e+000 4.04151560117480e+002 4.21388686352055e-004 31820 139
4.01571472201141e+003 1.73713862421906e+006 2.31167939787929e-003 1.81371501815851e-001 1.54366190969573e+000 4.04165447524722e+002 4.22982798555157e-004 32963 140
4.01477967563964e+003 1.73710934583011e+006 2.31118008597893e-003 6.86788537247841e-001 1.56724756416517e+000 4.04499811102576e+002 4.23068013796072e-004 33538 141
4.01416988297634e+003 1.73710723501805e+006 2.31083185707001e-003 9.83001190221869e-001 1.56839808389538e+000 4.04500116979702e+002 4.23106731585136e-004 33587 142
4.01466224731944e+003 1.73711808580289e+006 2.31110085862345e-003 3.50016785180212e-001 1.56159084215827e+000 4.04501712681753e+002 4.23482151040609e-004 33664 143
4.01598988667330e+003 1.73712155365546e+006 2.31186051630492e-003 9.24039429914243e-001 1.56475477141636e+000 4.05763136924696e+002 4.23526512278932e-004 33884 144
4.01480464703345e+003 1.73710730591680e+006 2.31119717522296e-003 3.69335001678518e-001 1.56475477141636e+000 4.05774141696535e+002 4.23860090539752e-004 34532 145
4.01417652733383e+003 1.73709946994535e+006 2.31084601172028e-003 3.45225379192480e-001 1.56609704443495e+000 4.05889351537909e+002 4.24247080702518e-004 35224 146
4.01402275087836e+003 1.73709573973836e+006 2.31076244941122e-003 2.94839320047609e-001 1.56523415463729e+000 4.05891168430392e+002 4.24794646224162e-004 35354 147
4.01676752814946e+003 1.73714470636948e+006 2.31227735645755e-003 5.39262062440870e-002 1.35545605716117e+000 4.05893895421213e+002 4.47255318817351e-004 35502 148
4.01465292597852e+003 1.73711207956342e+006 2.31110348348842e-003 7.89696951200903e-001 1.56686405758843e+000 4.20999163558522e+002 4.47317996700710e-004 35894 149
4.01414382647852e+003 1.73709913573124e+006 2.31082763144167e-003 6.72994170964690e-001 1.56974035691397e+000 4.21594786096515e+002 4.47407102421264e-004 36101 150
4.01413651169653e+003 1.73709793682891e+006 2.31082501541407e-003 2.41035187841426e-001 1.56139908886990e+000 4.21594787057876e+002 4.48260073944181e-004 36103 151
4.01414136428887e+003 1.73709829943823e+006 2.31082732653412e-003 4.11694692831202e-001 1.56782282403027e+000 4.21598720322057e+002 4.48522775825977e-004 36208 152
4.01407312195842e+003 1.73711991838970e+006 2.31075928318790e-003 5.08133182775353e-001 1.56360425168615e+000 4.21712310860706e+002 4.48688112363156e-004 36704 153
4.01642399016365e+003 1.73713951650121e+006 2.31208650490306e-003 7.99584948271126e-001 1.56005681585131e+000 4.21734497860693e+002 4.48749094621921e-004 37410 154
4.01707139097904e+003 1.73714121227822e+006 2.31245692762995e-003 7.74742881557665e-001 1.55957743263039e+000 4.22518333781929e+002 4.48814461336144e-004 37665 155
4.01605407957834e+003 1.73714196627712e+006 2.31187030341292e-003 3.53099154637288e-002 5.98126444746239e-001 4.22665793155459e+002 4.81679928245259e-004 37869 156
4.01581582241943e+003 1.73712539013943e+006 2.31175520858860e-003 8.62819299905393e-001 1.56370012833033e+000 4.22666445705975e+002 4.81731509997067e-004 37963 157
4.01617598231350e+003 1.73712092699941e+006 2.31196847849616e-003 3.89202551347392e-001 1.56178259544664e+000 4.22666445839192e+002 4.82028763210894e-004 37965 158
4.01426609681355e+003 1.73711813029310e+006 2.31087275023849e-003 4.03393658253731e-001 1.56274136188849e+000 4.24108407604856e+002 4.82303497368973e-004 38506 159
4.01680927197719e+003 1.73713810822905e+006 2.31231016920893e-003 8.63216040528581e-001 1.56053619907224e+000 4.24113370562890e+002 4.82355025564093e-004 38734 160
4.01458531646747e+003 1.73711153221325e+006 2.31106529125359e-003 3.06222724082156e-001 1.56178259544664e+000 4.24114155822793e+002 4.82858793750038e-004 38856 161
4.01442129276446e+003 1.73710304871058e+006 2.31098215458053e-003 9.20194097720267e-001 1.56935685033723e+000 4.24130470472849e+002 4.82903564613386e-004 38990 162
4.01421286532408e+003 1.73712453960900e+006 2.31083358075790e-003 8.05597094637898e-001 1.56379600497452e+000 4.24130575469183e+002 4.82963552103640e-004 39019 163
4.01451639296325e+003 1.73713749936531e+006 2.31099106874309e-003 7.91375469222083e-001 1.56053619907224e+000 4.28932152613332e+002 4.83025935088401e-004 40535 164
4.01599589479014e+003 1.73712927223338e+006 2.31185370269155e-003 7.07846308786279e-001 1.56235785531175e+000 4.28943159405122e+002 4.83105670179363e-004 40832 165
4.01424937204881e+003 1.73711001127263e+006 2.31087392303753e-003 4.02874843592639e-001 1.56475477141636e+000 4.28969765818950e+002 4.83381187203295e-004 41218 166
4.01477972880087e+003 1.73710616240203e+006 2.31118435204539e-003 9.26023133030183e-001 1.56858983718375e+000 4.30887999126013e+002 4.83425340343685e-004 42375 167
4.01510402717110e+003 1.73712431038157e+006 2.31134689277962e-003 8.74019592883084e-001 1.56398775826289e+000 4.30892035138898e+002 4.83475479157811e-004 42479 168
4.01595304962751e+003 1.73712753303447e+006 2.31183135305183e-003 6.43543809320353e-001 1.56254960860012e+000 4.30892953581260e+002 4.83573799655743e-004 42554 169
4.01425644220927e+003 1.73710076275346e+006 2.31089029641609e-003 1.52592547379986e-001 1.54586707251198e+000 4.30893356842366e+002 4.85905229864850e-004 42621 170
4.01411061989070e+003 1.73710724743171e+006 2.31079772477619e-003 5.59526352732932e-001 1.56715168752098e+000 4.31031809298287e+002 4.86038988740370e-004 42731 171
4.01590247718455e+003 1.73713192580022e+006 2.31179639458426e-003 9.92584002197333e-001 1.56226197866756e+000 4.31039929733709e+002 4.86076887664513e-004 43050 172
4.01416282382927e+003 1.73709927122124e+006 2.31083838739368e-003 9.32432020020142e-001 1.57031561677908e+000 4.31252140456032e+002 4.86120376006537e-004 43392 173
4.01490663958454e+003 1.73711439959069e+006 2.31124645072583e-003 5.84093752861110e-001 1.56552178456984e+000 4.31253023593142e+002 4.86242068283837e-004 43425 174
4.01746417327686e+003 1.73713732499303e+006 2.31268821006165e-003 9.19156468398083e-001 1.56082382900479e+000 4.31256588847151e+002 4.86286948228574e-004 43495 175
4.01689299306822e+003 1.73713730404638e+006 2.31235943425915e-003 3.39457380901517e-001 1.55650938001648e+000 4.31266158244881e+002 4.86688515959097e-004 43694 176
4.01622644105000e+003 1.73712405364572e+006 2.31199336433247e-003 9.57945493942076e-001 1.56417951155126e+000 4.31332990438186e+002 4.86729495909612e-004 44008 177
4.01430714476531e+003 1.73714315739156e+006 2.31086308695811e-003 5.36240730002747e-001 1.55804340632344e+000 4.53309526198558e+002 4.86876356010634e-004 44262 178
4.01473845488365e+003 1.73713488981849e+006 2.31112237193299e-003 1.66264839625233e-001 1.54126499359111e+000 5.29448662390324e+002 4.88806458513196e-004 44872 179
4.01458074633908e+003 1.73712158982545e+006 2.31104927981268e-003 8.20429090243233e-001 1.56456301812799e+000 5.29457945407575e+002 4.88864086300604e-004 44961 180
4.01480533262139e+003 1.73713720255623e+006 2.31115779364839e-003 9.71190527054659e-001 1.56091970564898e+000 5.54854235254749e+002 4.88903845693933e-004 45267 181
4.01497628340897e+003 1.73712034290392e+006 2.31127863447173e-003 5.32700582903531e-001 1.56370012833033e+000 5.54862358701625e+002 4.89052869887821e-004 45546 182
4.01566246548137e+003 1.73714283806947e+006 2.31164370865103e-003 6.86361278115177e-001 1.55890629612110e+000 5.54927546980671e+002 4.89138196379937e-004 46060 183
4.01413877515109e+003 1.73710488055376e+006 2.31081708138910e-003 9.04995880001221e-001 1.56887746711631e+000 5.54967674628915e+002 4.89184638000979e-004 46256 184
4.01458995910355e+003 1.73710694097845e+006 2.31107407206986e-003 3.73821222571490e-001 1.56494652470473e+000 5.82628444340194e+002 4.89509472813160e-004 46635 185
4.01547224200393e+003 1.73711892436685e+006 2.31156602675154e-003 5.12649922177801e-001 1.56389188161870e+000 5.82629635189168e+002 4.89671621849494e-004 46682 186
4.01623949084575e+003 1.73713642442854e+006 2.31198441204774e-003 8.99685659352397e-001 1.56101558229316e+000 6.09155189078562e+002 4.89718666491224e-004 47116 187
4.01514484107949e+003 1.73712830380949e+006 2.31136507423804e-003 4.95254371776482e-001 1.56139908886990e+000 6.09155254566128e+002 4.89893606530212e-004 47126 188
4.01663173750224e+003 1.73713210053518e+006 2.31221596686036e-003 6.40247810296945e-001 1.56139908886990e+000 6.09155642793032e+002 4.89993042999275e-004 47228 189
4.01431676828687e+003 1.73710058199983e+006 2.31092526471695e-003 9.94598223822749e-002 1.51231024704733e+000 8.71562992559894e+002 4.95962881707146e-004 47566 190
4.01701968276933e+003 1.73714356273172e+006 2.31242403268819e-003 7.10379345072787e-001 1.55881041947691e+000 8.71563347941325e+002 4.96041989775832e-004 47587 191
4.01470369908483e+003 1.73714326916442e+006 2.31109121662240e-003 3.75469222083193e-001 1.55593412015137e+000 8.71576938137507e+002 4.96363666156594e-004 48199 192
4.01429021898595e+003 1.73710525530142e+006 2.31090376413644e-003 8.01049836725974e-001 1.56858983718375e+000 8.71576956734713e+002 4.96424406697846e-004 48221 193
4.01440965924568e+003 1.73710339342403e+006 2.31097499894403e-003 7.01712088381603e-001 1.56878159047212e+000 8.71578075683811e+002 4.96505686025987e-004 48309 194
4.01511703014614e+003 1.73712125778298e+006 2.31135843975404e-003 2.23944822534867e-001 1.55401658726768e+000 8.71578130752867e+002 4.97508358964767e-004 48323 195
4.01428491666805e+003 1.73711768769299e+006 2.31088417292047e-003 2.88705099642933e-001 1.55948155598621e+000 8.71579809787137e+002 4.98081818914421e-004 48425 196
4.01461012414888e+003 1.73712759402922e+006 2.31105820356219e-003 8.49391155735954e-001 1.56312486846522e+000 8.71671757067484e+002 4.98135211493413e-004 48809 197
4.01500206073536e+003 1.73712624596996e+006 2.31128561934510e-003 4.48713644825587e-001 1.56139908886990e+000 8.71673701707417e+002 4.98352571235925e-004 49135 198
4.01428235577179e+003 1.73713804810436e+006 2.31085561372361e-003 7.68883327738273e-001 1.56034444578387e+000 8.71675246004759e+002 4.98419039447859e-004 49331 199
4.01678084457652e+003 1.73712903613713e+006 2.31230588061961e-003 6.92770165105136e-002 1.44222442014832e+000 8.71692847975379e+002 5.11560237783766e-004 49540 200
4.01671256978635e+003 1.73713557214895e+006 2.31225787767086e-003 9.50804162724692e-001 1.56130321222571e+000 8.71693443614307e+002 5.11601896967988e-004 49653 201
4.01738700456445e+003 1.73714229234885e+006 2.31263717440134e-003 9.12564470351268e-001 1.55957743263039e+000 8.72048266846749e+002 5.11647492631475e-004 49897 202
4.01426905639964e+003 1.73710168966162e+006 2.31089632493337e-003 7.18802453688162e-001 1.56926097369304e+000 8.72048273465022e+002 5.11724581056098e-004 49926 203
4.01421015762557e+003 1.73710302436100e+006 2.31086064322678e-003 8.58119449446089e-001 1.56926097369304e+000 8.72048288029692e+002 5.11776787623914e-004 49935 204
4.01643176752490e+003 1.73714257868904e+006 2.31208690631038e-003 1.70232245857112e-001 1.54030622714927e+000 8.72049762256391e+002 5.13609257186644e-004 50061 205
4.01424150764137e+003 1.73710661997477e+006 2.31087390718844e-003 2.51686147648549e-001 1.56005681585131e+000 8.72060005478704e+002 5.14384816753348e-004 50297 206
4.01544231386465e+003 1.73711706440300e+006 2.31155127324645e-003 2.32978301339763e-001 1.55593412015137e+000 8.73779501289785e+002 5.15303971605741e-004 51186 207
4.01445666667180e+003 1.73711275047447e+006 2.31098961131875e-003 7.79412213507492e-001 1.56667230430006e+000 8.73927295848154e+002 5.15368483403705e-004 51759 208
4.01654660132700e+003 1.73713216896508e+006 2.31216686642590e-003 5.28916287728507e-001 1.56072795236061e+000 8.73928734866685e+002 5.15519859538184e-004 51904 209
4.01767147467865e+003 1.73714484805218e+006 2.31279752844409e-003 8.36451307718131e-001 1.55881041947691e+000 8.73932498538379e+002 5.15575083814841e-004 51983 210
4.01564663167622e+003 1.73713558379606e+006 2.31164424719001e-003 7.53105258339183e-001 1.56091970564898e+000 8.84384238565420e+002 5.15644654617832e-004 53271 211
4.01744149922841e+003 1.73713967312048e+006 2.31267203151544e-003 5.77562791833247e-001 1.55919392605365e+000 8.84384718066681e+002 5.15769388146032e-004 53396 212
4.01632520187436e+003 1.73712778178888e+006 2.31204525509483e-003 7.80327768791772e-001 1.56293311517685e+000 8.84386892640311e+002 5.15833732098023e-004 53413 213
4.01495649536277e+003 1.73712220795120e+006 2.31126476177529e-003 9.74700155644398e-001 1.56465889477218e+000 8.84388648251982e+002 5.15873178394723e-004 53551 214
4.01404044710432e+003 1.73709735879899e+006 2.31077048285864e-003 8.73165074617756e-001 1.57069912335582e+000 8.84389044859063e+002 5.15923426386434e-004 53590 215
4.01420867510612e+003 1.73709921426989e+006 2.31086485832667e-003 9.95880001220740e-001 1.57041149342326e+000 8.85326128779491e+002 5.15961051276334e-004 54250 216
4.01432569632108e+003 1.73712715912622e+006 2.31089504842139e-003 2.82143620105594e-001 1.55679700994903e+000 8.85326183103556e+002 5.16564240565001e-004 54279 217
4.01534444903550e+003 1.73713633303282e+006 2.31146929662166e-003 3.44431897946104e-001 1.55689288659322e+000 8.85326316685263e+002 5.16953161494295e-004 54403 218
4.01465713334873e+003 1.73711024914302e+006 2.31110834076425e-003 7.26279488509781e-001 1.56715168752098e+000 8.85328863169368e+002 5.17028514311891e-004 54714 219
4.01406886888648e+003 1.73711412245512e+006 2.31076454473786e-003 5.43656727805414e-001 1.56533003128147e+000 8.85328865448202e+002 5.17171012623605e-004 54725 220
4.01404295305053e+003 1.73709931476808e+006 2.31076932354281e-003 6.85110019226661e-001 1.56974035691397e+000 8.85331077438676e+002 5.17256688341266e-004 54985 221
4.01818438443202e+003 1.73713942238398e+006 2.31310001161264e-003 5.03769035920286e-001 1.55871454283273e+000 8.85331077764938e+002 5.17425184406092e-004 54991 222
4.01533945677581e+003 1.73711871058356e+006 2.31148987171078e-003 3.80870998260445e-001 1.56216610202338e+000 8.85331801139157e+002 5.17736932015422e-004 55207 223
4.01453559202609e+003 1.73711221385472e+006 2.31103575977730e-003 3.96099734488968e-001 1.56408363490707e+000 8.85337404993551e+002 5.18022922047765e-004 55477 224
4.01533365504397e+003 1.73714014234368e+006 2.31145801428059e-003 7.47703482161931e-001 1.55976918591876e+000 8.85518802661691e+002 5.18093602545997e-004 56357 225
4.01404710310701e+003 1.73709801141205e+006 2.31077344638372e-003 4.25428022095401e-001 1.56811045396283e+000 8.88780322856337e+002 5.18338008467713e-004 56805 226
4.01592343546289e+003 1.73711903395631e+006 2.31182561617324e-003 2.52052369762261e-001 1.55698876323740e+000 8.88781774871133e+002 5.19111061997233e-004 57186 227
4.01431313263666e+003 1.73711990708107e+006 2.31089746336018e-003 5.19058809167760e-001 1.56370012833033e+000 8.88815171065082e+002 5.19268838859318e-004 57706 228
4.01456745815398e+003 1.73713166104869e+006 2.31102823182576e-003 5.81560716574603e-001 1.56120733558153e+000 8.88935996475184e+002 5.19391696335399e-004 58027 229
4.01415973545481e+003 1.73710889821063e+006 2.31082380299114e-003 1.46519363994263e-001 1.54174437681204e+000 8.88938832427562e+002 5.21940746241851e-004 58165 230
4.01410801661929e+003 1.73709731732568e+006 2.31080943576498e-003 2.33680227057710e-001 1.56091970564898e+000 8.88964275073184e+002 5.22853894272519e-004 58431 231
4.01453773665942e+003 1.73711251710653e+006 2.31103659092588e-003 9.61729789117099e-001 1.56705581087680e+000 8.89147937117039e+002 5.22894520912537e-004 58544 232
4.01835463751160e+003 1.73714151920655e+006 2.31319522666782e-003 2.21778008362072e-001 1.54874337183752e+000 8.89189633518811e+002 5.23918767265350e-004 59390 233
4.01504130774750e+003 1.73711977710321e+006 2.31131681935136e-003 6.18610187078463e-002 1.41288616702780e+000 8.89270157723667e+002 5.40705871658484e-004 59866 234
4.01407188238065e+003 1.73710142056312e+006 2.31078317603646e-003 8.49452192754906e-001 1.56964448026978e+000 8.89280438144324e+002 5.40759257333024e-004 60135 235
4.01492546803968e+003 1.73713511411532e+006 2.31122972902916e-003 6.16657002471999e-001 1.56053619907224e+000 8.89298513653411e+002 5.40867254351632e-004 60328 236
4.01467203656425e+003 1.73711739071274e+006 2.31110741869263e-003 2.54371776482437e-001 1.55756402310251e+000 8.89308335623386e+002 5.41624891117564e-004 60478 237
4.01647242556006e+003 1.73713131692192e+006 2.31212530059219e-003 9.47660756248665e-001 1.56235785531175e+000 8.89308590309105e+002 5.41666855309017e-004 60516 238
4.01617461470454e+003 1.73713514173776e+006 2.31194877276878e-003 9.43296609393597e-001 1.56139908886990e+000 8.89308611705359e+002 5.41709247446683e-004 60547 239
4.01680556134740e+003 1.73713716046903e+006 2.31230929472264e-003 6.22150334177679e-001 1.56005681585131e+000 8.89632793198941e+002 5.41815157187114e-004 60724 240
4.01564419674731e+003 1.73713311721470e+006 2.31164612783022e-003 5.77745902890103e-001 1.56082382900479e+000 8.89654433675356e+002 5.41939805950728e-004 60918 241
4.01548293045152e+003 1.73711321641557e+006 2.31157977522200e-003 1.00711081270791e-001 1.51058446745201e+000 8.98403762353750e+002 5.47747088926311e-004 61032 242
4.01561240034696e+003 1.73713782570333e+006 2.31162155836282e-003 4.73738822595904e-001 1.55881041947691e+000 8.99128869887348e+002 5.47939980719283e-004 61408 243
4.01428528437341e+003 1.73712623602903e+006 2.31087301285602e-003 4.09314249092074e-001 1.56082382900479e+000 8.99748728587208e+002 5.48206043422184e-004 61916 244
4.01409797772164e+003 1.73709769414679e+006 2.31080315540277e-003 5.47898800622578e-001 1.56945272698141e+000 8.99749416231561e+002 5.48346127744354e-004 61942 245
4.01418484120816e+003 1.73709929420086e+006 2.31085103155247e-003 9.69267860957671e-002 1.50952982436598e+000 8.99749768855508e+002 5.54663532686541e-004 61966 246
4.01522003401578e+003 1.73712334159130e+006 2.31141496245810e-003 6.46290475173192e-001 1.56360425168615e+000 8.99749858084440e+002 5.54760937047225e-004 62027 247
4.01734489040987e+003 1.73713195866041e+006 2.31262668818444e-003 9.12808618427076e-002 1.49342254814295e+000 8.99750510941950e+002 5.61961956587343e-004 62070 248
4.01450508180737e+003 1.73710406026680e+006 2.31102904349020e-003 1.68553727835933e-001 1.54951038499100e+000 9.00832695238858e+002 5.63835259045200e-004 62212 249
4.01414200613551e+003 1.73709976756804e+006 2.31082574301012e-003 4.29090243232521e-001 1.56772694738609e+000 9.00833076354084e+002 5.64075099059675e-004 62466 250
4.01549814408863e+003 1.73713743124598e+006 2.31155631089713e-003 7.13797418134098e-001 1.56034444578387e+000 9.00842235592458e+002 5.64153377476311e-004 62722 251
4.01740275560212e+003 1.73714260317564e+006 2.31264582776484e-003 9.00570696127201e-001 1.55948155598621e+000 9.00863424887890e+002 5.64200319705453e-004 62984 252
4.01689827532030e+003 1.73713235214754e+006 2.31236906665877e-003 9.25778984954375e-001 1.56207022537919e+000 9.00863471711431e+002 5.64244496892573e-004 63017 253
4.01738914069383e+003 1.73713666598179e+006 2.31264589439296e-003 3.11807611316263e-001 1.55574236686300e+000 9.00867934476688e+002 5.64728592024528e-004 63133 254
4.01435763904082e+003 1.73710749578856e+006 2.31093959505837e-003 2.24158452101199e-001 1.55746814645833e+000 9.00886284618572e+002 5.65729215891371e-004 63775 255
4.01455498524543e+003 1.73710671832258e+006 2.31105423500482e-003 6.65547654652547e-001 1.56782282403027e+000 9.00894259048747e+002 5.65820529315460e-004 64050 256
4.01570549373698e+003 1.73712386277151e+006 2.31169372926236e-003 3.73638111514634e-001 1.56072795236061e+000 9.00894569115300e+002 5.66145703538363e-004 64076 257
4.01793184290316e+003 1.73713819385169e+006 2.31295627033131e-003 3.62010559404279e-001 1.55689288659322e+000 9.00895092180719e+002 5.66494283158674e-004 64174 258
4.01455047521256e+003 1.73711406099793e+006 2.31104187008890e-003 6.93655201879940e-001 1.56609704443495e+000 9.00898284909219e+002 5.66577653172715e-004 64229 259
4.01417237817924e+003 1.73709929722507e+006 2.31084385294681e-003 5.36820581682791e-001 1.56897334376049e+000 9.01387004800000e+002 5.66724176180290e-004 64340 260
4.01410198530137e+003 1.73710103354301e+006 2.31080102017780e-003 8.02362132633442e-001 1.56964448026978e+000 9.01423895948136e+002 5.66784698487197e-004 64765 261
4.01434207617659e+003 1.73713854211074e+006 2.31088933499058e-003 7.91955320902127e-002 1.46878225058748e+000 9.01424770729325e+002 5.76605014020151e-004 64879 262
4.01422719855166e+003 1.73711355207045e+006 2.31085644825188e-003 2.77840510269478e-001 1.55996093920713e+000 9.01424787997249e+002 5.77228971435306e-004 64897 263
4.01450376705797e+003 1.73711054746377e+006 2.31101965618343e-003 7.95922727134007e-002 1.47674001205481e+000 9.01424794030478e+002 5.86949521685133e-004 64906 264
4.01469934775085e+003 1.73712085030105e+006 2.31111853800478e-003 9.36674092837306e-001 1.56494652470473e+000 9.01425070859714e+002 5.86992577176026e-004 64929 265
4.01402872849963e+003 1.73709869727157e+006 2.31076195632296e-003 5.74663533433027e-002 1.39303970168157e+000 9.01443609897764e+002 6.06667949357348e-004 65087 266
4.01452893002632e+003 1.73710734463881e+006 2.31103840263518e-003 8.70174260689108e-001 1.56820633060701e+000 9.01571858476441e+002 6.06718577911543e-004 65844 267
4.01439092843558e+003 1.73713654266223e+006 2.31092011696113e-003 8.13623462630085e-001 1.56082382900479e+000 9.01577920100402e+002 6.06777269718172e-004 66016 268
4.01460079378330e+003 1.73712311926782e+006 2.31105878560583e-003 4.55488753929258e-001 1.56226197866756e+000 9.01745065357929e+002 6.06987581706495e-004 66552 269
4.01558129231228e+003 1.73713896026813e+006 2.31160214106556e-003 3.76903592028565e-002 4.76363106631672e-001 9.01809420626243e+002 6.30172789631644e-004 66853 270
4.01513419595649e+003 1.73711169189517e+006 2.31138104960441e-003 3.14737388225959e-001 1.56207022537919e+000 9.04040713306111e+002 6.30647061995832e-004 67342 271
4.01408324413334e+003 1.73712342216085e+006 2.31076044935603e-003 5.91662343211158e-001 1.56331662175359e+000 9.04040729430166e+002 6.30765354139397e-004 67388 272
4.01647705607539e+003 1.73713583379222e+006 2.31212195425496e-003 3.08938871425520e-001 1.55583824350719e+000 9.04043089034652e+002 6.31259394562136e-004 67560 273
4.01497149455603e+003 1.73710779918092e+006 2.31129256746332e-003 2.29804376354259e-001 1.55794752967925e+000 9.04043092245776e+002 6.32206736132818e-004 67568 274
4.01657081078259e+003 1.73713278519658e+006 2.31217998257993e-003 7.43156224250008e-001 1.56159084215827e+000 9.04703713300391e+002 6.32278372908436e-004 67672 275
4.01451525083123e+003 1.73710599024824e+006 2.31103232984250e-003 9.52787865840632e-002 1.50569475859859e+000 9.04779833845044e+002 6.38837077168142e-004 68087 276
4.01487982301815e+003 1.73711849618289e+006 2.31122556290288e-003 8.68465224158452e-001 1.56542590792566e+000 9.04836797851808e+002 6.38887924606629e-004 68528 277
4.01549647529584e+003 1.73713715842089e+006 2.31155571328423e-003 8.40723899044771e-001 1.56072795236061e+000 9.04837638216631e+002 6.38942534485903e-004 68610 278
4.01457107920571e+003 1.73711094635132e+006 2.31105787478696e-003 7.92016357921079e-001 1.56715168752098e+000 9.04845730603630e+002 6.39004809334014e-004 68845 279
4.01715516771807e+003 1.73713971554189e+006 2.31250714662856e-003 6.82546464430677e-001 1.55967330927457e+000 9.04858551758380e+002 6.39091189282582e-004 69239 280
4.01638036486607e+003 1.73712647855183e+006 2.31207874478591e-003 7.00277718436232e-001 1.56302899182104e+000 9.05017205890804e+002 6.39172833027224e-004 69716 281
4.01433753548501e+003 1.73710146487546e+006 2.31093604522417e-003 5.20035401470992e-001 1.56830220725120e+000 9.05066054878306e+002 6.39329962243100e-004 69932 282
4.01617333026277e+003 1.73714018669453e+006 2.31194131909576e-003 3.71013519699698e-001 1.55660525666066e+000 9.05066858200256e+002 6.39660202143226e-004 70077 283
4.01413670882904e+003 1.73710209188860e+006 2.31081960154100e-003 8.90194402905362e-001 1.56954860362560e+000 9.05163053312467e+002 6.39708359613573e-004 70902 284
4.01432155978455e+003 1.73711490559302e+006 2.31090896806129e-003 9.07895138401440e-001 1.56638467436750e+000 9.05171376446586e+002 6.39754475222650e-004 71054 285
4.01457881322488e+003 1.73710453223174e+006 2.31107086037661e-003 4.78438673055208e-001 1.56715168752098e+000 9.05171826083973e+002 6.39943235236343e-004 71134 286
4.01589582133896e+003 1.73714189506928e+006 2.31177929601088e-003 4.98184148686178e-001 1.55804340632344e+000 9.05175081786373e+002 6.40115913465575e-004 71260 287
4.01487400090772e+003 1.73711001715382e+006 2.31123349262494e-003 9.26938688314463e-001 1.56763107074190e+000 9.05267775185043e+002 6.40159970605362e-004 71439 288
4.01457095303318e+003 1.73710946471395e+006 2.31105977332343e-003 6.04724265266884e-001 1.56686405758843e+000 9.05331996928148e+002 6.40272716585549e-004 71949 289
4.01480394928060e+003 1.73710943292205e+006 2.31119394361300e-003 2.29041413617359e-001 1.55746814645833e+000 9.05351487157358e+002 6.41227008590330e-004 72240 290
4.01424010321713e+003 1.73713590641808e+006 2.31083413974523e-003 8.29798272652364e-001 1.56101558229316e+000 9.05357235850636e+002 6.41283212996422e-004 72553 291
4.01428127195521e+003 1.73710395528910e+006 2.31090034304567e-003 7.15323343607898e-001 1.56868571382794e+000 9.05367356735385e+002 6.41361128602241e-004 72805 292
4.01437209207391e+003 1.73710179279132e+006 2.31095550212336e-003 5.07095553453169e-001 1.56811045396283e+000 9.05371686759515e+002 6.41527214042763e-004 72914 293
4.01740785477958e+003 1.73714048931136e+006 2.31265157730106e-003 4.64156010620441e-001 1.55804340632344e+000 9.05725051397028e+002 6.41728973835966e-004 73266 294
4.01543518733644e+003 1.73712338902832e+006 2.31153875477258e-003 5.44511246070742e-001 1.56302899182104e+000 9.05751841574275e+002 6.41870978469355e-004 73490 295
4.01660477960069e+003 1.73712458200148e+006 2.31221045583034e-003 2.62550737022004e-001 1.55631762672811e+000 9.05764093989567e+002 6.42577647468774e-004 73603 296
4.01486146075191e+003 1.73710771560398e+006 2.31122933589439e-003 3.48521378215888e-002 9.42994733878597e-001 9.05764398189205e+002 6.91189999192684e-004 73642 297
4.01497675539311e+003 1.73711135944174e+006 2.31129085889923e-003 5.54948576311533e-001 1.56609704443495e+000 9.05856189559123e+002 6.91326196922182e-004 74198 298
4.01562607784221e+003 1.73713801872461e+006 2.31162917504696e-003 9.79003265480514e-001 1.56072795236061e+000 9.05858209423980e+002 6.91365261539345e-004 74386 299
4.01491006024939e+003 1.73714432949506e+006 2.31120859866530e-003 6.35822626422926e-001 1.55833103625599e+000 9.05865479488810e+002 6.91466223505472e-004 74645 300
4.01574526756236e+003 1.73712916796563e+006 2.31170956554732e-003 4.15356913968322e-002 1.19668433439131e+000 9.06003341002714e+002 7.29474227183053e-004 74781 301
4.01439403029414e+003 1.73710998842475e+006 2.31095722822381e-003 8.63093966490676e-001 1.56753519409772e+000 9.06004236704975e+002 7.29525773852255e-004 74871 302
4.01492807030683e+003 1.73711430957766e+006 2.31125890738989e-003 4.91744743186743e-001 1.56485064806055e+000 9.06005070870464e+002 7.29703477204667e-004 74892 303
4.01405937911257e+003 1.73710866955981e+006 2.31076633540824e-003 7.95617542039247e-001 1.56772694738609e+000 9.06007084571824e+002 7.29765133734590e-004 75331 304
4.01665146912062e+003 1.73714054590330e+006 2.31221608433358e-003 7.16269417401654e-002 1.44730588229011e+000 9.06012246306980e+002 7.41984330924290e-004 75453 305
4.01564931779921e+003 1.73712492542853e+006 2.31165997684447e-003 7.29972228156377e-001 1.56350837504196e+000 9.09305505991833e+002 7.42058846183731e-004 75646 306
4.01403075219553e+003 1.73709597689462e+006 2.31076674005763e-003 4.05804620502335e-001 1.56830220725120e+000 9.10944800071095e+002 7.42330010145814e-004 76032 307
4.01705154586428e+003 1.73713064825135e+006 2.31245956632692e-003 8.43897824030274e-001 1.56235785531175e+000 9.10992086697751e+002 7.42384170004705e-004 76273 308
4.01666814047407e+003 1.73713816208896e+006 2.31222885426692e-003 6.57002471999268e-001 1.55996093920713e+000 9.14018347856408e+002 7.42478111569872e-004 76743 309
4.01763772546182e+003 1.73713951631806e+006 2.31278519906087e-003 5.87237159337138e-001 1.55928980269784e+000 9.14018348597185e+002 7.42598369072136e-004 76747 310
4.01600301987253e+003 1.73712780050047e+006 2.31185976296147e-003 6.36860255745109e-001 1.56245373195593e+000 9.14021345240720e+002 7.42698973815582e-004 77058 311
4.01405798223390e+003 1.73709788120501e+006 2.31077988237492e-003 9.59776604510636e-001 1.57069912335582e+000 9.14066457014370e+002 7.42739782852137e-004 77746 312
4.01679395340732e+003 1.73713708870911e+006 2.31230270805337e-003 7.49015778069399e-001 1.56053619907224e+000 9.14072569017796e+002 7.42810191776428e-004 77929 313
4.01791383096097e+003 1.73713750475765e+006 2.31294681914677e-003 6.89107943968017e-001 1.56024856913968e+000 9.14073150987609e+002 7.42894773118338e-004 78132 314
4.01625694114489e+003 1.73713734944669e+006 2.31199322631102e-003 5.00137333292642e-001 1.55919392605365e+000 9.14073162661063e+002 7.43065973630386e-004 78139 315
4.01407915823334e+003 1.73710355195334e+006 2.31078452923772e-003 8.78322702719199e-001 1.56916509704886e+000 9.14087117529654e+002 7.43115574704134e-004 79013 316
4.01552483899490e+003 1.73711638426953e+006 2.31159968499817e-003 7.57957701345866e-001 1.56571353785821e+000 9.14158855857608e+002 7.43184171866446e-004 79272 317
4.01470714482987e+003 1.73710863098736e+006 2.31113928352327e-003 2.98104800561541e-001 1.56216610202338e+000 9.33942011272430e+002 7.43718616582233e-004 79820 318
4.01552954634295e+003 1.73713174120206e+006 2.31158195943923e-003 3.44676046021912e-001 1.55804340632344e+000 9.33942316304918e+002 7.44106937649291e-004 79824 319
4.01688518157117e+003 1.73713942989664e+006 2.31235210775015e-003 3.25754570146794e-001 1.55555061357463e+000 9.33943218130655e+002 7.44546601827214e-004 79954 320
4.01525197126828e+003 1.73711992648901e+006 2.31143789165929e-003 5.58580278939177e-001 1.56398775826289e+000 9.33944801434575e+002 7.44680857396770e-004 80086 321
4.01532680669509e+003 1.73713461078941e+006 2.31146143232175e-003 7.70744956816309e-001 1.56120733558153e+000 9.58884518241301e+002 7.44746973493441e-004 80483 322
4.01473051079443e+003 1.73710677201554e+006 2.31115520779902e-003 3.41776787621693e-001 1.56417951155126e+000 9.58887598814995e+002 7.45142601973454e-004 80683 323
4.01416220087832e+003 1.73710458248282e+006 2.31083096333228e-003 6.10614337595752e-001 1.56811045396283e+000 9.58894221609269e+002 7.45252969607664e-004 80728 324
4.01523705911419e+003 1.73712424478150e+006 2.31142356136379e-003 7.37784966582232e-001 1.56370012833033e+000 9.58895335141457e+002 7.45325760022787e-004 80832 325
4.01649428372394e+003 1.73712588290046e+006 2.31214511616289e-003 1.98980681783502e-001 1.54979801492355e+000 9.58921981197006e+002 7.46626082077917e-004 81335 326
4.01541738106513e+003 1.73711923324182e+006 2.31153403434310e-003 8.63551744132817e-001 1.56523415463729e+000 9.58922557207576e+002 7.46677568127658e-004 81387 327
4.01576515622315e+003 1.73712745114462e+006 2.31172329933060e-003 6.38935514389477e-001 1.56254960860012e+000 9.58977698762824e+002 7.46777455471288e-004 81997 328
4.01617968346472e+003 1.73713031910124e+006 2.31195810907577e-003 6.27155369731742e-001 1.56178259544664e+000 9.58977830135056e+002 7.46881516408367e-004 82055 329
4.01410544650699e+003 1.73709974360911e+006 2.31080472863329e-003 1.64616840113529e-001 1.54960626163518e+000 9.58980985890942e+002 7.48854801386708e-004 82241 330
4.01448231914443e+003 1.73711484440848e+006 2.31100159284845e-003 3.57676931058687e-002 1.00454753944517e+000 9.59007462095590e+002 7.96734518682386e-004 82275 331
4.01584770972546e+003 1.73713593482657e+006 2.31175953207698e-003 7.49839777825251e-001 1.56082382900479e+000 9.59047053551225e+002 7.96804757703909e-004 82336 332
4.01457401771358e+003 1.73713682985338e+006 2.31102513150208e-003 3.23679311502426e-001 1.55612587343974e+000 9.59129570615522e+002 7.97250651147237e-004 82952 333
4.01664528787009e+003 1.73712602768512e+006 2.31223185055896e-003 1.54332102420118e-001 1.54011447386090e+000 9.59132160848813e+002 7.99524295045029e-004 83049 334
4.01444452519654e+003 1.73713471835221e+006 2.31095339722076e-003 2.81472212897122e-001 1.55487947706534e+000 9.59138019197235e+002 8.00130636858414e-004 83221 335
4.01420297721801e+003 1.73710518992665e+006 2.31085362887214e-003 7.55241554002502e-001 1.56849396053957e+000 9.59154753618085e+002 8.00199778647598e-004 83558 336
4.01531372884816e+003 1.73714353857131e+006 2.31144202464106e-003 3.16629535813471e-001 1.55420834055605e+000 1.02894118166605e+003 8.00667791530399e-004 84241 337
4.01509438059134e+003 1.73712233439284e+006 2.31134396877768e-003 1.90252388073367e-001 1.54931863170263e+000 1.02910369500951e+003 8.02102964551206e-004 84539 338
4.01467458782150e+003 1.73713848895680e+006 2.31108081811275e-003 9.24771874141667e-001 1.56053619907224e+000 1.02915362759682e+003 8.02147247005899e-004 84872 339
4.01416419978090e+003 1.73712211955666e+006 2.31080878516954e-003 6.42658772545549e-001 1.56389188161870e+000 1.02919864036929e+003 8.02245866637128e-004 84878 340
4.01425435038239e+003 1.73710505765495e+006 2.31088337868448e-003 8.22717978453932e-001 1.56868571382794e+000 1.02920126810910e+003 8.02303143279863e-004 85042 341
4.01494001576623e+003 1.73711209083601e+006 2.31126873603814e-003 2.93771172215949e-001 1.56111145893735e+000 1.02920139998799e+003 8.02855081080708e-004 85081 342
4.01473869147549e+003 1.73710881340918e+006 2.31115720115522e-003 7.35038300729392e-001 1.56753519409772e+000 1.02920140708976e+003 8.02928472696998e-004 85086 343
4.01557145728533e+003 1.73713165625827e+006 2.31160619886409e-003 5.13412884914701e-001 1.56072795236061e+000 1.02920147455141e+003 8.03090087747064e-004 85134 344
4.01505841505597e+003 1.73712034095795e+006 2.31132591715213e-003 4.46180608539079e-001 1.56283723853267e+000 1.02920353872697e+003 8.03310174253891e-004 85212 345
4.01407558748159e+003 1.73709689330722e+006 2.31079133133899e-003 1.63365581225013e-001 1.54998976821192e+000 1.02920483611716e+003 8.05316878847928e-004 85422 346
4.01441302784827e+003 1.73710273603731e+006 2.31097781270016e-003 3.27768791772210e-001 1.56475477141636e+000 1.02921945045804e+003 8.05750663366154e-004 85935 347
4.01417764820243e+003 1.73709854437675e+006 2.31084788824106e-003 7.82982879116184e-001 1.57021974013489e+000 1.02922048958559e+003 8.05814530236872e-004 86016 348
4.01517167359356e+003 1.73712467269848e+006 2.31138535209406e-003 5.95782341990417e-001 1.56302899182104e+000 1.02930057510980e+003 8.05931029938608e-004 86814 349
4.01402297829858e+003 1.73709637341301e+006 2.31076173739123e-003 6.94875942258980e-001 1.57050737006745e+000 1.02931198999039e+003 8.06014078988672e-004 87026 350
4.01424044409949e+003 1.73711017163834e+006 2.31086857019036e-003 7.02230903042695e-002 1.45037393490402e+000 1.02931201970779e+003 8.18781942147194e-004 87050 351
4.02297462529862e+003 1.73709571804499e+006 6.28086408419229e+000 8.83663441877499e-001 -1.57050737006745e+000 1.02932472253064e+003 8.18830886154274e-004 87211 352
4.01712843195026e+003 1.73713761719296e+006 2.31249454935647e-003 5.30594805749687e-001 1.55938567934202e+000 1.02932473080314e+003 8.18981208600166e-004 87218 353
4.01518850838201e+003 1.73711530934369e+006 2.31140750200105e-003 4.61165196691794e-001 1.56427538819544e+000 1.03145774660112e+003 8.19185870549813e-004 87481 354
4.01468250029687e+003 1.73711926944258e+006 2.31111094277173e-003 2.65907773064364e-001 1.55785165303507e+000 1.03145873357117e+003 8.19873075113424e-004 87673 355
4.01576359144367e+003 1.73714253093298e+006 2.31170233101949e-003 8.38099307229835e-001 1.55938567934202e+000 1.03160182447445e+003 8.19928061142957e-004 87800 356
4.01407491531808e+003 1.73710043752296e+006 2.31078622969168e-003 2.19306009094516e-001 1.55871454283273e+000 1.03160779406955e+003 8.20978057583992e-004 87902 357
4.01437956593207e+003 1.73711019357554e+006 2.31094862866698e-003 8.39136936552019e-001 1.56743931745354e+000 1.03160794504056e+003 8.21032897401859e-004 88032 358
4.01585490500543e+003 1.73712102703114e+006 2.31178351334040e-003 2.15491195410016e-001 1.55315369747002e+000 1.03160795803363e+003 8.22124132018524e-004 88048 359
4.01747271874086e+003 1.73714428767719e+006 2.31268385979444e-003 2.31635486922819e-001 1.54903100177007e+000 1.03425062151888e+003 8.23054932520587e-004 89009 360
4.01540001103522e+003 1.73711536378387e+006 2.31152918401170e-003 2.68868068483535e-001 1.55900217276528e+000 1.03425089618865e+003 8.23725610717600e-004 89092 361
4.01593040598659e+003 1.73713052579923e+006 2.31181433518113e-003 6.61397137363811e-001 1.56187847209082e+000 1.03427660804339e+003 8.23818186276143e-004 89842 362
4.01475722893471e+003 1.73710760106036e+006 2.31116948552892e-003 6.07654042176580e-001 1.56734344080935e+000 1.03428602831588e+003 8.23929739992936e-004 90127 363
4.01723626563427e+003 1.73713443454477e+006 2.31256086140199e-003 4.94155705435347e-001 1.55986506256294e+000 1.03428612691746e+003 8.24105534117405e-004 90209 364
4.01514828276855e+003 1.73714082721303e+006 2.31135039242101e-003 8.68617816705832e-001 1.55986506256294e+000 1.03514920988560e+003 8.24156359602631e-004 90714 365
4.01405157596932e+003 1.73709800539734e+006 2.31077602927599e-003 7.94701986754967e-002 1.47961631138035e+000 1.03514962599654e+003 8.33912396012730e-004 90824 366
4.01479973984754e+003 1.73710771696433e+006 2.31119380342963e-003 8.68343150120548e-001 1.56811045396283e+000 1.03515087884138e+003 8.33963259728768e-004 90983 367
4.01714021501904e+003 1.73714079686018e+006 2.31249709956361e-003 4.54512161626026e-001 1.55785165303507e+000 1.03515616364682e+003 8.34174557146162e-004 91204 368
4.01407799835820e+003 1.73710545735451e+006 2.31078132688474e-003 1.65684987945189e-001 1.54845574190497e+000 1.03515628838850e+003 8.36119914333065e-004 91242 369
4.01559441847497e+003 1.73712869074426e+006 2.31162336290223e-003 2.12958159123508e-001 1.55094853465377e+000 1.03515628888895e+003 8.37239861981649e-004 91245 370
4.01556324125886e+003 1.73712804947516e+006 2.31160626877831e-003 2.59590441602832e-001 1.55526298364208e+000 1.03522045424192e+003 8.37964369946330e-004 91483 371
4.01415479613039e+003 1.73709875725261e+006 2.31083444981570e-003 9.80803857539598e-001 1.57050737006745e+000 1.03548065593544e+003 8.38003278932317e-004 92454 372
4.01479949611540e+003 1.73711339057183e+006 2.31118611452992e-003 2.08471938230537e-001 1.55420834055605e+000 1.03548537409354e+003 8.39177003545761e-004 92640 373
4.01519786243330e+003 1.73712791715592e+006 2.31139611096504e-003 7.22861415448469e-001 1.56274136188849e+000 1.03570281685280e+003 8.39253140501662e-004 93100 374
4.01432836257861e+003 1.73710546940748e+006 2.31092543732374e-003 3.74584185308390e-001 1.56533003128147e+000 1.03618324297294e+003 8.39576522203938e-004 94071 375
4.01735996288822e+003 1.73714201407813e+006 2.31262197817991e-003 2.51625110629597e-001 1.55123616458632e+000 1.05507067985038e+003 8.40352392017364e-004 94295 376
4.01762121479872e+003 1.73714318395848e+006 2.31277081164063e-003 5.12222663045137e-001 1.55785165303507e+000 1.05507090743815e+003 8.40514829021059e-004 94319 377
4.01519883277680e+003 1.73711046601099e+006 2.31141988993822e-003 1.09500411999878e-001 1.52007625522629e+000 1.05519940621469e+003 8.45348278470004e-004 94528 378
4.01615723057655e+003 1.73712785488115e+006 2.31194846349050e-003 1.42124698629719e-001 1.53532064165166e+000 1.05520758559973e+003 8.48073390287912e-004 94736 379
4.01463090290201e+003 1.73712118856097e+006 2.31107868687654e-003 1.05868709372234e-001 1.51403602664266e+000 1.05548499056140e+003 8.53277446358997e-004 94894 380
4.01567087830814e+003 1.73712555280127e+006 2.31167155351283e-003 8.26746421704764e-002 1.47971218802454e+000 1.05548499286385e+003 8.62220947409054e-004 94901 381
4.01503966579305e+003 1.73712001214774e+006 2.31131556140367e-003 1.78289132358776e-001 1.54768872875149e+000 1.05559979578157e+003 8.63876488706489e-004 94929 382
4.01487141425444e+003 1.73713149850022e+006 2.31120342301307e-003 1.60191656239509e-001 1.54049798043764e+000 1.05559982116469e+003 8.65971197054218e-004 94954 383
4.01444025356447e+003 1.73710208263441e+006 2.31099435494331e-003 6.90328684347057e-001 1.56906922040468e+000 1.05560039831510e+003 8.66055454254455e-004 94976 384
4.01427445952528e+003 1.73710334180312e+006 2.31089723747705e-003 9.73967711416974e-001 1.56935685033723e+000 1.05560080450197e+003 8.66094966545622e-004 95066 385
4.01496189809314e+003 1.73714061866242e+006 2.31124337653185e-003 7.22769859920042e-001 1.55957743263039e+000 1.05564965033431e+003 8.66171122398907e-004 95661 386
4.01450049667498e+003 1.73710737360082e+006 2.31102199597433e-003 5.96911526841029e-001 1.56734344080935e+000 1.05566826857289e+003 8.66287140614443e-004 96035 387
4.01431374130710e+003 1.73711986483788e+006 2.31089786994498e-003 1.68980986968596e-001 1.54567531922361e+000 1.05566884663277e+003 8.68149872689131e-004 96106 388
4.01440949613226e+003 1.73710315184237e+006 2.31097522643464e-003 7.44865260780664e-001 1.56897334376049e+000 1.05567265939586e+003 8.68221151260866e-004 96371 389
4.01420678041095e+003 1.73712278490030e+006 2.31083241212704e-003 7.45262001403851e-001 1.56408363490707e+000 1.05584695556081e+003 8.68292344894127e-004 96519 390
4.01414089330462e+003 1.73713889287792e+006 2.31077305621762e-003 2.95113986632893e-001 1.55449597048860e+000 1.05584712695126e+003 8.68838725721031e-004 96593 391
4.01421556932824e+003 1.73710088568916e+006 2.31086660363405e-003 7.48741111484115e-001 1.56954860362560e+000 1.05584712708313e+003 8.68909195135161e-004 96597 392
4.01520263600087e+003 1.73711065702907e+006 2.31142182515306e-003 6.25965147862178e-001 1.56667230430006e+000 1.05584901049681e+003 8.69013695224966e-004 96773 393
4.01427447970483e+003 1.73712052011692e+006 2.31087439680670e-003 7.16513565477462e-001 1.56456301812799e+000 1.05584901075126e+003 8.69091325037900e-004 96776 394
4.01410446315695e+003 1.73709721761399e+006 2.31080752278658e-003 5.68559831537828e-002 1.38939638920255e+000 1.05584912339123e+003 8.89221064018904e-004 96803 395
4.01535453368832e+003 1.73711376440192e+006 2.31150513256505e-003 4.53108310190130e-001 1.56456301812799e+000 1.05584912542573e+003 8.89433818049800e-004 96815 396
4.01468316319078e+003 1.73713573401059e+006 2.31108941974581e-003 2.34565263832514e-001 1.55142791787469e+000 1.05591304996205e+003 8.90339277679803e-004 97246 397
4.01520031777301e+003 1.73711990203760e+006 2.31140818921818e-003 1.82042909024323e-001 1.54845574190497e+000 1.05591323310246e+003 8.91920671436177e-004 97362 398
4.01494942882785e+003 1.73712923077824e+006 2.31125134996251e-003 1.80669576097903e-001 1.54586707251198e+000 1.05591787849852e+003 8.93528533076855e-004 97579 399
4.01625130274870e+003 1.73712902976181e+006 2.31200105337525e-003 1.32877590258492e-001 1.53091031601917e+000 1.05595453790852e+003 8.96687836287124e-004 97856 400
4.01418235724433e+003 1.73709957960930e+006 2.31084922193565e-003 9.91729483932005e-001 1.57031561677908e+000 1.05595896837451e+003 8.96725808468748e-004 98056 401
4.01429488132040e+003 1.73710186537842e+006 2.31091095776607e-003 3.96679586169011e-001 1.56667230430006e+000 1.05606414347017e+003 8.97010883596780e-004 98322 402
4.01434611848466e+003 1.73711219689123e+006 2.31092670906271e-003 2.66884365367595e-001 1.55967330927457e+000 1.05608407411144e+003 8.97692583035240e-004 98533 403
4.01413126615626e+003 1.73710644742351e+006 2.31081067436018e-003 2.52418591875973e-001 1.56015269249550e+000 1.05616655867954e+003 8.98463201031275e-004 99276 404
4.01479074397852e+003 1.73711091838573e+006 2.31118436540253e-003 5.67522202215644e-001 1.56628879772332e+000 1.05621206858812e+003 8.98592848487042e-004 99760 405
4.01487729446753e+003 1.73711930693116e+006 2.31122302861952e-003 5.64378795739616e-001 1.56417951155126e+000 1.05621209481862e+003 8.98724088321064e-004 99774 406
4.01475434779207e+003 1.73713713978980e+006 2.31112852739576e-003 1.00985747856075e-001 1.50492774544511e+000 1.05621231975304e+003 9.04494618185110e-004 99882 407
4.01429994249432e+003 1.73710222080276e+006 2.31091339849511e-003 4.82802819910276e-002 1.31183218405713e+000 1.05621268138716e+003 9.32841740732685e-004 100074 408
4.01528680702206e+003 1.73711264913411e+006 2.31146762874148e-003 1.98065126499222e-001 1.55296194418165e+000 1.05703307228393e+003 9.34155403797504e-004 100583 409
4.01487380480916e+003 1.73712355004989e+006 2.31121537435765e-003 6.15894039735099e-001 1.56341249839778e+000 1.05703580621474e+003 9.34263698110996e-004 100844 410
4.01415106274716e+003 1.73710998168974e+006 2.31081736909701e-003 3.30210272530290e-001 1.56302899182104e+000 1.05703588423788e+003 9.34690452816393e-004 100849 411
4.01422523891137e+003 1.73710981015740e+006 2.31086029795859e-003 2.83883175145726e-001 1.56120733558153e+000 1.05703716735734e+003 9.35285571368215e-004 100896 412
4.01637148504985e+003 1.73713290100314e+006 2.31206508496230e-003 4.16882839442122e-001 1.55928980269784e+000 1.05796389664790e+003 9.35541118554488e-004 102104 413
4.01643198882325e+003 1.73713866039868e+006 2.31209224882732e-003 2.73018585772271e-001 1.55344132740257e+000 1.05799980976343e+003 9.36189517678407e-004 102143 414
4.01406900016476e+003 1.73709604288453e+006 2.31078867049631e-003 3.20963164159062e-001 1.56619292107913e+000 1.05800480934640e+003 9.36643798778396e-004 102607 415
4.01410987460038e+003 1.73709826147854e+006 2.31080924937461e-003 8.39014862514115e-001 1.57041149342326e+000 1.05807016840702e+003 9.36698656456692e-004 103026 416
4.01506713274722e+003 1.73712043353405e+006 2.31133081242120e-003 3.06527909176916e-001 1.55957743263039e+000 1.05807098779114e+003 9.37201310653077e-004 103275 417
4.01421714186276e+003 1.73710244591004e+006 2.31086543333844e-003 2.24982451857051e-001 1.55881041947691e+000 1.05807962184611e+003 9.38193906555500e-004 103530 418
4.01594779445070e+003 1.73712565923017e+006 2.31183082157351e-003 1.93578905606250e-001 1.54903100177007e+000 1.05807970893942e+003 9.39575372396560e-004 103539 419
4.01525744768027e+003 1.73711732682527e+006 2.31144450337309e-003 3.24625385296182e-001 1.56101558229316e+000 1.05807973773819e+003 9.40018438442426e-004 103552 420
4.01490638328757e+003 1.73711073540312e+006 2.31125117841221e-003 5.92242194891202e-001 1.56648055101169e+000 1.05809256979248e+003 9.40136478140210e-004 103743 421
4.01481687053758e+003 1.73712129809098e+006 2.31118559565193e-003 1.05410931730094e-001 1.51355664342174e+000 1.05809692136546e+003 9.45390240368723e-004 103864 422
4.01436839045329e+003 1.73710422761402e+006 2.31095013206693e-003 9.98016296884060e-001 1.56916509704886e+000 1.05809692616805e+003 9.45427688256267e-004 103872 423
4.01451155961223e+003 1.73712991542192e+006 2.31099837564496e-003 9.07528916287728e-001 1.56264548524430e+000 1.05822204312709e+003 9.45473843731834e-004 104166 424
4.01405905728740e+003 1.73710391033483e+006 2.31077248103614e-003 1.23386333811457e-001 1.53196495910520e+000 1.05822691069040e+003 9.49192753565106e-004 104486 425
4.01724226115362e+003 1.73713492683250e+006 2.31256365741163e-003 4.01226844080935e-001 1.55852278954436e+000 1.06060311974329e+003 9.49470750509706e-004 105011 426
4.01456833155394e+003 1.73711500473519e+006 2.31105089380776e-003 9.24253059480575e-001 1.56638467436750e+000 1.06264819995856e+003 9.49515089571073e-004 105786 427
4.01419062292655e+003 1.73710139847987e+006 2.31085156061169e-003 3.00790429395428e-001 1.56408363490707e+000 1.06264820471028e+003 9.50039100179957e-004 105813 428
4.01608189570555e+003 1.73712342118741e+006 2.31191099693366e-003 9.85381633960997e-001 1.56437126483963e+000 1.06264867993117e+003 9.50077611810869e-004 105922 429
4.01465977933988e+003 1.73710983692202e+006 2.31111041240126e-003 5.29068880275887e-001 1.56628879772332e+000 1.06264890269914e+003 9.50228898042325e-004 105976 430
4.01408246529721e+003 1.73712001581208e+006 2.31076453220348e-003 4.20239875484481e-001 1.56254960860012e+000 1.06265708543926e+003 9.50479983729166e-004 106026 431
4.01474171258647e+003 1.73712836407781e+006 2.31113292925124e-003 1.25247962889492e-001 1.52697937360759e+000 1.06266067551622e+003 9.54077627665158e-004 106091 432
4.01420058333975e+003 1.73709891412093e+006 2.31086059943163e-003 5.50248725852229e-001 1.56916509704886e+000 1.06266178580101e+003 9.54216399143981e-004 106173 433
4.01406831099176e+003 1.73709825027982e+006 2.31078533736580e-003 5.54094058046205e-001 1.56935685033723e+000 1.06460605833126e+003 9.54353060762564e-004 106583 434
4.01415040597295e+003 1.73709953366857e+006 2.31083088968789e-003 3.26822717978454e-001 1.56552178456984e+000 1.06460643528027e+003 9.54789614520343e-004 106723 435
4.01422502300264e+003 1.73710046152110e+006 2.31087261008933e-003 8.76644184698019e-001 1.56993211020234e+000 1.06614657255114e+003 9.54839424819332e-004 107325 436
4.01409042881153e+003 1.73710653253826e+006 2.31078705242955e-003 8.15057832575457e-001 1.56830220725120e+000 1.06615099230771e+003 9.54897892357532e-004 107412 437
4.01566788368348e+003 1.73714485656089e+006 2.31164414163552e-003 9.31119724112674e-002 1.49294316492203e+000 1.06615165140056e+003 9.61790777631475e-004 107612 438
4.01439612537695e+003 1.73710375704515e+006 2.31096672418628e-003 3.08145390179144e-001 1.56379600497452e+000 1.06617207751667e+003 9.62287664555322e-004 107760 439
4.01473905942204e+003 1.73710727228812e+006 2.31115946336723e-003 3.13486129337443e-001 1.56312486846522e+000 1.06622440625306e+003 9.62766115691101e-004 108217 440
4.01481216074804e+003 1.73712734635483e+006 2.31117483744533e-003 7.39890743736076e-001 1.56293311517685e+000 1.06622473025545e+003 9.62838450703605e-004 108313 441
4.01407318349930e+003 1.73709783967916e+006 2.31078868852312e-003 4.84084597308267e-001 1.56887746711631e+000 1.06622475688996e+003 9.63022402110291e-004 108323 442
4.01565017419104e+003 1.73712381927655e+006 2.31166194183129e-003 3.73149815363018e-001 1.56072795236061e+000 1.06627428199148e+003 9.63348513204080e-004 108664 443
4.01612416321138e+003 1.73713827219214e+006 2.31191556375555e-003 1.07852412488174e-001 1.51163911053804e+000 1.06629536274132e+003 9.68343618259970e-004 108728 444
4.01406995039323e+003 1.73709766419491e+006 2.31078706076016e-003 5.33707693716239e-001 1.56935685033723e+000 1.06637887995957e+003 9.68492028075377e-004 109032 445
4.01540160059636e+003 1.73713747311782e+006 2.31150067928093e-003 1.53630176702170e-001 1.53704642124699e+000 1.06638958248228e+003 9.70788361453245e-004 109364 446
4.01506607058026e+003 1.73712624240199e+006 2.31132247202049e-003 7.81151768547624e-001 1.56331662175359e+000 1.06638958385057e+003 9.70852556367198e-004 109366 447
4.01616646661821e+003 1.73712326262241e+006 2.31195989216711e-003 8.35810419019135e-001 1.56417951155126e+000 1.06639163259451e+003 9.70907876609006e-004 109539 448
4.01426114376646e+003 1.73710050076788e+006 2.31089335147817e-003 4.22070986053041e-001 1.56743931745354e+000 1.06640788725671e+003 9.71156579108264e-004 109901 449
4.01418954020016e+003 1.73710381188217e+006 2.31084772680787e-003 8.60560930204169e-001 1.56906922040468e+000 1.06642473408400e+003 9.71208460363092e-004 110276 450
4.01412994787054e+003 1.73711059720363e+006 2.31080439519711e-003 6.44032105471969e-001 1.56676818094424e+000 1.06643305149348e+003 9.71306619477581e-004 110525 451
4.01632621903401e+003 1.73712956851138e+006 2.31204346258930e-003 8.54548783837397e-001 1.56264548524430e+000 1.06643481731022e+003 9.71359305471196e-004 110547 452
4.01582879301440e+003 1.73713065630463e+006 2.31175566709423e-003 5.71520126956999e-001 1.56139908886990e+000 1.07594030312671e+003 9.71486961742133e-004 111043 453
4.01452146343011e+003 1.73711648949042e+006 2.31102193823310e-003 8.09167760246590e-001 1.56580941450240e+000 1.07594122003609e+003 9.71546369127462e-004 111333 454
4.01556479244837e+003 1.73712931409480e+006 2.31160547890559e-003 4.48438978240303e-001 1.56063207571642e+000 1.07617760919465e+003 9.71764020234559e-004 111521 455
4.01481466316937e+003 1.73711533038005e+006 2.31119226480153e-003 3.68694112979522e-001 1.56274136188849e+000 1.07973789434803e+003 9.72098870739575e-004 111793 456
4.01406574350775e+003 1.73710001475526e+006 2.31078151215153e-003 2.10943937498093e-001 1.55785165303507e+000 1.07978800662083e+003 9.73242609399099e-004 112098 457
4.01463998813808e+003 1.73710685945095e+006 2.31110298058661e-003 2.18176824243904e-001 1.55698876323740e+000 1.07978855088187e+003 9.74304574730823e-004 112140 458
4.01487886777447e+003 1.73710727122989e+006 2.31123994777581e-003 1.18381298257393e-001 1.52784226340526e+000 1.08129557674680e+003 9.78377506237561e-004 112522 459
4.01540658769086e+003 1.73713368855073e+006 2.31150858602188e-003 6.30817590868862e-002 1.41537895977660e+000 1.08129659425993e+003 9.94464540851643e-004 112678 460
4.01430610184339e+003 1.73710289750847e+006 2.31091604399956e-003 5.28702658162175e-001 1.56801457731864e+000 1.08129776087434e+003 9.94616058676653e-004 112848 461
4.01629364325568e+003 1.73713781549685e+006 2.31201373384549e-003 6.16443372905667e-001 1.55986506256294e+000 1.08264785213480e+003 9.94724137282223e-004 113310 462
4.01612610248679e+003 1.73713270606986e+006 2.31192408793098e-003 2.70577105014191e-001 1.55478360042116e+000 1.08336978274324e+003 9.95385492391660e-004 113551 463
4.01515986249908e+003 1.73712024504120e+006 2.31138444424347e-003 3.76293221839045e-001 1.56168671880245e+000 1.08412184503933e+003 9.95705643201160e-004 114867 464
4.01842857343485e+003 1.73714246498150e+006 2.31323652884929e-003 9.40427869502854e-001 1.55957743263039e+000 1.08412960087872e+003 9.95748319552605e-004 115108 465
4.01411045692755e+003 1.73710340379348e+006 2.31080274398032e-003 9.15219580675680e-001 1.56926097369304e+000 1.08413957688336e+003 9.95793627513379e-004 115536 466
4.01435004578556e+003 1.73710282301369e+006 2.31094144022682e-003 7.87713248084964e-001 1.56916509704886e+000 1.08414366301626e+003 9.95856653577561e-004 115951 467
4.01431626520965e+003 1.73714404022501e+006 2.31086716278344e-003 7.52983184301279e-001 1.55881041947691e+000 1.08414368551406e+003 9.95926247591726e-004 115979 468
4.01434024753838e+003 1.73711998765472e+006 2.31091296520249e-003 1.53782769249550e-001 1.54145674687948e+000 1.08428949136493e+003 9.98217890023828e-004 116427 469
4.01484211414056e+003 1.73712823836077e+006 2.31119089363367e-003 3.99395733512375e-001 1.56015269249550e+000 1.08447576387346e+003 9.98498703901938e-004 116874 470
4.01729542789021e+003 1.73713922268229e+006 2.31258854434125e-003 7.02352977080599e-001 1.55986506256294e+000 1.08449773031357e+003 9.98579815471567e-004 117033 471
4.01408538124327e+003 1.73711508314944e+006 2.31077277236668e-003 1.97607348857082e-001 1.55229080767235e+000 1.08450212818695e+003 9.99900166857636e-004 117094 472
4.01457921166626e+003 1.73710361351414e+006 2.31107231201897e-003 2.31971190527055e-001 1.55919392605365e+000 1.08459068227147e+003 1.00082816380867e-003 117725 473
4.01654373753279e+003 1.73714376701079e+006 2.31214978073564e-003 1.08096560563982e-001 1.51048859080782e+000 1.08466190140254e+003 1.00579814012524e-003 118246 474
4.01656663811589e+003 1.73713133756201e+006 2.31217950739154e-003 9.51353495895261e-001 1.56235785531175e+000 1.39004980448281e+003 1.00583974680031e-003 118455 475
4.01659689005166e+003 1.73714153460279e+006 2.31218334960544e-003 2.04901272621845e-001 1.54672996230964e+000 1.39019241116811e+003 1.00705875512134e-003 118799 476
4.01434247035234e+003 1.73712959576590e+006 2.31090146310869e-003 9.90661336100345e-001 1.56283723853267e+000 1.39019267439401e+003 1.00709681623302e-003 118845 477
4.01520086097584e+003 1.73712456988630e+006 2.31140229092768e-003 1.61229285561693e-001 1.54251138996551e+000 1.39019507754799e+003 1.00916210270501e-003 119218 478
4.01551683801590e+003 1.73711857191439e+006 2.31159216802287e-003 1.40446180608539e-001 1.53695054460280e+000 1.39019514226152e+003 1.01195953795956e-003 119297 479
4.01503949244018e+003 1.73712134408168e+006 2.31131368942124e-003 6.02130191961425e-001 1.56389188161870e+000 1.39035725172783e+003 1.01207335347084e-003 120029 480
4.01617746478264e+003 1.73714376949842e+006 2.31193893086218e-003 1.24149296548357e-001 1.52247317133091e+000 1.39035914054584e+003 1.01574065020497e-003 120172 481
4.01512408784634e+003 1.73713564358152e+006 2.31134336150955e-003 9.66216010010071e-002 1.50003803659169e+000 1.39036158070655e+003 1.02209804647200e-003 120313 482
4.01442870761669e+003 1.73714315468094e+006 2.31093306879336e-003 9.33225501266518e-001 1.55938567934202e+000 1.39036294179215e+003 1.02214145068695e-003 120570 483
4.01577083281060e+003 1.73713920586815e+006 2.31171092437856e-003 5.45518356883450e-001 1.55909804940947e+000 1.39046524287618e+003 1.02228287379085e-003 120628 484
4.01503214628160e+003 1.73711963291101e+006 2.31131173729246e-003 3.21787163914914e-001 1.56034444578387e+000 1.39047880199879e+003 1.02273457972607e-003 121356 485
4.01411122476232e+003 1.73711076072015e+006 2.31079339943216e-003 6.31611072115238e-001 1.56667230430006e+000 1.39051346455927e+003 1.02283703577060e-003 121894 486
4.01723001296074e+003 1.73713819100008e+006 2.31255226125680e-003 4.21308023316141e-001 1.55804340632344e+000 1.39051355810308e+003 1.02308671129558e-003 121962 487
4.01440576673699e+003 1.73711363913827e+006 2.31095912779293e-003 1.92815942869350e-001 1.55190730109561e+000 1.39052365167398e+003 1.02448031324065e-003 122256 488
4.01430775213167e+003 1.73714342161276e+006 2.31086308510810e-003 7.67357402264473e-001 1.55900217276528e+000 1.39052564191586e+003 1.02454707158802e-003 122315 489
4.01707141605992e+003 1.73713530730995e+006 2.31246480267388e-003 4.68825342570269e-001 1.55938567934202e+000 1.39052565615956e+003 1.02474444018118e-003 122328 490
4.01520691321615e+003 1.73712442057454e+006 2.31140597363815e-003 5.04745628223518e-001 1.56245373195593e+000 1.39210049378524e+003 1.02491222626429e-003 123123 491
4.01525948704303e+003 1.73711827026058e+006 2.31144442200918e-003 5.27909176915799e-001 1.56417951155126e+000 1.39245616002824e+003 1.02506424283165e-003 124400 492
4.01448551184980e+003 1.73711276018232e+006 2.31100620355728e-003 9.35575426496170e-001 1.56695993423261e+000 1.39246383515809e+003 1.02510741005603e-003 124671 493
4.01433537438236e+003 1.73711921707080e+006 2.31091118502303e-003 6.53004547257912e-001 1.56465889477218e+000 1.39246764509236e+003 1.02520262538291e-003 125051 494
4.01456914799680e+003 1.73710375072602e+006 2.31106633614034e-003 9.78789635914182e-001 1.56926097369304e+000 1.39381272583222e+003 1.02524171069517e-003 125518 495
4.01406082148239e+003 1.73709622019781e+006 2.31078372640016e-003 5.49027985473189e-002 1.37578190572832e+000 1.39386113122111e+003 1.04692432811967e-003 126105 496
4.01405412351032e+003 1.73709681750316e+006 2.31077907601176e-003 3.42204046754356e-001 1.56667230430006e+000 1.40157016533166e+003 1.04731887597872e-003 126566 497
4.01430263140887e+003 1.73712456877892e+006 2.31088521677782e-003 8.08862575151830e-001 1.56379600497452e+000 1.40157020130694e+003 1.04737833196960e-003 126599 498
4.01455576845095e+003 1.73714048981637e+006 2.31100975715461e-003 7.12759788811914e-001 1.55957743263039e+000 1.40157874324600e+003 1.04745686065801e-003 126719 499
4.01439518284009e+003 1.73712406290197e+006 2.31093916799430e-003 8.40815454573199e-001 1.56398775826289e+000 1.40157875295441e+003 1.04751145895793e-003 126744 500
4.01420016921278e+003 1.73710330858465e+006 2.31085451511781e-003 7.98577837458418e-001 1.56906922040468e+000 1.40157957720943e+003 1.04757261397469e-003 126972 501
4.01411315244266e+003 1.73711657976602e+006 2.31078676838909e-003 9.30631427961058e-001 1.56600116779077e+000 1.40240849972585e+003 1.04761628714597e-003 127894 502
4.01553343059386e+003 1.73714113703836e+006 2.31157169260611e-003 4.19324320200201e-001 1.55727639316996e+000 1.40242484501334e+003 1.04786856602219e-003 128274 503
4.01786337815487e+003 1.73714414205399e+006 2.31290893847048e-003 8.11487166966765e-002 1.47175442655721e+000 1.40242836823726e+003 1.05717916234205e-003 128621 504
4.01495475484116e+003 1.73711468785313e+006 2.31127376542000e-003 8.23480941190832e-001 1.56628879772332e+000 1.40492907507978e+003 1.05723632184817e-003 129223 505
4.01426083051441e+003 1.73713601944296e+006 2.31084592120941e-003 4.76699118015076e-001 1.55928980269784e+000 1.40494011322777e+003 1.05742658924530e-003 129920 506
4.01499876137913e+003 1.73711118443386e+006 2.31130375983576e-003 8.18811609241005e-001 1.56715168752098e+000 1.40496822629892e+003 1.05748446851312e-003 130698 507
4.01703074445298e+003 1.73713376786425e+006 2.31244343904096e-003 7.28019043549913e-001 1.56130321222571e+000 1.40498312199480e+003 1.05755942290718e-003 130841 508
4.01641354048243e+003 1.73712196932778e+006 2.31210384439532e-003 9.28952909939878e-001 1.56465889477218e+000 1.40498371798201e+003 1.05760326955297e-003 130958 509
4.01461904141433e+003 1.73711357778358e+006 2.31108198408090e-003 2.41798150578326e-001 1.55756402310251e+000 1.40498375560433e+003 1.05845029435586e-003 131002 510
4.01739052895455e+003 1.73713518957058e+006 2.31264865909284e-003 8.33277382732627e-001 1.56120733558153e+000 1.40499034623236e+003 1.05850598389459e-003 131099 511
4.01423769276729e+003 1.73710057960965e+006 2.31087974658476e-003 8.40174565874203e-001 1.56983623355815e+000 1.40499058745865e+003 1.05856067510407e-003 131142 512
4.01472706243422e+003 1.73714510290210e+006 2.31110222624078e-003 5.12771996215705e-001 1.55737226981414e+000 1.40507987009950e+003 1.05872272848788e-003 131258 513
4.01450851584816e+003 1.73713864405327e+006 2.31098501141008e-003 5.27115695669424e-001 1.55909804940947e+000 1.40508611512314e+003 1.05887524184866e-003 131592 514
4.01589482460593e+003 1.73713122485538e+006 2.31179292213401e-003 1.42063661610767e-001 1.53445775185400e+000 1.40654585908101e+003 1.06160284561187e-003 132333 515
4.01422062248919e+003 1.73712781304258e+006 2.31083369174016e-003 5.65965758232368e-001 1.56207022537919e+000 1.40658057444087e+003 1.06173327510762e-003 132478 516
4.01701048293331e+003 1.73713092885206e+006 2.31243555455776e-003 5.99719229712821e-001 1.56149496551408e+000 1.40658250871711e+003 1.06184809743982e-003 132665 517
4.01594367964719e+003 1.73712144697625e+006 2.31183405865416e-003 4.45204016235847e-001 1.56254960860012e+000 1.40659419665154e+003 1.06206924694133e-003 132865 518
4.01690444215356e+003 1.73712767740534e+006 2.31237883939525e-003 8.10449537644581e-001 1.56302899182104e+000 1.40659452059803e+003 1.06212844676868e-003 132985 519
4.01528665130615e+003 1.73713194018877e+006 2.31144187007365e-003 8.63948484756004e-001 1.56207022537919e+000 1.40660201637907e+003 1.06217987965485e-003 133037 520
4.01450301527475e+003 1.73710556599999e+006 2.31102585064894e-003 6.65700247199927e-001 1.56811045396283e+000 1.40777305847516e+003 1.06227114711144e-003 133511 521
4.01697384326747e+003 1.73713589483422e+006 2.31240785209486e-003 6.57063509018220e-002 1.42659652714621e+000 1.40777315073638e+003 1.07700320860351e-003 133544 522
4.01461278141557e+003 1.73711413796375e+006 2.31107763515365e-003 2.75246436964019e-001 1.55967330927457e+000 1.40784900814357e+003 1.07764017434574e-003 133884 523
4.01566390992822e+003 1.73713739282028e+006 2.31165178623337e-003 6.82576982940153e-001 1.56024856913968e+000 1.40785209204115e+003 1.07772654633628e-003 133943 524
4.01551385908522e+003 1.73712280987652e+006 2.31158481372422e-003 5.65782647175512e-001 1.56331662175359e+000 1.40791911733346e+003 1.07785707003574e-003 134097 525
4.01443812956376e+003 1.73710318060092e+006 2.31099167152485e-003 8.80306405835139e-001 1.56926097369304e+000 1.40792315212322e+003 1.07790642555051e-003 134383 526
4.01473112690984e+003 1.73711817374700e+006 2.31114039305269e-003 4.10473952452162e-002 1.18911007950072e+000 1.40795138843986e+003 1.11679912232074e-003 134907 527
4.01633014215037e+003 1.73713808283232e+006 2.31203438886356e-003 6.10553300576800e-001 1.55976918591876e+000 1.40795560332523e+003 1.11690950791651e-003 135150 528
4.01411547422154e+003 1.73710821019978e+006 2.31079923852793e-003 2.44239631336406e-001 1.55909804940947e+000 1.40795754262789e+003 1.11773803265174e-003 135281 529
4.01418012541763e+003 1.73713374750085e+006 2.31080248495906e-003 9.05178991058077e-001 1.56168671880245e+000 1.40796000894468e+003 1.11778445176608e-003 135334 530
4.01564432614764e+003 1.73713668489331e+006 2.31164145474865e-003 5.99200415051729e-001 1.56005681585131e+000 1.40798091790545e+003 1.11789949127436e-003 135621 531
4.01425996420078e+003 1.73712279880352e+006 2.31086300949067e-003 3.58317819757683e-001 1.56063207571642e+000 1.40815826439683e+003 1.11825603907756e-003 135725 532
4.01408853626812e+003 1.73711943960595e+006 2.31076879351693e-003 3.63292336802271e-001 1.56159084215827e+000 1.40820970280538e+003 1.11860193749213e-003 136079 533
4.01654834951762e+003 1.73712916209963e+006 2.31217187499484e-003 4.24878688924833e-001 1.56034444578387e+000 1.40821178542176e+003 1.11884702664249e-003 136257 534
4.01743381907732e+003 1.73714516136824e+006 2.31266030389341e-003 3.25388348033082e-001 1.55411246391186e+000 1.40833584105062e+003 1.11928777008041e-003 136465 535
4.01584883585393e+003 1.73712094954961e+006 2.31178012267310e-003 7.90948210089419e-001 1.56465889477218e+000 1.41278711143591e+003 1.11935022933691e-003 136719 536
4.01496038695619e+003 1.73711134640155e+006 2.31128145350911e-003 6.66096987823115e-001 1.56667230430006e+000 1.42349705661840e+003 1.11944137679633e-003 137637 537
4.01461192906906e+003 1.73714192241542e+006 2.31104018044868e-003 8.12311166722617e-001 1.55948155598621e+000 1.42349733635422e+003 1.11950027656135e-003 137751 538
4.01477506105090e+003 1.73710568747167e+006 2.31118229685821e-003 4.62660603656117e-002 1.28517847697378e+000 1.42350417242945e+003 1.15040270343573e-003 138149 539
4.01796424243645e+003 1.73713785627914e+006 2.31297537080027e-003 6.38447218237861e-001 1.55996093920713e+000 1.42350454390001e+003 1.15050275645569e-003 138176 540
4.01433482365185e+003 1.73711295079249e+006 2.31091920409485e-003 9.03012176885281e-001 1.56686405758843e+000 1.42350613022676e+003 1.15054942254437e-003 138395 541
4.01721729444251e+003 1.73713909125842e+006 2.31254374130735e-003 5.85650196844386e-001 1.55938567934202e+000 1.42351124718510e+003 1.15067039825301e-003 138620 542
4.01641015488847e+003 1.73712721573422e+006 2.31209491253991e-003 6.71163060396130e-001 1.56274136188849e+000 1.42351572073891e+003 1.15076003681994e-003 138650 543
4.01493419283509e+003 1.73710928919670e+006 2.31126911161512e-003 1.93243202002014e-001 1.55305782082583e+000 1.42351587753368e+003 1.15214689824753e-003 138696 544
4.01533362545238e+003 1.73712188686210e+006 2.31148228836162e-003 8.57905819879757e-001 1.56456301812799e+000 1.42351822445478e+003 1.15219913246665e-003 138905 545
4.01513900423857e+003 1.73713463910974e+006 2.31135328473776e-003 4.39954832605976e-001 1.55919392605365e+000 1.42353025319352e+003 1.15242612086419e-003 139347 546
4.01510763603283e+003 1.73711012884373e+006 2.31136783974121e-003 9.46714682454909e-001 1.56763107074190e+000 1.42353049209448e+003 1.15246817865642e-003 139475 547
4.01619984179830e+003 1.73712052111837e+006 2.31198275369342e-003 5.82293160802026e-001 1.56398775826289e+000 1.42353056907424e+003 1.15259069919914e-003 139547 548
4.01446033318449e+003 1.73710290600521e+006 2.31100481875304e-003 6.67897579882199e-001 1.56878159047212e+000 1.42361491160128e+003 1.15268130752360e-003 140445 549
4.01510839594406e+003 1.73714439457793e+006 2.31132268487266e-003 6.39362773522141e-001 1.55833103625599e+000 1.42361522775191e+003 1.15278104371754e-003 140529 550
4.01484820918545e+003 1.73713267081686e+006 2.31118850509802e-003 6.76076540421766e-001 1.56139908886990e+000 1.42362285108490e+003 1.15286925428428e-003 140670 551
4.01521913441188e+003 1.73711241019493e+006 2.31142898993490e-003 6.17053743095187e-001 1.56619292107913e+000 1.42362493710291e+003 1.15297710313274e-003 140816 552
4.01754580692007e+003 1.73714415682674e+006 2.31272610752768e-003 1.29398480178228e-001 1.52534947065645e+000 1.42365529102906e+003 1.15632550715123e-003 141369 553
4.01423413895067e+003 1.73709965652079e+006 2.31087892875150e-003 2.75887325663015e-001 1.56331662175359e+000 1.42385695529611e+003 1.15695924361667e-003 141843 554
4.01443653087547e+003 1.73710448341583e+006 2.31098901799221e-003 5.56901760917997e-001 1.56782282403027e+000 1.42385699528162e+003 1.15709439356190e-003 141852 555
4.01636925667311e+003 1.73712624538351e+006 2.31207266058102e-003 4.91653187658315e-001 1.56187847209082e+000 1.42541569519773e+003 1.15727216579772e-003 142225 556
4.01484762371391e+003 1.73710799548885e+006 2.31122099799028e-003 2.77077547532579e-001 1.56130321222571e+000 1.42545446552875e+003 1.15789991791783e-003 142439 557
4.01482518241784e+003 1.73711752370155e+006 2.31119540219585e-003 6.43848994415113e-001 1.56504240134892e+000 1.42545815017325e+003 1.15799813763006e-003 142561 558
4.01494657157775e+003 1.73711232064840e+006 2.31127220421929e-003 8.66115298928800e-001 1.56695993423261e+000 1.42546561849005e+003 1.15804928943191e-003 142702 559
4.01416262000239e+003 1.73713424926448e+006 2.31079174036964e-003 7.38029114658040e-001 1.56120733558153e+000 1.42546662291021e+003 1.15812202536916e-003 142800 560
4.01451711555472e+003 1.73710787779202e+006 2.31103089213925e-003 6.65852839747307e-001 1.56753519409772e+000 1.42546711091206e+003 1.15821324666164e-003 142942 561
4.01678062632585e+003 1.73714465115352e+006 2.31228496997465e-003 5.61265907773064e-001 1.55785165303507e+000 1.42546852640101e+003 1.15834608494299e-003 143167 562
4.01528753855234e+003 1.73713060619533e+006 2.31144415584234e-003 3.87890255439924e-002 4.38108325601978e-001 1.43180279350057e+003 1.17848192259307e-003 143818 563
4.01470989089506e+003 1.73712359909357e+006 2.31112095022530e-003 4.61134678182318e-002 1.27817948194830e+000 1.43181893127877e+003 1.20954502746063e-003 143821 564
4.01513301045016e+003 1.73711177240069e+006 2.31138026003042e-003 4.51765495773186e-001 1.56504240134892e+000 1.43188808655272e+003 1.20975917583285e-003 144139 565
4.01704127220600e+003 1.73713219478457e+006 2.31245159348170e-003 4.76912747581408e-001 1.56024856913968e+000 1.43189030861009e+003 1.20994925778654e-003 144330 566
4.01406048148391e+003 1.73710473271560e+006 2.31077220693685e-003 8.30042420728172e-001 1.56878159047212e+000 1.43189276541437e+003 1.21000542840152e-003 144350 567
4.01653782843764e+003 1.73713949671305e+006 2.31215206291807e-003 9.64995269631031e-001 1.56034444578387e+000 1.43192215900108e+003 1.21004575128369e-003 144766 568
4.01514413903609e+003 1.73711460620927e+006 2.31138289574632e-003 2.81014435254982e-001 1.55986506256294e+000 1.43192220223747e+003 1.21065430898335e-003 144797 569
4.01520439381340e+003 1.73711058261902e+006 2.31142293607574e-003 1.35685293130284e-001 1.53685466795862e+000 1.43192556842302e+003 1.21367223351332e-003 145030 570
4.01415613434896e+003 1.73710070534791e+006 2.31083262867875e-003 7.68028809472945e-001 1.56964448026978e+000 1.43199604888800e+003 1.21373886812664e-003 145569 571
4.01510089943122e+003 1.73711883024429e+006 2.31135238390081e-003 1.95562608722190e-001 1.55104441129795e+000 1.43201504230758e+003 1.21508974934396e-003 145952 572
4.01498624427376e+003 1.73712281829240e+006 2.31128107501273e-003 9.44212164677877e-001 1.56446714148381e+000 1.43225782305446e+003 1.21513205212261e-003 146982 573
4.01481614431343e+003 1.73710827370459e+006 2.31120250619643e-003 9.59837641529588e-001 1.56811045396283e+000 1.43226382993465e+003 1.21517285530321e-003 147122 574
4.01415715511784e+003 1.73711447068257e+006 2.31081490474154e-003 2.10608233893857e-001 1.55420834055605e+000 1.43226807831748e+003 1.21632054684086e-003 147256 575
4.01435152837270e+003 1.73710225506259e+006 2.31094304927215e-003 9.16196172978912e-001 1.56954860362560e+000 1.45000793236374e+003 1.21636574863936e-003 147670 576
4.01647872307743e+003 1.73712997183235e+006 2.31213071612723e-003 1.27994628742332e-001 1.52812989333781e+000 1.45000794460230e+003 1.21979590119242e-003 147697 577
4.01717222106553e+003 1.73713503226333e+006 2.31252319796153e-003 9.95910519730216e-001 1.56149496551408e+000 1.45005920142919e+003 1.21983352192117e-003 148060 578
4.01446560374481e+003 1.73713598379738e+006 2.31096384779082e-003 1.60069582201605e-001 1.53934746070742e+000 1.45005920604696e+003 1.22193167180167e-003 148071 579
4.01431309408966e+003 1.73712328547879e+006 2.31089294689910e-003 5.05386516922513e-001 1.56274136188849e+000 1.45005920854102e+003 1.22209899053665e-003 148080 580
4.01584222419829e+003 1.73713922967398e+006 2.31175198958102e-003 1.19388409070101e-001 1.52055563844722e+000 1.45028693666795e+003 1.22609535964855e-003 148517 581
4.01558181611040e+003 1.73711522990047e+006 2.31163402079792e-003 8.42890713217566e-001 1.56619292107913e+000 1.45065356471735e+003 1.22614966333353e-003 148985 582
4.01410508051603e+003 1.73710542031204e+006 2.31079696647095e-003 8.70235297708060e-001 1.56868571382794e+000 1.45067767038308e+003 1.22620028413286e-003 149407 583
4.01440171098690e+003 1.73713767577906e+006 2.31092481662351e-003 3.52488784447768e-002 9.60252529831843e-001 1.45067812248483e+003 1.27420382383953e-003 149503 584
4.01476466678986e+003 1.73712577205496e+006 2.31114959158466e-003 6.53584398937956e-001 1.56302899182104e+000 1.45072551450900e+003 1.27429885234608e-003 149677 585
4.01403189752655e+003 1.73709783697343e+006 2.31076492503722e-003 7.89513840144047e-001 1.57041149342326e+000 1.45073715614250e+003 1.27436156269507e-003 149965 586
4.01575966785868e+003 1.73713600014638e+006 2.31170876322559e-003 8.94192327646718e-001 1.56111145893735e+000 1.45074002731018e+003 1.27440924555110e-003 150026 587
4.01412788051447e+003 1.73710513021433e+006 2.31081047758826e-003 7.87499618518632e-001 1.56858983718375e+000 1.45090369383395e+003 1.27447230916617e-003 150145 588
4.01450112934728e+003 1.73710742161449e+006 2.31102229630617e-003 4.09985656300546e-001 1.56552178456984e+000 1.45090731401129e+003 1.27473742373554e-003 150388 589
4.01527329362779e+003 1.73712071850547e+006 2.31144911226995e-003 5.32364879299295e-001 1.56360425168615e+000 1.45091116399332e+003 1.27488665464617e-003 150574 590
4.01459185660730e+003 1.73713064035784e+006 2.31104363490447e-003 1.64738914151433e-001 1.54193613010041e+000 1.45091149613108e+003 1.27685634594803e-003 150631 591
4.01783948609366e+003 1.73714396755498e+006 2.31289541723392e-003 3.47148045289468e-001 1.55507123035371e+000 1.45091591130745e+003 1.27723859340357e-003 150851 592
4.01603943848302e+003 1.73712938911862e+006 2.31187861346665e-003 2.79915768913846e-001 1.55612587343974e+000 1.45092416414464e+003 1.27785238898126e-003 150888 593
4.01441035074071e+003 1.73711902032315e+006 2.31095460785231e-003 5.53605761894589e-001 1.56417951155126e+000 1.45092876955118e+003 1.27798931307140e-003 151207 594
4.01691976273831e+003 1.73713245513611e+006 2.31238129897665e-003 2.69508957182531e-001 1.55478360042116e+000 1.45092878158966e+003 1.27865644844047e-003 151216 595
4.01851147123534e+003 1.73714294648073e+006 2.31328360818690e-003 1.74047059541612e-001 1.54107324030274e+000 1.45285941784167e+003 1.28040175654722e-003 151952 596
4.01420910331995e+003 1.73711689228146e+006 2.31084158807991e-003 9.18210394604327e-001 1.56590529114658e+000 1.45285970814319e+003 1.28044673998568e-003 152052 597
4.01440037155517e+003 1.73711169749437e+006 2.31095860502327e-003 1.47923215430158e-001 1.54155262352367e+000 1.45286384077628e+003 1.28294285745685e-003 152134 598
4.01592767941026e+003 1.73711832241140e+006 2.31182900620516e-003 3.85509811700797e-001 1.56235785531175e+000 1.45286640013689e+003 1.28324641237443e-003 152291 599
4.01437127985833e+003 1.73712079409485e+006 2.31092975652064e-003 4.08520767845698e-001 1.56216610202338e+000 1.45286807764548e+003 1.28351361665675e-003 152435 600
4.01462849903278e+003 1.73713225165669e+006 2.31106258479218e-003 9.82238227484970e-001 1.56216610202338e+000 1.45288105968488e+003 1.28355239930755e-003 152767 601
4.01496886386455e+003 1.73710775533588e+006 2.31129111139989e-003 8.23053682058168e-001 1.56801457731864e+000 1.45288752711445e+003 1.28360962447306e-003 153131 602
4.01548350615402e+003 1.73711461454774e+006 2.31157824614435e-003 5.10483108005005e-001 1.56494652470473e+000 1.45290657149020e+003 1.28377329264698e-003 153425 603
4.01425777890660e+003 1.73710136036169e+006 2.31089027090696e-003 6.44032105471969e-001 1.56906922040468e+000 1.45297702930154e+003 1.28387145241144e-003 153691 604
4.01437546435750e+003 1.73710380566797e+006 2.31095476561802e-003 3.64818262276070e-001 1.56552178456984e+000 1.45297940808872e+003 1.28421418562927e-003 153776 605
4.02297983576208e+003 1.73709590254713e+006 6.28086408143876e+000 9.76378673665578e-001 -1.57041149342326e+000 1.45300151825360e+003 1.28425348362812e-003 154014 606
4.01449335703600e+003 1.73711344080945e+006 2.31100981426931e-003 4.19721060823389e-001 1.56417951155126e+000 1.45300959144599e+003 1.28450525567527e-003 154115 607
4.01737575087238e+003 1.73714030400431e+006 2.31263334320316e-003 9.70702230903043e-001 1.56015269249550e+000 1.45305245302674e+003 1.28454505876934e-003 154374 608
