9.67725841307134e+004 1.73444839300454e+006 5.57366557211830e-002 5.17258217108676e-001 1.54625057908872e+000 1.16552083458857e+000 1.58943793719348e-007 1939 1
9.67685263187093e+004 1.73441193923305e+006 5.57354924373640e-002 2.82357249671926e-001 1.42151506500443e+000 5.35350957749601e+001 7.54490511938550e-007 14524 2
9.67692792480566e+004 1.73442568005121e+006 5.57354845538509e-002 5.67949461348308e-001 1.55535886028626e+000 5.37214774574853e+001 8.83909387000971e-007 15007 3
9.67684321232296e+004 1.73440937882940e+006 5.57355204047143e-002 3.53434858241523e-001 1.48680705969420e+000 1.08493401333112e+002 1.25010779648749e-006 31985 4
9.67712301378005e+004 1.73444513867952e+006 5.57359818565358e-002 3.37168492690817e-001 1.47520598574786e+000 1.10069150044228e+002 1.65587796356528e-006 33185 5
9.67713003543254e+004 1.73443596905249e+006 5.57363162701450e-002 2.17688528092288e-001 1.28824652958769e+000 1.10364847226779e+002 2.68087116423299e-006 34102 6
9.67782408630799e+004 1.73443613920407e+006 6.22743970001178e+000 9.04690694906461e-001 -1.56024856913968e+000 1.10374835387351e+002 2.72734475866772e-006 34417 7
9.67773968205303e+004 1.73444717130547e+006 6.22744053894343e+000 9.96948149052400e-001 -1.55737226981414e+000 1.84989033821977e+002 2.76487763995367e-006 45756 8
9.67720717251828e+004 1.73444752706425e+006 5.57363889788155e-002 5.73961607715079e-001 1.55602999679556e+000 4.04107800881607e+002 2.89133412015903e-006 54790 9
9.67769091811146e+004 1.73440400414429e+006 6.22743943481334e+000 7.68211920529801e-001 -1.56648055101169e+000 4.21194808131859e+002 2.95793321975346e-006 57770 10
9.67691658306497e+004 1.73441432024954e+006 5.57357836566580e-002 4.70381786553545e-001 1.53570414822840e+000 4.22736450501510e+002 3.15376002428397e-006 62438 11
9.67726942561448e+004 1.73444468003901e+006 5.57368380871128e-002 2.73598437452315e-001 1.40914697790460e+000 5.06562333662100e+002 3.79082201264970e-006 71422 12
9.67706233604534e+004 1.73442599988329e+006 5.57362468533958e-002 4.38642536698508e-001 1.52611648380993e+000 5.06800908448528e+002 4.01909442263119e-006 74277 13
9.67698967949883e+004 1.73442788123682e+006 5.57357689129239e-002 5.95934934537797e-001 1.55928980269784e+000 5.07442133538581e+002 4.13552431185704e-006 76296 14
9.67693129500469e+004 1.73442165468861e+006 5.57356330117499e-002 1.85674611651967e-001 4.59488817255165e-001 5.07935149233678e+002 4.80719898882984e-006 81560 15
9.67781430203046e+004 1.73444826391279e+006 6.22744014509569e+000 7.60155034028138e-001 -1.56743931745354e+000 5.30123106449078e+002 4.87536116702605e-006 89588 16
9.67698705044395e+004 1.73442085370456e+006 5.57359791648229e-002 3.87157811212500e-001 1.50550300531022e+000 5.30665749393636e+002 5.17545055164640e-006 91718 17
9.67773655310990e+004 1.73441274345614e+006 6.22743945279765e+000 8.31507309183020e-001 -1.56312486846522e+000 5.30667048910740e+002 5.23140215786325e-006 91928 18
9.67725149761452e+004 1.73443606633952e+006 5.57370112748426e-002 4.21002838221381e-001 1.51978862529374e+000 5.31441557990935e+002 5.48117109552458e-006 97548 19
9.67783059778948e+004 1.73443016281349e+006 6.22743947091698e+000 8.21527756584368e-001 -1.56379600497452e+000 5.44247813824443e+002 5.53862917719328e-006 103656 20
9.67778449114259e+004 1.73444937994437e+006 6.22744035222904e+000 9.74394970549638e-001 -1.55804340632344e+000 5.49451210629578e+002 5.57810019300200e-006 113211 21
9.67713045114626e+004 1.73443946425121e+006 5.57362065735742e-002 1.66539506210517e-001 9.13752357402264e-001 5.49853707990077e+002 7.10148224142652e-006 115307 22
9.67679288444795e+004 1.73440284479348e+006 5.57354406696061e-002 2.90688802758873e-001 1.43196561922056e+000 5.49870798465685e+002 7.66096875844884e-006 115609 23
9.67693436314660e+004 1.73441608193402e+006 5.57358293570010e-002 6.68416394543290e-001 1.56743931745354e+000 6.25077178146804e+002 7.75142210548799e-006 120198 24
9.67705119850534e+004 1.73444696006306e+006 5.57355106800482e-002 7.00857570116275e-001 1.56993211020234e+000 6.68523066411055e+002 7.83291974711671e-006 128586 25
9.67723526578683e+004 1.73444351692748e+006 5.57366790480965e-002 1.71239356669820e-001 5.97359431592761e-001 6.68756815343369e+002 8.85079682429286e-006 130600 26
9.67684081313095e+004 1.73440928590068e+006 5.57355095948341e-002 4.74898525955992e-001 1.53695054460280e+000 6.70045637099410e+002 9.04255773753688e-006 133501 27
9.67710871406762e+004 1.73443738706375e+006 5.57361482484417e-002 4.57197790459914e-001 1.53177320581683e+000 6.82039054958625e+002 9.25099284354332e-006 140648 28
9.67786214857893e+004 1.73444024744595e+006 6.22743961299769e+000 7.52891628772851e-001 -1.56782282403027e+000 8.43636129370510e+002 9.32061017052523e-006 152171 29
9.67697366394147e+004 1.73442432907166e+006 5.57357907728130e-002 2.42927335428938e-001 1.35516842722861e+000 1.22162839484155e+003 1.01396538725298e-005 170174 30
9.67697399698770e+004 1.73443183312681e+006 5.57355520440960e-002 3.49101229895932e-001 1.48373900708029e+000 1.24809839462573e+003 1.05158287810317e-005 184320 31
9.67691412183235e+004 1.73441557719382e+006 5.57357292015857e-002 1.94769127475814e-001 1.19390391170995e+000 1.25080206938620e+003 1.17834279957699e-005 188296 32
9.67692352220353e+004 1.73441439185949e+006 5.57358212446013e-002 1.86162907803583e-001 1.14241815378277e+000 1.25092999372920e+003 1.31531600338192e-005 189950 33
9.67780790358713e+004 1.73444227708218e+006 6.22743998987089e+000 9.24924466689047e-001 -1.55957743263039e+000 1.35343476321908e+003 1.31974259618654e-005 201921 34
9.67781024644021e+004 1.73443704447487e+006 6.22743980859153e+000 7.28568376720481e-001 -1.56945272698141e+000 1.40222224573411e+003 1.32722593838811e-005 216771 35
9.67691321193117e+004 1.73441710121924e+006 5.57356750983148e-002 1.92693868831446e-001 1.18259046769616e+000 1.41675473994710e+003 1.45641918949671e-005 219317 36
9.67682421166181e+004 1.73440730969231e+006 5.57354775478673e-002 1.66478469191565e-001 9.13081220892972e-001 1.41832250575800e+003 1.60880133372572e-005 222238 37
9.67682946963107e+004 1.73440759294233e+006 5.57354986859923e-002 2.51960814233833e-001 1.37367261955626e+000 1.70756210492007e+003 1.68467743613833e-005 232743 38
9.67680108705981e+004 1.73440402637311e+006 5.57354499246654e-002 6.56086916714988e-001 1.56638467436750e+000 2.02088819747643e+003 1.69410091884483e-005 238048 39
9.67724628049481e+004 1.73444915460795e+006 5.57365615641331e-002 2.17352824488052e-001 1.28700013321329e+000 2.19687948679110e+003 1.79691155098513e-005 246345 40
9.67695899125025e+004 1.73442096625568e+006 5.57358142790472e-002 6.13666188543352e-001 1.56159084215827e+000 2.25070737822645e+003 1.80782749910766e-005 273157 41
9.67769930075731e+004 1.73440783719747e+006 6.22743950956392e+000 9.85869930112613e-001 -1.55727639316996e+000 2.26382874049677e+003 1.81167419484507e-005 283134 42
9.67772491552016e+004 1.73441556090660e+006 6.22743961004706e+000 7.51915036469619e-001 -1.56763107074190e+000 2.26439245613983e+003 1.81865583121667e-005 283871 43
9.67730186630720e+004 1.73444846703937e+006 5.57369031000691e-002 6.39057588427381e-001 1.56417951155126e+000 2.27134443151013e+003 1.82864048925811e-005 287044 44
9.67729782937974e+004 1.73444419788776e+006 5.57370168038089e-002 4.12793359172338e-001 1.51652881939146e+000 2.27316679970903e+003 1.85471876935534e-005 294385 45
9.67768231877503e+004 1.73441560028162e+006 6.22743985614470e+000 8.99075289162877e-001 -1.56024856913968e+000 2.27383306458335e+003 1.85943022601323e-005 296422 46
9.67772625201204e+004 1.73442182035649e+006 6.22743980311342e+000 8.69655446028016e-001 -1.56149496551408e+000 2.27512201430329e+003 1.86449952634076e-005 299871 47
9.67688682459128e+004 1.73441449187369e+006 5.57356071088569e-002 5.00625629444258e-001 1.54308664983062e+000 2.30810708214920e+003 1.88157745389638e-005 308202 48
9.67687126554329e+004 1.73441072847336e+006 5.57356383665219e-002 1.65044099246193e-001 7.35038292641988e-001 2.31309412825005e+003 2.01318606855164e-005 317183 49
9.67775840311972e+004 1.73441819819173e+006 6.22743950215058e+000 8.85067293313395e-001 -1.56082382900479e+000 2.72601975916500e+003 2.01806316400849e-005 320157 50
9.67716296820685e+004 1.73442906578627e+006 5.57367269366880e-002 2.04962309640797e-001 1.24155460386975e+000 2.72829933937296e+003 2.13337426401465e-005 320571 51
9.67763846137463e+004 1.73445153289277e+006 6.22744126059782e+000 7.71538438062685e-001 -1.56676818094424e+000 3.02117358904369e+003 2.13997117345864e-005 333462 52
9.67770864715716e+004 1.73441747508842e+006 6.22743976494349e+000 8.38557084871975e-001 -1.56283723853267e+000 3.02639618931585e+003 2.14546335832319e-005 338144 53
9.67745824587470e+004 1.73444822099825e+006 5.57378098020965e-002 3.43058565019684e-001 1.47942455809198e+000 3.02677191106202e+003 2.18453890482157e-005 339273 54
9.67753579565524e+004 1.73445082630217e+006 5.57381719787995e-002 2.07922605059969e-001 3.44916227454451e-001 3.02974497190564e+003 2.22446115601587e-005 343045 55
9.67679551530363e+004 1.73440330913127e+006 5.57354409004679e-002 5.49668874172185e-001 1.55267431424909e+000 3.26936219776933e+003 2.23836826501901e-005 346864 56
9.67771787554680e+004 1.73441735795890e+006 6.22743970814471e+000 7.21823786126286e-001 -1.56974035691397e+000 3.26936432894974e+003 2.24600630339594e-005 346988 57
9.67766251007864e+004 1.73441651342265e+006 6.22743999928529e+000 7.36411633655812e-001 -1.56868571382794e+000 3.27147704517584e+003 2.25331541035856e-005 347585 58
9.67772683308774e+004 1.73441837820382e+006 6.22743968937972e+000 9.17966246528520e-001 -1.55957743263039e+000 3.34189784327823e+003 2.25781615730334e-005 351519 59
9.67720272336607e+004 1.73443797856944e+006 5.57366696136114e-002 5.34195989867855e-001 1.54960626163518e+000 3.48859441047848e+003 2.27262400068109e-005 359303 60
9.67693327209479e+004 1.73441876531949e+006 5.57357370333751e-002 1.95471053193762e-001 1.19754722418897e+000 3.48867620521059e+003 2.39856518703998e-005 360671 61
9.67764474948348e+004 1.73441953790808e+006 6.22744019836663e+000 7.60002441480758e-001 -1.56715168752098e+000 3.50968090527169e+003 2.40538440917354e-005 371726 62
9.67707413384193e+004 1.73443820420240e+006 5.57359232885505e-002 5.84673604541154e-001 1.55765989974670e+000 3.51245164526699e+003 2.41752622240367e-005 373716 63
9.67715435199424e+004 1.73443812979967e+006 5.57363867414800e-002 1.91198461867122e-001 1.17376981643117e+000 3.83534541495472e+003 2.54847370065371e-005 378636 64
9.67780860121637e+004 1.73445162000374e+006 6.22744028549280e+000 8.03582873012482e-001 -1.56494652470473e+000 3.83672938882929e+003 2.55450562360386e-005 383375 65
9.67690783814994e+004 1.73441403946712e+006 5.57357423974588e-002 3.80840479750969e-001 1.50243495269631e+000 3.84323734936343e+003 2.58561421065326e-005 386285 66
9.67714087017644e+004 1.73443023197251e+006 5.57365625256966e-002 2.13904232917264e-001 1.27559081255531e+000 3.86298174452046e+003 2.69174540922339e-005 398562 67
9.67718416981777e+004 1.73443683416870e+006 5.57365996735413e-002 4.49507126071963e-001 1.52947216635640e+000 3.87354742134268e+003 2.71337953206030e-005 405326 68
9.67769828679620e+004 1.73442502718779e+006 6.22744006669563e+000 7.89849543748283e-001 -1.56542590792566e+000 3.87360717326340e+003 2.71964461484602e-005 406032 69
9.67710220823343e+004 1.73444622559940e+006 5.57358274182072e-002 1.96020386364330e-001 1.20004001693777e+000 3.88027829713363e+003 2.84493243297084e-005 413916 70
9.67715529108937e+004 1.73443331572189e+006 5.57365465203265e-002 3.09091463972900e-001 1.45142857799005e+000 3.88584882557824e+003 2.89393714441659e-005 416602 71
9.67720547376444e+004 1.73445093824955e+006 5.57362698238405e-002 3.55784783471175e-001 1.48786170278024e+000 3.88590636710906e+003 2.93003016205985e-005 417038 72
9.67719760122297e+004 1.73443508249335e+006 5.57367330469842e-002 5.25833918271432e-001 1.54807223532823e+000 4.24330519302622e+003 2.94536049692968e-005 429276 73
9.67690006774228e+004 1.73441836508387e+006 5.57355590187392e-002 5.72557756279183e-001 1.55612587343974e+000 4.25508107767647e+003 2.95807447601897e-005 434960 74
9.67700460756857e+004 1.73443546776408e+006 5.57356114274802e-002 1.78411206396680e-001 5.17014803765984e-001 4.25714488013044e+003 3.03980447168407e-005 437328 75
9.67766685995952e+004 1.73441778284249e+006 6.22744001499500e+000 9.28647724845119e-001 -1.55919392605365e+000 4.27195243492959e+003 3.04419209428052e-005 448388 76
9.67682265699446e+004 1.73440722992363e+006 5.57354711700774e-002 2.87392803735466e-001 1.42793880016480e+000 4.27828138964191e+003 3.10152936042236e-005 450442 77
9.67682931123592e+004 1.73440761407049e+006 5.57354970980223e-002 1.79448835718863e-001 5.07618892635884e-001 4.27833608715406e+003 3.18088629826473e-005 451504 78
9.67702246781514e+004 1.73443800270649e+006 5.57356327912144e-002 2.83089693899350e-001 1.42218620151372e+000 4.45995381552749e+003 3.24010846847010e-005 470872 79
9.67714007296157e+004 1.73444711028915e+006 5.57360166804638e-002 2.69722586748863e-001 1.40339437925352e+000 4.46712497268533e+003 3.30578326816678e-005 474058 80
9.67685022136804e+004 1.73440976334431e+006 5.57355483601387e-002 2.07892086550493e-001 1.25363506103702e+000 4.52150453057837e+003 3.41800261391288e-005 477850 81
9.67729815976431e+004 1.73444435961501e+006 5.57370135163328e-002 4.63484603411969e-001 1.53349898541215e+000 4.52587341637307e+003 3.43823051711581e-005 478947 82
9.67732192559456e+004 1.73445056895372e+006 5.57369509876506e-002 6.19495223853267e-001 1.56197434873501e+000 4.56077759003374e+003 3.44892181122791e-005 492051 83
9.67769719075330e+004 1.73440499410419e+006 6.22743943050925e+000 7.94732505264443e-001 -1.56494652470473e+000 4.56272613120317e+003 3.45510250341874e-005 494220 84
9.67771050275240e+004 1.73444686599400e+006 6.22744069686392e+000 8.64467299417096e-001 -1.56197434873501e+000 4.56702796551724e+003 3.46023899926197e-005 496859 85
9.67683731239350e+004 1.73440738986583e+006 5.57355502767487e-002 1.85094759971923e-001 1.13513152882473e+000 4.71261683959203e+003 3.59849194609069e-005 505332 86
9.67687331429678e+004 1.73441629239231e+006 5.57354717151858e-002 1.81188390758995e-001 1.10550564577166e+000 4.71350249555850e+003 3.74132586667127e-005 512021 87
9.67702830222872e+004 1.73442287270429e+006 5.57361515216740e-002 4.21399578844569e-001 1.52007625522629e+000 4.71504972723164e+003 3.76625142091501e-005 515625 88
9.67767150696070e+004 1.73441924982266e+006 6.22744003533288e+000 7.87102877895444e-001 -1.56552178456984e+000 4.71508459220331e+003 3.77256470529662e-005 516378 89
9.67691613251778e+004 1.73441806155774e+006 5.57356610883699e-002 1.65349284340953e-001 8.76552219458602e-001 4.71613151787394e+003 3.92277879841397e-005 519947 90
9.67768925632863e+004 1.73440582743249e+006 6.22743950284066e+000 8.61323892941069e-001 -1.56168671880245e+000 4.71962411786035e+003 3.92795661170663e-005 525443 91
9.67764715662911e+004 1.73442300459419e+006 6.22744029571062e+000 9.68565935239723e-001 -1.55794752967925e+000 4.78910315416260e+003 3.93195615704945e-005 530584 92
9.67714443851457e+004 1.73442968899089e+006 5.57366004482102e-002 1.65440839869381e-001 8.79620272072512e-001 4.79093776042485e+003 4.08236992163516e-005 531170 93
9.67698517384409e+004 1.73442830368473e+006 5.57357294685419e-002 1.94463942381054e-001 4.06277279732658e-001 4.79392600991174e+003 4.13643206722936e-005 535576 94
9.67727625343158e+004 1.73443586115840e+006 5.57371601430793e-002 5.16617328409680e-001 1.54625057908872e+000 4.79450439739977e+003 4.15236985792857e-005 538789 95
9.67769651490200e+004 1.73440502073649e+006 6.22743943524803e+000 7.16269417401654e-001 -1.57002798684652e+000 4.79523388518666e+003 4.16013881045600e-005 544469 96
9.67679628632325e+004 1.73440341259107e+006 5.57354420142955e-002 1.72338023010956e-001 1.01643624332408e+000 4.84734934645096e+003 4.31185519974084e-005 547286 97
9.67699457845783e+004 1.73442857897914e+006 5.57357746951435e-002 1.65715506454665e-001 8.89591443067721e-001 4.85514537077164e+003 4.46294985750300e-005 550789 98
9.67722390148092e+004 1.73443586004443e+006 5.57368592770353e-002 5.97308267464217e-001 1.55938567934202e+000 5.00030287856070e+003 4.47453404727684e-005 577176 99
9.67755564118613e+004 1.73444814910385e+006 6.22744162810017e+000 8.69258705404828e-001 -1.56178259544664e+000 5.32438679543347e+003 4.47960845248816e-005 590547 100
9.67698248080872e+004 1.73442366592616e+006 5.57358627157323e-002 1.77282021546068e-001 5.27561234626301e-001 5.32440014278474e+003 4.56402069436224e-005 590843 101
9.67740242626400e+004 1.73444456389272e+006 5.57376062518493e-002 4.48530533768731e-001 1.52908865977966e+000 5.33781617229486e+003 4.58575823576548e-005 595471 102
9.67709138910654e+004 1.73443442752935e+006 5.57361435781442e-002 5.38773766289254e-001 1.55046915143284e+000 5.33782047751885e+003 4.60029095200985e-005 595848 103
9.67700882721537e+004 1.73443551464208e+006 5.57356341773348e-002 6.66463209936827e-001 1.56705581087680e+000 5.33782716656822e+003 4.60939469647943e-005 595945 104
9.67775606262403e+004 1.73443064853948e+006 6.22743991489947e+000 9.32523575548570e-001 -1.55919392605365e+000 5.34468468543440e+003 4.61374229926079e-005 601149 105
9.67773955593725e+004 1.73441227081257e+006 6.22743942037978e+000 7.33054597613453e-001 -1.56887746711631e+000 5.34532292058811e+003 4.62112525027169e-005 603335 106
9.67684072860866e+004 1.73440730944711e+006 5.57355724912788e-002 6.33320108645894e-001 1.56398775826289e+000 5.35088868959301e+003 4.63130997786209e-005 608171 107
9.67768290024487e+004 1.73441576406839e+006 6.22743985805540e+000 8.46430860316782e-001 -1.56245373195593e+000 5.35284968098276e+003 4.63669037465480e-005 612009 108
9.67704506183951e+004 1.73443924826906e+006 5.57357227110888e-002 5.54826502273629e-001 1.55315369747002e+000 5.36872828908297e+003 4.65031477090699e-005 624364 109
9.67683303892098e+004 1.73440707295588e+006 5.57355358767175e-002 4.64491714224677e-001 1.53417012192145e+000 5.39960540998333e+003 4.67044681134381e-005 633219 110
9.67704903182095e+004 1.73443138717343e+006 5.57359976217218e-002 4.39100314340648e-001 1.52621236045412e+000 5.39996315479429e+003 4.69322182655460e-005 634007 111
9.67702380513678e+004 1.73444477200542e+006 5.57354233993797e-002 1.73039948728904e-001 5.73677900479141e-001 5.40664878118830e+003 4.78920350642349e-005 644071 112
9.67691511372975e+004 1.73441673990209e+006 5.57356976162845e-002 1.85552537614063e-001 1.13819958143864e+000 5.45095769411018e+003 4.92690290809511e-005 657297 113
9.67768237234972e+004 1.73445088912260e+006 6.22744098756870e+000 8.79177220984527e-001 -1.56139908886990e+000 5.45473294726302e+003 4.93185220352799e-005 660160 114
9.67766867582386e+004 1.73441926033842e+006 6.22744005194272e+000 8.04498428296762e-001 -1.56456301812799e+000 5.45651448913353e+003 4.93786902073116e-005 663244 115
9.67733183536230e+004 1.73445096273224e+006 5.57369953172705e-002 3.13821832941679e-001 1.45574302697836e+000 5.74312784396232e+003 4.98528742721761e-005 676895 116
9.67696931677975e+004 1.73443353985017e+006 5.57354704121805e-002 6.93319498275704e-001 1.56945272698141e+000 5.76408290616628e+003 4.99363339668407e-005 680300 117
9.67718071774994e+004 1.73443210985084e+006 5.57367313355754e-002 3.93078402050844e-001 1.50818755134739e+000 5.81553331203741e+003 5.02266190712397e-005 685600 118
9.67702903610728e+004 1.73443453056553e+006 5.57357818891066e-002 5.86474196600238e-001 1.55794752967925e+000 5.81813070676780e+003 5.03472190536628e-005 686568 119
9.67680719079446e+004 1.73440588719172e+006 5.57354253335499e-002 3.52336191900388e-001 1.48613592318491e+000 5.82509381166298e+003 5.07159134106677e-005 693766 120
9.67716889244602e+004 1.73444487329493e+006 5.57362540610725e-002 3.47025971251564e-001 1.48220498077334e+000 6.15737891415441e+003 5.10970036660637e-005 707930 121
9.67687667027913e+004 1.73441044747155e+006 5.57356784429848e-002 6.80471205786309e-001 1.56858983718375e+000 6.15752910457614e+003 5.11839694029694e-005 708093 122
9.67688607610357e+004 1.73441470180260e+006 5.57355960746167e-002 3.04849391155736e-001 1.44740175893429e+000 6.48567728047031e+003 5.16888959535904e-005 722537 123
9.67696657061387e+004 1.73441628556368e+006 5.57360079468877e-002 6.01672414319285e-001 1.56015269249550e+000 6.49725154028926e+003 5.18028983218782e-005 724880 124
9.67786560791106e+004 1.73444243865662e+006 6.22743966338861e+000 9.53581347087008e-001 -1.55861866618854e+000 6.49739254997562e+003 5.18442898488010e-005 726236 125
9.67685231657426e+004 1.73440947124653e+006 5.57355697700643e-002 6.15070039979247e-001 1.56187847209082e+000 6.49768674824447e+003 5.19529022372405e-005 731194 126
9.67773886041885e+004 1.73441581701995e+006 6.22743953810937e+000 9.04202398754845e-001 -1.56005681585131e+000 6.52837363319246e+003 5.19994309682664e-005 748533 127
9.67698150606949e+004 1.73441759233860e+006 5.57360518852079e-002 2.59712515640736e-001 1.38757473296304e+000 6.53003461846240e+003 5.27111614074617e-005 751184 128
9.67723508728624e+004 1.73444553497580e+006 5.57366133060654e-002 3.12021240882595e-001 1.45411312402722e+000 6.53902133793291e+003 5.31912952924182e-005 764519 129
9.67773440387863e+004 1.73442313728729e+006 6.22743979849423e+000 8.21985534226508e-001 -1.56370012833033e+000 6.54135833873705e+003 5.32486829601988e-005 768406 130
9.67754836708994e+004 1.73445025450880e+006 5.57382625717333e-002 1.71300393688772e-001 5.96592418439283e-001 6.83322871480796e+003 5.42646152260945e-005 777499 131
9.67697800370251e+004 1.73442633900932e+006 5.57357512608034e-002 1.64403210547197e-001 7.91701389355144e-001 6.83326616351690e+003 5.56730389195460e-005 779413 132
9.67697925804364e+004 1.73441770037499e+006 5.57360354995618e-002 6.16595965453047e-001 1.56197434873501e+000 7.35983150866243e+003 5.57810609412513e-005 783672 133
9.67710247976465e+004 1.73443499219573e+006 5.57361892156096e-002 7.05313272499771e-001 1.57041149342326e+000 7.36087743092286e+003 5.58614302324534e-005 784863 134
9.67685577428975e+004 1.73440891514044e+006 5.57356074777775e-002 6.55629139072848e-001 1.56628879772332e+000 7.37627447528536e+003 5.59558098337683e-005 791733 135
9.67719984086844e+004 1.73443834076664e+006 5.57366414307682e-002 4.61561937314982e-001 1.53301960219123e+000 7.37629879919155e+003 5.61599435591781e-005 792490 136
9.67698601385346e+004 1.73442415936051e+006 5.57358671989145e-002 3.61583300271615e-001 1.49169676854762e+000 7.42872676560105e+003 5.65083709107865e-005 796567 137
9.67766631692956e+004 1.73442173677289e+006 6.22744014492260e+000 8.67366557817316e-001 -1.56159084215827e+000 7.42888589007664e+003 5.65593587269509e-005 798558 138
9.67770423478884e+004 1.73440540293056e+006 6.22743940313348e+000 9.53581347087008e-001 -1.55823515961180e+000 7.45033665133369e+003 5.66007500575130e-005 803881 139
9.67684148105575e+004 1.73441009602669e+006 5.57354874542724e-002 4.41938535721915e-001 1.52736288018433e+000 7.51156629854714e+003 5.68253061310335e-005 808157 140
9.67721292882150e+004 1.73444977733134e+006 5.57363499014223e-002 6.36494033631397e-001 1.56389188161870e+000 7.67573301272379e+003 5.69260393706520e-005 827407 141
9.67706807078959e+004 1.73442830609383e+006 5.57362058577538e-002 2.62337107455672e-001 1.39188918195135e+000 7.98627897513707e+003 5.76227485017249e-005 841001 142
9.67698799547140e+004 1.73443786395338e+006 5.57354391052945e-002 2.89315469832453e-001 1.42995220969268e+000 8.02536046416487e+003 5.81879342074861e-005 857246 143
9.67769029916144e+004 1.73441774241732e+006 6.22743987897635e+000 9.86083559678945e-001 -1.55737226981414e+000 8.02572469796563e+003 5.82263828828692e-005 860341 144
9.67772783282151e+004 1.73440969165362e+006 6.22743940504377e+000 8.60042115543077e-001 -1.56178259544664e+000 8.02638325779206e+003 5.82783309831511e-005 864786 145
9.67681475101770e+004 1.73440545861898e+006 5.57354825317483e-002 4.81124301889096e-001 1.53858044755394e+000 8.09193972977723e+003 5.84646852065532e-005 888650 146
9.67728637794816e+004 1.73443646035256e+006 5.57371991198344e-002 2.09418012024293e-001 1.25919590639973e+000 8.09375532497654e+003 5.95709667273354e-005 893413 147
9.67699064327623e+004 1.73442485476855e+006 5.57358715067481e-002 4.33210242011780e-001 1.52429482757042e+000 8.11332288604942e+003 5.98055644509402e-005 902934 148
9.67772420384317e+004 1.73442568090049e+006 6.22743993869729e+000 7.57988219855342e-001 -1.56734344080935e+000 8.11614226179301e+003 5.98741560143680e-005 906703 149
9.67773777182311e+004 1.73441736860015e+006 6.22743959412757e+000 7.11661122470779e-001 -1.57050737006745e+000 8.11627390533063e+003 5.99529566182207e-005 908381 150
9.67705414811846e+004 1.73442319664051e+006 5.57362896882012e-002 1.90466017639698e-001 1.16964712073122e+000 8.11830638365220e+003 6.12712413750853e-005 911258 151
9.67769575547800e+004 1.73444507905945e+006 6.22744072431865e+000 8.38496047853023e-001 -1.56312486846522e+000 8.11964368701432e+003 6.13261721430882e-005 914367 152
9.67718806365135e+004 1.73445225470037e+006 5.57361275408607e-002 5.76921903134251e-001 1.55641350337230e+000 8.14729311181036e+003 6.14512061969615e-005 928979 153
9.67682969500568e+004 1.73440640443762e+006 5.57355380951844e-002 5.39292580950346e-001 1.55085265800958e+000 8.16072425293310e+003 6.15962270775250e-005 935892 154
9.67697920856698e+004 1.73443463658138e+006 5.57354920968203e-002 1.72093874935148e-001 1.01269705420087e+000 8.16079140745231e+003 6.31145964039428e-005 936118 155
9.67769283432406e+004 1.73441419344199e+006 6.22743975058501e+000 8.72341074861904e-001 -1.56130321222571e+000 8.65237970492289e+003 6.31649466058600e-005 949896 156
9.67686238153899e+004 1.73441229846001e+006 5.57355369561172e-002 3.01950132755516e-001 1.44442958296457e+000 8.65299363560526e+003 6.36804083088359e-005 950134 157
9.67680232538845e+004 1.73440408419549e+006 5.57354551880130e-002 5.32273323770867e-001 1.54960626163518e+000 8.76856304153978e+003 6.38296660421215e-005 979847 158
9.67770087154690e+004 1.73441303047186e+006 6.22743966709115e+000 7.52983184301279e-001 -1.56753519409772e+000 8.76856308435549e+003 6.38992646854999e-005 979918 159
9.67772117175469e+004 1.73442092769421e+006 6.22743980368463e+000 7.71080660420545e-001 -1.56648055101169e+000 8.77632858854060e+003 6.39653198938037e-005 986236 160
9.67699465005593e+004 1.73442264378710e+006 5.57359654396669e-002 1.89794610431227e-001 1.16562030167547e+000 8.78118393072490e+003 6.52916062017563e-005 994110 161
9.67683134090190e+004 1.73440760365676e+006 5.57355090980201e-002 6.48792992950224e-001 1.56561766121403e+000 8.80163114036153e+003 6.53881871219988e-005 1006492 162
9.67775614606275e+004 1.73442482881607e+006 6.22743972777566e+000 8.00225836970122e-001 -1.56485064806055e+000 8.93233034974699e+003 6.54490644195922e-005 1023847 163
9.67704901120068e+004 1.73443733343530e+006 5.57358068160636e-002 4.94888149662771e-001 1.54155262352367e+000 8.93353884353999e+003 6.56242222047413e-005 1026826 164
9.67684954243307e+004 1.73441313472662e+006 5.57354363422952e-002 5.82811975463118e-001 1.55765989974670e+000 8.93394715787985e+003 6.57464952120787e-005 1028182 165
9.67773118744424e+004 1.73444627367462e+006 6.22744055898011e+000 8.21008941923276e-001 -1.56398775826289e+000 8.99282642302727e+003 6.58040332802325e-005 1035725 166
9.67694321573228e+004 1.73442249156196e+006 5.57356746914553e-002 4.02294991912595e-001 1.51240612369152e+000 9.06150093691299e+003 6.60799587245798e-005 1036292 167
9.67780854041048e+004 1.73443604229725e+006 6.22743978625655e+000 8.89706106753746e-001 -1.56082382900479e+000 9.06299401462412e+003 6.61281720005176e-005 1042052 168
9.67697560337936e+004 1.73441730117423e+006 5.57360272954166e-002 1.88665425580615e-001 1.15871718329417e+000 9.06303731725935e+003 6.74679738528509e-005 1043019 169
9.67706196816564e+004 1.73444354380610e+006 5.57356821328113e-002 2.18878749961852e-001 1.29198571871090e+000 9.06683209275500e+003 6.84818371892012e-005 1049062 170
9.67772471006673e+004 1.73441592681348e+006 6.22743962296307e+000 9.14609210486160e-001 -1.55967330927457e+000 9.11537824320456e+003 6.85272089436311e-005 1057756 171
9.67768394181424e+004 1.73440244304062e+006 6.22743942484435e+000 8.08465834528642e-001 -1.56417951155126e+000 9.14800964936045e+003 6.85867292982304e-005 1088738 172
9.67765236957955e+004 1.73442175118994e+006 6.22744022555037e+000 7.84203619495224e-001 -1.56571353785821e+000 9.14801027140359e+003 6.86503768394651e-005 1088886 173
9.67770497316548e+004 1.73440865206440e+006 6.22743950309430e+000 9.28708761864071e-001 -1.55909804940947e+000 9.17384105575851e+003 6.86942466726379e-005 1105940 174
9.67680072517555e+004 1.73440383065278e+006 5.57354541211338e-002 4.25275429548021e-001 1.52170615817743e+000 9.17384526376225e+003 6.89385517825680e-005 1106019 175
9.67705398652315e+004 1.73442200095656e+006 5.57363271036140e-002 6.06707968382824e-001 1.56072795236061e+000 9.25447227829963e+003 6.90504835454527e-005 1111976 176
9.67766751280522e+004 1.73444847417614e+006 6.22744099552867e+000 9.64629047517319e-001 -1.55833103625599e+000 9.26834334042594e+003 6.90908391831451e-005 1121714 177
9.67772538456930e+004 1.73441163032193e+006 6.22743948129174e+000 7.80755027924436e-001 -1.56580941450240e+000 9.28346808730798e+003 6.91551068830108e-005 1127971 178
9.67699209337726e+004 1.73442264704623e+006 5.57359506400906e-002 4.76546525467696e-001 1.53723817453536e+000 9.29939825835596e+003 6.93454137379071e-005 1133763 179
9.67771453520969e+004 1.73440880517954e+006 6.22743945304461e+000 7.55272072511978e-001 -1.56734344080935e+000 9.29974518866161e+003 6.94145491519142e-005 1135496 180
9.67696016232824e+004 1.73442253405247e+006 5.57357707330624e-002 1.65532395397809e-001 7.15095950651570e-001 9.29974529501677e+003 7.06930074493730e-005 1135521 181
9.67682276618432e+004 1.73440584448848e+006 5.57355162267605e-002 5.73625904110843e-001 1.55641350337230e+000 9.30005294945993e+003 7.08196275082624e-005 1139157 182
9.67765613257771e+004 1.73442725696517e+006 6.22744038049617e+000 9.86236152226325e-001 -1.55746814645833e+000 9.30935316162776e+003 7.08580631466622e-005 1145169 183
9.67692510473100e+004 1.73441678919482e+006 5.57357534611587e-002 2.39051484725486e-001 1.34663540589618e+000 9.31679972783115e+003 7.17049895115161e-005 1157280 184
9.67717184780520e+004 1.73444761169398e+006 5.57361832314162e-002 5.50126651814325e-001 1.55229080767235e+000 9.63947941816846e+003 7.18438051576622e-005 1162244 185
9.67772098205662e+004 1.73442378212466e+006 6.22743989631957e+000 9.50529496139408e-001 -1.55852278954436e+000 9.67444230764823e+003 7.18854895684210e-005 1168100 186
9.67757994178855e+004 1.73445086154867e+006 5.57384245836671e-002 2.06549272133549e-001 1.24778658574175e+000 9.69083705563467e+003 7.30215912667055e-005 1175973 187
9.67728464690300e+004 1.73444946255656e+006 5.57367722044372e-002 6.78548539689322e-001 1.56801457731864e+000 9.80421078151762e+003 7.31090999178630e-005 1180894 188
9.67682552452115e+004 1.73440657506534e+006 5.57355086523935e-002 4.00585955381939e-001 1.51183086382641e+000 9.83137244125482e+003 7.33876124042332e-005 1182153 189
9.67694295779521e+004 1.73442929318071e+006 5.57354550920876e-002 6.38080996124149e-001 1.56427538819544e+000 1.01444071398133e+004 7.34877955531436e-005 1184087 190
9.67685146354682e+004 1.73441087967179e+006 5.57355197007758e-002 6.25904110843226e-001 1.56312486846522e+000 1.01520784018584e+004 7.35923158768953e-005 1186499 191
9.67697988741983e+004 1.73442117004131e+006 5.57359278492598e-002 4.43189794610431e-001 1.52765051011689e+000 1.01546209346630e+004 7.38154823157215e-005 1191144 192
9.67691924490571e+004 1.73442219646640e+006 5.57355463772053e-002 5.84856715598010e-001 1.55785165303507e+000 1.01602776393277e+004 7.39368171353803e-005 1193854 193
9.67718368744274e+004 1.73443972353091e+006 5.57365042429056e-002 1.69194616534928e-001 9.69264934385205e-001 1.04239198576224e+004 7.54688043507576e-005 1201940 194
9.67769596830516e+004 1.73444367307328e+006 6.22744067800519e+000 9.25321207312235e-001 -1.55957743263039e+000 1.04287051125064e+004 7.55130285347449e-005 1206264 195
9.67770386911968e+004 1.73442075646883e+006 6.22743989764392e+000 8.47560045167394e-001 -1.56245373195593e+000 1.08090660515355e+004 7.55666749287716e-005 1223360 196
9.67697591489500e+004 1.73441966115141e+006 5.57359534044055e-002 2.81105990783410e-001 1.41978928540910e+000 1.11323898927433e+004 7.61679122094520e-005 1238508 197
9.67700313574294e+004 1.73443598797335e+006 5.57355862857309e-002 2.35572374645222e-001 2.60065397350993e-001 1.11336078185380e+004 7.63986044978634e-005 1242239 198
9.67770887555559e+004 1.73441500546615e+006 6.22743968442685e+000 8.81862849818415e-001 -1.56091970564898e+000 1.13837254343897e+004 7.64477662335406e-005 1248804 199
9.67695639655627e+004 1.73441925564563e+006 5.57358542223852e-002 5.03463850825526e-001 1.54366190969573e+000 1.18678710082505e+004 7.66164372838398e-005 1276688 200
9.67768845963950e+004 1.73440236116582e+006 6.22743939625103e+000 8.41364787743767e-001 -1.56254960860012e+000 1.19063988192412e+004 7.66709565994631e-005 1277549 201
9.67773786655538e+004 1.73441807602871e+006 6.22743961627122e+000 9.37162388988922e-001 -1.55890629612110e+000 1.19103167967810e+004 7.67139604479722e-005 1285666 202
9.67687422533589e+004 1.73441171700168e+006 5.57356236778823e-002 3.77452925199133e-001 1.50070917310099e+000 1.22099906053544e+004 7.70311836886314e-005 1301683 203
9.67681894829609e+004 1.73440587062568e+006 5.57354934442271e-002 2.34778893398846e-001 1.33666423490097e+000 1.23239243265469e+004 7.79103415594710e-005 1332157 204
9.67687642406773e+004 1.73441129429492e+006 5.57356498712942e-002 2.61421552171392e-001 1.39054690893277e+000 1.23967383390350e+004 7.86122589776272e-005 1333761 205
9.67773613139565e+004 1.73443334855353e+006 6.22744011604940e+000 8.96359141819513e-001 -1.56053619907224e+000 1.23979645456287e+004 7.86596883437211e-005 1336718 206
9.67708635771047e+004 1.73443159761966e+006 5.57362054104915e-002 4.64033936582537e-001 1.53378661534471e+000 1.24195362548526e+004 7.88614430901266e-005 1341801 207
9.67681426077533e+004 1.73440603736291e+006 5.57354611543886e-002 4.22986541337321e-001 1.52084326837977e+000 1.27775696476882e+004 7.91086554677889e-005 1373801 208
9.67695861105638e+004 1.73442478117073e+006 5.57356897550748e-002 6.41254921109653e-001 1.56465889477218e+000 1.27776042048459e+004 7.92077511999423e-005 1374277 209
9.67790372407305e+004 1.73444575416380e+006 6.22743955064155e+000 9.09939878536332e-001 -1.56015269249550e+000 1.31769218089381e+004 7.92536369840180e-005 1395958 210
9.67704861257579e+004 1.73444191550320e+006 5.57356575861824e-002 6.72353282265694e-001 1.56753519409772e+000 1.31827103508658e+004 7.93429292451306e-005 1409405 211
9.67724221799373e+004 1.73444785564903e+006 5.57365798700840e-002 6.21723075045015e-001 1.56226197866756e+000 1.31830163887416e+004 7.94490014284922e-005 1410595 212
9.67696434715620e+004 1.73442399009370e+006 5.57357480931523e-002 3.46842860194708e-001 1.48230085741752e+000 1.31840597569553e+004 7.98305376928568e-005 1412448 213
9.67710280662421e+004 1.73443070002155e+006 5.57363287384760e-002 4.13159581286050e-001 1.51681644932402e+000 1.31854528889692e+004 8.00908162763175e-005 1417886 214
9.67680715793247e+004 1.73440557054076e+006 5.57354352992402e-002 4.25061799981689e-001 1.52161028153325e+000 1.31982292395650e+004 8.03353904393730e-005 1435319 215
9.67770387163320e+004 1.73440531177956e+006 6.22743940229745e+000 7.45963927121799e-001 -1.56791870067446e+000 1.32151032435633e+004 8.04064380828537e-005 1437995 216
9.67772024678549e+004 1.73440854477550e+006 6.22743941186429e+000 9.07315286721396e-001 -1.55986506256294e+000 1.32903320330674e+004 8.04526162450416e-005 1443083 217
9.67773175211576e+004 1.73443491760076e+006 6.22744019154047e+000 8.07550279244362e-001 -1.56456301812799e+000 1.33204178615163e+004 8.05122853055249e-005 1446155 218
9.67702003396941e+004 1.73442538697508e+006 5.57360233687176e-002 5.05081331827753e-001 1.54394953962828e+000 1.33205674671553e+004 8.06797715981770e-005 1447351 219
9.67725723025819e+004 1.73444498823791e+006 5.57367581090371e-002 1.64433729056673e-001 8.10876718192084e-001 1.33389551168768e+004 8.21140175868608e-005 1450443 220
9.67690427717634e+004 1.73441237994977e+006 5.57357751484739e-002 6.44611957152013e-001 1.56513827799310e+000 1.35847319762372e+004 8.22119817780184e-005 1463390 221
9.67711977929463e+004 1.73444264467666e+006 5.57360432442772e-002 5.74266792809839e-001 1.55612587343974e+000 1.36214803698525e+004 8.23382906363225e-005 1474305 222
9.67786656590940e+004 1.73444769963375e+006 5.57401733943871e-002 1.99774163029878e-001 3.79815325937681e-001 1.36249589690123e+004 8.28162864968349e-005 1480407 223
9.67776744116676e+004 1.73441737443660e+006 6.22743942378339e+000 8.17011017181921e-001 -1.56389188161870e+000 1.36638478274203e+004 8.28744457651649e-005 1483699 224
9.67691126692402e+004 1.73441843498037e+006 5.57356211471275e-002 2.60841700491348e-001 1.38949226584674e+000 1.36710156417161e+004 8.35796646128008e-005 1491590 225
9.67709559324765e+004 1.73443623252490e+006 5.57361098586426e-002 1.64464247566149e-001 7.79620932187872e-001 1.36850425857861e+004 8.49700488011416e-005 1495392 226
9.67759372122182e+004 1.73444370923203e+006 6.22744126684457e+000 9.39298684652242e-001 -1.55909804940947e+000 1.37173523605622e+004 8.50128378670708e-005 1510568 227
9.67777209102795e+004 1.73442676173192e+006 6.22743969811945e+000 9.42716757713553e-001 -1.55881041947691e+000 1.38638013150176e+004 8.50552862155683e-005 1524794 228
9.67755237672367e+004 1.73444540965678e+006 6.22744155901010e+000 8.64101077303385e-001 -1.56197434873501e+000 1.41120693544765e+004 8.51066990789148e-005 1539359 229
9.67772123397791e+004 1.73443630187900e+006 6.22744029638988e+000 9.17783135471663e-001 -1.55976918591876e+000 1.41834470511987e+004 8.51517264019845e-005 1572250 230
9.67722866313954e+004 1.73443535276063e+006 5.57369029135405e-002 2.68074587237159e-001 1.40099746314890e+000 1.41879645983798e+004 8.58171178908151e-005 1574741 231
9.67680749077864e+004 1.73440596027058e+006 5.57354247142492e-002 4.69344157231361e-001 1.53551239494003e+000 1.41886460572407e+004 8.60138970882165e-005 1579716 232
9.67774474358897e+004 1.73445043125634e+006 5.57393856012558e-002 6.39271217993713e-001 3.39882703634754e-002 1.42412669851871e+004 8.60172876276962e-005 1584836 233
9.67697494367299e+004 1.73442076185418e+006 5.57359125239997e-002 1.90832239753410e-001 1.17185228354747e+000 1.45547606835123e+004 8.73312376502157e-005 1589809 234
9.67680914647817e+004 1.73440473241929e+006 5.57354736064074e-002 4.14410840174566e-001 1.51758346247749e+000 1.52268410105197e+004 8.75898010753975e-005 1597904 235
9.67735237698788e+004 1.73445083528318e+006 5.57371174698772e-002 4.88143559068575e-001 1.53982684392834e+000 1.52287795457593e+004 8.77703179285551e-005 1600382 236
9.67700242118866e+004 1.73443749924070e+006 5.57355337151378e-002 4.91592150639363e-001 1.54078561037019e+000 1.52293672435317e+004 8.79480657249808e-005 1604417 237
9.67713032065173e+004 1.73443569611196e+006 5.57363266623172e-002 6.83462019714957e-001 1.56858983718375e+000 1.53016535927211e+004 8.80341964273697e-005 1608353 238
9.67685916296974e+004 1.73441021375986e+006 5.57355853100696e-002 5.01724295785394e-001 1.54337427976318e+000 1.55697983303690e+004 8.82041553993549e-005 1619216 239
9.67691560848686e+004 1.73442466542283e+006 5.57354463006923e-002 5.01968443861202e-001 1.54327840311899e+000 1.58829354067887e+004 8.83739321144388e-005 1625934 240
9.67727079316272e+004 1.73443527687607e+006 5.57371474966566e-002 3.79222998748741e-001 1.50138030961028e+000 1.58971791681557e+004 8.86879216981883e-005 1627169 241
9.67767198940020e+004 1.73441769450191e+006 6.22743998267919e+000 7.43583483382672e-001 -1.56820633060701e+000 1.59229765146507e+004 8.87594707399547e-005 1641545 242
9.67692476924070e+004 1.73442321043725e+006 5.57355456130686e-002 3.14432203131199e-001 1.45660591677602e+000 1.59230215395546e+004 8.92316790198003e-005 1643154 243
9.67681201269381e+004 1.73440605616173e+006 5.57354476300790e-002 6.56300546281320e-001 1.56638467436750e+000 1.59828241415907e+004 8.93258463773041e-005 1675740 244
9.67768862335409e+004 1.73441405545119e+006 6.22743977036303e+000 9.59440900906400e-001 -1.55813928296762e+000 1.62830094432421e+004 8.93666835628886e-005 1694708 245
9.67782396482755e+004 1.73442712773703e+006 6.22743941170272e+000 9.86114078188421e-001 -1.55746814645833e+000 1.63240291066443e+004 8.94051296698060e-005 1699577 246
9.67695693951666e+004 1.73442933145840e+006 5.57355342272349e-002 1.82958464308603e-001 1.11921600589007e+000 1.63450265800185e+004 9.08127359106879e-005 1720785 247
9.67774290486278e+004 1.73444136791409e+006 6.22744033430325e+000 8.65382854701376e-001 -1.56187847209082e+000 1.63518124200508e+004 9.08639813469303e-005 1722539 248
9.67699248380060e+004 1.73443066915453e+006 5.57356956271228e-002 5.78691976683859e-001 1.55689288659322e+000 1.63520655986994e+004 9.09881764015804e-005 1723551 249
9.67695996127518e+004 1.73441789716381e+006 5.57359182761526e-002 6.97164830469680e-001 1.56993211020234e+000 1.63528621400981e+004 9.10706267504350e-005 1726853 250
9.67726184051868e+004 1.73443972594822e+006 5.57369533625361e-002 6.25171666615802e-001 1.56274136188849e+000 1.63619103662512e+004 9.11754163482558e-005 1727610 251
9.67775877535325e+004 1.73441767611871e+006 6.22743948326750e+000 8.59736930448317e-001 -1.56187847209082e+000 1.63825180480507e+004 9.12274050704758e-005 1731991 252
9.67761669870203e+004 1.73444149427443e+006 6.22744106374458e+000 7.56035035248878e-001 -1.56763107074190e+000 1.64037627310286e+004 9.12963871514574e-005 1740167 253
9.67687727720167e+004 1.73441740076325e+006 5.57354589491406e-002 3.16568498794519e-001 1.45861932630390e+000 1.70678303711149e+004 9.17617197740138e-005 1767261 254
9.67680967594456e+004 1.73440489127044e+006 5.57354715555099e-002 2.30079042939543e-001 1.32477553102206e+000 1.70683181164256e+004 9.26782004021484e-005 1769845 255
9.67779596929191e+004 1.73444431937879e+006 6.22744012396256e+000 7.53532517471847e-001 -1.56782282403027e+000 1.70977435872040e+004 9.27476875327314e-005 1774582 256
9.67770892459576e+004 1.73440717178562e+006 6.22743943290759e+000 8.30317087313456e-001 -1.56312486846522e+000 1.70978504777114e+004 9.28038157397169e-005 1775184 257
9.67757474385814e+004 1.73444206767990e+006 6.22744132327541e+000 7.96441541795099e-001 -1.56523415463729e+000 1.71040943882293e+004 9.28653313570480e-005 1777354 258
9.67722608727968e+004 1.73445175938754e+006 5.57363619699643e-002 4.87380596331675e-001 1.53963509063997e+000 1.71423773867871e+004 9.30464694071850e-005 1781036 259
9.67706698716244e+004 1.73444287415378e+006 5.57357324547318e-002 2.94778283028657e-001 1.43628006820887e+000 1.71467788935921e+004 9.35893440079022e-005 1782812 260
9.67729174680775e+004 1.73443801699790e+006 5.57371800580457e-002 1.85583056123539e-001 1.13810370479446e+000 1.71562704436905e+004 9.49657789537254e-005 1787161 261
9.67769555333292e+004 1.73440527870779e+006 6.22743944904846e+000 9.62645344401379e-001 -1.55794752967925e+000 1.71773077905233e+004 9.50063175729039e-005 1805846 262
9.67729672975214e+004 1.73444839616331e+006 5.57368758499599e-002 5.62028870509964e-001 1.55420834055605e+000 1.72632521632902e+004 9.51387523259093e-005 1813235 263
9.67778528638352e+004 1.73442258243284e+006 6.22743948824144e+000 9.62218085268715e-001 -1.55813928296762e+000 1.75005403222304e+004 9.51793306561776e-005 1815584 264
9.67712322335159e+004 1.73443589087692e+006 5.57362796235274e-002 1.72399060029908e-001 1.01662799661245e+000 1.75005599268431e+004 9.66954930298142e-005 1815698 265
9.67771482823802e+004 1.73445179220324e+006 6.22744082998638e+000 9.11618396557512e-001 -1.56015269249550e+000 1.75048144153452e+004 9.67411931472952e-005 1819561 266
9.67700883245565e+004 1.73442035662788e+006 5.57361203023911e-002 2.92153691213721e-001 1.43349964552751e+000 1.75370913371179e+004 9.72946444710951e-005 1825664 267
9.67705615042889e+004 1.73444088960077e+006 5.57357338099476e-002 4.24756614886929e-001 1.52113089831233e+000 1.75371878250418e+004 9.75395995872550e-005 1826735 268
9.67704069683161e+004 1.73442649583443e+006 5.57361065731073e-002 1.77007354960784e-001 5.30245780663472e-001 1.76193698954454e+004 9.83905058841084e-005 1836352 269
9.67704134845343e+004 1.73444483861255e+006 5.57355220961274e-002 5.54368724631489e-001 4.52058377330851e-002 1.76264407693303e+004 9.83966749598375e-005 1838514 270
9.67696052161068e+004 1.73442440098609e+006 5.57357129283251e-002 1.65105136265145e-001 7.32641376537370e-001 1.76265804580898e+004 9.97082006020538e-005 1840829 271
9.67701443933024e+004 1.73444018633504e+006 5.57355166213204e-002 1.71971800897244e-001 5.87292383953368e-001 1.76670900553002e+004 1.00701591244602e-004 1851062 272
9.67789266770821e+004 1.73444175215304e+006 6.22743948584167e+000 7.37418744468520e-001 -1.56887746711631e+000 1.76702362367654e+004 1.00774462913345e-004 1858661 273
9.67703596816300e+004 1.73442173901534e+006 5.57362319393257e-002 4.66780602435377e-001 1.53464950514237e+000 1.76706623764563e+004 1.00973621368692e-004 1861866 274
9.67681364562714e+004 1.73440678965030e+006 5.57354334938086e-002 5.63554795983764e-001 1.55487947706534e+000 1.76731628353990e+004 1.01105269939453e-004 1866411 275
9.67779435758956e+004 1.73442647892102e+006 6.22743956106790e+000 7.90124210333567e-001 -1.56542590792566e+000 1.76736433467816e+004 1.01167872863577e-004 1869190 276
9.67770259084611e+004 1.73441021904908e+006 6.22743956704281e+000 7.95709097567675e-001 -1.56494652470473e+000 1.77633270806309e+004 1.01229513022805e-004 1876980 277
9.67736908505661e+004 1.73444352127204e+006 5.57374480544541e-002 4.14716025269326e-001 1.51729583254494e+000 1.78616548023696e+004 1.01487654064385e-004 1883399 278
9.67716212069712e+004 1.73444178015876e+006 5.57363143315657e-002 4.60005493331706e-001 1.53254021897031e+000 1.81611860730645e+004 1.01693306650810e-004 1899859 279
9.67708950633468e+004 1.73443981451893e+006 5.57359600042431e-002 3.37870418408765e-001 1.47578124561296e+000 1.81616142742831e+004 1.02097246769168e-004 1902158 280
9.67698873682764e+004 1.73442321616874e+006 5.57359130966211e-002 5.97766045106357e-001 1.55957743263039e+000 1.81616924583874e+004 1.02212893838124e-004 1903624 281
9.67701841619734e+004 1.73442801061176e+006 5.57359299339169e-002 5.72588274788659e-001 1.55602999679556e+000 1.85754869500050e+004 1.02340018541894e-004 1919697 282
9.67731735477886e+004 1.73444647800936e+006 5.57370559078741e-002 5.78508865627003e-001 1.55670113330485e+000 1.85783552015193e+004 1.02464299762481e-004 1924593 283
9.67698942493158e+004 1.73441805912084e+006 5.57360824315476e-002 6.19067964720603e-001 1.56226197866756e+000 1.85826758178523e+004 1.02571375370794e-004 1934587 284
9.67768354300845e+004 1.73443447554648e+006 6.22744045445372e+000 7.34946745200964e-001 -1.56897334376049e+000 1.86438409605312e+004 1.02644787370943e-004 1939341 285
9.67776420349782e+004 1.73443751341179e+006 6.22744008827004e+000 8.68953520310068e-001 -1.56168671880245e+000 1.86443621725465e+004 1.02695570595189e-004 1940771 286
9.67766800167554e+004 1.73443247154696e+006 6.22744047951101e+000 7.21335489974670e-001 -1.56993211020234e+000 1.86443809250356e+004 1.02772064789011e-004 1940867 287
9.67774520098719e+004 1.73441323782034e+006 6.22743941894685e+000 7.91100802636799e-001 -1.56523415463729e+000 1.87279458441852e+004 1.02834497754098e-004 1968428 288
9.67700237913601e+004 1.73441941654571e+006 5.57361133577939e-002 4.80178228095340e-001 1.53819694097720e+000 1.87873395778898e+004 1.03021658369517e-004 1982541 289
9.67695742896106e+004 1.73442831668584e+006 5.57355695824504e-002 3.22824793237098e-001 1.46398841837825e+000 1.87874739525725e+004 1.03467644784849e-004 1983629 290
9.67766230068759e+004 1.73444802809172e+006 6.22744101118010e+000 8.71517075106052e-001 -1.56168671880245e+000 1.88629453454106e+004 1.03518099957127e-004 1988179 291
9.67767529373358e+004 1.73442663840411e+006 6.22744025052593e+000 8.80092776268807e-001 -1.56111145893735e+000 1.88649981824357e+004 1.03567479574738e-004 1994223 292
9.67740861088644e+004 1.73444617766226e+006 5.57375900465684e-002 6.63594470046083e-001 1.56667230430006e+000 1.88708681829989e+004 1.03659384954339e-004 2003571 293
9.67702095083305e+004 1.73443570739528e+006 5.57356976786589e-002 2.28980376598407e-001 1.32151572511979e+000 1.88714278312021e+004 1.04584804550159e-004 2004699 294
9.67777847588976e+004 1.73442242013487e+006 6.22743952218110e+000 9.08597064119388e-001 -1.55996093920713e+000 1.91916282680707e+004 1.04630839563726e-004 2006214 295
9.67764427736505e+004 1.73442401444096e+006 6.22744034464636e+000 7.13797418134098e-001 -1.57041149342326e+000 1.93651709952337e+004 1.04709122250397e-004 2011299 296
9.67776025413137e+004 1.73442243239491e+006 6.22743962730773e+000 8.69808038575396e-001 -1.56149496551408e+000 1.93675263372885e+004 1.04759795690698e-004 2014568 297
9.67710408606792e+004 1.73443102567295e+006 5.57363256490970e-002 6.58955656605731e-001 1.56638467436750e+000 1.93698919163410e+004 1.04853130329107e-004 2017440 298
9.67775535890456e+004 1.73444285867776e+006 6.22744031053123e+000 9.30600909451582e-001 -1.55938567934202e+000 1.94260040585630e+004 1.04896804310114e-004 2040400 299
9.67746262847640e+004 1.73444876242779e+006 5.57378176284280e-002 2.53425702688681e-001 1.37597365901669e+000 1.94261932251098e+004 1.05646292093635e-004 2041264 300
