4.69350275504922e+005 1.67249573388726e+006 2.73591585645169e-001 3.45896786400952e-001 8.40406724600970e-001 4.44574052838816e+002 2.87048169261669e-007 38461 1
4.69351079336059e+005 1.67249780070936e+006 2.73591709700255e-001 4.46607867671743e-001 1.35094985488449e+000 1.03061719551062e+003 5.01392385455365e-007 69991 2
4.69360914970165e+005 1.67252624937332e+006 2.73592736235904e-001 3.50352488784448e-001 9.74442273171178e-001 1.44892788593988e+003 8.11368954507449e-007 88504 3
4.69352748482551e+005 1.67250384976717e+006 2.73591693962993e-001 4.48530533768731e-001 3.53161618854335e-001 2.10400209657117e+003 8.86617164125857e-007 190991 4
4.69365025020780e+005 1.67253412649903e+006 2.73593789023111e-001 6.08294930875576e-001 1.52256904797510e+000 2.76844038015819e+003 9.97783734677488e-007 296038 5
4.69367256696206e+005 1.67253730130563e+006 2.73594532113802e-001 3.68449964903714e-001 1.11662733649709e+000 2.88782039752284e+003 1.29913768625143e-006 356800 6
4.69362872281623e+005 1.67250770694044e+006 6.00958329481726e+000 7.23929563280129e-001 -1.56408363490707e+000 2.98464961075308e+003 1.37502846729537e-006 361633 7
4.69362267219447e+005 1.67252939992283e+006 2.73592995685381e-001 5.98345896786401e-001 1.51624118945891e+000 3.14967889068588e+003 1.49026468319516e-006 408932 8
4.69357745724643e+005 1.67248925692334e+006 6.00958326646746e+000 8.13043610950041e-001 -1.53704642124699e+000 3.45425724993118e+003 1.54901806285978e-006 419411 9
4.69352420132532e+005 1.67250331171490e+006 2.73591595661600e-001 6.59535508285775e-001 1.55066090472121e+000 3.60939138711614e+003 1.64215429159811e-006 434068 10
4.69364681942594e+005 1.67251952108775e+006 6.00958412940327e+000 7.58201849421674e-001 -1.55257843760491e+000 3.63023601057015e+003 1.71069237796061e-006 444660 11
4.69363745785746e+005 1.67253715717397e+006 2.73592608626595e-001 8.13531907101657e-001 1.02923577532273e-001 3.95978361219176e+003 1.71672428210363e-006 497863 12
4.69358738394835e+005 1.67252539636561e+006 2.73591662546024e-001 5.54094058046205e-001 1.48345137714774e+000 4.08966270378209e+003 1.85286506775027e-006 521375 13
4.69364402539017e+005 1.67253663809609e+006 2.73593053365454e-001 5.63402203436384e-001 1.49102563203833e+000 4.09117017963173e+003 1.98418983782066e-006 521563 14
4.69366255536248e+005 1.67252939941640e+006 6.00958479372080e+000 8.28974272896512e-001 -1.53321135547960e+000 4.17136601993839e+003 2.04048013714461e-006 542775 15
4.69359702932839e+005 1.67249858613764e+006 6.00958363276971e+000 7.37815485091708e-001 -1.55919392605365e+000 4.40810678027638e+003 2.11326086215281e-006 571060 16
4.69358761454500e+005 1.67249327454731e+006 6.00958332840753e+000 8.60896633808405e-001 -1.52592473052156e+000 4.53623072741949e+003 2.16504551975417e-006 610563 17
4.69365632390937e+005 1.67253808771756e+006 2.73593509533608e-001 5.90624713888974e-001 1.51106385067293e+000 4.86408618583952e+003 2.28358687953841e-006 615895 18
4.69361007018741e+005 1.67250402902347e+006 6.00958375657486e+000 7.10989715262307e-001 -1.56887746711631e+000 4.97993224475004e+003 2.36255114396322e-006 646487 19
4.69359031638614e+005 1.67252431404748e+006 2.73591993418521e-001 4.87166966765343e-001 1.41336555024873e+000 4.98065049502530e+003 2.54170873282254e-006 652176 20
4.69350062861467e+005 1.67249479615469e+006 2.73591613641500e-001 3.49955748161260e-001 7.38298098544267e-001 5.08263512175827e+003 2.79448501135405e-006 675341 21
4.69352739968950e+005 1.67250359426992e+006 2.73591728984429e-001 3.91857661671804e-001 1.21605141651662e+000 5.17025770244877e+003 3.06910271078823e-006 705239 22
4.69351687088810e+005 1.67250030633282e+006 2.73591656825485e-001 3.65031891842402e-001 1.09735613101596e+000 5.47107722611246e+003 3.37374862621114e-006 711904 23
4.69367493315577e+005 1.67253818501077e+006 2.73594525808467e-001 4.45356608783227e-001 1.34855293877987e+000 6.40424963547761e+003 3.58930381233323e-006 743455 24
4.69356949885214e+005 1.67251938249907e+006 2.73591606652140e-001 4.56892605365154e-001 1.36878291070284e+000 6.72813327059824e+003 3.79395629611356e-006 755989 25
4.69365457841401e+005 1.67253006684380e+006 6.00958533965241e+000 9.10702841273232e-001 -1.51624118945891e+000 7.14748798124232e+003 3.83969199974650e-006 789723 26
4.69368548075868e+005 1.67252971339706e+006 6.00958357192414e+000 8.61720633564257e-001 -1.52582885387738e+000 7.14751853659157e+003 3.89136755789308e-006 790742 27
4.69361354641704e+005 1.67252729039413e+006 2.73592818004189e-001 3.68388927884762e-001 1.11633970656453e+000 7.41616042680089e+003 4.19278902198210e-006 877420 28
4.69357351642142e+005 1.67251857704116e+006 2.73591954606804e-001 4.23688467055269e-001 1.30425792916654e+000 8.28210788713492e+003 4.43070036826522e-006 933288 29
4.69359669768004e+005 1.67249669632022e+006 6.00958335720282e+000 7.87865840632344e-001 -1.54375778633992e+000 9.13736398903642e+003 4.49367663701843e-006 1016797 30
4.69359168683506e+005 1.67252482943706e+006 2.73591989212633e-001 5.11398663289285e-001 1.44241617343669e+000 9.21912059317640e+003 4.65536204282392e-006 1026077 31
4.69360414837820e+005 1.67252824092198e+006 2.73592149275374e-001 3.50810266426588e-001 7.27176407818842e-001 9.79178452373796e+003 4.90369732571499e-006 1087810 32
4.69354621976704e+005 1.67251103484857e+006 2.73591614789619e-001 5.51561021759697e-001 1.48134209097568e+000 9.79774019007348e+003 5.04119169032024e-006 1091399 33
4.69350484377005e+005 1.67249617684509e+006 2.73591632516341e-001 4.91286965544603e-001 1.41873464232307e+000 9.81744047235298e+003 5.21720789380547e-006 1093582 34
4.69358452510578e+005 1.67249183436609e+006 6.00958327563089e+000 8.65413373210852e-001 -1.52496596407971e+000 1.02584765363749e+004 5.26839758496177e-006 1127417 35
4.69364963464560e+005 1.67252828164819e+006 6.00958533599095e+000 9.36796166875210e-001 -1.51173498718223e+000 1.06020826892967e+004 5.31136641813541e-006 1193227 36
4.69351998223797e+005 1.67250161278223e+006 2.73591626068460e-001 6.97317423017060e-001 1.40219592120121e-001 1.07619593224836e+004 5.32288418210563e-006 1222989 37
4.69359906512436e+005 1.67249804584581e+006 6.00958343589544e+000 7.46116519669179e-001 -1.55641350337230e+000 1.07659016046158e+004 5.39389281149614e-006 1225427 38
4.69358531598476e+005 1.67251971543057e+006 2.73592431535243e-001 6.34662923062838e-001 1.53790931104465e+000 1.08755882934554e+004 5.49521414909228e-006 1263747 39
4.69351151893156e+005 1.67249779142315e+006 2.73591751360052e-001 5.75914792321543e-001 1.50070917310099e+000 1.12727674779832e+004 5.62043453380027e-006 1317285 40
4.69358311347879e+005 1.67251831802796e+006 2.73592526812197e-001 6.32374034852138e-001 1.53666291467025e+000 1.15520796366865e+004 5.72256017216032e-006 1324540 41
4.69353961632154e+005 1.67250813370661e+006 2.73591700033652e-001 5.28305917538987e-001 2.47505556962798e-001 1.15520809590362e+004 5.75974146093049e-006 1324624 42
4.69363589370596e+005 1.67253701065960e+006 2.73592544722716e-001 3.84716330454421e-001 1.19016472258675e+000 1.17533057984242e+004 6.04286147689080e-006 1359626 43
4.69365857413774e+005 1.67252808919957e+006 6.00958481058818e+000 9.60264900662252e-001 -1.50799579805902e+000 1.20253116705227e+004 6.08354451726489e-006 1368486 44
4.69363967194623e+005 1.67251708713011e+006 6.00958414697214e+000 9.47264015625477e-001 -1.51000920758690e+000 1.28158011542588e+004 6.12547129993202e-006 1490383 45
4.69358614612380e+005 1.67249244283738e+006 6.00958328042859e+000 8.45149082918790e-001 -1.52937628971221e+000 1.32109935356724e+004 6.17941052861587e-006 1514178 46
4.69359327074220e+005 1.67249503982993e+006 6.00958328948691e+000 9.97466963713492e-001 -1.50253082934049e+000 1.32110795533736e+004 6.21681652410837e-006 1514387 47
4.69359419945487e+005 1.67251921226871e+006 2.73593002164301e-001 6.53523361919004e-001 1.54768872875149e+000 1.36161127970659e+004 6.31184204920867e-006 1545002 48
4.69350030526948e+005 1.67249489345882e+006 2.73591580584971e-001 3.47300637836848e-001 9.22860638599811e-001 1.40379600985873e+004 6.61636307300503e-006 1560889 49
4.69349755448316e+005 1.67249370649502e+006 2.73591612741736e-001 5.59343241676077e-001 1.48786170278024e+000 1.41120879746213e+004 6.74975911333805e-006 1568537 50
4.69354332620868e+005 1.67250955436321e+006 2.73591684687190e-001 3.48246711630604e-001 7.65335312204352e-001 1.54148184869188e+004 7.01277008178667e-006 1641506 51
4.69349220104014e+005 1.67249203029144e+006 2.73591576740587e-001 3.51145970030824e-001 9.84701074098941e-001 1.54738744038220e+004 7.32333933141748e-006 1659625 52
4.69364630912395e+005 1.67251992081780e+006 6.00958421986121e+000 7.50968962675863e-001 -1.55487947706534e+000 1.54891287257033e+004 7.39334082475589e-006 1669164 53
4.69358544089438e+005 1.67252297535980e+006 2.73591931412076e-001 3.45866267891476e-001 8.47118089693899e-001 1.65845695767887e+004 7.68216397321723e-006 1720743 54
4.69349520729308e+005 1.67249308937487e+006 2.73591578634004e-001 3.45927304910428e-001 8.70607867519150e-001 1.66003664051644e+004 7.97678715961435e-006 1727643 55
4.69350713468055e+005 1.67249650007738e+006 2.73591709216280e-001 3.48246711630604e-001 9.42323597369304e-001 1.68343833791242e+004 8.28389310416860e-006 1766292 56
4.69357515013908e+005 1.67251602747722e+006 2.73592441713698e-001 3.54289376506851e-001 6.89496886654256e-001 1.72970666331379e+004 8.51643526842337e-006 1827959 57
4.69357065672304e+005 1.67251515187382e+006 2.73592328855972e-001 6.23981444746239e-001 1.53196495910520e+000 1.79456126375394e+004 8.62158919527188e-006 1858231 58
4.69353117496029e+005 1.67250554054232e+006 2.73591635507401e-001 5.63310647907956e-001 1.49102563203833e+000 1.83703457076686e+004 8.75296092752707e-006 1908295 59
4.69355349664469e+005 1.67251366424623e+006 2.73591609138048e-001 3.67748039185766e-001 1.11288814737388e+000 1.83724828223812e+004 9.05502721662398e-006 1913801 60
4.69359928279477e+005 1.67252965108722e+006 2.73591660266605e-001 3.48277230140080e-001 9.42611227301859e-001 1.90582080446893e+004 9.36213813386769e-006 1962204 61
4.69363342499693e+005 1.67251128555179e+006 6.00958359082303e+000 8.58394116031373e-001 -1.52649999038667e+000 1.94128946970695e+004 9.41425684481488e-006 2015230 62
4.69364822115840e+005 1.67253871738231e+006 2.73592962505974e-001 3.52732932523576e-001 7.05124779656362e-001 1.95236540639853e+004 9.65348419712334e-006 2021186 63
4.69367024625333e+005 1.67253706306628e+006 2.73594440545153e-001 9.75890377513962e-001 7.15719148838771e-002 1.95258201840530e+004 9.65629752407948e-006 2027265 64
4.69351845596541e+005 1.67250010020137e+006 2.73591776741511e-001 4.50361644337291e-001 1.35766121997742e+000 1.98572049707496e+004 9.86704179018212e-006 2042145 65
4.69349432410583e+005 1.67249277448593e+006 2.73591578660688e-001 3.75194555497909e-001 5.57187117679373e-001 1.99548125078041e+004 1.00374374369150e-005 2056271 66
4.69360652967099e+005 1.67250319552124e+006 6.00958382316470e+000 9.77874080629902e-001 -1.50531125202185e+000 1.99737729375702e+004 1.00765194008717e-005 2070327 67
4.69367844303322e+005 1.67253697984553e+006 6.00958509220844e+000 8.47712637714774e-001 -1.52889690649129e+000 2.01099584729548e+004 1.01300993529298e-005 2083538 68
4.69362472316517e+005 1.67253091895812e+006 2.73592873091320e-001 3.61278115176855e-001 1.07338696996979e+000 2.04694041388937e+004 1.04378364091464e-005 2135196 69
4.69350759540213e+005 1.67249715972769e+006 2.73591632149483e-001 4.73799859614856e-001 1.39505311120945e+000 2.09442375138521e+004 1.06277168813447e-005 2184647 70
4.69369098477143e+005 1.67253733049869e+006 2.73595548370452e-001 5.08346812341685e-001 2.68502542039247e-001 2.24168402368534e+004 1.06715392611237e-005 2333448 71
4.69363185358655e+005 1.67253010175288e+006 2.73593395400199e-001 6.31031220435194e-001 1.53589590151677e+000 2.24190311177974e+004 1.07741408967786e-005 2339862 72
4.69360726153868e+005 1.67252402334212e+006 2.73592977819342e-001 5.59312723166601e-001 1.48776582613605e+000 2.30334933387665e+004 1.09075518868154e-005 2420359 73
4.69356845547983e+005 1.67251723562875e+006 2.73591882745314e-001 6.10248115482040e-001 1.52381544434950e+000 2.30502922842629e+004 1.10179437457527e-005 2434191 74
4.69363997742933e+005 1.67253799830432e+006 2.73592617445166e-001 3.50535599841304e-001 7.30723843653676e-001 2.30876055879110e+004 1.12676974670770e-005 2444490 75
4.69361135613956e+005 1.67252309761467e+006 2.73593348749569e-001 5.10788293099765e-001 1.44174503692740e+000 2.40919754684502e+004 1.14297941520819e-005 2517033 76
4.69352769318465e+005 1.67250413267475e+006 2.73591661507881e-001 4.39283425397504e-001 1.33714361812189e+000 2.41411830401954e+004 1.16513727379092e-005 2530455 77
4.69350696782474e+005 1.67249665918138e+006 2.73591675220931e-001 6.05853450117496e-001 1.52113089831233e+000 2.46226650267791e+004 1.17635193501985e-005 2565008 78
4.69350670525468e+005 1.67249711090214e+006 2.73591590406627e-001 6.85293130283517e-001 1.56235785531175e+000 2.48892253835167e+004 1.18491417112776e-005 2632037 79
4.69367707590210e+005 1.67253264909745e+006 6.00958449437936e+000 8.19544053468429e-001 -1.53551239494003e+000 2.48910161846481e+004 1.19068716680190e-005 2633056 80
4.69365384513061e+005 1.67253788841389e+006 2.73593403147867e-001 5.87694936979278e-001 1.50905044114505e+000 2.49310618024877e+004 1.20267023397502e-005 2672017 81
4.69361902032815e+005 1.67250595838274e+006 6.00958356060657e+000 7.58720664082766e-001 -1.55238668431654e+000 2.50029947485272e+004 1.20951371218140e-005 2689674 82
4.69361341152585e+005 1.67250276534402e+006 6.00958337482298e+000 9.40549943540757e-001 -1.51106385067293e+000 2.50038906743278e+004 1.21377278791882e-005 2694525 83
4.69364432855183e+005 1.67251840271542e+006 6.00958409350716e+000 9.82085634937589e-001 -1.50473599215674e+000 2.59523917434927e+004 1.21764406085910e-005 2754576 84
4.69362677710257e+005 1.67253062852817e+006 2.73593032103347e-001 5.25376140629292e-001 1.45708529999695e+000 2.59545848290099e+004 1.23290854405060e-005 2757747 85
4.69366765290788e+005 1.67253746652444e+006 2.73594234056951e-001 3.58714560380871e-001 1.05507453093051e+000 2.62737567501846e+004 1.26385213265854e-005 2803654 86
4.69349093498907e+005 1.67249160268237e+006 2.73591573079283e-001 6.39912106692709e-001 1.54078561037019e+000 2.70570071740765e+004 1.27380321624000e-005 2881910 87
4.69363616271134e+005 1.67251681475309e+006 6.00958429910604e+000 8.49238563188574e-001 -1.52851339991455e+000 2.70578129756846e+004 1.27913996794858e-005 2885130 88
4.69357744302500e+005 1.67252075232438e+006 2.73591833897898e-001 3.49772637104404e-001 7.40982644581438e-001 2.76909911961833e+004 1.30452128508252e-005 2929765 89
4.69369655448762e+005 1.67253756210496e+006 6.00958417895500e+000 7.71202734458449e-001 -1.54864749519333e+000 2.82306066814587e+004 1.31112294770497e-005 2963330 90
4.69355940743877e+005 1.67251375459476e+006 2.73591922693131e-001 3.46324045533616e-001 8.93234755546739e-001 2.88214206043539e+004 1.34106379765917e-005 3010119 91
4.69354366438166e+005 1.67250708497470e+006 2.73592087519567e-001 4.04614398632771e-001 1.25574434720908e+000 2.92098832753235e+004 1.36701275566604e-005 3032092 92
4.69357002770791e+005 1.67251966447873e+006 2.73591592105246e-001 6.13086336863308e-001 1.52554122394482e+000 2.92647532206998e+004 1.37794069353085e-005 3044894 93
4.69362744519637e+005 1.67253637849927e+006 2.73592174792450e-001 3.75408185064241e-001 1.15123880504776e+000 2.97021935772103e+004 1.40733216435178e-005 3078292 94
4.69358612628078e+005 1.67249286908442e+006 6.00958334782858e+000 8.76125370036927e-001 -1.52276080126347e+000 2.98328916991846e+004 1.41231393454046e-005 3099908 95
4.69353265000497e+005 1.67250343269735e+006 2.73592045117862e-001 3.48399304177984e-001 9.45008143406476e-001 2.98470816307286e+004 1.44305469542778e-005 3104254 96
4.69353248509259e+005 1.67250456775355e+006 2.73591859430222e-001 3.54014709921567e-001 6.92085556047243e-001 2.99147007542821e+004 1.46642168114363e-005 3110164 97
4.69366275342331e+005 1.67251971066145e+006 6.00958327574774e+000 8.16736350596637e-001 -1.53618353144932e+000 3.06272663018868e+004 1.47223856433357e-005 3144796 98
4.69358698928342e+005 1.67249336207989e+006 6.00958337667836e+000 9.28342539750359e-001 -1.51307726020081e+000 3.07101771277234e+004 1.47662234396690e-005 3164569 99
4.69358284425092e+005 1.67251614290319e+006 2.73592850208420e-001 4.87594225898007e-001 1.41394081011383e+000 3.10417475991956e+004 1.49450521346990e-005 3188074 100
4.69360011499560e+005 1.67252123035188e+006 2.73593016141929e-001 3.84929960020753e-001 1.19102761238441e+000 3.11337604949616e+004 1.52279241182768e-005 3192087 101
4.69365032022235e+005 1.67252394950019e+006 6.00958462417043e+000 8.77407147434919e-001 -1.52256904797510e+000 3.13431918113911e+004 1.52775813920668e-005 3206939 102
4.69368291046055e+005 1.67253733298379e+006 2.73595100469602e-001 3.46964934232612e-001 7.93618922238838e-001 3.13506595627891e+004 1.55504342132933e-005 3222851 103
4.69359743750765e+005 1.67252897972601e+006 2.73591662414070e-001 5.60441908017212e-001 2.18838440351573e-001 3.13526209773527e+004 1.55793686489103e-005 3223854 104
4.69367197083128e+005 1.67252340584404e+006 6.00958333962708e+000 8.40388195440535e-001 -1.53052680944243e+000 3.15560737056460e+004 1.56339849885216e-005 3242429 105
4.69363593162759e+005 1.67251658546112e+006 6.00958427624952e+000 8.55342265083773e-001 -1.52717112689596e+000 3.18485957352835e+004 1.56865152359666e-005 3268697 106
4.69366546115876e+005 1.67253822021221e+006 2.73593995352927e-001 5.74236274300363e-001 1.49936690008240e+000 3.22348328770279e+004 1.58125302985012e-005 3308715 107
4.69351295397020e+005 1.67249796526731e+006 2.73591803858429e-001 5.93462935270241e-001 1.51307726020081e+000 3.22394707898765e+004 1.59298418957211e-005 3318432 108
4.69363887298134e+005 1.67253784383956e+006 2.73592580256758e-001 6.29505294961394e-001 1.53503301171911e+000 3.26445750883432e+004 1.60329883369205e-005 3362508 109
4.69360944023822e+005 1.67253231277379e+006 2.73591809247487e-001 4.89028595843379e-001 1.41576246635334e+000 3.30474241932719e+004 1.62107160072970e-005 3449159 110
4.69359057551444e+005 1.67249468573385e+006 6.00958338379468e+000 9.19461653492843e-001 -1.51461128650777e+000 3.34337094687874e+004 1.62554946458005e-005 3486587 111
4.69351954033222e+005 1.67250035492285e+006 2.73591797223824e-001 3.66679891354106e-001 6.00619237495041e-001 3.37765827808334e+004 1.64470372845403e-005 3507254 112
4.69350715996707e+005 1.67249647083248e+006 2.73591715166593e-001 5.19943845942564e-001 1.45162033127842e+000 3.38451040563434e+004 1.66031129044993e-005 3518642 113
4.69351227131748e+005 1.67249870493060e+006 2.73591650973876e-001 4.92202520828883e-001 1.41988516205329e+000 3.42063026675524e+004 1.67784403981023e-005 3572236 114
4.69352541770583e+005 1.67250229859111e+006 2.73591820662175e-001 3.83648182622761e-001 5.21425129398480e-001 3.42189635821922e+004 1.69312703951417e-005 3585749 115
4.69355360459058e+005 1.67250910406143e+006 2.73592324411530e-001 6.54835657826472e-001 1.54835986526078e+000 3.46326330429125e+004 1.70258789198659e-005 3648495 116
4.69356510517857e+005 1.67251320946219e+006 2.73592323282137e-001 4.93301187170019e-001 1.42122743507187e+000 3.46768043276559e+004 1.72003839504273e-005 3664282 117
4.69368793467215e+005 1.67253645668529e+006 2.73595515232659e-001 7.87224951933348e-001 1.09922572557756e-001 3.46774336040389e+004 1.72073074418532e-005 3667851 118
4.69367811509426e+005 1.67253298744036e+006 6.00958448940829e+000 7.27561265907773e-001 -1.56283723853267e+000 3.50034032645561e+004 1.72823666338281e-005 3691774 119
4.69358639089305e+005 1.67249248318390e+006 6.00958327313769e+000 9.38657795953246e-001 -1.51135148060549e+000 3.57343042870251e+004 1.73251472336870e-005 3770486 120
4.69367972841703e+005 1.67252739618556e+006 6.00958353032567e+000 7.10623493148595e-001 -1.56906922040468e+000 3.63649667612399e+004 1.74042010813057e-005 3808211 121
4.69360344910517e+005 1.67252680800965e+006 2.73592333391292e-001 3.46018860438856e-001 8.30531430249947e-001 3.63860223076949e+004 1.76884757315846e-005 3810925 122
4.69359606966285e+005 1.67249589231131e+006 6.00958326695265e+000 8.28272347178564e-001 -1.53330723212378e+000 3.65007888784394e+004 1.77448712353489e-005 3838537 123
4.69361752919377e+005 1.67250674558839e+006 6.00958376569736e+000 9.64995269631031e-001 -1.50722878490555e+000 3.66082477607117e+004 1.77851148740641e-005 3883378 124
4.69357842578176e+005 1.67248953293620e+006 6.00958325571766e+000 7.68608661152989e-001 -1.54931863170263e+000 3.66157600074964e+004 1.78516236439959e-005 3889042 125
4.69365929100018e+005 1.67253775360137e+006 2.73593725950958e-001 4.53077791680654e-001 3.45203857387005e-001 3.67317557428525e+004 1.79236292325211e-005 3899537 126
4.69352817895598e+005 1.67250351775756e+006 2.73591784076581e-001 4.81948301644948e-001 1.40646243186743e+000 3.67328532377016e+004 1.81068770924446e-005 3902220 127
4.69366429071111e+005 1.67252757763990e+006 6.00958441418037e+000 7.43125705740532e-001 -1.55746814645833e+000 3.67349569097315e+004 1.81785170126608e-005 3910440 128
4.69368949865754e+005 1.67253589595273e+006 6.00958431086823e+000 7.91985839411603e-001 -1.54270314325388e+000 3.69172931816255e+004 1.82407729787767e-005 3943397 129
4.69361747808578e+005 1.67250675214124e+006 6.00958376954929e+000 7.70012512588885e-001 -1.54893512512589e+000 3.69200157995119e+004 1.83070147272862e-005 3951381 130
4.69363675207431e+005 1.67251243310854e+006 6.00958358491224e+000 8.86471144749291e-001 -1.52074739173559e+000 3.76846066303059e+004 1.83555574808831e-005 3983042 131
4.69349158561013e+005 1.67249169780465e+006 2.73591594345202e-001 4.81856746116520e-001 1.40636655522324e+000 3.76881865702775e+004 1.85388790338946e-005 3989910 132
4.69359806187149e+005 1.67249903880247e+006 6.00958364594925e+000 8.14264351329081e-001 -1.53675879131443e+000 3.85231376691235e+004 1.85974382347505e-005 4080329 133
4.69359845258239e+005 1.67249850448052e+006 6.00958354118362e+000 8.96298104800562e-001 -1.51882985885189e+000 3.86429804250040e+004 1.86448131634519e-005 4088474 134
4.69353771058336e+005 1.67250748489246e+006 2.73591695323656e-001 4.64125492110965e-001 3.27083171636097e-001 3.90934673754429e+004 1.87096496457192e-005 4124975 135
4.69358670504757e+005 1.67252311422720e+006 2.73591979878550e-001 3.75713370159001e-001 1.15267695471053e+000 3.98638309390586e+004 1.90032272772353e-005 4198282 136
4.69357769216752e+005 1.67251737577516e+006 2.73592372892501e-001 5.88457899716178e-001 1.50962570101016e+000 3.99342805798242e+004 1.91227206395675e-005 4221270 137
4.69360996516224e+005 1.67250469189114e+006 6.00958386550015e+000 8.85402996917630e-001 -1.52093914502396e+000 4.02292724106786e+004 1.91713927890972e-005 4250957 138
4.69366577078968e+005 1.67253201251611e+006 6.00958502194741e+000 8.59492782372509e-001 -1.52630823709830e+000 4.08971047838254e+004 1.92233646014922e-005 4283793 139
4.69370138607229e+005 1.67253670580644e+006 2.73596222021172e-001 3.96740623187964e-001 4.75500216834010e-001 4.16541665577555e+004 1.93538241575082e-005 4341522 140
4.69361384188537e+005 1.67250239904321e+006 6.00958329399451e+000 8.21222571489608e-001 -1.53503301171911e+000 4.24238629438719e+004 1.94112938628115e-005 4411687 141
4.69362166048878e+005 1.67252600143498e+006 2.73593468209135e-001 6.25202185125278e-001 1.53263609561449e+000 4.28152420194800e+004 1.95159993242937e-005 4444901 142
4.69349648926177e+005 1.67249337621542e+006 2.73591605072878e-001 5.57817316202277e-001 1.48661530640584e+000 4.34068662772699e+004 1.96501854734302e-005 4457826 143
4.69357943687246e+005 1.67248983532022e+006 6.00958324671107e+000 9.77019562364574e-001 -1.50540712866604e+000 4.36918214530607e+004 1.96893429227527e-005 4491275 144
4.69359050946607e+005 1.67252033794529e+006 2.73592622559036e-001 5.69994201483200e-001 1.49620297082430e+000 4.37164438910811e+004 1.98174008198037e-005 4502069 145
4.69363067502938e+005 1.67251154293472e+006 6.00958378327465e+000 7.12546159245582e-001 -1.56830220725120e+000 4.44053204075390e+004 1.98959860149544e-005 4561799 146
4.69354879260093e+005 1.67250810589396e+006 2.73592212959811e-001 3.46842860194708e-001 9.10876058076723e-001 4.47299156974011e+004 2.01985995280131e-005 4602843 147
4.69370056483502e+005 1.67253578326984e+006 2.73596319995648e-001 6.63777581102939e-001 1.54888718680380e-001 4.52914835282100e+004 2.02127693019974e-005 4649335 148
4.69365576045564e+005 1.67252696102680e+006 6.00958479105991e+000 9.74944303720206e-001 -1.50579063524277e+000 4.60324336303157e+004 2.02521113411374e-005 4733836 149
4.69366838726445e+005 1.67253642334297e+006 6.00958556298661e+000 7.15231788079470e-001 -1.56734344080935e+000 4.73056157608342e+004 2.03300486000723e-005 4798865 150
4.69354367555465e+005 1.67250761510868e+006 2.73592005681648e-001 7.03573717459639e-001 1.56983623355815e+000 4.73098648070493e+004 2.04108556696134e-005 4802191 151
4.69364559235678e+005 1.67253871022618e+006 2.73592817919034e-001 3.98266548661763e-001 4.70706384624775e-001 4.76846012228399e+004 2.05390122306179e-005 4864751 152
4.69356491666360e+005 1.67251468132896e+006 2.73592083899844e-001 6.15619373149815e-001 1.52707525025178e+000 4.77218687118120e+004 2.06473122329037e-005 4875212 153
4.69365924458870e+005 1.67252150237483e+006 6.00958374891028e+000 9.09543137913144e-001 -1.51643294274728e+000 4.83271023597870e+004 2.06931768067309e-005 4904403 154
4.69362786056950e+005 1.67250839945631e+006 6.00958345032331e+000 8.31202124088260e-001 -1.53263609561449e+000 4.83273105864098e+004 2.07491344982237e-005 4906714 155
4.69365315964826e+005 1.67253849982755e+006 2.73593270057253e-001 3.96099734488968e-001 1.22995352992340e+000 4.83291435469002e+004 2.10186785317035e-005 4910908 156
4.69358880991111e+005 1.67252220073835e+006 2.73592238623751e-001 6.41499069185461e-001 1.54155262352367e+000 4.83746303845677e+004 2.11176508396472e-005 4933531 157
4.69360615010953e+005 1.67252934824425e+006 2.73592087989966e-001 7.04916531876583e-001 1.57031561677908e+000 4.91872801180063e+004 2.11981196745691e-005 5024618 158
4.69349806837058e+005 1.67249386060419e+006 2.73591617254124e-001 4.00891140476699e-001 1.24491028641621e+000 5.03011980882851e+004 2.14619902335907e-005 5075178 159
4.69368119337513e+005 1.67252829662966e+006 6.00958358918638e+000 9.08566545609912e-001 -1.51662469603565e+000 5.03297488816130e+004 2.15079638129899e-005 5104386 160
4.69358032632583e+005 1.67249040901896e+006 6.00958328664780e+000 8.15332499160741e-001 -1.53647116138188e+000 5.03438602957985e+004 2.15663537947546e-005 5114887 161
4.69362231415389e+005 1.67251266703485e+006 6.00958442152306e+000 9.82665486617634e-001 -1.50464011551256e+000 5.05025995225235e+004 2.16050160405674e-005 5131157 162
4.69360851786728e+005 1.67252826741117e+006 2.73592387333588e-001 6.33289590136418e-001 1.53714229789117e+000 5.05025998936127e+004 2.17068187976741e-005 5131316 163
4.69353733679631e+005 1.67250653377608e+006 2.73591822543094e-001 4.83016449476608e-001 1.40790058153020e+000 5.05026236643339e+004 2.18892196218305e-005 5132327 164
4.69360013775778e+005 1.67252390671222e+006 2.73592601124428e-001 5.95995971556749e-001 1.51470716315195e+000 5.12395238981498e+004 2.20054479199314e-005 5189676 165
4.69358279237314e+005 1.67249126706330e+006 6.00958328342859e+000 8.94192327646718e-001 -1.51921336542863e+000 5.12643940902951e+004 2.20530695860717e-005 5199877 166
4.69366900717611e+005 1.67252317882983e+006 6.00958346857729e+000 9.95117038483840e-001 -1.50291433591723e+000 5.17466500226029e+004 2.20906711718699e-005 5236539 167
4.69362593911752e+005 1.67253189518111e+006 2.73592788644949e-001 4.51063570055239e-001 1.35881173970763e+000 5.17585437732783e+004 2.23007467754085e-005 5241430 168
4.69355044478515e+005 1.67250830383644e+006 2.73592273744948e-001 4.54084902493362e-001 1.36408495513779e+000 5.17985737082753e+004 2.25079916040552e-005 5254832 169
4.69352009078843e+005 1.67250095402806e+006 2.73591734548012e-001 5.89098788415174e-001 1.51010508423109e+000 5.17986334844026e+004 2.26272026427392e-005 5255582 170
4.69353933877234e+005 1.67250613149281e+006 2.73591996075067e-001 5.69200720236824e-001 1.49562771095920e+000 5.18590882502806e+004 2.27556480605106e-005 5274061 171
4.69363634142474e+005 1.67253426106426e+006 2.73592997203969e-001 5.00106814783166e-001 1.42947282647176e+000 5.27868437836457e+004 2.29251759456692e-005 5413731 172
4.69351837928192e+005 1.67250080053383e+006 2.73591663561028e-001 5.87847529526658e-001 1.50924219443342e+000 5.27871173022334e+004 2.30449396136329e-005 5414815 173
4.69362883883273e+005 1.67253637384295e+006 2.73592252758404e-001 4.57380901516770e-001 1.36954992385632e+000 5.31010643921121e+004 2.32491437508206e-005 5429497 174
4.69360637749653e+005 1.67250028521556e+006 6.00958337892131e+000 8.79543443098239e-001 -1.52208966475417e+000 5.32530714956526e+004 2.32985349185491e-005 5508576 175
4.69353901212950e+005 1.67250487927412e+006 2.73592172741374e-001 4.91531113620411e-001 1.41902227225562e+000 5.32624851003955e+004 2.34743665784574e-005 5517721 176
4.69364087401219e+005 1.67253411032283e+006 2.73593271867033e-001 4.88662373729667e-001 1.41528308313242e+000 5.33595876164654e+004 2.36523740533823e-005 5546642 177
4.69362615922104e+005 1.67252735612114e+006 2.73593506843956e-001 4.29242835779901e-001 1.31653013962218e+000 5.34155345818868e+004 2.38843223517057e-005 5562541 178
4.69367609811281e+005 1.67253796683283e+006 6.00958537568930e+000 8.31873531296731e-001 -1.53254021897031e+000 5.40145271658173e+004 2.39401805266842e-005 5658817 179
4.69360850055118e+005 1.67252736008922e+006 2.73592527497422e-001 5.29435102389599e-001 1.46111211905271e+000 5.40848024213897e+004 2.40903304141999e-005 5669972 180
4.69361226069859e+005 1.67252469006952e+006 2.73593151195321e-001 5.73809015167699e-001 1.49907927014985e+000 5.43701959077716e+004 2.42165493943181e-005 5685516 181
4.69354560278151e+005 1.67250801506773e+006 2.73592050289517e-001 6.13361003448592e-001 1.52573297723319e+000 5.43879159605539e+004 2.43257220888485e-005 5693475 182
4.69368016631323e+005 1.67253685213721e+006 2.73595023167097e-001 3.96649067659536e-001 4.75787846766564e-001 5.57004705811324e+004 2.44563208100040e-005 5800748 183
4.69349422903412e+005 1.67249257447116e+006 2.73591604501817e-001 6.38111514633625e-001 1.53982684392834e+000 5.57005618615521e+004 2.45564475126007e-005 5801595 184
4.69364593356229e+005 1.67252545389895e+006 6.00958510129511e+000 7.61009552293466e-001 -1.55171554780725e+000 5.57061067106772e+004 2.46244294275225e-005 5811282 185
4.69361125216042e+005 1.67250471118461e+006 6.00958379716857e+000 8.18140202032533e-001 -1.53580002487259e+000 5.57414362012567e+004 2.46823781247601e-005 5820463 186
4.69357846936511e+005 1.67251793375823e+006 2.73592329180440e-001 4.81551561021760e-001 1.40588717200232e+000 5.57444050299382e+004 2.48659407491582e-005 5824029 187
4.69355153833058e+005 1.67250792045873e+006 2.73592393985981e-001 5.37644581438643e-001 1.46897400387585e+000 5.63791118941395e+004 2.50112140673652e-005 5873744 188
4.69363336414634e+005 1.67253068197227e+006 2.73593388875955e-001 3.48216193121128e-001 9.41460707571642e-001 5.75077576186199e+004 2.53181864825012e-005 5934494 189
4.69369080358825e+005 1.67253576707463e+006 6.00958421849747e+000 8.48994415112766e-001 -1.52860927655873e+000 5.78865715141878e+004 2.53715879853361e-005 5939166 190
4.69352510810914e+005 1.67250248299736e+006 2.73591774819891e-001 6.89168980986969e-001 1.56398775826289e+000 5.90388850278117e+004 2.54561555920186e-005 6047667 191
4.69358293093936e+005 1.67251655384045e+006 2.73592791096031e-001 6.81173131504257e-001 1.56053619907224e+000 5.94161882949295e+004 2.55429199414742e-005 6066938 192
4.69354435578859e+005 1.67251021134114e+006 2.73591639565906e-001 6.96401867732780e-001 1.56695993423261e+000 5.96325054690510e+004 2.56255685714034e-005 6097593 193
4.69360442906971e+005 1.67250034713509e+006 6.00958349654529e+000 7.96990874965667e-001 -1.54126499359111e+000 5.99229337671552e+004 2.56869651153426e-005 6147775 194
4.69349884803785e+005 1.67249438602954e+006 2.73591578742636e-001 7.75811029389325e-001 1.13182378460036e-001 5.99349827475029e+004 2.56943258097671e-005 6150433 195
4.69352111599188e+005 1.67250076352839e+006 2.73591821001173e-001 3.74004333628346e-001 5.62747963042085e-001 6.10428386415608e+004 2.58674455647875e-005 6231288 196
4.69353344762369e+005 1.67250400062703e+006 2.73592000990291e-001 6.62953581347087e-001 1.55229080767235e+000 6.11577813882316e+004 2.59595315334622e-005 6245678 197
4.69357018928954e+005 1.67251278783522e+006 2.73592670650643e-001 5.81225012970367e-001 1.50454423886837e+000 6.11629026911984e+004 2.60822809432568e-005 6257903 198
4.69360091478713e+005 1.67249837864693e+006 6.00958338514159e+000 8.04193243202002e-001 -1.53934746070742e+000 6.12959159581840e+004 2.61424707529224e-005 6265193 199
4.69349696930752e+005 1.67249359175301e+006 2.73591598154901e-001 3.45896786400952e-001 8.40310847956786e-001 6.13110891008324e+004 2.64294942723305e-005 6287336 200
4.69358536950820e+005 1.67252177625984e+006 2.73592113962149e-001 5.15366069521165e-001 1.44673062242500e+000 6.17287908673766e+004 2.65885410521231e-005 6322187 201
4.69363244449875e+005 1.67250947720599e+006 6.00958336389321e+000 9.52604754783776e-001 -1.50914631778924e+000 6.20269097047120e+004 2.66299502497816e-005 6357081 202
4.69355220931053e+005 1.67251003263500e+006 2.73592102646985e-001 5.89129306924650e-001 1.51010508423109e+000 6.28743770381555e+004 2.67491477028806e-005 6392312 203
4.69353862799001e+005 1.67250463121885e+006 2.73592190032861e-001 5.27237769707327e-001 1.45900283288064e+000 6.29046339806034e+004 2.69006421909158e-005 6395425 204
4.69360952718560e+005 1.67252512351035e+006 2.73592932273499e-001 3.95550401318400e-001 1.22822775032807e+000 6.29047105450155e+004 2.71708445565695e-005 6396598 205
4.69358513083701e+005 1.67252087415361e+006 2.73592241046522e-001 6.27552110354930e-001 1.53397836863308e+000 6.29420191343897e+004 2.72746946098683e-005 6407451 206
4.69359424638472e+005 1.67251960738379e+006 2.73592943309339e-001 3.52793969542528e-001 1.00310938978240e+000 6.31999701857130e+004 2.75857855893697e-005 6457125 207
4.69363838409080e+005 1.67252148957523e+006 6.00958490311197e+000 9.89562669759209e-001 -1.50368134907071e+000 6.35218739607102e+004 2.76238550364258e-005 6482576 208
4.69350499400015e+005 1.67249639198237e+006 2.73591607380298e-001 5.79180272835475e-001 1.50310608920560e+000 6.35379682946939e+004 2.77475479152567e-005 6487117 209
4.69350782141382e+005 1.67249660672466e+006 2.73591730691068e-001 5.58763389996033e-001 1.48738231955931e+000 6.37536438337159e+004 2.78812433492290e-005 6518977 210
4.69361783817779e+005 1.67252990152855e+006 2.73592649741956e-001 5.13870662556841e-001 1.44510071947386e+000 6.37666934887786e+004 2.80412774066494e-005 6523913 211
4.69350228466208e+005 1.67249550425557e+006 2.73591595290685e-001 4.31775872066408e-001 1.32199510834071e+000 6.40868513358892e+004 2.82705643945163e-005 6612710 212
4.69359084473390e+005 1.67249466281815e+006 6.00958336530858e+000 8.40113528855251e-001 -1.53052680944243e+000 6.46348859325908e+004 2.83252200256003e-005 6748309 213
4.69349183311217e+005 1.67249180864373e+006 2.73591590823194e-001 5.54002502517777e-001 1.48345137714774e+000 6.46866095127244e+004 2.84614103137139e-005 6752401 214
4.69359243034068e+005 1.67249574830160e+006 6.00958344626517e+000 8.36390270699179e-001 -1.53138969924009e+000 6.51429765677389e+004 2.85166045418225e-005 6851783 215
4.69358778001630e+005 1.67252485940536e+006 2.73591768016051e-001 5.19638660847804e-001 1.45123682470168e+000 6.51438066742766e+004 2.86728747046538e-005 6856098 216
4.69353269862356e+005 1.67250404910063e+006 2.73591951936848e-001 6.82210760826441e-001 1.56101558229316e+000 6.52718681194296e+004 2.87593494072768e-005 6866486 217
4.69357850600920e+005 1.67248968761261e+006 6.00958327533001e+000 9.27732169560839e-001 -1.51317313684500e+000 6.52722352403306e+004 2.88032509232020e-005 6868825 218
4.69354073595783e+005 1.67250744306541e+006 2.73591869512515e-001 5.58793908505509e-001 1.48738231955931e+000 6.56933029949684e+004 2.89369302938037e-005 6896678 219
4.69360908094182e+005 1.67250174862467e+006 6.00958345670448e+000 9.21750541703543e-001 -1.51422777993103e+000 6.70089092257632e+004 2.89814637056373e-005 6961463 220
4.69361169426767e+005 1.67252462932817e+006 2.73593129248580e-001 5.80065309610279e-001 1.50368134907071e+000 6.70113102999698e+004 2.91047465571506e-005 6970751 221
4.69353901969781e+005 1.67250675279039e+006 2.73591881753353e-001 6.63777581102939e-001 1.55267431424909e+000 6.72348888227629e+004 2.91965818682411e-005 6987034 222
4.69349692234938e+005 1.67249367130522e+006 2.73591583178542e-001 6.90725424970244e-001 1.56465889477218e+000 6.73038103974329e+004 2.92807311748789e-005 7004465 223
4.69359691027277e+005 1.67249618448154e+006 6.00958326580644e+000 8.69136631366924e-001 -1.52419895092624e+000 6.73805021708899e+004 2.93314378703587e-005 7026244 224
4.69363583597922e+005 1.67251709291830e+006 6.00958436048137e+000 7.60643330179754e-001 -1.55181142445143e+000 6.78096057155509e+004 2.93994919380888e-005 7039399 225
4.69362676518059e+005 1.67250737698259e+006 6.00958335199750e+000 8.09442426831874e-001 -1.53800518768883e+000 6.83183344138237e+004 2.94588238088438e-005 7063975 226
4.69356960680645e+005 1.67251842838505e+006 2.73591761037488e-001 5.58824427014985e-001 1.48738231955931e+000 6.83189829797631e+004 2.95924871188819e-005 7065904 227
4.69356279191032e+005 1.67251296960007e+006 2.73592232376538e-001 6.57795953245643e-001 1.54979801492355e+000 6.84665387317865e+004 2.96861644063302e-005 7079610 228
4.69353697421301e+005 1.67250593236219e+006 2.73591895990789e-001 3.59080782494583e-001 1.05795083025605e+000 6.87555710221110e+004 2.99954085639211e-005 7093258 229
4.69359206793506e+005 1.67249463538187e+006 6.00958329324409e+000 9.34629352702414e-001 -1.51202261711478e+000 6.90035192537342e+004 3.00385975933257e-005 7209574 230
4.69368419319866e+005 1.67252895530864e+006 6.00958352537331e+000 9.31638538773766e-001 -1.51259787697989e+000 6.90264840376302e+004 3.00820937023001e-005 7221457 231
4.69361268207870e+005 1.67253449287949e+006 2.73591649836909e-001 3.47758415478988e-001 9.32544179662465e-001 6.93778279732057e+004 3.03879449297250e-005 7271977 232
4.69360594082144e+005 1.67252990723539e+006 2.73591989445734e-001 3.47972045045320e-001 9.36858628650777e-001 7.09681262064340e+004 3.06943579513039e-005 7379141 233
4.69350103245130e+005 1.67249502703635e+006 2.73591600112928e-001 5.82506790368358e-001 1.50550300531022e+000 7.10022163208422e+004 3.08165216313148e-005 7408447 234
4.69353355473744e+005 1.67250503617678e+006 2.73591845857233e-001 6.47541734061708e-001 1.54471655278176e+000 7.10022541602523e+004 3.09134819207832e-005 7409129 235
4.69359270906884e+005 1.67249470582496e+006 6.00958326866571e+000 7.72179326761681e-001 -1.54826398861660e+000 7.16407216119214e+004 3.09793144383302e-005 7464159 236
4.69362851197405e+005 1.67252893514702e+006 2.73593391644668e-001 5.85192419202246e-001 1.50732466154973e+000 7.23327104596532e+004 3.11002622944122e-005 7499806 237
4.69364048896133e+005 1.67253922385847e+006 2.73592455176791e-001 6.94448683126316e-001 1.56609704443495e+000 7.25066724768094e+004 3.11834228821405e-005 7537861 238
4.69363047406961e+005 1.67253345337429e+006 2.73592797634545e-001 4.81368449964904e-001 1.40559954206977e+000 7.28575604144377e+004 3.13671303585891e-005 7560663 239
4.69367065955156e+005 1.67252909196391e+006 6.00958429672720e+000 8.01171910763878e-001 -1.54021035050508e+000 7.28649282913427e+004 3.14278222887432e-005 7568263 240
4.69355814417064e+005 1.67251264089674e+006 2.73592025900293e-001 3.80291146580401e-001 5.34943736228523e-001 7.33266004788974e+004 3.15872884647794e-005 7607152 241
4.69367468531058e+005 1.67253731213697e+006 6.00958535216252e+000 9.16165654469436e-001 -1.51528242301706e+000 7.35578098234638e+004 3.16324239725528e-005 7619519 242
4.69351737389150e+005 1.67249906632545e+006 2.73591877576662e-001 6.86880092776269e-001 1.56302899182104e+000 7.41880353527145e+004 3.17176121933730e-005 7658224 243
4.69352104900515e+005 1.67250049803087e+006 2.73591858584077e-001 3.88592181157872e-001 1.20464209585864e+000 7.43135773466337e+004 3.19961321417579e-005 7675112 244
4.69364412486995e+005 1.67252112458712e+006 6.00958452815885e+000 7.28568376720481e-001 -1.56245373195593e+000 7.43139499044741e+004 3.20709630271719e-005 7679559 245
4.69364076127509e+005 1.67253889039298e+006 2.73592522136051e-001 6.67622913296915e-001 1.55440009384442e+000 7.47003717634320e+004 3.21616413754822e-005 7695853 246
4.69361721982608e+005 1.67253013191860e+006 2.73592579635429e-001 4.01196325571459e-001 4.61789856715598e-001 7.47071946761036e+004 3.22855333087006e-005 7704863 247
4.69353096908241e+005 1.67250352203653e+006 2.73591938055705e-001 4.62721640675069e-001 1.37827469847713e+000 7.59928121387761e+004 3.24849348097845e-005 7764035 248
4.69361423296896e+005 1.67250315503788e+006 6.00958338990820e+000 7.85180211798456e-001 -1.54452479949339e+000 7.65051889211542e+004 3.25483872374452e-005 7799166 249
4.69358005098894e+005 1.67251647269484e+006 2.73592644095484e-001 3.96862697225867e-001 1.23244632267220e+000 7.66691755306959e+004 3.28170290362665e-005 7842570 250
4.69357932631956e+005 1.67249002466671e+006 6.00958328229034e+000 7.82708212530900e-001 -1.54519593600269e+000 7.68117847257524e+004 3.28809242909443e-005 7870929 251
4.69352859521592e+005 1.67250262475650e+006 2.73591946045989e-001 6.45100253303629e-001 1.54347015640736e+000 7.68877197595767e+004 3.29786904737480e-005 7913153 252
4.69358647527451e+005 1.67249255624943e+006 6.00958327982568e+000 8.53785821100497e-001 -1.52745875682852e+000 7.69725041434150e+004 3.30314322884740e-005 7933634 253
4.69359199286281e+005 1.67249479412088e+006 6.00958332209590e+000 7.42912076174200e-001 -1.55746814645833e+000 7.74120722538094e+004 3.31031175377426e-005 7972718 254
4.69356166601954e+005 1.67251356134268e+006 2.73592077934122e-001 4.30616168706320e-001 1.31950231559191e+000 7.74681795698983e+004 3.33336184250296e-005 8012522 255
4.69351671951712e+005 1.67249948337389e+006 2.73591776439320e-001 4.79079561754204e-001 1.40253148945585e+000 7.74718956747441e+004 3.35191665388000e-005 8024397 256
4.69365768289070e+005 1.67253759087271e+006 2.73593662132833e-001 6.02862636188849e-001 1.88349667500839e-001 7.75917002484542e+004 3.35404207156259e-005 8054166 257
4.69360700932964e+005 1.67252448881216e+006 2.73592891441844e-001 3.86822107608264e-001 1.19812248405408e+000 7.76292772852755e+004 3.38210429629172e-005 8069740 258
4.69349621987971e+005 1.67249319149607e+006 2.73591618873600e-001 5.62913907284768e-001 1.49073800210578e+000 7.80230469775407e+004 3.39526154497165e-005 8173160 259
4.69365813563431e+005 1.67252194306612e+006 6.00958387891961e+000 8.81221961119419e-001 -1.52180203482162e+000 7.80264944501065e+004 3.40017991898136e-005 8176829 260
4.69350564590228e+005 1.67249625183918e+006 2.73591665310607e-001 4.87777336954863e-001 1.41422844004639e+000 7.93263538283083e+004 3.41804883483281e-005 8372986 261
4.69355213165530e+005 1.67251052274681e+006 2.73592022110909e-001 6.70400097659230e-001 1.55574236686300e+000 7.94235466844414e+004 3.42703442343274e-005 8401570 262
4.69360564757497e+005 1.67253172673439e+006 2.73591690191386e-001 6.34357737968078e-001 1.53771755775628e+000 7.94597586202273e+004 3.43717722001353e-005 8415030 263
4.69351898475877e+005 1.67250114989587e+006 2.73591642780047e-001 5.39506210516678e-001 2.36863249458296e-001 7.94606921531979e+004 3.44057791445726e-005 8415575 264
4.69368833943402e+005 1.67253754923095e+006 2.73595367732629e-001 3.48063600573748e-001 7.68978624683370e-001 7.95342568788972e+004 3.46700914930652e-005 8444834 265
4.69360699412652e+005 1.67252590386813e+006 2.73592670502825e-001 6.81661427655873e-001 1.56072795236061e+000 7.95362775592867e+004 3.47567193354842e-005 8447809 266
4.69356770957655e+005 1.67251342920588e+006 2.73592433452890e-001 4.12427137058626e-001 1.27693308557390e+000 7.98415570963068e+004 3.50071794810335e-005 8448633 267
4.69361912713964e+005 1.67252576272702e+006 2.73593364926974e-001 4.84267708365123e-001 1.40953048448134e+000 7.98415584446256e+004 3.51885934166442e-005 8448920 268
4.69357484939623e+005 1.67251510004557e+006 2.73592569297433e-001 3.96710104678487e-001 1.23196693945128e+000 7.99233955305784e+004 3.54574172123273e-005 8455119 269
4.69360287670679e+005 1.67250053858109e+006 6.00958361236413e+000 7.50541703543199e-001 -1.55497535370952e+000 8.03341831361623e+004 3.55275065113506e-005 8477861 270
4.69350265855089e+005 1.67249572302263e+006 2.73591581986553e-001 5.63066499832148e-001 2.16729154179510e-001 8.03346267174068e+004 3.55558733842191e-005 8479019 271
4.69365837541839e+005 1.67253476425444e+006 2.73594140163966e-001 5.22293771172216e-001 2.53545785546434e-001 8.04455190749654e+004 3.55949135163816e-005 8516911 272
4.69349309956031e+005 1.67249235190060e+006 2.73591576518474e-001 3.95886104922636e-001 4.78184762871181e-001 8.04484304612820e+004 3.57266763214065e-005 8521768 273
4.69363102797912e+005 1.67253414521758e+006 2.73592720726741e-001 6.72200689718314e-001 1.55650938001648e+000 8.04837806351545e+004 3.58160045395998e-005 8528070 274
4.69354651173962e+005 1.67250989173098e+006 2.73591808772639e-001 6.29047517319254e-001 1.53484125843074e+000 8.05376678088792e+004 3.59193154806165e-005 8537336 275
4.69363485832735e+005 1.67252966562242e+006 2.73593629772513e-001 6.06128116702780e-001 1.52122677495651e+000 8.05716078820880e+004 3.60313508545380e-005 8555015 276
4.69366346646233e+005 1.67253483011042e+006 6.00958558791024e+000 7.60765404217658e-001 -1.55181142445143e+000 8.07956699801310e+004 3.60993809003594e-005 8559913 277
4.69352925007890e+005 1.67250254249839e+006 2.73591995136723e-001 3.82335886715293e-001 1.18096056474502e+000 8.20954649189732e+004 3.63853241845240e-005 8745930 278
4.69356241126091e+005 1.67251233077149e+006 2.73592310642239e-001 4.60158085879086e-001 1.37415200277718e+000 8.24374514957763e+004 3.65870138388623e-005 8749450 279
4.69366038969949e+005 1.67252699417936e+006 6.00958453964153e+000 9.28769798883023e-001 -1.51307726020081e+000 8.25999609800178e+004 3.66308072809926e-005 8770580 280
4.69355102369555e+005 1.67250886439388e+006 2.73592218642097e-001 6.45313882869961e-001 1.54356603305155e+000 8.28626324742837e+004 3.67285025299518e-005 8800513 281
4.69363627278019e+005 1.67253467038969e+006 2.73592929733617e-001 4.17920468764306e-001 1.29064344569231e+000 8.28965530643758e+004 3.69727634699200e-005 8803272 282
4.69363728629010e+005 1.67251321163296e+006 6.00958367639643e+000 9.11038544877468e-001 -1.51614531281472e+000 8.34418176476826e+004 3.70184618658952e-005 8845128 283
4.69361929338162e+005 1.67252628676434e+006 2.73593292632573e-001 4.13861507003998e-001 1.28057639805292e+000 8.34436790550205e+004 3.72672886668432e-005 8846736 284
4.69360920646548e+005 1.67252348244454e+006 2.73593169747692e-001 4.29059724723045e-001 1.31614663304544e+000 8.35130556633988e+004 3.74994316401997e-005 8866841 285
4.69349896416818e+005 1.67249430004841e+006 2.73591598552889e-001 5.97491378521073e-001 1.51576180623798e+000 8.35193587637924e+004 3.76150277056710e-005 8879199 286
4.69358693672414e+005 1.67249263897581e+006 6.00958326711702e+000 7.64519180883206e-001 -1.55056502807703e+000 8.41821335374605e+004 3.76823234126602e-005 8995278 287
4.69358792664593e+005 1.67252229505861e+006 2.73592174998251e-001 4.27381206701865e-001 1.31250332056642e+000 8.46250864594805e+004 3.79162533047253e-005 9036323 288
4.69361910817227e+005 1.67252582024875e+006 2.73593354928824e-001 4.86220892971587e-001 1.41211915387432e+000 8.50398929285813e+004 3.80961429681641e-005 9073504 289
4.69368342929519e+005 1.67253622018429e+006 2.73595302309639e-001 3.46049378948332e-001 8.78661505630665e-001 8.51128181891376e+004 3.83925257675450e-005 9097487 290
4.69358633789543e+005 1.67249237079571e+006 6.00958325859382e+000 8.01232947782830e-001 -1.54011447386090e+000 8.51637268927189e+004 3.84532073483080e-005 9105732 291
4.69349553966189e+005 1.67249306616000e+006 2.73591600666765e-001 5.15213476973785e-001 1.44663474578082e+000 8.55263667840511e+004 3.86123558748670e-005 9158312 292
4.69360600875641e+005 1.67250305786590e+006 6.00958383062539e+000 9.06155583361309e-001 -1.51700820261238e+000 8.55902067270195e+004 3.86585999452461e-005 9178130 293
4.69353026091618e+005 1.67250418571923e+006 2.73591795575563e-001 5.40238654744102e-001 1.47137091998047e+000 8.56036440079013e+004 3.88023778389430e-005 9190073 294
4.69352015763167e+005 1.67250113374229e+006 2.73591710299972e-001 6.41956846827601e-001 1.54184025345622e+000 8.58351704095886e+004 3.89011957715221e-005 9207910 295
4.69364080750692e+005 1.67251879589204e+006 6.00958434981645e+000 8.15576647236549e-001 -1.53647116138188e+000 8.68346484090829e+004 3.89595473054834e-005 9359523 296
4.69358988805648e+005 1.67249478635944e+006 6.00958343754930e+000 9.24436170537431e-001 -1.51374839671010e+000 8.78708840980342e+004 3.90037953789764e-005 9423157 297
4.69359533210857e+005 1.67251982024380e+006 2.73592970377550e-001 7.01223792229988e-001 1.56887746711631e+000 8.90557359621528e+004 3.90851992917220e-005 9477432 298
4.69360161190504e+005 1.67253018380351e+006 2.73591706499494e-001 5.72038941618091e-001 1.49773699713126e+000 8.90658602931847e+004 3.92122667359254e-005 9486990 299
4.69359204113680e+005 1.67252252523249e+006 2.73592367243097e-001 3.49497970519120e-001 9.62553569292276e-001 8.93042888746737e+004 3.95213761483166e-005 9516571 300
