1.64299272711438e+005 1.72932071589035e+006 9.47236573136320e-002 5.91723380230110e-001 1.55066090472121e+000 9.71678975737131e+001 1.18244634851165e-007 16234 1
1.64307717611248e+005 1.72932636271038e+006 6.18845181048420e+000 9.96215704824976e-001 -1.54730522217475e+000 3.37584748072458e+002 1.55831266695523e-007 21428 2
1.64301039916501e+005 1.72933875294716e+006 9.47236879968728e-002 2.52906888027589e-001 1.21327099383526e+000 3.37621615869994e+002 8.74697752071899e-007 22097 3
1.64303183644148e+005 1.72934426081608e+006 9.47246166377480e-002 6.20319223609119e-001 1.55660525666066e+000 4.48167345673785e+002 9.81291917649182e-007 33543 4
1.64307991228444e+005 1.72933294135810e+006 6.18845201188716e+000 8.22748496963408e-001 -1.55842691290017e+000 4.86196174130958e+002 1.03855963264107e-006 38570 5
1.64299695463745e+005 1.72932498815488e+006 9.47236669719135e-002 3.45591601306192e-001 1.41681710943937e+000 1.30393159985641e+003 1.42008441308570e-006 97306 6
1.64307983690575e+005 1.72933274471620e+006 6.18845200549983e+000 7.13431196020387e-001 -1.56993211020234e+000 1.30404687030050e+003 1.49845550934682e-006 98123 7
1.64302982602344e+005 1.72934117753141e+006 9.47246693027305e-002 5.83239234595782e-001 1.54855161854915e+000 1.30497018938495e+003 1.62051187276273e-006 99362 8
1.64306997664646e+005 1.72936181686780e+006 9.47258464786210e-002 3.20688497573778e-001 1.38210976424451e+000 1.64836404834786e+003 2.06757610705485e-006 139169 9
1.64303745090240e+005 1.72935423666821e+006 9.47243952297262e-002 3.43333231604968e-001 1.41384493346965e+000 1.64889265068099e+003 2.45446350883504e-006 142067 10
1.64307795967928e+005 1.72936199112407e+006 9.47262944782191e-002 2.52174443800165e-001 1.21010706457717e+000 1.86046646980744e+003 3.17707276280411e-006 162857 11
1.64307631711255e+005 1.72932664952591e+006 6.18845187532953e+000 8.49574266792810e-001 -1.55622175008393e+000 1.86061167425180e+003 3.23043593005001e-006 165115 12
1.64301316796038e+005 1.72933173077414e+006 9.47242290133794e-002 4.25061799981689e-001 1.48661530640584e+000 2.23983360713920e+003 3.47443911909122e-006 173966 13
1.64305090678547e+005 1.72936204920363e+006 9.47247409826083e-002 2.73384807885983e-001 1.28230217764824e+000 2.24015234377677e+003 4.09430500827296e-006 175102 14
1.64308774072773e+005 1.72932825472817e+006 6.18845130806220e+000 7.32383190404980e-001 -1.56753519409772e+000 2.26364436668628e+003 4.16828324502533e-006 201086 15
1.64307307264823e+005 1.72931210455816e+006 6.18845126928160e+000 8.54701376384777e-001 -1.55574236686300e+000 2.26600121890930e+003 4.22094432907663e-006 205959 16
1.64307523297614e+005 1.72931457942181e+006 6.18845128023432e+000 7.81731620227668e-001 -1.56207022537919e+000 2.29275154103961e+003 4.28503388548696e-006 212817 17
1.64307785785024e+005 1.72931770036142e+006 6.18845129974383e+000 7.78069399090548e-001 -1.56245373195593e+000 3.00871856884967e+003 4.34978917415660e-006 226025 18
1.64305311445587e+005 1.72935837171501e+006 9.47250677287453e-002 2.33527634510331e-001 1.11518918683431e+000 3.05557310480368e+003 5.17100996504534e-006 245330 19
1.64304667693001e+005 1.72935392628242e+006 9.47249408524176e-002 3.87127292703024e-001 1.45881107959227e+000 3.30153772735377e+003 5.46990828037670e-006 261632 20
1.64307630012479e+005 1.72931965980893e+006 6.18845149570898e+000 9.95361186559648e-001 -1.54730522217475e+000 3.31175780556299e+003 5.50756593871870e-006 274191 21
1.64302557827372e+005 1.72934640353274e+006 9.47241413284881e-002 5.71306497390667e-001 1.54557944257942e+000 3.84758084144060e+003 5.63529227018862e-006 319814 22
1.64301016990734e+005 1.72933219532747e+006 9.47240319055056e-002 5.90777306436354e-001 1.55037327478866e+000 3.85561974887470e+003 5.75395319975663e-006 326021 23
1.64298763223509e+005 1.72931553646894e+006 9.47236473409701e-002 6.81020538956877e-001 1.56724756416517e+000 4.10390234370946e+003 5.84076434741409e-006 329496 24
1.64303524391282e+005 1.72934291751784e+006 9.47248850532468e-002 4.47462385937071e-001 1.49955865337077e+000 4.11287433474972e+003 6.05891846077286e-006 339909 25
1.64308187511293e+005 1.72934722397159e+006 6.18845267708455e+000 7.50755333109531e-001 -1.56552178456984e+000 4.13986959825967e+003 6.12897168297841e-006 340597 26
1.64300159120897e+005 1.72932992567853e+006 9.47236638502827e-002 3.71837519455550e-001 1.44519659611805e+000 4.14604045968820e+003 6.45504782834764e-006 344949 27
1.64303353317712e+005 1.72935739592500e+006 9.47239987011745e-002 3.67412335581530e-001 1.44069039384136e+000 4.14620558489681e+003 6.78963269376432e-006 348003 28
1.64301974900461e+005 1.72933974276682e+006 9.47241699266035e-002 3.35703604235969e-001 1.40406551576281e+000 4.26890539387881e+003 7.19548012041703e-006 371725 29
1.64307985375895e+005 1.72931980054295e+006 6.18845129971737e+000 7.66960661641285e-001 -1.56360425168615e+000 4.28546357582929e+003 7.26231738484105e-006 384297 30
1.64301361861084e+005 1.72933292488929e+006 9.47241898223483e-002 5.69109164708396e-001 1.54510005935850e+000 4.61989130514396e+003 7.39112959210465e-006 400450 31
1.64305211511936e+005 1.72935628371188e+006 9.47251241460280e-002 5.10299996948149e-001 1.52707525025178e+000 4.62483059780722e+003 7.55477327068586e-006 406952 32
1.64306302496001e+005 1.72936007125310e+006 9.47255431397665e-002 2.42591631824702e-001 1.16667494476150e+000 4.62669689037434e+003 8.32804330854361e-006 411853 33
1.64303023163091e+005 1.72934269132807e+006 9.47246101243070e-002 2.14484084597308e-001 7.05316532944731e-001 4.70362373902277e+003 9.04290286118997e-006 424619 34
1.64303023698485e+005 1.72935098838524e+006 9.47241586763163e-002 5.40879543443098e-001 1.53714229789117e+000 4.70609446432667e+003 9.18693635136310e-006 425935 35
1.64310421529383e+005 1.72934597496258e+006 6.18845132880605e+000 9.29685354167302e-001 -1.55094853465377e+000 4.70960759710534e+003 9.23069923898219e-006 430218 36
1.64301244005073e+005 1.72933247744391e+006 9.47241466433390e-002 6.10980559709464e-001 1.55478360042116e+000 4.70974618910810e+003 9.34090765272634e-006 430884 37
1.64299018681340e+005 1.72931766149653e+006 9.47236780375297e-002 2.35541856135746e-001 1.12813253379925e+000 4.72586457005940e+003 1.01518010492244e-005 441043 38
1.64299307240494e+005 1.72932035532318e+006 9.47236967340164e-002 4.18988616595965e-001 1.48278024063845e+000 5.06205122927152e+003 1.04035695665981e-005 457446 39
1.64303240487668e+005 1.72935089860360e+006 9.47242878019462e-002 2.65205847346416e-001 1.25756600344859e+000 5.35563477450926e+003 1.10612048213899e-005 468769 40
1.64304413269926e+005 1.72934995343131e+006 9.47250113609748e-002 4.16669209875790e-001 1.48105446104312e+000 5.43510442397985e+003 1.13160277041571e-005 475484 41
1.64301273112895e+005 1.72933677529064e+006 9.47239293163409e-002 4.80697042756432e-001 1.51557005294961e+000 5.47021735573400e+003 1.15025586448439e-005 488029 42
1.64298609432662e+005 1.72931503580929e+006 9.47235864648833e-002 4.06170842616047e-001 1.47395958937345e+000 5.47024820307163e+003 1.17719179610717e-005 488547 43
1.64301246395700e+005 1.72933326572741e+006 9.47241050929985e-002 2.30994598223823e-001 1.09841077410199e+000 5.47338306328726e+003 1.26060474390087e-005 494903 44
1.64300637465071e+005 1.72932592107764e+006 9.47241560249843e-002 6.23645741142003e-001 1.55737226981414e+000 5.47784824015275e+003 1.27113958642759e-005 505777 45
1.64301211679068e+005 1.72933433410992e+006 9.47240270263356e-002 5.43107394634846e-001 1.53790931104465e+000 5.61434705727762e+003 1.28541363664180e-005 544571 46
1.64307901068732e+005 1.72933860722429e+006 6.18845237206197e+000 8.51771599475082e-001 -1.55612587343974e+000 5.94031913261141e+003 1.29071970714324e-005 594805 47
1.64307534182317e+005 1.72935640851571e+006 6.18845355158102e+000 9.10153508102664e-001 -1.55219493102817e+000 5.94032019764748e+003 1.29530538276197e-005 594907 48
1.64304114199006e+005 1.72934551656144e+006 9.47250815479607e-002 6.64906765953551e-001 1.56456301812799e+000 5.98095842198246e+003 1.30445596234325e-005 614164 49
1.64299007357747e+005 1.72931907036168e+006 9.47235948381126e-002 6.89657277138585e-001 1.56849396053957e+000 6.15464157020477e+003 1.31289972918183e-005 655364 50
1.64307649339306e+005 1.72934318425435e+006 6.18845276554054e+000 8.70296334727012e-001 -1.55478360042116e+000 6.23331459662814e+003 1.31796039050808e-005 672958 51
1.64304590332342e+005 1.72935173325920e+006 9.47250159238971e-002 2.61116367076632e-001 1.24385564333018e+000 6.25710247458245e+003 1.38570255759881e-005 683839 52
1.64301995436801e+005 1.72933560137735e+006 9.47244071853006e-002 2.75093844416639e-001 1.28728776314585e+000 6.25903483809233e+003 1.44693479919644e-005 689154 53
1.64308898970529e+005 1.72933434856162e+006 6.18845156829722e+000 9.83397930845058e-001 -1.54797635868404e+000 6.26684900587223e+003 1.45080214642372e-005 700141 54
1.64300477412938e+005 1.72932608430707e+006 9.47240554136659e-002 6.34754478591266e-001 1.55948155598621e+000 6.59950378778273e+003 1.46093589655162e-005 712033 55
1.64302206310241e+005 1.72933668062301e+006 9.47244692706715e-002 4.23444318979461e-001 1.48556066331980e+000 6.79268067734613e+003 1.48553953274904e-005 726947 56
1.64311795243480e+005 1.72936146094948e+006 9.47286152294138e-002 2.24677266762291e-001 1.04807553590503e+000 6.79318964082855e+003 1.57180781660274e-005 728960 57
1.64301054830004e+005 1.72933800164785e+006 9.47237374499011e-002 4.38062685018464e-001 1.49438131458480e+000 6.81168270087341e+003 1.59465757997545e-005 752642 58
1.64300896338311e+005 1.72933418271777e+006 9.47238545524833e-002 2.62703329569384e-001 1.24941648869289e+000 6.81222376788134e+003 1.66162773633652e-005 756936 59
1.64305097745047e+005 1.72936219430700e+006 9.47247371317530e-002 2.73049104281747e-001 1.28134341120640e+000 7.01926548054382e+003 1.72376439758547e-005 772808 60
1.64300276813841e+005 1.72932487626717e+006 9.47240062283443e-002 2.36030152287362e-001 1.13100883312479e+000 7.02343065384964e+003 1.80459485763851e-005 777660 61
1.64305750256974e+005 1.72935629350684e+006 9.47254323549829e-002 4.92080446790979e-001 1.52017213187048e+000 7.10922617211210e+003 1.82231611412513e-005 787234 62
1.64304301739071e+005 1.72934845450727e+006 9.47250290582069e-002 5.96301156651509e-001 1.55152379451888e+000 7.11665666962327e+003 1.83394198782294e-005 795281 63
1.64307882708302e+005 1.72935176191429e+006 6.18845309884741e+000 9.89440595721305e-001 -1.54778460539567e+000 7.11669257586704e+003 1.83775754794559e-005 796340 64
1.64308193453826e+005 1.72935645263092e+006 6.18845317616997e+000 9.19492172002319e-001 -1.55161967116306e+000 7.53650016188215e+003 1.84224133682140e-005 820272 65
1.64303394942613e+005 1.72934818238487e+006 9.47245242082300e-002 3.84166997283853e-001 1.45631828684347e+000 7.97039381566938e+003 1.87263160814048e-005 846071 66
1.64303174270904e+005 1.72936163410760e+006 9.47236653379382e-002 2.81380657368694e-001 1.30377854594562e+000 7.97285772065815e+003 1.93116632777942e-005 851168 67
1.64308458297286e+005 1.72935450559065e+006 6.18845291838034e+000 9.57914975432600e-001 -1.54941450834681e+000 7.97325042359836e+003 1.93526376296891e-005 854560 68
1.64304139634033e+005 1.72935616573493e+006 9.47245163011736e-002 6.83339945677053e-001 1.56734344080935e+000 8.04370835500939e+003 1.94388018824735e-005 859361 69
1.64305399674304e+005 1.72935241930915e+006 9.47254423861276e-002 5.22721030304880e-001 1.53138969924009e+000 8.07772582583980e+003 1.95940403912120e-005 877134 70
1.64308529351724e+005 1.72932549403090e+006 6.18845129798662e+000 7.73796807763909e-001 -1.56293311517685e+000 8.08661919096721e+003 1.96595851566887e-005 889581 71
1.64308858914645e+005 1.72934059514461e+006 6.18845193137954e+000 9.49308755760369e-001 -1.54979801492355e+000 8.28722886709257e+003 1.97013815175907e-005 899564 72
1.64307497327863e+005 1.72931420065492e+006 6.18845127449307e+000 9.42991424298837e-001 -1.54998976821192e+000 8.63570257734138e+003 1.97437965347246e-005 918133 73
1.64304109399112e+005 1.72936176515256e+006 9.47241941016702e-002 3.80443739127781e-001 1.45296260429701e+000 8.99019619341833e+003 2.00541593461037e-005 931726 74
1.64309517850539e+005 1.72935639344812e+006 6.18845241396687e+000 9.52818384350108e-001 -1.54970213827937e+000 8.99024401592601e+003 2.00956176740427e-005 931988 75
1.64301274085497e+005 1.72933610076956e+006 9.47239665998277e-002 2.44239631336406e-001 1.17501621280557e+000 8.99120106667630e+003 2.08601465192804e-005 935397 76
1.64304361309127e+005 1.72934759900771e+006 9.47251097767817e-002 5.03341776787622e-001 1.52458245750298e+000 9.01697373441689e+003 2.10287894776132e-005 941009 77
1.64304332186977e+005 1.72935110786780e+006 9.47249020375299e-002 5.01358073671682e-001 1.52381544434950e+000 9.02401982773327e+003 2.11988978155443e-005 954763 78
1.64300647924921e+005 1.72933379294795e+006 9.47237334127187e-002 6.85659352397229e-001 1.56782282403027e+000 9.05759631349022e+003 2.12844222646382e-005 965726 79
1.64300310804013e+005 1.72932959744090e+006 9.47237686495151e-002 5.02273628955962e-001 1.52429482757042e+000 9.14326199218864e+003 2.14538529779280e-005 973543 80
1.64309417846100e+005 1.72934952970993e+006 6.18845209755136e+000 7.36686300241096e-001 -1.56715168752098e+000 9.21802746242110e+003 2.15268837856749e-005 984115 81
1.64300000990656e+005 1.72932951482423e+006 9.47235955981681e-002 2.58186590166936e-001 1.23359684240242e+000 9.29759994776721e+003 2.22188798137036e-005 998866 82
1.64304056521050e+005 1.72934884623957e+006 9.47248671998389e-002 5.87908566545610e-001 1.54960626163518e+000 9.29804657183273e+003 2.23388163905750e-005 1000095 83
1.64307576612093e+005 1.72931992762913e+006 6.18845154089514e+000 8.25220496230964e-001 -1.55813928296762e+000 9.30758179685672e+003 2.23957071711929e-005 1016585 84
1.64307791316052e+005 1.72932022304168e+006 6.18845143393624e+000 7.78221991637928e-001 -1.56245373195593e+000 9.70857360995872e+003 2.24604345294949e-005 1038290 85
1.64308135304266e+005 1.72932786341593e+006 6.18845165282418e+000 9.07406842249824e-001 -1.55219493102817e+000 9.70908318152718e+003 2.25065972128057e-005 1041072 86
1.64307809661393e+005 1.72932090583375e+006 6.18845146060130e+000 7.95068208868679e-001 -1.56082382900479e+000 9.71003810870352e+003 2.25683447221147e-005 1047707 87
1.64307335039220e+005 1.72931223403657e+006 6.18845126041460e+000 7.73003326517533e-001 -1.56293311517685e+000 9.72938494081499e+003 2.26340375972614e-005 1063968 88
1.64307804875810e+005 1.72931737325628e+006 6.18845127099191e+000 8.65474410229804e-001 -1.55497535370952e+000 9.79583032273585e+003 2.26852667331360e-005 1073957 89
1.64309000677480e+005 1.72933186847599e+006 6.18845137496898e+000 9.58922086245308e-001 -1.54922275505844e+000 1.00966486665271e+004 2.27261463027394e-005 1082474 90
1.64301959697558e+005 1.72934260480925e+006 9.47240053827370e-002 2.16437269203772e-001 6.67349381847591e-001 1.01192137959216e+004 2.33951446183750e-005 1085083 91
1.64310521761981e+005 1.72935445412364e+006 6.18845173305361e+000 9.78179265724662e-001 -1.54835986526078e+000 1.01208188355192e+004 2.34342738011904e-005 1090475 92
1.64298605693792e+005 1.72931486073906e+006 9.47235938544218e-002 4.14777062288278e-001 1.47999981795709e+000 1.01378332445568e+004 2.36916365326964e-005 1103184 93
1.64307726562987e+005 1.72931978414685e+006 6.18845144714729e+000 7.08456678975799e-001 -1.57050737006745e+000 1.04644777487316e+004 2.37712234015167e-005 1106545 94
1.64302743320589e+005 1.72934564618695e+006 9.47242888665988e-002 3.10739463484603e-001 1.36571485808893e+000 1.04646982205007e+004 2.42488197254152e-005 1107921 95
1.64304442885118e+005 1.72935132974254e+006 9.47249533956701e-002 2.17627491073336e-001 6.48941066164128e-001 1.07468890744918e+004 2.48942420403811e-005 1120760 96
1.64300777797091e+005 1.72932760653210e+006 9.47241446776116e-002 3.73027741325114e-001 1.44634711584826e+000 1.08099451145084e+004 2.52180804806643e-005 1142995 97
1.64301356063630e+005 1.72933968575375e+006 9.47238183863259e-002 6.57643360698263e-001 1.56341249839778e+000 1.11259392116742e+004 2.53118237050220e-005 1145841 98
1.64308954944628e+005 1.72934795390766e+006 6.18845227702885e+000 7.76085695974609e-001 -1.56283723853267e+000 1.11331741996121e+004 2.53769438928920e-005 1154106 99
1.64302069787605e+005 1.72934002922307e+006 9.47242087078638e-002 6.02160710470901e-001 1.55286606753746e+000 1.14874063489341e+004 2.54907311333643e-005 1159011 100
1.64304406604480e+005 1.72934822413428e+006 9.47251016977501e-002 6.48915066988128e-001 1.56187847209082e+000 1.14900586547239e+004 2.55872695423812e-005 1165001 101
1.64303259820330e+005 1.72934643703565e+006 9.47245418025641e-002 4.88845484786523e-001 1.51892573549608e+000 1.17483979033086e+004 2.57670608317623e-005 1176717 102
1.64306010777582e+005 1.72936220463667e+006 9.47252598053100e-002 2.67311624500259e-001 1.26418149189734e+000 1.20156575101465e+004 2.64147232827936e-005 1188015 103
1.64301750852411e+005 1.72933466658955e+006 9.47243179152086e-002 5.68407238990448e-001 1.54490830607013e+000 1.21377227802145e+004 2.65438850646693e-005 1201212 104
1.64305789722814e+005 1.72936048480217e+006 9.47252267652330e-002 2.28797265541551e-001 5.35710749382000e-001 1.29925686339155e+004 2.70321933275814e-005 1240444 105
1.64299080870265e+005 1.72931912219579e+006 9.47236341450842e-002 3.15988647114475e-001 1.37482313928648e+000 1.29976157655039e+004 2.74933620649582e-005 1253309 106
1.64300520509969e+005 1.72933378760187e+006 9.47236606842782e-002 2.66701254310739e-001 3.55558534958953e-001 1.32391457096545e+004 2.77310444955871e-005 1274609 107
1.64300191281929e+005 1.72932566893198e+006 9.47239140520596e-002 2.71797845393231e-001 1.27798772865993e+000 1.32392036764145e+004 2.83580908790545e-005 1275493 108
1.64300296465574e+005 1.72933206544432e+006 9.47236260552322e-002 2.46345408490249e-001 4.33026863460189e-001 1.32410663511082e+004 2.86992753423362e-005 1285045 109
1.64299973197444e+005 1.72932250113036e+006 9.47239615511950e-002 3.82549516281625e-001 1.45507189046907e+000 1.32418224013146e+004 2.90059679211049e-005 1287767 110
1.64302546410468e+005 1.72934647028243e+006 9.47241311513354e-002 6.69759208960234e-001 1.56533003128147e+000 1.32454551376177e+004 2.90960219359983e-005 1294150 111
1.64308496410199e+005 1.72934408668761e+006 6.18845232923752e+000 8.88332773827326e-001 -1.55353720404675e+000 1.32565742570141e+004 2.91443945437605e-005 1296521 112
1.64309929249205e+005 1.72934552936420e+006 6.18845158665910e+000 9.96673482467116e-001 -1.54740109881893e+000 1.32621011677556e+004 2.91819432902379e-005 1300559 113
1.64304357111237e+005 1.72935230906040e+006 9.47248509188829e-002 6.21539963988159e-001 1.55679700994903e+000 1.35166208417209e+004 2.92880776997809e-005 1310448 114
1.64299660000424e+005 1.72932176524694e+006 9.47238221291136e-002 5.09170812097537e-001 1.52688349696341e+000 1.36257123806757e+004 2.94525194637370e-005 1320693 115
1.64301231854058e+005 1.72933746027899e+006 9.47238683756018e-002 3.78673665578173e-001 1.45152445463424e+000 1.36760041349487e+004 2.97660291948996e-005 1343278 116
1.64307533723134e+005 1.72931825979572e+006 6.18845147465946e+000 9.03469954527421e-001 -1.55238668431654e+000 1.36939709552971e+004 2.98126357414941e-005 1349360 117
1.64300290786085e+005 1.72932782952372e+006 9.47238534367925e-002 4.92355113376263e-001 1.52045976180303e+000 1.36949362784994e+004 2.99896334586294e-005 1351603 118
1.64302893894789e+005 1.72935112484657e+006 9.47240768586391e-002 6.79280983916746e-001 1.56676818094424e+000 1.37305706102446e+004 3.00769342872364e-005 1355139 119
1.64300391257996e+005 1.72933140776247e+006 9.47237161885977e-002 2.13171788689840e-001 7.42516670888394e-001 1.37601477618846e+004 3.08326607908681e-005 1366933 120
1.64302407095317e+005 1.72934369472669e+006 9.47242024346706e-002 2.16650898770104e-001 9.54116424604022e-001 1.38067621301057e+004 3.17125802779956e-005 1379347 121
1.64308240930370e+005 1.72934498238464e+006 6.18845252441824e+000 9.09054841761528e-001 -1.55219493102817e+000 1.39020522403341e+004 3.17585590501274e-005 1394716 122
1.64309760404753e+005 1.72934803529034e+006 6.18845181986763e+000 9.09360026856288e-001 -1.55219493102817e+000 1.39080921807726e+004 3.18045038816173e-005 1403281 123
1.64306534835624e+005 1.72936164477701e+006 9.47255906128942e-002 2.61787774285104e-001 3.71761687826167e-001 1.48319281544026e+004 3.20628824567294e-005 1441902 124
1.64308430222616e+005 1.72932572958536e+006 6.18845136762228e+000 7.71935178685873e-001 -1.56312486846522e+000 1.52930209736244e+004 3.21287755783319e-005 1476985 125
1.64304284426487e+005 1.72935648676999e+006 9.47245817988548e-002 6.43726920377209e-001 1.56091970564898e+000 1.53628961729194e+004 3.22270331065148e-005 1478050 126
1.64310370092088e+005 1.72936040937599e+006 6.18845214423162e+000 9.34476760155034e-001 -1.55075678136540e+000 1.53641670135728e+004 3.22703036922834e-005 1478787 127
1.64307450027679e+005 1.72931387487553e+006 6.18845128386130e+000 8.67824335459456e-001 -1.55478360042116e+000 1.53817075125088e+004 3.23212279843422e-005 1502493 128
1.64305489230634e+005 1.72935666020296e+006 9.47252628010564e-002 5.02212591937010e-001 1.52410307428205e+000 1.57578517922955e+004 3.24907024878730e-005 1528082 129
1.64304446583314e+005 1.72935855019678e+006 9.47245623789592e-002 4.46394238105411e-001 1.49888751686148e+000 1.57677288332671e+004 3.27099961131722e-005 1531844 130
1.64302128032021e+005 1.72933509513377e+006 9.47245107374241e-002 5.42802209540086e-001 1.53781343440046e+000 1.57740434724077e+004 3.28529127831395e-005 1537741 131
1.64307803128644e+005 1.72932223781692e+006 6.18845153687260e+000 9.32126834925382e-001 -1.55066090472121e+000 1.57908372245636e+004 3.28964236389163e-005 1548727 132
1.64300928425793e+005 1.72933209986763e+006 9.47239863478562e-002 6.77877132480850e-001 1.56667230430006e+000 1.57910535265673e+004 3.29841226784913e-005 1550375 133
1.64305041051974e+005 1.72935983625583e+006 9.47248330320561e-002 2.50373851741081e-001 1.20262868633076e+000 1.61741967831299e+004 3.37161228764701e-005 1573823 134
1.64298404640311e+005 1.72931313016271e+006 9.47235728592097e-002 2.29255043183691e-001 1.08604268700217e+000 1.61997897010639e+004 3.45588155437770e-005 1577503 135
1.64307956746237e+005 1.72931956022653e+006 6.18845130303925e+000 8.65657521286660e-001 -1.55497535370952e+000 1.62883841646056e+004 3.46100208425717e-005 1606092 136
1.64308695075634e+005 1.72932968995128e+006 6.18845143148303e+000 9.48118533890805e-001 -1.54979801492355e+000 1.63044384672894e+004 3.46519327224843e-005 1615813 137
1.64310467435674e+005 1.72936131066463e+006 6.18845213752082e+000 9.79003265480514e-001 -1.54835986526078e+000 1.63428433418083e+004 3.46909894872144e-005 1616665 138
1.64299002466845e+005 1.72931765673476e+006 9.47236690044384e-002 2.42866298409986e-001 1.16840072435682e+000 1.63697958808333e+004 3.54629050278214e-005 1623029 139
1.64308252825751e+005 1.72935074385314e+006 6.18845283130878e+000 8.07489242225410e-001 -1.55986506256294e+000 1.63994572782834e+004 3.55225816051986e-005 1629030 140
1.64298575069766e+005 1.72931463231403e+006 9.47235887413978e-002 2.68532364879299e-001 1.26830418759728e+000 1.64073532206706e+004 3.61646158307152e-005 1636551 141
1.64304080552601e+005 1.72934852893805e+006 9.47248982482008e-002 6.57399212622455e-001 1.56331662175359e+000 1.66211172954127e+004 3.62584355978688e-005 1670608 142
1.64298471794001e+005 1.72931382686817e+006 9.47235734100465e-002 3.88653218176824e-001 1.46034510589923e+000 1.75094981374149e+004 3.65548089955255e-005 1714857 143
1.64298709101653e+005 1.72931633611135e+006 9.47235727852244e-002 2.75704214606159e-001 1.28910941938536e+000 1.75250093017753e+004 3.71644754620033e-005 1717283 144
1.64299872292917e+005 1.72932349245566e+006 9.47238497482719e-002 3.81359294412061e-001 1.45401724738304e+000 1.75251382518465e+004 3.74732397670742e-005 1717324 145
1.64303001294964e+005 1.72935388354528e+006 9.47239882038656e-002 5.04470961638234e-001 1.52496596407971e+000 1.76615653286740e+004 3.76410563425578e-005 1729541 146
1.64302092987263e+005 1.72933542312779e+006 9.47244727952150e-002 6.57490768150883e-001 1.56341249839778e+000 1.82204876762855e+004 3.77348474372767e-005 1748637 147
1.64308692748407e+005 1.72934898285369e+006 6.18845248331351e+000 9.77507858516190e-001 -1.54835986526078e+000 1.82214257469426e+004 3.77740357719175e-005 1751578 148
1.64311188177624e+005 1.72936148644324e+006 6.18845173405280e+000 9.88708151493881e-001 -1.54788048203986e+000 1.82306241673524e+004 3.78122536702007e-005 1757391 149
1.64305479833448e+005 1.72935315963081e+006 9.47254480145211e-002 2.22113711966308e-001 1.02343523834956e+000 1.85523250715186e+004 3.86841650381972e-005 1762243 150
1.64307176368775e+005 1.72936152513623e+006 9.47259647736746e-002 2.53334147160253e-001 1.21480502014222e+000 1.85580353457178e+004 3.94007765422435e-005 1766155 151
1.64303663613614e+005 1.72936194076566e+006 9.47239290715205e-002 2.12561418500320e-001 7.72430183874020e-001 1.85996152366534e+004 4.01857307704971e-005 1786727 152
1.64299970271808e+005 1.72932858299461e+006 9.47236287296226e-002 4.15753654591510e-001 1.48057507782220e+000 1.85996153370781e+004 4.04417787623842e-005 1786772 153
1.64301555095195e+005 1.72933777844673e+006 9.47240362961541e-002 3.87005218665120e-001 1.45881107959227e+000 1.86000455718775e+004 4.07408845379313e-005 1787831 154
1.64307726453718e+005 1.72932204504001e+006 6.18845157031723e+000 7.54570146794031e-001 -1.56494652470473e+000 1.86306200492147e+004 4.08101607449787e-005 1801811 155
1.64301251162290e+005 1.72932905273769e+006 9.47243372135114e-002 5.69017609179968e-001 1.54510005935850e+000 1.86363002640611e+004 4.09390185538859e-005 1804281 156
1.64306915413323e+005 1.72935775255164e+006 9.47260206365614e-002 2.65968810083316e-001 1.25996291955321e+000 1.88474060093622e+004 4.15930160993183e-005 1809620 157
1.64308275164109e+005 1.72932406597565e+006 6.18845136589955e+000 9.07040620136113e-001 -1.55219493102817e+000 1.88474081034546e+004 4.16392197970660e-005 1809800 158
1.64307894822195e+005 1.72932809212394e+006 6.18845180309429e+000 7.28415784173101e-001 -1.56801457731864e+000 1.94960113185855e+004 4.17140874896635e-005 1835534 159
1.64301686648889e+005 1.72934035190491e+006 9.47239715686059e-002 3.84441663869137e-001 1.45660591677602e+000 1.94967574765322e+004 4.20175227547732e-005 1839756 160
1.64301960721237e+005 1.72933625750103e+006 9.47243515657989e-002 2.99111911374248e-001 1.34395085985900e+000 1.94968080058891e+004 4.25344449918953e-005 1840083 161
1.64303024351146e+005 1.72933840354605e+006 9.47248442662655e-002 5.96453749198889e-001 1.55161967116306e+000 1.94968353726633e+004 4.26506385189050e-005 1840355 162
1.64301042570002e+005 1.72933367536585e+006 9.47239659797359e-002 3.07473982970672e-001 1.35996225943785e+000 1.94968616264808e+004 4.31388719236577e-005 1840551 163
1.64307740746517e+005 1.72934812172721e+006 6.18845298199829e+000 7.90734580523087e-001 -1.56139908886990e+000 1.95020856147582e+004 4.32013667273617e-005 1843239 164
1.64307884821447e+005 1.72934411826194e+006 6.18845268144635e+000 7.55790887173071e-001 -1.56494652470473e+000 1.98855198234806e+004 4.32703970067342e-005 1855736 165
1.64299193185454e+005 1.72932129555027e+006 9.47235801768843e-002 4.82039857173376e-001 1.51624118945891e+000 2.01624768763870e+004 4.34557935354378e-005 1865213 166
1.64302840634885e+005 1.72934115534498e+006 9.47245891517605e-002 7.00155644398328e-001 1.56983623355815e+000 2.05101293654087e+004 4.35374710261416e-005 1883817 167
1.64301780327764e+005 1.72933583388349e+006 9.47242712503436e-002 2.85195471053194e-001 1.31336621036409e+000 2.07556118066090e+004 4.41071952769737e-005 1900906 168
1.64308530527805e+005 1.72933538805702e+006 6.18845183604641e+000 8.03277687917722e-001 -1.56015269249550e+000 2.09489887582591e+004 4.41675625482333e-005 1914847 169
1.64302989938263e+005 1.72934344358350e+006 9.47245501251085e-002 4.85549485763115e-001 1.51758346247749e+000 2.10994553477202e+004 4.43500369007510e-005 1934907 170
1.64301817461499e+005 1.72934650012502e+006 9.47237117802847e-002 4.76729636524552e-001 1.04169973906674e-001 2.13027655934251e+004 4.43698197473537e-005 1962295 171
1.64300856234579e+005 1.72933728647342e+006 9.47236625776714e-002 2.18420972319712e-001 9.80290748466445e-001 2.13254457904305e+004 4.52498671814843e-005 1970969 172
1.64299186837373e+005 1.72931878137098e+006 9.47237134309551e-002 6.56300546281320e-001 1.56331662175359e+000 2.16168171855596e+004 4.53440328212137e-005 1979913 173
1.64302094271501e+005 1.72933890252097e+006 9.47242840855486e-002 2.22785119174780e-001 5.87580013885922e-001 2.19403303626051e+004 4.59063275362280e-005 2000513 174
1.64307658489389e+005 1.72932824527199e+006 6.18845194687222e+000 9.54954680013428e-001 -1.54941450834681e+000 2.19404398616983e+004 4.59475818470058e-005 2001497 175
1.64307532175601e+005 1.72931692927686e+006 6.18845140309840e+000 8.85891293069247e-001 -1.55353720404675e+000 2.19732699870806e+004 4.59962482283452e-005 2004184 176
1.64302823289726e+005 1.72934189994993e+006 9.47245386694163e-002 4.06537064729759e-001 1.47405546601764e+000 2.19834625979842e+004 4.62650765103303e-005 2010705 177
1.64307419190506e+005 1.72935998007381e+006 9.47261880545316e-002 2.88613544114505e-001 1.32122809518723e+000 2.20116938444645e+004 4.68211936726629e-005 2011680 178
1.64309129015122e+005 1.72935997395678e+006 6.18845283175398e+000 8.58577227088229e-001 -1.55574236686300e+000 2.20141000604467e+004 4.68733331747133e-005 2015437 179
1.64301094220253e+005 1.72932831431501e+006 9.47242874779536e-002 4.08825952940458e-001 1.47578124561296e+000 2.24269812388554e+004 4.71389054623306e-005 2056039 180
1.64308395802413e+005 1.72932521808393e+006 6.18845135949644e+000 7.48710592974639e-001 -1.56561766121403e+000 2.24694510786244e+004 4.72093803057998e-005 2062516 181
1.64307745145787e+005 1.72931736471946e+006 6.18845130475771e+000 8.41486861781671e-001 -1.55679700994903e+000 2.24695783043937e+004 4.72638787355303e-005 2064131 182
1.64308534446821e+005 1.72932733716684e+006 6.18845139542666e+000 7.97540208136235e-001 -1.56063207571642e+000 2.24737296985863e+004 4.73252058552385e-005 2067047 183
1.64310623819842e+005 1.72935076919624e+006 6.18845147392336e+000 9.83489486373485e-001 -1.54807223532823e+000 2.24740774039093e+004 4.73638714919217e-005 2069800 184
1.64308003090265e+005 1.72934382446284e+006 6.18845259767161e+000 8.36298715170751e-001 -1.55737226981414e+000 2.25322644027691e+004 4.74191169294188e-005 2072169 185
1.64299334584613e+005 1.72932236840643e+006 9.47236027962990e-002 2.16864528336436e-001 6.60254510177923e-001 2.25467766759414e+004 4.80792045396954e-005 2084288 186
1.64298859003837e+005 1.72931712513380e+006 9.47236157319082e-002 2.33649708548235e-001 1.11633970656453e+000 2.25593883501607e+004 4.88999435766447e-005 2088462 187
1.64304953577071e+005 1.72935365579056e+006 9.47251194138549e-002 2.29255043183691e-001 1.08565918042543e+000 2.32779600470604e+004 4.97424659744037e-005 2096482 188
1.64308589574560e+005 1.72933039589313e+006 6.18845153038299e+000 9.90752891628773e-001 -1.54759285210730e+000 2.33175319036050e+004 4.97805103100720e-005 2104177 189
1.64303436422027e+005 1.72936095419978e+006 9.47238525890622e-002 2.14270455030976e-001 9.07232745597705e-001 2.33206429246353e+004 5.06511348661765e-005 2110986 190
1.64303166932401e+005 1.72935574904328e+006 9.47239815559495e-002 2.13934751426740e-001 8.98699724265267e-001 2.34289383150910e+004 5.15189077605757e-005 2118664 191
1.64309971447319e+005 1.72934363213237e+006 6.18845145917193e+000 7.83532212286752e-001 -1.56207022537919e+000 2.34358840837381e+004 5.15826737462155e-005 2120880 192
1.64300079854024e+005 1.72932383281387e+006 9.47239501671566e-002 2.12286751915036e-001 7.98988014313181e-001 2.34707091807534e+004 5.23910393777103e-005 2136571 193
1.64300824776437e+005 1.72933597397614e+006 9.47237160117554e-002 5.07034516434217e-001 1.52602060716575e+000 2.35170807930683e+004 5.25570028998589e-005 2148396 194
1.64301301039209e+005 1.72933991581443e+006 9.47237743265737e-002 7.00094607379376e-001 1.56983623355815e+000 2.36336896636311e+004 5.26386960575094e-005 2167225 195
1.64308642505233e+005 1.72934562286911e+006 6.18845232915768e+000 8.47346415601062e-001 -1.55650938001648e+000 2.36717336258945e+004 5.26923686010389e-005 2173864 196
1.64307317066596e+005 1.72931190901543e+006 6.18845125301677e+000 9.54893642994476e-001 -1.54931863170263e+000 2.38159142500148e+004 5.27336286286196e-005 2190389 197
1.64300650598628e+005 1.72933166903925e+006 9.47238505869304e-002 2.44850001525926e-001 1.17798838877529e+000 2.38160244907212e+004 5.34949117671363e-005 2190881 198
1.64299463213821e+005 1.72932186452777e+006 9.47237039473549e-002 3.70494705038606e-001 1.44395019974364e+000 2.39155839533237e+004 5.38235416002672e-005 2218899 199
1.64303679830989e+005 1.72934139243588e+006 9.47250571706447e-002 5.61998352000488e-001 1.54318252647481e+000 2.39175179566493e+004 5.39559598982291e-005 2220025 200
1.64309298108596e+005 1.72935828475806e+006 6.18845264287571e+000 9.88311410870693e-001 -1.54788048203986e+000 2.42720194616584e+004 5.39942115568620e-005 2245847 201
1.64302831146817e+005 1.72935054186924e+006 9.47240726406497e-002 6.22455519272439e-001 1.55698876323740e+000 2.42795193249070e+004 5.41000031081616e-005 2262692 202
1.64299368400645e+005 1.72931928140755e+006 9.47237902568743e-002 2.92336802270577e-001 1.32985699316385e+000 2.42897422021595e+004 5.46418259940992e-005 2274864 203
1.64307530189055e+005 1.72931889581702e+006 6.18845151131668e+000 9.17325357829524e-001 -1.55152379451888e+000 2.43189063544260e+004 5.46868971355171e-005 2285463 204
1.64304293162561e+005 1.72935557458291e+006 9.47246364715430e-002 5.50828577532273e-001 1.54001859721671e+000 2.43913815786295e+004 5.48252820484594e-005 2292986 205
1.64301100563355e+005 1.72933578834273e+006 9.47238841680378e-002 4.36872463148900e-001 1.49371017807550e+000 2.43933067863975e+004 5.50551396069378e-005 2300706 206
1.64301652438813e+005 1.72933384729498e+006 9.47243061248430e-002 4.02294991912595e-001 1.47098741340373e+000 2.43962229301595e+004 5.53301605292932e-005 2304565 207
1.64301844412036e+005 1.72933475792944e+006 9.47243665594661e-002 5.29129917294839e-001 1.53359486205634e+000 2.43994730536847e+004 5.54813052582008e-005 2312758 208
1.64299849482799e+005 1.72932460679054e+006 9.47237760027826e-002 4.56648457289346e-001 1.50444836222419e+000 2.43994730607165e+004 5.56899914482356e-005 2312772 209
1.64309645112688e+005 1.72934232386010e+006 6.18845157495258e+000 7.62810144352550e-001 -1.56417951155126e+000 2.44649005260509e+004 5.57576316626065e-005 2340647 210
1.64300764483133e+005 1.72933711732561e+006 9.47236192061234e-002 3.71684926908170e-001 1.44500484282968e+000 2.44650324404163e+004 5.60839944825874e-005 2341035 211
1.64300961216426e+005 1.72933982935853e+006 9.47235842874212e-002 3.94024475844600e-001 1.46456367824335e+000 2.44815358125597e+004 5.63716842685425e-005 2362970 212
1.64303164915260e+005 1.72936100462168e+006 9.47236942499061e-002 3.95886104922636e-001 1.46590595126194e+000 2.47352417319848e+004 5.66564466913969e-005 2365595 213
1.64308506774158e+005 1.72935064742888e+006 6.18845268052621e+000 9.22086245307779e-001 -1.55142791787469e+000 2.47579126641700e+004 5.67010073738589e-005 2369864 214
1.64305608820971e+005 1.72935691799119e+006 9.47253172994802e-002 2.13324381237220e-001 8.80195531937620e-001 2.47581797329238e+004 5.75612462379656e-005 2371269 215
1.64299887468089e+005 1.72932317149250e+006 9.47238759207930e-002 6.22577593310343e-001 1.55718051652577e+000 2.47988970135083e+004 5.76669924371143e-005 2382426 216
1.64310544779725e+005 1.72934775374081e+006 6.18845135502831e+000 8.33063753166295e-001 -1.55765989974670e+000 2.48234540603806e+004 5.77227111526582e-005 2397215 217
1.64308342499154e+005 1.72934765434431e+006 6.18845261169767e+000 9.86968596453749e-001 -1.54788048203986e+000 2.49022361160269e+004 5.77610773995253e-005 2410037 218
1.64308048697438e+005 1.72933695997774e+006 6.18845219776632e+000 9.28739280373546e-001 -1.55094853465377e+000 2.52526803162442e+004 5.78049384224382e-005 2419296 219
1.64308416825517e+005 1.72934681869624e+006 6.18845252360228e+000 7.94701986754967e-001 -1.56101558229316e+000 2.55331724445894e+004 5.78667486672829e-005 2427568 220
1.64300049693118e+005 1.72932703311995e+006 9.47237586321632e-002 2.83944212164678e-001 1.31039403439436e+000 2.55352031297480e+004 5.84415581862581e-005 2432306 221
1.64301503758765e+005 1.72933892084075e+006 9.47239446754683e-002 2.23242896816919e-001 5.83073811609241e-001 2.55575813805278e+004 5.89975266214832e-005 2448879 222
1.64299028033384e+005 1.72931861981852e+006 9.47236312182917e-002 2.64931180761132e-001 3.61215256965850e-001 2.55622702474158e+004 5.92423869316426e-005 2455790 223
1.64301297088725e+005 1.72934042702652e+006 9.47237442284264e-002 2.41096224860378e-001 4.58817680745872e-001 2.55656680838683e+004 5.96199644040930e-005 2461509 224
1.64307735045453e+005 1.72932879509765e+006 6.18845193293719e+000 8.03888058107242e-001 -1.56005681585131e+000 2.56822102046147e+004 5.96802308220331e-005 2497961 225
1.64300376661440e+005 1.72933156076542e+006 9.47236994928697e-002 2.44178594317454e-001 4.43285664387951e-001 2.57016010988314e+004 6.00358130438634e-005 2506872 226
1.64306553641426e+005 1.72936168632633e+006 9.47255991277588e-002 2.57393108920560e-001 1.23043291314432e+000 2.57016076492459e+004 6.07317346314469e-005 2507097 227
1.64299265017690e+005 1.72931930107195e+006 9.47237299385298e-002 5.34592730491043e-001 1.53541651829585e+000 2.57607655838822e+004 6.08795120651768e-005 2516247 228
1.64308572348924e+005 1.72934694826749e+006 6.18845244153006e+000 8.76033814508499e-001 -1.55440009384442e+000 2.63207999555676e+004 6.09293920601029e-005 2568755 229
1.64308334197977e+005 1.72934823980198e+006 6.18845264833263e+000 8.37824640644551e-001 -1.55727639316996e+000 2.63504398538870e+004 6.09844163083169e-005 2588119 230
1.64302345752351e+005 1.72933740812283e+006 9.47245095717237e-002 4.67879268776513e-001 1.50981745429853e+000 2.65854429164658e+004 6.11823083744197e-005 2596915 231
1.64300052162643e+005 1.72932476327818e+006 9.47238836356135e-002 4.09741508224738e-001 1.47645238212226e+000 2.65869250814641e+004 6.14465937457947e-005 2604195 232
1.64299677200169e+005 1.72932515878278e+006 9.47236472149650e-002 3.42417676320688e-001 1.41288616702780e+000 2.65869377700995e+004 6.18357013812674e-005 2604610 233
1.64302581382466e+005 1.72933801713889e+006 9.47246114476433e-002 3.49589526047548e-001 1.42151506500443e+000 2.66560998280220e+004 6.22079602069965e-005 2607741 234
1.64299805579724e+005 1.72932178976991e+006 9.47239042236879e-002 4.72457045197913e-001 1.51202261711478e+000 2.66561088343968e+004 6.24016840317976e-005 2608033 235
1.64307722867398e+005 1.72932125850640e+006 6.18845152954520e+000 9.61302529984436e-001 -1.54903100177007e+000 2.74393528535765e+004 6.24423410598741e-005 2657251 236
1.64308266226588e+005 1.72934864287728e+006 6.18845270923275e+000 7.11966307565538e-001 -1.57021974013489e+000 2.74462908184948e+004 6.25210673615259e-005 2665628 237
1.64307668177425e+005 1.72931604575379e+006 6.18845127704847e+000 7.33359782708213e-001 -1.56734344080935e+000 2.74741620342925e+004 6.25948289920372e-005 2667385 238
1.64298557861472e+005 1.72931411824252e+006 9.47236068697350e-002 2.58156071657460e-001 1.23359684240242e+000 2.74955763644689e+004 6.32870050057907e-005 2667995 239
1.64299685967734e+005 1.72932096539932e+006 9.47238805608600e-002 2.25348673970763e-001 1.05449927106540e+000 2.75554435572505e+004 6.41471977033032e-005 2680556 240
1.64302116839352e+005 1.72934998451645e+006 9.47236936323957e-002 3.53648487807855e-001 1.42611714392529e+000 2.75560254575942e+004 6.45103689324921e-005 2684503 241
1.64304814151075e+005 1.72934757468296e+006 9.47253706157291e-002 3.10312204351939e-001 1.36494784493545e+000 2.75599854917956e+004 6.49893365747432e-005 2686454 242
1.64308731348950e+005 1.72933582350438e+006 6.18845174466933e+000 9.48789941099277e-001 -1.54979801492355e+000 2.75657530969843e+004 6.50311832330746e-005 2693602 243
1.64299458376976e+005 1.72932140049023e+006 9.47237264413358e-002 2.18665120395520e-001 9.83742307657094e-001 2.76038925932707e+004 6.59110961727932e-005 2699725 244
1.64309623704199e+005 1.72935254962118e+006 6.18845214401106e+000 7.84081545457320e-001 -1.56207022537919e+000 2.76091156079917e+004 6.59747639149485e-005 2705716 245
1.64304103200670e+005 1.72934469897544e+006 9.47251197609979e-002 5.74694051942503e-001 1.54644233237709e+000 2.76203048870275e+004 6.61008424468492e-005 2714734 246
1.64309418597185e+005 1.72934333073593e+006 6.18845175958864e+000 8.02758873256630e-001 -1.56024856913968e+000 2.78094878236015e+004 6.61612956452280e-005 2727050 247
1.64303029343135e+005 1.72933917724267e+006 9.47248050007771e-002 4.01318399609363e-001 1.47022040025025e+000 2.78855776266734e+004 6.64377697541018e-005 2735647 248
1.64310006380930e+005 1.72935873318613e+006 9.47277386015453e-002 2.13385418256172e-001 8.82113064821314e-001 2.78892751946927e+004 6.72988280206814e-005 2741880 249
1.64310749544170e+005 1.72935310603592e+006 6.18845152911392e+000 7.25760673848689e-001 -1.56849396053957e+000 2.79555950734237e+004 6.73742996965119e-005 2753402 250
1.64301611799504e+005 1.72934224745067e+006 9.47238254660617e-002 2.56965849787896e-001 1.22899476348155e+000 2.79556027135907e+004 6.80724130122856e-005 2754254 251
1.64300180180962e+005 1.72932520063845e+006 9.47239331878885e-002 4.86892300180059e-001 1.51825459898679e+000 2.84242255589880e+004 6.82537884861617e-005 2786768 252
1.64308049875228e+005 1.72932080995467e+006 6.18845131771691e+000 7.18832972197638e-001 -1.56916509704886e+000 2.86929219678932e+004 6.83308696990234e-005 2809814 253
1.64308367597124e+005 1.72933202259262e+006 6.18845174616922e+000 9.04782250434889e-001 -1.55238668431654e+000 2.87270871858902e+004 6.83773276591569e-005 2825655 254
1.64301730954409e+005 1.72934554098444e+006 9.47237144273285e-002 5.63890499588000e-001 1.54366190969573e+000 2.87951380040330e+004 6.85087721182391e-005 2835368 255
1.64301958166759e+005 1.72933712213493e+006 9.47243030243851e-002 4.95406964323862e-001 1.52161028153325e+000 2.87985243970090e+004 6.86833899168572e-005 2838276 256
1.64301974482115e+005 1.72934731987474e+006 9.47237571325703e-002 6.69789727469710e-001 1.56533003128147e+000 2.88024613715459e+004 6.87734349048486e-005 2844005 257
1.64299972825755e+005 1.72932761212643e+006 9.47236830548638e-002 2.20313119907224e-001 6.14041967680898e-001 2.92093308774098e+004 6.93723936166283e-005 2858061 258
1.64307885019488e+005 1.72932051599669e+006 6.18845139618753e+000 8.56654560991241e-001 -1.55564649021882e+000 2.92099455492072e+004 6.94247908364623e-005 2862564 259
1.64305023628124e+005 1.72935320180752e+006 9.47251842769421e-002 6.25995666371654e-001 1.55765989974670e+000 2.92103856192258e+004 6.95292715915223e-005 2865440 260
1.64305677507558e+005 1.72935670873084e+006 9.47253680559270e-002 5.33799249244667e-001 1.53493713507492e+000 2.94696013718998e+004 6.96775301932868e-005 2925302 261
1.64299849836583e+005 1.72932361343795e+006 9.47238302915752e-002 2.33405560472427e-001 1.11470980361339e+000 2.94721420005292e+004 7.04995029847585e-005 2929643 262
1.64308835739538e+005 1.72932883371169e+006 6.18845130424787e+000 9.67650379955443e-001 -1.54874337183752e+000 2.94816169805630e+004 7.05395753007032e-005 2931586 263
1.64308510520203e+005 1.72934670761519e+006 6.18845246385947e+000 7.63054292428358e-001 -1.56417951155126e+000 2.98886453100049e+004 7.06071679112172e-005 2964513 264
1.64298658893404e+005 1.72931491645334e+006 9.47236213090833e-002 3.06985686819056e-001 1.35919524628437e+000 2.98887930709996e+004 7.10970308787966e-005 2967043 265
1.64307492160636e+005 1.72931401047709e+006 6.18845126709896e+000 7.43888668477432e-001 -1.56609704443495e+000 2.99168357388873e+004 7.11685148093182e-005 2978574 266
1.64301990801558e+005 1.72933372527070e+006 9.47245066792100e-002 6.71712393566698e-001 1.56571353785821e+000 2.99169541799352e+004 7.12579939262507e-005 2979440 267
1.64307667773215e+005 1.72935064885740e+006 6.18845316141735e+000 8.59096041749321e-001 -1.55564649021882e+000 2.99355292633926e+004 7.13100641056257e-005 2987951 268
1.64300345374655e+005 1.72932724517015e+006 9.47239165375985e-002 3.72722556230354e-001 1.44605948591571e+000 2.99936626554564e+004 7.16344744953321e-005 2999920 269
1.64305457030482e+005 1.72935531319008e+006 9.47253176898114e-002 4.34125797296060e-001 1.49198439848018e+000 3.00105283058977e+004 7.18675122130021e-005 3016763 270
1.64303749928320e+005 1.72936117433680e+006 9.47240202660108e-002 6.12292855616932e-001 1.55487947706534e+000 3.03247387497427e+004 7.19772018139005e-005 3028512 271
1.64308149397261e+005 1.72932975993818e+006 6.18845174801406e+000 8.54853968932157e-001 -1.55583824350719e+000 3.07928490928347e+004 7.20298422957489e-005 3051890 272
1.64308669052827e+005 1.72932860257817e+006 6.18845138718826e+000 7.34000671407208e-001 -1.56734344080935e+000 3.11173796202239e+004 7.21034623104380e-005 3061445 273
1.64301227483505e+005 1.72933115472049e+006 9.47242091946562e-002 6.43391216772973e-001 1.56101558229316e+000 3.19499283499867e+004 7.22018327563209e-005 3098464 274
1.64300218707398e+005 1.72933166822612e+006 9.47236031207729e-002 5.36698507644887e-001 1.53599177816095e+000 3.19589895693038e+004 7.23483405559126e-005 3101872 275
1.64307854028005e+005 1.72934445376086e+006 6.18845271736117e+000 7.73979918820765e-001 -1.56302899182104e+000 3.27766796723016e+004 7.24138512603048e-005 3148342 276
1.64301234533082e+005 1.72933623093092e+006 9.47239368460024e-002 4.67452009643849e-001 1.50962570101016e+000 3.28166355694440e+004 7.26121391483516e-005 3156570 277
1.64304659610635e+005 1.72935756844503e+006 9.47247379136828e-002 3.93566698202460e-001 1.46408429502243e+000 3.28294768966672e+004 7.29005508499106e-005 3165423 278
1.64308926093468e+005 1.72934638169703e+006 6.18845220795678e+000 9.20072023682363e-001 -1.55152379451888e+000 3.28477611274038e+004 7.29453265122027e-005 3177822 279
1.64299771962082e+005 1.72932413147667e+006 9.47237574564946e-002 5.47807245094150e-001 1.53934746070742e+000 3.30919170333770e+004 7.30853931796508e-005 3200851 280
1.64303209158476e+005 1.72934916979887e+006 9.47243639768753e-002 4.09009063997314e-001 1.47578124561296e+000 3.31194947624407e+004 7.33507039680460e-005 3210335 281
1.64300735088400e+005 1.72932793360080e+006 9.47241023935914e-002 4.17035431989502e-001 1.48143796761986e+000 3.31202470901085e+004 7.36050435649977e-005 3216077 282
1.64301997871633e+005 1.72934258253804e+006 9.47240284722035e-002 2.58003479110080e-001 1.23282982924894e+000 3.31247771059987e+004 7.42979339528706e-005 3217442 283
1.64302949923444e+005 1.72935613486632e+006 9.47238361861761e-002 3.97442548905911e-001 1.46715234763634e+000 3.34856038677227e+004 7.45802855858068e-005 3233418 284
1.64299442074950e+005 1.72932283698002e+006 9.47236388848749e-002 4.15112765892514e-001 1.37918552659688e-001 3.34870894876864e+004 7.46157514290948e-005 3241311 285
1.64310377143394e+005 1.72934520850295e+006 6.18845131250898e+000 7.30857264931181e-001 -1.56782282403027e+000 3.35602195675684e+004 7.46900699613779e-005 3260187 286
1.64308009037193e+005 1.72932327165655e+006 6.18845147516225e+000 8.30072939237648e-001 -1.55775577639088e+000 3.39059322340460e+004 7.47462313714482e-005 3269921 287
1.64309053597568e+005 1.72933569608789e+006 6.18845155305619e+000 9.20590838343455e-001 -1.55142791787469e+000 3.39085642486657e+004 7.47909514546692e-005 3273106 288
1.64302612166150e+005 1.72934184793707e+006 9.47244205103576e-002 3.90606402783288e-001 1.46178325556200e+000 3.39306009201777e+004 7.50841207171528e-005 3287672 289
1.64303930259997e+005 1.72934670788293e+006 9.47249112711281e-002 4.77095858638264e-001 1.51394014999847e+000 3.43257195247507e+004 7.52737458672471e-005 3332660 290
1.64301317575302e+005 1.72933365869294e+006 9.47241244887897e-002 4.38856166264840e-001 1.49486069780572e+000 3.43257531537824e+004 7.55013439083227e-005 3333402 291
1.64307863820176e+005 1.72932502086842e+006 6.18845165362991e+000 7.68181402020325e-001 -1.56350837504196e+000 3.48650524351953e+004 7.55679476804119e-005 3350534 292
1.64300332596625e+005 1.72933040636797e+006 9.47237370942755e-002 4.03424176763207e-001 1.47185030320139e+000 3.49637115646625e+004 7.58413014386769e-005 3361617 293
1.64298607380740e+005 1.72931500371453e+006 9.47235870364457e-002 6.55018768883328e-001 1.56312486846522e+000 3.49722745099014e+004 7.59358728079727e-005 3368469 294
1.64304923541465e+005 1.72935972710180e+006 9.47247716327981e-002 4.56892605365154e-001 1.50435248558000e+000 3.49747132007503e+004 7.61443124150444e-005 3373257 295
1.64310928414336e+005 1.72935307989010e+006 6.18845142518382e+000 9.33713797418134e-001 -1.55075678136540e+000 3.50212318660541e+004 7.61876608255910e-005 3384322 296
1.64305250278440e+005 1.72935669393843e+006 9.47251240263119e-002 3.31522568437758e-001 1.39821704046754e+000 3.50263740980933e+004 7.66044362362056e-005 3389402 297
1.64305084004605e+005 1.72936061879636e+006 9.47248150398420e-002 3.30790124210334e-001 1.39716239738151e+000 3.53804184711572e+004 7.70231673558053e-005 3401132 298
1.64303012162912e+005 1.72933865481344e+006 9.47248236003639e-002 6.22089297158727e-001 1.55698876323740e+000 3.53804621946285e+004 7.71290959696782e-005 3401787 299
1.64307678025438e+005 1.72933088650321e+006 6.18845207949193e+000 7.81762138737144e-001 -1.56216610202338e+000 3.53837083797325e+004 7.71931800752828e-005 3404527 300
