3.09284468864344e+005 1.70937277489044e+006 1.78997940580551e-001 3.05581835383160e-001 1.09323343531602e+000 1.02858795572567e+002 4.49490626729631e-007 26272 1
3.09286536066115e+005 1.70938614511764e+006 1.78997741224083e-001 3.37534714804529e-001 4.27274264809107e-001 6.86441822745073e+002 6.18006616969963e-007 43805 2
3.09281388808094e+005 1.70936378691099e+006 1.78997117036919e-001 6.80806909390545e-001 1.56398775826289e+000 9.99088068012227e+002 7.04876238199320e-007 68409 3
3.09280085887983e+005 1.70935660284915e+006 1.78997115291198e-001 2.88430433057649e-001 7.33696019623402e-001 1.76122748645548e+003 1.08970564039678e-006 113936 4
3.09287348680902e+005 1.70938799567550e+006 1.78998011870587e-001 3.73729667043062e-001 1.32515903759880e+000 1.76451723224488e+003 1.40496497377437e-006 117129 5
3.09280331199328e+005 1.70935603660846e+006 1.78997312289057e-001 2.91055024872585e-001 6.92277309335612e-001 1.83020351358490e+003 1.76455265199084e-006 118656 6
3.09284275420400e+005 1.70937322965844e+006 1.78997784390706e-001 3.94451734977264e-001 1.36331794198431e+000 2.31680293892147e+003 2.04699429952327e-006 176492 7
3.09284560988829e+005 1.70938095717034e+006 1.78997154142185e-001 6.74672688985870e-001 1.56216610202338e+000 2.31699742153418e+003 2.13560978778863e-006 177741 8
3.09279082693312e+005 1.70935083655346e+006 1.78997138019281e-001 5.43076876125370e-001 1.50837930463576e+000 2.38249416232189e+003 2.27816702805255e-006 230003 9
3.09291274501805e+005 1.70937363020578e+006 6.10417829192993e+000 9.50834681234168e-001 -1.53071856273080e+000 2.38348631244988e+003 2.31979169603624e-006 235436 10
3.09280285858073e+005 1.70935690476036e+006 1.78997197624440e-001 3.27829828791162e-001 4.60926966917936e-001 2.40675736003111e+003 2.51265423494247e-006 261328 11
3.09286518470160e+005 1.70937741381965e+006 1.78998626151009e-001 4.97634815515610e-001 1.47856166829432e+000 2.50782477353434e+003 2.68503034747933e-006 270850 12
3.09282161153573e+005 1.70936427470028e+006 1.78997504551089e-001 6.49678029725028e-001 1.55449597048860e+000 2.53534796318342e+003 2.78131055078548e-006 275635 13
3.09288748888299e+005 1.70935558068486e+006 6.10417787260750e+000 8.03064058351390e-001 -1.55046915143284e+000 2.60826501369779e+003 2.84170409931250e-006 298492 14
3.09280909659858e+005 1.70935968347738e+006 1.78997266188935e-001 2.87850581377605e-001 9.14519370555742e-001 2.65587274230868e+003 3.29904067893366e-006 333660 15
3.09284742451520e+005 1.70938310677955e+006 1.78997036616035e-001 3.12906277657399e-001 1.13426863902707e+000 3.32604091845167e+003 3.73440759334411e-006 379826 16
3.09278710156548e+005 1.70934950861404e+006 1.78997063093088e-001 4.00158696249275e-001 1.37261797647023e+000 3.61984998832413e+003 4.00858705753762e-006 398907 17
3.09287134201385e+005 1.70939445509355e+006 1.78997228339074e-001 4.18652912991729e-001 1.39927168355358e+000 3.64262128917295e+003 4.25806458858664e-006 412292 18
3.09286425051230e+005 1.70937647335896e+006 1.78998669623438e-001 3.67534409619434e-001 1.31211981398968e+000 3.67470206530765e+003 4.58403636410814e-006 422374 19
3.09280557036525e+005 1.70935652289920e+006 1.78997390377492e-001 2.86416211432234e-001 7.88729213385418e-001 3.71011760063329e+003 4.99809594124173e-006 428382 20
3.09279164250117e+005 1.70935174980332e+006 1.78997090616395e-001 5.32151249732963e-001 1.50195556947539e+000 3.73297687165286e+003 5.14710875620521e-006 440311 21
3.09285343837159e+005 1.70937613065782e+006 1.78998092278995e-001 2.86538285470138e-001 7.83839504531999e-001 3.73347752043875e+003 5.55876610819974e-006 440443 22
3.09285065953210e+005 1.70937277269622e+006 1.78998279035586e-001 3.57310708944975e-001 1.28843828287606e+000 3.73382354333683e+003 5.90333976766952e-006 442552 23
3.09286440214794e+005 1.70938431113281e+006 1.78997874897336e-001 3.18491164891507e-001 1.16092234611042e+000 4.81446926145414e+003 6.32714544973992e-006 507615 24
3.09290674119444e+005 1.70939220514436e+006 1.78999464157667e-001 5.81560716574603e-001 1.52793814004944e+000 5.07798323482941e+003 6.44989575262551e-006 535395 25
3.09281628112444e+005 1.70936281716347e+006 1.78997351987949e-001 2.97097689748833e-001 1.03158475310526e+000 5.08198559889024e+003 6.91195446416635e-006 540852 26
3.09285654755519e+005 1.70938152966267e+006 1.78997715044102e-001 4.31623279519028e-001 1.41576246635334e+000 5.08433472933037e+003 7.14587035010765e-006 542160 27
3.09288233043635e+005 1.70935323729680e+006 6.10417792462927e+000 8.29309976500748e-001 -1.54615470244453e+000 5.17317680377158e+003 7.20213319256525e-006 569211 28
3.09279072683801e+005 1.70935174307922e+006 1.78997039435773e-001 5.47654652546770e-001 1.49327873317667e-001 5.28380138955458e+003 7.22299449464118e-006 604099 29
3.09289313466673e+005 1.70936611690818e+006 6.10417863271147e+000 7.53227332377087e-001 -1.55996093920713e+000 5.34510401010368e+003 7.29253980406167e-006 620687 30
3.09287632310196e+005 1.70938313053585e+006 1.78998671176187e-001 2.94167912839137e-001 1.00387640293588e+000 6.40440565827902e+003 7.75677337633321e-006 686103 31
3.09288922274504e+005 1.70935651049862e+006 6.10417786969198e+000 9.11282692953276e-001 -1.53503301171911e+000 6.77190718703171e+003 7.80248388264708e-006 698773 32
3.09288595532099e+005 1.70935736950824e+006 6.10417814282697e+000 9.73296304208502e-001 -1.52841752327036e+000 6.83246285391608e+003 7.84202067445970e-006 707693 33
3.09282796572543e+005 1.70936823295422e+006 1.78997458801034e-001 5.74633014923551e-001 1.52477421079134e+000 6.91510101731234e+003 7.96803251155511e-006 721656 34
3.09286365036251e+005 1.70937782806847e+006 1.78998496778608e-001 5.33249916074099e-001 1.50253082934049e+000 6.94764697517249e+003 8.11637658899038e-006 744507 35
3.09286451867199e+005 1.70938725743715e+006 1.78997579524705e-001 3.07992797631764e-001 1.10761493194372e+000 6.96745018705435e+003 8.56140489234225e-006 763449 36
3.09285944633115e+005 1.70937736561301e+006 1.78998306033987e-001 4.02691732535783e-001 1.37645304223762e+000 6.97275637839541e+003 8.83201067285030e-006 772818 37
3.09278292072986e+005 1.70934744704918e+006 1.78997037557989e-001 3.67351298562578e-001 1.31183218405713e+000 7.35236178550830e+003 9.15831517218329e-006 820418 38
3.09292045622721e+005 1.70937786246933e+006 6.10417828890385e+000 9.69054231391339e-001 -1.52889690649129e+000 7.63914961148067e+003 9.19823453371811e-006 843966 39
3.09281551268891e+005 1.70936385370585e+006 1.78997202219821e-001 6.48213141270180e-001 1.55401658726768e+000 7.64621548955759e+003 9.29499330014272e-006 848081 40
3.09289650963968e+005 1.70939226487351e+006 1.78998878460586e-001 6.09088412121952e-001 1.53973096728416e+000 8.73060224463648e+003 9.40591700322739e-006 909648 41
3.09286849842781e+005 1.70934456027346e+006 6.10417781880692e+000 7.62230292672506e-001 -1.55804340632344e+000 8.73181256421143e+003 9.47366644595532e-006 912814 42
3.09278316812555e+005 1.70934777317454e+006 1.78997018146375e-001 4.01196325571459e-001 1.37424787942137e+000 8.75448619864607e+003 9.74637713398946e-006 926474 43
3.09287684940812e+005 1.70934960224834e+006 6.10417786253356e+000 8.12005981627857e-001 -1.54893512512589e+000 8.75448645041735e+003 9.80531529844676e-006 926570 44
3.09288108665709e+005 1.70939032561405e+006 1.78998203570922e-001 2.91817987609485e-001 6.82689644917142e-001 8.78123993760387e+003 1.01586875147863e-005 942041 45
3.09291351805592e+005 1.70937666986034e+006 6.10417855968941e+000 9.85076448866237e-001 -1.52736288018433e+000 9.27018881398844e+003 1.01971898495435e-005 963156 46
3.09287421372780e+005 1.70938692253767e+006 1.78998163036042e-001 2.89437543870357e-001 9.44049376964629e-001 9.29945819214979e+003 1.06591055300652e-005 985913 47
3.09290785833099e+005 1.70938198537221e+006 6.10417942510185e+000 9.07925656910916e-001 -1.53551239494003e+000 9.47850347170577e+003 1.07051894765902e-005 1016074 48
3.09292119599213e+005 1.70939322613572e+006 1.79000178317366e-001 2.86080507827998e-001 8.49131499221778e-001 9.49913371799995e+003 1.11444548070941e-005 1024927 49
3.09293873983566e+005 1.70939353342004e+006 1.79001140607775e-001 3.13058870204779e-001 5.25164318521683e-001 9.79498527389592e+003 1.13850566650992e-005 1054980 50
3.09289384394902e+005 1.70939311911469e+006 1.78998639907046e-001 3.13303018280587e-001 5.23917922147282e-001 9.80387133484951e+003 1.16247293855804e-005 1067687 51
3.09286692733562e+005 1.70938359135693e+006 1.78998091711142e-001 3.08023316141240e-001 1.10780668523209e+000 1.03759848675542e+004 1.20697032912419e-005 1099049 52
3.09279303425384e+005 1.70935280674091e+006 1.78997061125710e-001 2.86233100375378e-001 8.62170722830897e-001 1.03989571092324e+004 1.25134507101670e-005 1121002 53
3.09283176671358e+005 1.70936759823319e+006 1.78997739169088e-001 3.77574999237037e-001 1.33292504577776e+000 1.03989572037763e+004 1.28222804757999e-005 1121056 54
3.09287399605625e+005 1.70934746988781e+006 6.10417780560779e+000 8.10815759758293e-001 -1.54912687841426e+000 1.04004005351690e+004 1.28814093925266e-005 1126870 55
3.09285638061686e+005 1.70938626636015e+006 1.78997220113195e-001 6.40156254768517e-001 1.55123616458632e+000 1.04043571894097e+004 1.29808625151449e-005 1132832 56
3.09288847133992e+005 1.70935862051654e+006 6.10417812852572e+000 9.18759727774895e-001 -1.53417012192145e+000 1.05878269890588e+004 1.30257572116492e-005 1138279 57
3.09291412542062e+005 1.70938921817260e+006 6.10417981141226e+000 7.44560075685903e-001 -1.56187847209082e+000 1.08155849228356e+004 1.30970973563379e-005 1176113 58
3.09289463216475e+005 1.70937294334123e+006 6.10417924755870e+000 8.41639454329051e-001 -1.54433304620502e+000 1.08356471931756e+004 1.31515603134355e-005 1184347 59
3.09284840852976e+005 1.70938140383841e+006 1.78997266894795e-001 6.96401867732780e-001 1.56820633060701e+000 1.08444073727231e+004 1.32342092743671e-005 1195890 60
3.09288588206302e+005 1.70935511998151e+006 6.10417791640862e+000 7.60032959990234e-001 -1.55852278954436e+000 1.08469337321297e+004 1.33023907889302e-005 1197248 61
3.09278966748761e+005 1.70935068271864e+006 1.78997088106986e-001 5.02700888088626e-001 1.48239673406171e+000 1.14101787953071e+004 1.34710268112781e-005 1244107 62
3.09283944342361e+005 1.70936949221941e+006 1.78997979908268e-001 6.29627368999298e-001 1.54759285210730e+000 1.16625307788882e+004 1.35741674594211e-005 1288391 63
3.09287763465775e+005 1.70934966130886e+006 6.10417782410487e+000 9.51933347575304e-001 -1.53052680944243e+000 1.25132956061024e+004 1.36156861908591e-005 1347520 64
3.09291848139338e+005 1.70937335764434e+006 6.10417793904849e+000 8.62269966734825e-001 -1.54136087023530e+000 1.25733466502936e+004 1.36673191897048e-005 1367963 65
3.09290145777380e+005 1.70936877307198e+006 6.10417843347989e+000 8.37733085116123e-001 -1.54490830607013e+000 1.29079175392190e+004 1.37223432557263e-005 1399764 66
3.09291103717148e+005 1.70937878337036e+006 6.10417891684579e+000 7.66624958037049e-001 -1.55727639316996e+000 1.29254467461949e+004 1.37892405422880e-005 1403671 67
3.09285678183509e+005 1.70937946205453e+006 1.78997940229701e-001 3.71349223303934e-001 1.32026932874538e+000 1.29326925498633e+004 1.41085671956284e-005 1406392 68
3.09295348559632e+005 1.70939167619716e+006 1.79002166247358e-001 2.91970580156865e-001 6.80867988677633e-001 1.35690168771060e+004 1.44607418913949e-005 1438570 69
3.09288237014264e+005 1.70935223922655e+006 6.10417782008121e+000 9.72136600848415e-001 -1.52851339991455e+000 1.35868916780979e+004 1.45003826817519e-005 1448257 70
3.09284440748765e+005 1.70937338619404e+006 1.78997861999668e-001 5.20371105075228e-001 1.49447719122898e+000 1.35957291964720e+004 1.46568327242609e-005 1453623 71
3.09284783102014e+005 1.70937900012435e+006 1.78997480543334e-001 2.98471022675253e-001 1.04299407376324e+000 1.35977493713286e+004 1.51173197940823e-005 1461515 72
3.09292495767245e+005 1.70937901157208e+006 6.10417815169092e+000 8.89126255073702e-001 -1.53781343440046e+000 1.36142980521390e+004 1.51655784105556e-005 1475241 73
3.09289849035076e+005 1.70937295221230e+006 6.10417902991532e+000 9.10916470839564e-001 -1.53512888836329e+000 1.36159858503644e+004 1.52113295134442e-005 1476053 74
3.09286501138615e+005 1.70938559897130e+006 1.78997777414770e-001 6.27918332468642e-001 1.54692171559801e+000 1.39475877323871e+004 1.53150871215182e-005 1497468 75
3.09281381388062e+005 1.70935987546437e+006 1.78997513731272e-001 3.00149540696432e-001 1.05622505066073e+000 1.45555894493849e+004 1.57733962049194e-005 1516349 76
3.09290974507731e+005 1.70938423156321e+006 6.10417954844584e+000 8.09808648945585e-001 -1.54941450834681e+000 1.45587605084138e+004 1.58326873867747e-005 1522803 77
3.09291418343212e+005 1.70938089051312e+006 6.10417895459230e+000 7.81609546189764e-001 -1.55440009384442e+000 1.45725987218700e+004 1.58967927896320e-005 1538259 78
3.09288458184835e+005 1.70935419439770e+006 6.10417789519287e+000 7.12179937131870e-001 -1.56926097369304e+000 1.46057192613753e+004 1.59754670675604e-005 1553045 79
3.09285665586940e+005 1.70938319219195e+006 1.78997550783126e-001 3.11258278145695e-001 5.34464353007599e-001 1.46058757202361e+004 1.62230420299089e-005 1553678 80
3.09283461392686e+005 1.70937251094609e+006 1.78997396935094e-001 4.08703878902554e-001 1.38546544679098e+000 1.47477687928384e+004 1.64854215051825e-005 1563444 81
3.09287351806246e+005 1.70934780904515e+006 6.10417786744743e+000 8.37916196172979e-001 -1.54481242942595e+000 1.47645605577085e+004 1.65404189840042e-005 1570458 82
3.09283963353326e+005 1.70937815577165e+006 1.78997102725306e-001 2.86446729941710e-001 8.72429523758659e-001 1.62327307002284e+004 1.69873108543661e-005 1640407 83
3.09280238194217e+005 1.70935554919352e+006 1.78997309561351e-001 3.33964049195837e-001 1.22122875530259e+000 1.62489368781704e+004 1.73784198113343e-005 1651312 84
3.09278309852138e+005 1.70934776017561e+006 1.78997015535795e-001 3.86333811456648e-001 1.34941582857753e+000 1.62495630178005e+004 1.76731892077582e-005 1652407 85
3.09282966036071e+005 1.70937095985953e+006 1.78997275307771e-001 3.69212927640614e-001 3.44436844233528e-001 1.71012112151068e+004 1.77859114678534e-005 1696532 86
3.09292311114930e+005 1.70938389287059e+006 6.10417875659598e+000 8.23267311624500e-001 -1.54720934553056e+000 1.72992385266654e+004 1.78430882824309e-005 1725899 87
3.09283193849883e+005 1.70937021683285e+006 1.78997480511583e-001 4.01989806817835e-001 1.37539839915159e+000 1.75368671448222e+004 1.81146781391821e-005 1747242 88
3.09282804805129e+005 1.70936689955695e+006 1.78997600128679e-001 3.56486709189123e-001 1.28642487334819e+000 1.75505687904532e+004 1.84608034534566e-005 1754942 89
3.09278105998433e+005 1.70934662187825e+006 1.78997016726776e-001 2.89040803247169e-001 7.22478452253792e-001 1.75922446070140e+004 1.88390575008331e-005 1768853 90
3.09287119416202e+005 1.70939386919726e+006 1.78997280013247e-001 3.22458571123386e-001 1.17798838877529e+000 1.80409589999576e+004 1.92544740747981e-005 1789026 91
3.09290456229449e+005 1.70937187857845e+006 6.10417857591905e+000 7.67967772453993e-001 -1.55698876323740e+000 1.80434307463464e+004 1.93211140312324e-005 1792230 92
3.09288913681783e+005 1.70939186668165e+006 1.78998501632218e-001 7.66533402508621e-001 7.58863638721885e-002 1.80438497711414e+004 1.93261875484793e-005 1792396 93
3.09285143950830e+005 1.70937903745591e+006 1.78997681124763e-001 3.83861812189093e-001 1.34481374965667e+000 1.86381904221112e+004 1.96248364358125e-005 1808855 94
3.09284271494776e+005 1.70937123547046e+006 1.78997986557517e-001 4.05713064973907e-001 1.38105512115848e+000 1.87989351307259e+004 1.98912668931872e-005 1844752 95
3.09289063395536e+005 1.70936285901866e+006 6.10417844044946e+000 9.14731284524064e-001 -1.53464950514237e+000 1.90237717467549e+004 1.99365985025920e-005 1859917 96
3.09293423495927e+005 1.70938512155387e+006 6.10417825240891e+000 8.35566270943327e-001 -1.54529181264687e+000 1.90240147597793e+004 1.99919375205344e-005 1861150 97
3.09281618145822e+005 1.70936511925569e+006 1.78997110393251e-001 4.43952757347331e-001 1.42995220969268e+000 1.91437233750253e+004 2.02122646347317e-005 1875022 98
3.09285671858206e+005 1.70938796730935e+006 1.78997064924224e-001 3.00241096224860e-001 6.03399660176397e-001 1.91442010283707e+004 2.05108167941317e-005 1878785 99
3.09282496801033e+005 1.70936366623802e+006 1.78997757048160e-001 4.91195410016175e-001 1.47367195944090e+000 1.92216932190015e+004 2.06881212398696e-005 1886134 100
3.09286849299922e+005 1.70934455203604e+006 6.10417781827013e+000 7.29728080080569e-001 -1.56504240134892e+000 1.92496252468585e+004 2.07626921042010e-005 1898247 101
3.09289460269221e+005 1.70935897268772e+006 6.10417781729973e+000 9.98290963469344e-001 -1.52611648380993e+000 1.98530396232844e+004 2.08000800284314e-005 1964375 102
3.09289466430303e+005 1.70936908443032e+006 6.10417885021961e+000 9.52543717764824e-001 -1.53052680944243e+000 1.99996318716432e+004 2.08415402528254e-005 1990211 103
3.09287626056452e+005 1.70938145659332e+006 1.78998839201053e-001 3.95458845789972e-001 1.36494784493545e+000 2.13834135057372e+004 2.11224978699747e-005 2119187 104
3.09287507004791e+005 1.70934823005450e+006 6.10417782268385e+000 7.86736655781732e-001 -1.55334545075838e+000 2.15622424108050e+004 2.11856866418798e-005 2186666 105
3.09292941608634e+005 1.70938628874121e+006 6.10417864500902e+000 9.51231421857356e-001 -1.53071856273080e+000 2.15635957482379e+004 2.12272731255265e-005 2192807 106
3.09279604641352e+005 1.70935331559709e+006 1.78997179601514e-001 3.81694998016297e-001 1.34088280724509e+000 2.15737495931026e+004 2.15293889242203e-005 2198861 107
3.09279692207653e+005 1.70935486723207e+006 1.78997070172401e-001 2.97280800805689e-001 1.03321465605640e+000 2.15884035828075e+004 2.19912711394495e-005 2200292 108
3.09286455020034e+005 1.70938299279932e+006 1.78998018403188e-001 6.87551499984741e-001 1.56580941450240e+000 2.17247059697894e+004 2.20762779613205e-005 2221520 109
3.09287144082133e+005 1.70938494439653e+006 1.78998208706270e-001 2.89803765984069e-001 7.10302118442335e-001 2.17330941739435e+004 2.24471219998920e-005 2231862 110
3.09281926748000e+005 1.70936148837314e+006 1.78997657348115e-001 2.99203466902676e-001 1.04893842570269e+000 2.22410653130674e+004 2.29067118078810e-005 2248323 111
3.09281301959342e+005 1.70936114163288e+006 1.78997338963194e-001 2.97555467390973e-001 1.03551569551683e+000 2.23556386915928e+004 2.33682876501858e-005 2275448 112
3.09279551387580e+005 1.70935355495539e+006 1.78997124901995e-001 6.79677724539933e-001 1.56370012833033e+000 2.27969326383167e+004 2.34554749200877e-005 2320019 113
3.09293047600587e+005 1.70939240652228e+006 6.10417921200375e+000 7.93359172338023e-001 -1.55229080767235e+000 2.28004382190835e+004 2.35175079027699e-005 2329118 114
3.09289552050037e+005 1.70936452394737e+006 6.10417833429049e+000 9.01089510788293e-001 -1.53627940809351e+000 2.28238938900556e+004 2.35643657653753e-005 2363575 115
3.09279016650933e+005 1.70935147071698e+006 1.78997035610156e-001 4.69527268288217e-001 1.45545539704581e+000 2.28241466968186e+004 2.37597914485163e-005 2365474 116
3.09289803193092e+005 1.70936561343335e+006 6.10417830369375e+000 7.61619922482986e-001 -1.55823515961180e+000 2.35684453805787e+004 2.38276605626629e-005 2401401 117
3.09287017370827e+005 1.70938276312181e+006 1.78998360493779e-001 2.92245246742149e-001 9.82687664571062e-001 2.37355497060113e+004 2.42921813555027e-005 2423561 118
3.09278995970167e+005 1.70935139599955e+006 1.78997031553148e-001 3.07321390423292e-001 1.10387574282052e+000 2.42362477485579e+004 2.47385132506523e-005 2500178 119
3.09288917216534e+005 1.70938805422213e+006 1.78998894383015e-001 6.61366618854335e-001 1.55813928296762e+000 2.42438230988434e+004 2.48310944729456e-005 2512598 120
3.09294700306727e+005 1.70938818659529e+006 6.10417784329657e+000 9.64537491988891e-001 -1.52937628971221e+000 2.43165868213846e+004 2.48714270522226e-005 2528112 121
3.09279915470328e+005 1.70935622647319e+006 1.78997057330682e-001 5.60380870998260e-001 1.42520631580554e-001 2.47019707021089e+004 2.48903624281102e-005 2553744 122
3.09280919187304e+005 1.70935955005514e+006 1.78997285260864e-001 5.04867702261421e-001 1.48393076036866e+000 2.47347527531324e+004 2.50574327936377e-005 2577793 123
3.09278017486996e+005 1.70934609230382e+006 1.78997020865625e-001 2.86141544846950e-001 8.56418124179815e-001 2.47418347541502e+004 2.54992957351879e-005 2585452 124
3.09286162488521e+005 1.70938730461288e+006 1.78997410767937e-001 5.51683095797601e-001 1.47122710501419e-001 2.47822994859890e+004 2.55195224460753e-005 2600549 125
3.09292129840999e+005 1.70937723909058e+006 6.10417817730416e+000 9.65147862178411e-001 -1.52928041306803e+000 2.48184062772510e+004 2.55597987715279e-005 2612943 126
3.09286264450298e+005 1.70938998051401e+006 1.78997194267270e-001 6.51112399670400e-001 1.55487947706534e+000 2.48981915909393e+004 2.56556135618249e-005 2621772 127
3.09288343507901e+005 1.70935510292075e+006 6.10417805327435e+000 9.27976317636647e-001 -1.53311547883541e+000 2.50050762967213e+004 2.56995314189215e-005 2625612 128
3.09281912270176e+005 1.70936164854947e+006 1.78997632729822e-001 3.78398998992889e-001 1.33455494872890e+000 2.58847403038634e+004 2.60070046577218e-005 2724082 129
3.09290827942832e+005 1.70937860134830e+006 6.10417905440542e+000 9.34751426740318e-001 -1.53244434232612e+000 2.63800416457257e+004 2.60502241558036e-005 2748891 130
3.09281423161990e+005 1.70936357822716e+006 1.78997157885998e-001 6.24835963011567e-001 1.54586707251198e+000 2.69760069355232e+004 2.61551084575558e-005 2778840 131
3.09282955854377e+005 1.70936787557138e+006 1.78997585658238e-001 5.36240730002747e-001 1.50435248558000e+000 2.69811414666429e+004 2.63016564169073e-005 2782622 132
3.09286738674174e+005 1.70938860491567e+006 1.78997603883715e-001 5.31723990600299e-001 1.50157206289865e+000 2.69849265709137e+004 2.64509288222455e-005 2785148 133
3.09286371728622e+005 1.70938088338085e+006 1.78998187421641e-001 5.43931394390698e-001 1.50876281121250e+000 2.69849629498022e+004 2.65929972140088e-005 2786467 134
3.09293617398286e+005 1.70939122646541e+006 6.10417876828870e+000 7.61558885464034e-001 -1.55833103625599e+000 2.77469797125131e+004 2.66608783771572e-005 2830236 135
3.09288768911602e+005 1.70939235585975e+006 1.78998369488915e-001 4.68733787041841e-001 1.45459250724815e+000 2.86397111965552e+004 2.68570129214849e-005 2866673 136
3.09283750647250e+005 1.70937747530269e+006 1.78997051977854e-001 3.74034852137822e-001 3.34369796594134e-001 2.89718473745488e+004 2.69634831585850e-005 2944598 137
3.09289131195054e+005 1.70939332292084e+006 1.78998475591303e-001 4.36567278054140e-001 2.38589029053621e-001 2.89773293244492e+004 2.70180514518311e-005 2947785 138
3.09288777281259e+005 1.70939328383062e+006 1.78998279120275e-001 3.08114871669668e-001 1.10828606845302e+000 2.91369368756931e+004 2.74628408795540e-005 2964760 139
3.09284415561886e+005 1.70937666536679e+006 1.78997511640461e-001 3.01980651264992e-001 5.90743943144017e-001 2.91375457114283e+004 2.77521855515596e-005 2968169 140
3.09291799343568e+005 1.70939365946865e+006 1.78999952492360e-001 4.41267128513443e-001 1.42688415707877e+000 2.91421311249010e+004 2.79753753510326e-005 2977168 141
3.09283686786403e+005 1.70937153189575e+006 1.78997624958636e-001 6.25690481276894e-001 1.54615470244453e+000 2.91991249855954e+004 2.80799455228353e-005 3001339 142
3.09281565195681e+005 1.70936510122104e+006 1.78997082247114e-001 3.20078127384259e-001 1.16801721778008e+000 2.92068940709396e+004 2.85004238552630e-005 3012758 143
3.09286836257961e+005 1.70934447977483e+006 6.10417781825149e+000 7.52891628772851e-001 -1.55996093920713e+000 2.92218437896582e+004 2.85700374033035e-005 3019442 144
3.09286798600719e+005 1.70938723926451e+006 1.78997777798143e-001 4.83535264137700e-001 1.46743997756890e+000 2.97072438823273e+004 2.87534651090033e-005 3041012 145
3.09283796171214e+005 1.70936912475700e+006 1.78997933636722e-001 6.18488113040559e-001 1.54347015640736e+000 2.97117245750054e+004 2.88607255406637e-005 3047447 146
3.09283846230306e+005 1.70937283152512e+006 1.78997582075259e-001 3.13180944242683e-001 1.13570678868984e+000 2.98718609983655e+004 2.92955439810627e-005 3053905 147
3.09281873576577e+005 1.70936486451062e+006 1.78997281196255e-001 3.36375011444441e-001 4.31013453932310e-001 3.02960925186510e+004 2.94667339813009e-005 3109037 148
3.09284543196022e+005 1.70937624789121e+006 1.78997626728828e-001 5.26688436536760e-001 1.49850401028474e+000 3.03399776470580e+004 2.96191310208518e-005 3125507 149
3.09290124788271e+005 1.70937707049185e+006 6.10417929581233e+000 8.37275307473983e-001 -1.54500418271432e+000 3.03629699620288e+004 2.96742214304178e-005 3130328 150
3.09283787922524e+005 1.70936900992515e+006 1.78997940733614e-001 3.42509231849116e-001 1.24836184560686e+000 3.06885352161186e+004 3.00477069839135e-005 3166948 151
3.09287143168058e+005 1.70934659549955e+006 6.10417786125061e+000 8.59584337900937e-001 -1.54164850016785e+000 3.07299953544784e+004 3.00996959875834e-005 3190745 152
3.09284333999182e+005 1.70937092033519e+006 1.78998054263373e-001 5.09262367625965e-001 1.48699881298257e+000 3.08024369395464e+004 3.02636539856876e-005 3205757 153
3.09287601144811e+005 1.70938299075503e+006 1.78998667848728e-001 6.34876552629170e-001 1.54941450834681e+000 3.11779700097309e+004 3.03649319533060e-005 3242848 154
3.09286600910043e+005 1.70938813172037e+006 1.78997574344535e-001 2.86477248451186e-001 7.86619927213355e-001 3.12788623472774e+004 3.07779293873471e-005 3267588 155
3.09285091131005e+005 1.70937807192959e+006 1.78997750163606e-001 6.64998321481979e-001 1.55928980269784e+000 3.13692051120754e+004 3.08694031904215e-005 3306446 156
3.09286569680709e+005 1.70937900708617e+006 1.78998491861044e-001 2.87362285225990e-001 9.02534790032655e-001 3.16539643397234e+004 3.13241813038917e-005 3320528 157
3.09278867710830e+005 1.70935076386783e+006 1.78997023687385e-001 5.74877162999359e-001 1.35329883266701e-001 3.17569749259512e+004 3.13411845892138e-005 3336521 158
3.09281694700286e+005 1.70936004545372e+006 1.78997673790312e-001 3.69457075716422e-001 1.31633838633381e+000 3.25075366807499e+004 3.16637928518466e-005 3432272 159
3.09289196698301e+005 1.70936435672312e+006 6.10417851844591e+000 9.11496322519608e-001 -1.53503301171911e+000 3.25797439791950e+004 3.17094797922580e-005 3444555 160
3.09284568345854e+005 1.70938094691316e+006 1.78997159360947e-001 4.48194830164495e-001 1.43445841196936e+000 3.25800280315089e+004 3.19253808324628e-005 3446187 161
3.09283079101203e+005 1.70936919135005e+006 1.78997520615171e-001 6.56575212866603e-001 1.55670113330485e+000 3.29186495886933e+004 3.20194531164695e-005 3522315 162
3.09282348335225e+005 1.70936808137454e+006 1.78997220425243e-001 2.89223914304025e-001 7.19506276284066e-001 3.32776570819214e+004 3.23959052005649e-005 3556831 163
3.09291019949696e+005 1.70938968260590e+006 1.78999918598815e-001 4.71968749046297e-001 2.02635287484359e-001 3.37459630781268e+004 3.24350487730159e-005 3589359 164
3.09285904775922e+005 1.70938073522129e+006 1.78997938095638e-001 5.51011688589129e-001 1.51269375362407e+000 3.38491272955940e+004 3.25731645931932e-005 3643443 165
3.09286201298916e+005 1.70937931369046e+006 1.78998251761546e-001 6.94936979277932e-001 1.56782282403027e+000 3.38639389926323e+004 3.26561972330711e-005 3658312 166
3.09289857974267e+005 1.70939203891660e+006 1.78999018882269e-001 3.45591601306192e-001 1.25727837351604e+000 3.38656942835256e+004 3.30234697425082e-005 3659418 167
3.09282941693661e+005 1.70936921493689e+006 1.78997440360894e-001 4.83809930722984e-001 1.46772760750145e+000 3.40817837444358e+004 3.32066738877295e-005 3701251 168
3.09289154339952e+005 1.70935769420114e+006 6.10417785955913e+000 8.38129825739311e-001 -1.54481242942595e+000 3.46501680209762e+004 3.32616405311855e-005 3723022 169
3.09283850131175e+005 1.70936968149475e+006 1.78997907141339e-001 6.73238319040498e-001 1.56178259544664e+000 3.46822411280244e+004 3.33506716092630e-005 3728201 170
3.09284266869242e+005 1.70936960103036e+006 1.78998151456511e-001 6.17236854152043e-001 1.54299077318644e+000 3.50847977926592e+004 3.34584095617208e-005 3744716 171
3.09279714419181e+005 1.70935305066737e+006 1.78997268941260e-001 6.43787957396161e-001 1.55257843760491e+000 3.53007069106340e+004 3.35566350857199e-005 3800367 172
3.09282691712048e+005 1.70937030644970e+006 1.78997186882317e-001 6.03686635944701e-001 1.53762168111209e+000 3.54478851892357e+004 3.36697464476814e-005 3820538 173
3.09291297697316e+005 1.70938566381310e+006 6.10417951216830e+000 8.02514725180822e-001 -1.55066090472121e+000 3.57408003796420e+004 3.37302312168459e-005 3827309 174
3.09281499256816e+005 1.70936487153950e+006 1.78997068435624e-001 3.14035462508011e-001 1.14002123767815e+000 3.57458928774248e+004 3.41633136320305e-005 3831542 175
3.09295330751118e+005 1.70939173737701e+006 1.79002149888994e-001 6.38386181218909e-001 1.09539065981017e-001 3.61200101285067e+004 3.41742543853757e-005 3861676 176
3.09278937569135e+005 1.70935119036871e+006 1.78997019546467e-001 5.93066194647053e-001 1.53321135547960e+000 3.61268413298484e+004 3.42918515635160e-005 3862977 177
3.09283391468811e+005 1.70936782350216e+006 1.78997837756205e-001 2.86355174413282e-001 7.91893142643513e-001 3.61338246982383e+004 3.47074052229145e-005 3871303 178
3.09278078755724e+005 1.70934626120921e+006 1.78997038260964e-001 5.89953306680502e-001 1.53186908246101e+000 3.64691889050246e+004 3.48263657156097e-005 3895965 179
3.09294274087653e+005 1.70939298379520e+006 1.79001423582986e-001 3.90972624897000e-001 1.35737359004486e+000 3.68662170289921e+004 3.51140007715538e-005 3973147 180
3.09286365933803e+005 1.70937999649606e+006 1.78998275038410e-001 3.73668630024110e-001 1.32506316095462e+000 3.68748294006560e+004 3.54293658257002e-005 3977115 181
3.09291907127559e+005 1.70939358722314e+006 1.79000020952125e-001 2.96182134464553e-001 1.02324348506119e+000 3.72689976732735e+004 3.58922346157679e-005 3999595 182
3.09285246874416e+005 1.70938389129555e+006 1.78997241945786e-001 3.29844050416578e-001 1.20665550538652e+000 3.75555813357802e+004 3.62919938210800e-005 4010090 183
3.09280130951916e+005 1.70935749410763e+006 1.78997049470319e-001 4.65895565660573e-001 1.45209971449934e+000 3.76795045196870e+004 3.64907081807789e-005 4055605 184
3.09285813213876e+005 1.70938779299338e+006 1.78997162862580e-001 5.45670949430830e-001 1.50972157765435e+000 3.80221447037606e+004 3.66317904286758e-005 4068944 185
3.09282224645424e+005 1.70936596822002e+006 1.78997366942770e-001 4.35956907864620e-001 1.42093980513932e+000 3.81216017718683e+004 3.68608033686826e-005 4079489 186
3.09281474136484e+005 1.70936420477502e+006 1.78997122544541e-001 4.69191564683981e-001 2.05128080233161e-001 3.81343046043227e+004 3.69009394920866e-005 4082801 187
3.09288670545674e+005 1.70936131494477e+006 6.10417850472543e+000 9.08169804986725e-001 -1.53541651829585e+000 3.81407956593127e+004 3.69469960311477e-005 4086269 188
3.09289559277184e+005 1.70938772297905e+006 1.78999292034811e-001 6.05243079927976e-001 1.53819694097720e+000 3.81408355199076e+004 3.70594705787792e-005 4087626 189
3.09283435861569e+005 1.70937541511679e+006 1.78997084816427e-001 3.14767906735435e-001 1.14356867351299e+000 3.81847692278729e+004 3.74910387434387e-005 4107459 190
3.09279601389944e+005 1.70935372366398e+006 1.78997135935340e-001 3.04788354136784e-001 1.08834372646260e+000 3.82840747719192e+004 3.79419584611804e-005 4136873 191
3.09278191447032e+005 1.70934697845879e+006 1.78997028583773e-001 4.45661793877987e-001 1.43186974257637e+000 3.83140524440355e+004 3.81604900296913e-005 4147632 192
3.09279243783229e+005 1.70935264878544e+006 1.78997043529548e-001 6.69484542374950e-001 1.56072795236061e+000 3.83791738614500e+004 3.82506221239872e-005 4177975 193
3.09287949519617e+005 1.70935318007203e+006 6.10417807937207e+000 8.26258125553148e-001 -1.54663408566546e+000 3.86510104983445e+004 3.83073438284853e-005 4205305 194
3.09290229156248e+005 1.70937308535302e+006 6.10417882823635e+000 7.95159764397107e-001 -1.55190730109561e+000 3.87919810798592e+004 3.83690677543205e-005 4254815 195
3.09290193494271e+005 1.70937530230364e+006 6.10417907566334e+000 7.89849543748283e-001 -1.55286606753746e+000 3.88343761539132e+004 3.84317094148432e-005 4288085 196
3.09278215965683e+005 1.70934704544447e+006 1.78997035607313e-001 3.76079592272713e-001 1.33004874645222e+000 3.88716134535296e+004 3.87430286777316e-005 4304371 197
3.09285015280649e+005 1.70937323591744e+006 1.78998202854287e-001 3.11655018768883e-001 1.12784490386670e+000 3.91938663349175e+004 3.91809249584403e-005 4312442 198
3.09288535864029e+005 1.70938733877474e+006 1.78998751690120e-001 4.42976165044099e-001 1.42880168996246e+000 3.92029991037077e+004 3.94022858453300e-005 4315313 199
3.09283279693949e+005 1.70936822544987e+006 1.78997733242484e-001 5.39841914120914e-001 1.50646177175207e+000 3.94713030230896e+004 3.95467116492873e-005 4334278 200
3.09290666596286e+005 1.70937175586778e+006 6.10417844417637e+000 7.75872066408277e-001 -1.55545473693045e+000 3.95328564006859e+004 3.96118656859428e-005 4344380 201
3.09281595695327e+005 1.70936319257593e+006 1.78997295147382e-001 2.86141544846950e-001 8.04452983031709e-001 3.96518931752617e+004 4.00332296202878e-005 4376787 202
3.09286961963130e+005 1.70934526467002e+006 6.10417782749230e+000 8.90530106509598e-001 -1.53752580446791e+000 3.97224326382904e+004 4.00813205695572e-005 4401331 203
3.09290703786266e+005 1.70938263210541e+006 6.10417953786448e+000 8.34253975035859e-001 -1.54548356593524e+000 4.01649213647706e+004 4.01368515471888e-005 4441452 204
3.09288646688803e+005 1.70936257212938e+006 6.10417864709558e+000 7.67326883754997e-001 -1.55708463988159e+000 4.05014275487015e+004 4.02036141032951e-005 4460924 205
3.09278603303705e+005 1.70934877178037e+006 1.78997078084868e-001 3.37260048219245e-001 1.23215869273965e+000 4.11025040263826e+004 4.05878654968232e-005 4518088 206
3.09290626007544e+005 1.70936557396888e+006 6.10417783355163e+000 8.02697836237678e-001 -1.55056502807703e+000 4.11189072428794e+004 4.06483197980743e-005 4528618 207
3.09294320458377e+005 1.70939128866738e+006 6.10417837640965e+000 7.22983489486373e-001 -1.56676818094424e+000 4.11241658020820e+004 4.07244303262831e-005 4534721 208
3.09289054783193e+005 1.70935802336729e+006 6.10417794969330e+000 9.75310525833918e-001 -1.52822576998199e+000 4.11342164969454e+004 4.07637873859477e-005 4544534 209
3.09284404717379e+005 1.70936976480793e+006 1.78998212756714e-001 6.15741447187719e-001 1.54241551332133e+000 4.16079819932688e+004 4.08721000683650e-005 4569089 210
3.09288707733053e+005 1.70938544673634e+006 1.78999042967516e-001 4.96780297250282e-001 1.47789053178503e+000 4.16443587031908e+004 4.10451183879878e-005 4575999 211
3.09278051739662e+005 1.70934617260968e+006 1.78997032037997e-001 5.28061769463179e-001 1.49946277672658e+000 4.17747701889933e+004 4.11966552916550e-005 4614763 212
3.09285409556608e+005 1.70937573182017e+006 1.78998170384793e-001 2.86141544846950e-001 8.55267604449599e-001 4.18558067550265e+004 4.16380770957574e-005 4627229 213
3.09288304379095e+005 1.70938682408463e+006 1.78998673315026e-001 6.10248115482040e-001 1.54021035050508e+000 4.18562855602522e+004 4.17485392065684e-005 4628842 214
3.09281450681836e+005 1.70936461160760e+006 1.78997067560672e-001 5.27237769707327e-001 1.49888751686148e+000 4.31071458750091e+004 4.19005913520469e-005 4669832 215
3.09284216617235e+005 1.70937934973174e+006 1.78997123818361e-001 2.87179174169134e-001 7.62554889522996e-001 4.31130820842049e+004 4.23013919515964e-005 4681047 216
3.09288627976180e+005 1.70935651088443e+006 6.10417803644267e+000 8.61873226111637e-001 -1.54136087023530e+000 4.31143199327469e+004 4.23530772542428e-005 4683748 217
3.09284347865568e+005 1.70938005163298e+006 1.78997126226278e-001 3.02407910397656e-001 5.87771767174291e-001 4.34431629168071e+004 4.26402436887339e-005 4701026 218
3.09280222089093e+005 1.70935622642508e+006 1.78997231026254e-001 4.12274544511246e-001 1.39064278557695e+000 4.34740078395232e+004 4.28978961619836e-005 4709423 219
3.09287318939378e+005 1.70939181083083e+006 1.78997604000257e-001 4.68520157475509e-001 1.45440075395978e+000 4.34860097231419e+004 4.30942231097694e-005 4721679 220
3.09294552150771e+005 1.70939222090637e+006 1.79001659285530e-001 3.18674275948363e-001 1.16168935926389e+000 4.35943062387380e+004 4.35176341643968e-005 4748520 221
3.09279307876571e+005 1.70935217242951e+006 1.78997128660212e-001 4.06567583239235e-001 1.38239739417707e+000 4.45559286656599e+004 4.37829023450731e-005 4827510 222
3.09284308498206e+005 1.70937082694770e+006 1.78998049389529e-001 5.14999847407453e-001 1.49092975539415e+000 4.45572598265387e+004 4.39429202161815e-005 4828847 223
3.09291595341527e+005 1.70937523558094e+006 6.10417827472883e+000 8.39777825251015e-001 -1.54462067613758e+000 4.45984156679888e+004 4.39976495560644e-005 4837697 224
3.09287115314924e+005 1.70934614922265e+006 6.10417783128662e+000 8.98251289407025e-001 -1.53656703802606e+000 4.49255125999073e+004 4.40448342298673e-005 4846395 225
3.09278689809825e+005 1.70934911993328e+006 1.78997091404677e-001 3.42417676320688e-001 1.24817009231849e+000 4.49301868347894e+004 4.44185155682499e-005 4853439 226
3.09293951668609e+005 1.70938407490863e+006 6.10417784594440e+000 8.71639149143956e-001 -1.54011447386090e+000 4.53631977703012e+004 4.44689335484513e-005 4913382 227
3.09281470667439e+005 1.70936062728658e+006 1.78997487248343e-001 3.36771752067629e-001 1.23052878978851e+000 4.57362146664620e+004 4.48541899135135e-005 4924974 228
3.09291050334864e+005 1.70937824531467e+006 6.10417889193712e+000 9.72014526810511e-001 -1.52860927655873e+000 4.57439540358054e+004 4.48938418179128e-005 4938377 229
3.09290321004835e+005 1.70936960871948e+006 6.10417841986949e+000 8.32117679372539e-001 -1.54577119586779e+000 4.60945539520215e+004 4.49496873254095e-005 5010170 230
3.09289187721388e+005 1.70939229991918e+006 1.78998612460866e-001 6.56819360942411e-001 1.55670113330485e+000 4.61582709687905e+004 4.50436826972823e-005 5048123 231
3.09284408995611e+005 1.70937038731446e+006 1.78998151377372e-001 3.75835444196905e-001 1.32947348658711e+000 4.69090891113875e+004 4.53554029734100e-005 5096821 232
3.09289555779248e+005 1.70939137562281e+006 1.78998915683882e-001 5.82598345896786e-001 1.52841752327036e+000 4.69552643526470e+004 4.54776753195140e-005 5129635 233
3.09286171615325e+005 1.70938714108307e+006 1.78997432698404e-001 3.02346873378704e-001 1.07194882030702e+000 4.69887130181540e+004 4.59326420931877e-005 5155687 234
3.09291223048766e+005 1.70937746126748e+006 6.10417871374049e+000 7.87255470442824e-001 -1.55334545075838e+000 4.70080035314281e+004 4.59957392878849e-005 5181279 235
3.09288460931907e+005 1.70939276594210e+006 1.78998153000921e-001 3.06253242591632e-001 1.09726025437178e+000 4.70083152424718e+004 4.64439933928615e-005 5182652 236
3.09281707671456e+005 1.70936172721118e+006 1.78997508768646e-001 3.15012054811243e-001 1.14481506988739e+000 4.70800418080793e+004 4.68750701744098e-005 5217625 237
3.09288566713046e+005 1.70939147220106e+006 1.78998345519855e-001 4.49049348429823e-001 1.43532130176702e+000 4.72721994878733e+004 4.70900937503738e-005 5218951 238
3.09278751004335e+005 1.70934957142694e+006 1.78997079794318e-001 4.21582689901425e-001 1.40329850260933e+000 4.73396957491556e+004 4.73359423386552e-005 5249327 239
3.09290285389196e+005 1.70937255801016e+006 6.10417874233241e+000 8.91994994964446e-001 -1.53742992782373e+000 4.81028668071641e+004 4.73838595546436e-005 5285038 240
3.09291436720152e+005 1.70937357550139e+006 6.10417819443209e+000 9.37253944517350e-001 -1.53215671239357e+000 4.83683046793764e+004 4.74268251070169e-005 5289939 241
3.09290198530239e+005 1.70939254989858e+006 1.78999159421291e-001 6.16687520981475e-001 1.54270314325388e+000 4.85394117163853e+004 4.75347734401819e-005 5333132 242
3.09281703873204e+005 1.70936392866774e+006 1.78997280982261e-001 3.45316934720908e-001 1.25660723700674e+000 4.85449461527075e+004 4.79026088051853e-005 5337797 243
3.09280759307701e+005 1.70935844089086e+006 1.78997308376081e-001 5.27512436292611e-001 1.49907927014985e+000 4.87738385945975e+004 4.80544889240907e-005 5340197 244
3.09290342117286e+005 1.70939450215062e+006 1.78999040666155e-001 4.97329630420850e-001 1.47827403836177e+000 4.91263741773042e+004 4.82270932349070e-005 5363483 245
3.09291140400199e+005 1.70938829873426e+006 6.10417987133330e+000 8.61232337412641e-001 -1.54155262352367e+000 4.97430028483358e+004 4.82788634825859e-005 5376674 246
3.09289734146623e+005 1.70937249632221e+006 6.10417904826923e+000 7.63634144108402e-001 -1.55785165303507e+000 5.02415319610981e+004 4.83463390526441e-005 5404776 247
3.09278471617976e+005 1.70934841831166e+006 1.78997039716835e-001 3.94512771996216e-001 1.36350969527268e+000 5.02679769580295e+004 4.86286959654671e-005 5415148 248
3.09287368309281e+005 1.70938313873945e+006 1.78998520788944e-001 4.53566087832270e-001 1.44001925733207e+000 5.02751274341097e+004 4.88391692612444e-005 5422895 249
3.09287664350190e+005 1.70939338606402e+006 1.78997638212864e-001 5.26779992065188e-001 1.49850401028474e+000 5.02896977749808e+004 4.89915080355978e-005 5431192 250
3.09286068385510e+005 1.70938859799919e+006 1.78997224900729e-001 2.89101840266121e-001 7.21711439100314e-001 5.03270860007227e+004 4.93692573147807e-005 5435862 251
3.09291705814414e+005 1.70937793719503e+006 6.10417848905165e+000 8.43684194463942e-001 -1.54404541627247e+000 5.08891028469838e+004 4.94234298890981e-005 5474941 252
3.09284765185737e+005 1.70937251399196e+006 1.78998135176678e-001 6.59352397228919e-001 1.55756402310251e+000 5.09737786189014e+004 4.95166337655049e-005 5495139 253
3.09293161729505e+005 1.70938599521532e+006 6.10417849023460e+000 8.81832331308939e-001 -1.53877220084231e+000 5.15959985116675e+004 4.95657764326373e-005 5532716 254
3.09282893970567e+005 1.70937175959156e+006 1.78997152518338e-001 3.81481368449965e-001 3.19796546678060e-001 5.20402217556400e+004 4.96634405875590e-005 5554561 255
3.09292418736511e+005 1.70937626092005e+006 6.10417791339781e+000 7.37388225959044e-001 -1.56341249839778e+000 5.20480107658443e+004 4.97363170390620e-005 5560075 256
3.09285432159116e+005 1.70937480743212e+006 1.78998277931727e-001 3.40617084261605e-001 1.24260924695578e+000 5.20481462060513e+004 5.01136493689354e-005 5562039 257
3.09288473441352e+005 1.70939210327687e+006 1.78998228004940e-001 4.62660603656117e-001 1.44893578524125e+000 5.30791530912824e+004 5.03153561518416e-005 5635863 258
3.09279232568702e+005 1.70935271976104e+006 1.78997029902271e-001 7.31803338724937e-001 8.32688654744102e-002 5.31294288085377e+004 5.03215198831324e-005 5642978 259
3.09289144856732e+005 1.70936593863828e+006 6.10417870995158e+000 9.50590533158360e-001 -1.53071856273080e+000 5.32084115419252e+004 5.03631680745222e-005 5653019 260
3.09292633689615e+005 1.70938931352842e+006 6.10417912945514e+000 9.33317056794946e-001 -1.53263609561449e+000 5.32390852648737e+004 5.04065341539545e-005 5666944 261
3.09290933626006e+005 1.70936863641986e+006 6.10417797318427e+000 8.69136631366924e-001 -1.54040210379345e+000 5.33695905409863e+004 5.04572725041069e-005 5695835 262
3.09288436017830e+005 1.70935343510958e+006 6.10417782992542e+000 9.48362681966613e-001 -1.53091031601917e+000 5.37899383020069e+004 5.04991365638063e-005 5710340 263
3.09287073634183e+005 1.70934603524701e+006 6.10417784321548e+000 8.50825525681326e-001 -1.54289489654225e+000 5.40933658173389e+004 5.05523121764317e-005 5765808 264
3.09281621187789e+005 1.70936105178336e+006 1.78997529005316e-001 6.78090762047182e-001 1.56322074510941e+000 5.44109230090989e+004 5.06399486737453e-005 5780336 265
3.09289868361716e+005 1.70937239671666e+006 6.10417896203204e+000 7.57957701345866e-001 -1.55900217276528e+000 5.44442965388151e+004 5.07085419511525e-005 5805273 266
3.09285193882894e+005 1.70937414264845e+006 1.78998211092441e-001 5.40208136234626e-001 1.50665352504044e+000 5.44522514577150e+004 5.08527542189736e-005 5810323 267
3.09282233406979e+005 1.70936646548530e+006 1.78997320939608e-001 4.66963713492233e-001 1.45305848094119e+000 5.47840549692435e+004 5.10504924664524e-005 5819294 268
3.09285209499253e+005 1.70937341048490e+006 1.78998294980365e-001 3.79314554277169e-001 1.33628072832423e+000 5.48141998711064e+004 5.13564619462845e-005 5827270 269
3.09290457491205e+005 1.70936846959220e+006 6.10417822579933e+000 9.57213049714652e-001 -1.53004742622150e+000 5.48151504165618e+004 5.13974777365743e-005 5828957 270
3.09289171929336e+005 1.70939066963802e+006 1.78998770606752e-001 5.59007538071841e-001 1.51691232596820e+000 5.48160923777914e+004 5.15313162314124e-005 5836640 271
3.09290116384284e+005 1.70937745088894e+006 6.10417933956144e+000 8.87569811090426e-001 -1.53800518768883e+000 5.57664349140113e+004 5.15797615274811e-005 5857115 272
3.09283657955364e+005 1.70936938996643e+006 1.78997828159880e-001 6.62404248176519e-001 1.55852278954436e+000 5.58082252692785e+004 5.16720244363160e-005 5860306 273
3.09294030730509e+005 1.70938680901449e+006 6.10417808139005e+000 8.63277077547533e-001 -1.54126499359111e+000 5.59933573076888e+004 5.17235248636177e-005 5884726 274
3.09292901945805e+005 1.70938032445264e+006 6.10417805616961e+000 7.42667928098392e-001 -1.56226197866756e+000 5.63764188856959e+004 5.17952657280884e-005 5888827 275
3.09286395183227e+005 1.70938269886256e+006 1.78998014634239e-001 4.63637195959349e-001 1.44989455168310e+000 5.65087954922064e+004 5.19960624613261e-005 5902000 276
3.09286500976602e+005 1.70938452062818e+006 1.78997887844883e-001 3.61674855800043e-001 3.61311133610034e-001 5.69977847726267e+004 5.21195494111038e-005 5937693 277
3.09280216899280e+005 1.70935483420670e+006 1.78997370780124e-001 4.50025940733055e-001 1.43647182149724e+000 5.87231882206927e+004 5.23335811822428e-005 6041706 278
3.09278949361306e+005 1.70935025125406e+006 1.78997122479992e-001 3.42387157811212e-001 1.24807421567431e+000 5.92884292434956e+004 5.27073238205523e-005 6128139 279
3.09292153976391e+005 1.70938026159614e+006 6.10417847342347e+000 9.33927426984466e-001 -1.53254021897031e+000 5.92902507405405e+004 5.27506274133448e-005 6132731 280
3.09280453666280e+005 1.70935581233268e+006 1.78997404649920e-001 6.02404858546709e-001 1.53714229789117e+000 5.92936854947855e+004 5.28642671146315e-005 6137253 281
3.09281975163338e+005 1.70936418523085e+006 1.78997408363540e-001 2.89895321512497e-001 7.08768092135380e-001 5.94261646361123e+004 5.32341921076154e-005 6169719 282
3.09281046482659e+005 1.70935789488722e+006 1.78997527014104e-001 4.19782097842341e-001 1.40090158650471e+000 5.95510674285193e+004 5.34822653434971e-005 6252578 283
3.09287271276639e+005 1.70934739678564e+006 6.10417787080994e+000 8.37275307473983e-001 -1.54490830607013e+000 5.96546262632539e+004 5.35373556165486e-005 6267945 284
3.09283708603595e+005 1.70937540116933e+006 1.78997240744654e-001 5.05478072450941e-001 1.48431426694540e+000 5.96563218668085e+004 5.37039880299172e-005 6273441 285
3.09283365071026e+005 1.70937460046525e+006 1.78997128211768e-001 3.07504501480148e-001 5.55365461439863e-001 5.96568919979557e+004 5.39671827788921e-005 6275273 286
3.09289558065929e+005 1.70936947803111e+006 6.10417883865330e+000 7.59788811914426e-001 -1.55861866618854e+000 5.96826152689912e+004 5.40354125830275e-005 6326388 287
3.09285725279722e+005 1.70937903669277e+006 1.78998010504467e-001 2.98318430127873e-001 1.04174767738884e+000 5.98612983935438e+004 5.44960826779465e-005 6337707 288
3.09288604535499e+005 1.70935569512299e+006 6.10417796610855e+000 7.84264656514176e-001 -1.55382483397931e+000 6.07176662487924e+004 5.45597109794341e-005 6410964 289
3.09281912833589e+005 1.70936491584495e+006 1.78997298172680e-001 2.86477248451186e-001 8.74059426709799e-001 6.09404393530221e+004 5.50071088668653e-005 6454233 290
3.09292252554034e+005 1.70938652256858e+006 6.10417905929694e+000 9.34110538041322e-001 -1.53254021897031e+000 6.09427713694381e+004 5.50503937867554e-005 6456161 291
3.09282964805086e+005 1.70936655362623e+006 1.78997726219032e-001 3.45622119815668e-001 1.25747012680441e+000 6.10192383734533e+004 5.54176177750282e-005 6490489 292
3.09281323929335e+005 1.70936022278061e+006 1.78997445584945e-001 4.04919583727531e-001 1.37990460142827e+000 6.10683326397151e+004 5.56851388965580e-005 6502352 293
3.09282777792447e+005 1.70936783014829e+006 1.78997489447574e-001 5.54490798669393e-001 1.51461128650777e+000 6.13082668306263e+004 5.58213703204084e-005 6533821 294
3.09288275571406e+005 1.70938448633479e+006 1.78998896599134e-001 7.00094607379376e-001 1.56916509704886e+000 6.13281761505538e+004 5.59030634070214e-005 6538772 295
3.09280769928956e+005 1.70936046434570e+006 1.78997107001711e-001 4.73311563463240e-001 1.45881107959227e+000 6.15515968656290e+004 5.60951416407723e-005 6557166 296
3.09286060108173e+005 1.70938464320452e+006 1.78997625546764e-001 5.80462050233467e-001 1.52745875682852e+000 6.15575801332529e+004 5.62184011129158e-005 6564511 297
3.09288291071498e+005 1.70935333531229e+006 6.10417790180442e+000 9.81200598162786e-001 -1.52765051011689e+000 6.15731938682519e+004 5.62572393194241e-005 6575515 298
3.09288850449240e+005 1.70938747746529e+006 1.78998915675392e-001 6.28467665639210e-001 1.54711346888638e+000 6.15806156356424e+004 5.63607979802394e-005 6580724 299
3.09294576586088e+005 1.70939227283323e+006 6.10417833219508e+000 7.09982604449599e-001 -1.56993211020234e+000 6.17890575400351e+004 5.64400089945632e-005 6614261 300
