8.70469964652388e+004 1.73492122825920e+006 6.23304858086583e+000 8.53184555172208e-001 -1.56293311517685e+000 2.08628419554040e-002 5.28716301761236e-008 1937 1
8.70459247565877e+004 1.73494848176772e+006 6.23304998320536e+000 9.42319247716177e-001 -1.56015269249550e+000 3.07796091880303e-001 9.53600282683200e-008 22557 2
8.70398948010266e+004 1.73495487563701e+006 5.01263655157752e-002 4.25866821840892e-001 6.89832454908902e-002 3.34430421541635e-001 1.12168469608296e-007 24889 3
8.70415987081495e+004 1.73496185000751e+006 5.01271439852294e-002 4.03195672629231e-001 1.51835047563097e+000 5.50408691323547e-001 3.86830259096672e-007 38846 4
8.70444072279961e+004 1.73496645581617e+006 5.01286258461763e-002 7.04332961554628e-001 1.57012386349071e+000 6.73863445861437e-001 4.67445836229362e-007 47453 5
8.70485873442869e+004 1.73495290768984e+006 6.23304858005374e+000 9.07552766887571e-001 -1.56130321222571e+000 8.63608991500307e-001 5.13598096771292e-007 63370 6
8.70474906613041e+004 1.73493577333566e+006 6.23304871631128e+000 9.43869152018851e-001 -1.55996093920713e+000 9.58885774934380e-001 5.55933066752941e-007 69352 7
8.70469348134454e+004 1.73491909354435e+006 6.23304855473199e+000 8.77405608686542e-001 -1.56197434873501e+000 9.63868963633207e-001 6.05646401975859e-007 69588 8
8.70408139062096e+004 1.73495123848812e+006 5.01269988531705e-002 5.23024548422232e-001 1.54979801492355e+000 1.00038291216858e+000 7.60773039838155e-007 73193 9
8.70399331269672e+004 1.73494689859854e+006 5.01266176388764e-002 6.56832953219741e-001 1.56657642765587e+000 1.06374581526985e+000 8.54772633157352e-007 77855 10
8.70380433626300e+004 1.73492016817321e+006 5.01263021445233e-002 2.93000515737164e-001 1.44874403195288e+000 1.07487383733186e+000 1.40580536060777e-006 79139 11
8.70404916622625e+004 1.73495282685477e+006 5.01267677681165e-002 2.35167812051118e-001 1.36255092883084e+000 1.08849849521940e+000 2.28688195211485e-006 80749 12
8.70380452710072e+004 1.73492115720683e+006 5.01262747138772e-002 3.53173271017444e-001 1.49524420438246e+000 1.10990508839151e+000 2.65392481973595e-006 82108 13
8.70379430805474e+004 1.73491874787440e+006 5.01262854548711e-002 6.46864941233917e-001 1.56600116779077e+000 1.11050286625623e+000 2.75114037272242e-006 82211 14
8.70423676241627e+004 1.73495315644138e+006 5.01278368220988e-002 1.73536323309499e-001 1.11547681676687e+000 1.14885642206223e+000 4.32950186048632e-006 84867 15
8.70392764214050e+004 1.73493751244249e+006 5.01265108060138e-002 3.55695664294344e-001 1.49649060075686e+000 1.19471996464690e+000 4.69087659733795e-006 87885 16
8.70420883261076e+004 1.73495927962015e+006 5.01274996242088e-002 4.51273096292565e-001 1.53397836863308e+000 1.25411417579107e+000 4.90539744146650e-006 90542 17
8.70382476698529e+004 1.73492242949084e+006 5.01263543846625e-002 3.22418307207523e-001 1.47482247917112e+000 1.30578456667162e+000 5.35311502591462e-006 95410 18
8.70466596255651e+004 1.73494211181440e+006 6.23304937695175e+000 8.95457435270626e-001 -1.56159084215827e+000 1.35066014999208e+000 5.40065001623220e-006 97457 19
8.70466933259695e+004 1.73492787039308e+006 6.23304894676005e+000 7.64019472347794e-001 -1.56724756416517e+000 1.43502723670049e+000 5.46805596397818e-006 103010 20
8.70414424152384e+004 1.73495167791251e+006 5.01273475320055e-002 1.94353665414040e-001 1.23810304467910e+000 1.44099118504673e+000 6.76265371039178e-006 103851 21
8.70441641976976e+004 1.73496732743104e+006 5.01284609786324e-002 1.57155962149867e-001 7.16534100314341e-001 1.46029561804624e+000 8.19820738011841e-006 105507 22
8.70402544383164e+004 1.73494986069711e+006 5.01267169347065e-002 4.68686726987313e-001 1.53858044755394e+000 1.51183216701592e+000 8.39561478812181e-006 108689 23
8.70413759966418e+004 1.73494377488228e+006 5.01275373034574e-002 3.21871282159520e-001 1.47415134266182e+000 1.64214921405473e+000 8.84497892919091e-006 118498 24
8.70470585915403e+004 1.73494783670585e+006 6.23304931271213e+000 9.68941133385634e-001 -1.55938567934202e+000 1.64215841133185e+000 8.88494101575696e-006 118509 25
8.70469212049115e+004 1.73492550898676e+006 6.23304874762280e+000 8.82024931314119e-001 -1.56187847209082e+000 1.93515230280471e+000 8.93408332161068e-006 137198 26
8.70381913712424e+004 1.73492135283085e+006 5.01263530712956e-002 4.05231821419018e-001 1.51959687200537e+000 1.98096870112492e+000 9.20573564740909e-006 140360 27
8.70384340126733e+004 1.73492536087597e+006 5.01263769685523e-002 3.36276275090254e-001 1.48469777352214e+000 2.29806074841184e+000 9.61423116546553e-006 159107 28
8.70411607494979e+004 1.73496397201033e+006 5.01268309810617e-002 2.77349521308203e-001 1.43062334620197e+000 2.32648339861777e+000 1.02345139295413e-005 160649 29
8.70434086012184e+004 1.73496490137272e+006 5.01280965398870e-002 4.30577315309803e-001 1.52784226340526e+000 2.33466374395324e+000 1.04723169700414e-005 161429 30
8.70409520263088e+004 1.73495233506656e+006 5.01270466338375e-002 3.00051060800308e-001 1.45535952040162e+000 2.34521227761676e+000 1.09956778405521e-005 162484 31
8.70402445291988e+004 1.73494407684754e+006 5.01268780671224e-002 6.34799999897417e-001 1.56456301812799e+000 2.51820566853913e+000 1.10970038730242e-005 175483 32
8.70416452045437e+004 1.73495255110925e+006 5.01274389364779e-002 1.68552317316587e-001 1.07079830057680e+000 2.62949056775075e+000 1.27413859961526e-005 182629 33
8.70384206516667e+004 1.73492721205765e+006 5.01263158909843e-002 1.58189231684983e-001 6.81826755119480e-001 2.74214117580219e+000 1.40991629345255e-005 191865 34
8.70414086072315e+004 1.73496050375625e+006 5.01270735208564e-002 1.65209386467683e-001 1.03378991592151e+000 2.74400065769364e+000 1.57817238478547e-005 192198 35
8.70380824589025e+004 1.73492027783654e+006 5.01263214597080e-002 4.55649296676586e-001 1.53560827158422e+000 2.82117494499934e+000 1.59917504073249e-005 198394 36
8.70414703689729e+004 1.73496346653092e+006 5.01270235717455e-002 5.48613164556572e-001 1.55382483397931e+000 2.86224335881010e+000 1.61314137563064e-005 201726 37
8.70387078961960e+004 1.73492687331306e+006 5.01264908118877e-002 1.56122692614752e-001 7.87482817011017e-001 3.21473740203153e+000 1.77028396068918e-005 225792 38
8.70468357399657e+004 1.73492356346624e+006 6.23304874063822e+000 7.32656702928982e-001 -1.56906922040468e+000 3.33962608255110e+000 1.77767573820830e-005 233241 39
8.70468972218699e+004 1.73491903350930e+006 6.23304857461337e+000 9.16092435692500e-001 -1.56063207571642e+000 3.35902263342303e+000 1.78219681419630e-005 235272 40
8.70418953481522e+004 1.73495752037394e+006 5.01274394184158e-002 3.45362968943185e-001 1.49016274224067e+000 3.56004427183527e+000 1.82073671809263e-005 250112 41
8.70471646069914e+004 1.73494026433970e+006 6.23304903332413e+000 7.80794907153205e-001 -1.56648055101169e+000 3.66830896623778e+000 1.82716278601527e-005 259285 42
8.70463725040423e+004 1.73495339865950e+006 6.23304986761028e+000 8.50449429932195e-001 -1.56341249839778e+000 3.70740554523125e+000 1.83248744952255e-005 263230 43
8.70480589184831e+004 1.73494352971986e+006 6.23304861334314e+000 8.72087309608740e-001 -1.56245373195593e+000 3.73395709156355e+000 1.83752574523746e-005 264366 44
8.70379196304911e+004 1.73491875501586e+006 5.01262717662994e-002 5.43386036320104e-001 1.55353720404675e+000 3.76394358030424e+000 1.85178928658441e-005 265557 45
8.70383702588823e+004 1.73492556655962e+006 5.01263343807606e-002 2.34651177283560e-001 1.36178391567736e+000 3.82005243445774e+000 1.94030990739571e-005 269191 46
8.70412978507574e+004 1.73495630166178e+006 5.01271310483094e-002 1.72381492652605e-001 4.89498206884976e-001 3.85176929033246e+000 2.02416284660832e-005 272502 47
8.70435120752293e+004 1.73496282590681e+006 5.01282158964326e-002 3.36792909857812e-001 1.48460189687796e+000 3.85204030033303e+000 2.06487433060931e-005 272658 48
8.70471778313598e+004 1.73493084210885e+006 6.23304875392065e+000 9.05698959780451e-001 -1.56111145893735e+000 3.92392634834749e+000 2.06951035609544e-005 277761 49
8.70426496505987e+004 1.73495989126677e+006 5.01278047068850e-002 4.66042772588634e-001 1.53781343440046e+000 3.94694814145499e+000 2.08949782096059e-005 278725 50
8.70468694114462e+004 1.73492122092110e+006 6.23304865370343e+000 7.23357277112939e-001 -1.56964448026978e+000 3.99346539883835e+000 2.09710028064163e-005 281922 51
8.70419431327324e+004 1.73495936599319e+006 5.01274136560516e-002 5.16034783919977e-001 1.54845574190497e+000 4.33734580329912e+000 2.11307850658438e-005 305527 52
8.70396714008386e+004 1.73493355140117e+006 5.01268521496640e-002 4.38144495140504e-001 1.53052680944243e+000 4.53385753522409e+000 2.13596716167655e-005 316702 53
8.70403274469273e+004 1.73494527800296e+006 5.01268910935814e-002 1.72989298261496e-001 1.11116236777856e+000 4.69311279404489e+000 2.29456620120209e-005 326630 54
8.70400805585390e+004 1.73494622679204e+006 5.01267217806853e-002 4.73306049614890e-001 1.53973096728416e+000 4.80683263753466e+000 2.31388626602886e-005 334623 55
8.70383603935857e+004 1.73492712394016e+006 5.01262837875087e-002 4.65283015577519e-001 1.53800518768883e+000 4.85167469385424e+000 2.33394573001937e-005 338910 56
8.70405304709726e+004 1.73493968771439e+006 5.01271690680486e-002 6.32338387181405e-001 1.56437126483963e+000 4.85502431977158e+000 2.34416530245896e-005 339399 57
8.70470479653055e+004 1.73495506064649e+006 6.23304952720428e+000 8.05228692630652e-001 -1.56542590792566e+000 4.86193337414290e+000 2.35017015158340e-005 340172 58
8.70418238678484e+004 1.73495289302115e+006 5.01275317944863e-002 1.56365814858308e-001 7.58528070467238e-001 4.88146347625963e+000 2.50219509232026e-005 341865 59
8.70408873465915e+004 1.73494190086923e+006 5.01273104135279e-002 4.84428892257608e-001 1.54231963667714e+000 5.06764873968688e+000 2.52055407021680e-005 356760 60
8.70423364099630e+004 1.73496747421681e+006 5.01274058899638e-002 6.90171090867451e-001 1.56906922040468e+000 5.09304919533544e+000 2.52898402345902e-005 358830 61
8.70456043183796e+004 1.73496018472653e+006 6.23305050501605e+000 9.88512473991947e-001 -1.55900217276528e+000 5.31616917462406e+000 2.53280821599309e-005 375324 62
8.70439432249466e+004 1.73496130600451e+006 5.01285076203030e-002 4.89443288530965e-001 1.54318252647481e+000 5.44646599728569e+000 2.55075637312718e-005 384559 63
8.70459039880067e+004 1.73496716427089e+006 5.01294659471044e-002 1.57976499721871e-001 9.06465732444227e-001 5.72335886984943e+000 2.72088752481915e-005 402150 64
8.70421205695682e+004 1.73496108215423e+006 5.01274661694349e-002 3.03637113892769e-001 1.45861932630390e+000 5.77197942465756e+000 2.77189240745849e-005 405154 65
8.70404078062693e+004 1.73495327086344e+006 5.01267067492276e-002 5.10473362598618e-001 1.54749697546312e+000 5.78963815918607e+000 2.78825574981389e-005 406140 66
8.70481759643676e+004 1.73495241074545e+006 6.23304880223627e+000 9.28126986748555e-001 -1.56063207571642e+000 5.79352929885690e+000 2.79264885881199e-005 406472 67
8.70440403354797e+004 1.73496624563677e+006 5.01284209701603e-002 4.68686726987313e-001 1.53838869426557e+000 5.80580588408922e+000 2.81238947725875e-005 407264 68
8.70476109206595e+004 1.73495156008244e+006 6.23304910256254e+000 7.63745959823793e-001 -1.56753519409772e+000 5.81294560875602e+000 2.81913539044971e-005 407865 69
8.70395166347703e+004 1.73493973477449e+006 5.01265848138033e-002 2.08910609746996e-001 1.29351974501785e+000 5.82245506628606e+000 2.93151937062186e-005 408597 70
8.70433662002360e+004 1.73496606378610e+006 5.01280386329728e-002 6.78896296822510e-001 1.56820633060701e+000 5.86903682624427e+000 2.94026038169534e-005 411647 71
8.70407578385884e+004 1.73494389342917e+006 5.01271784799864e-002 5.34998318917398e-001 1.55190730109561e+000 6.10232091793929e+000 2.95502009407480e-005 426990 72
8.70425769223730e+004 1.73495812127807e+006 5.01278139471439e-002 3.24241724034198e-001 1.47578124561296e+000 6.11706277970505e+000 2.99924386601247e-005 428175 73
8.70464020115585e+004 1.73493388677136e+006 6.23304928780200e+000 7.12720678957334e-001 -1.57050737006745e+000 6.12291811238262e+000 3.00709817685839e-005 428797 74
8.70407598107615e+004 1.73496123236333e+006 5.01266794893472e-002 2.36079520464456e-001 1.36437258507035e+000 6.13282108280937e+000 3.09449248039189e-005 429587 75
8.70400485382838e+004 1.73493761178806e+006 5.01269518633170e-002 6.29208188295613e-001 1.56408363490707e+000 6.15901313893697e+000 3.10482421650262e-005 431645 76
8.70471008602518e+004 1.73493900052795e+006 6.23304903351818e+000 9.20225513832963e-001 -1.56072795236061e+000 6.18162000677725e+000 3.10930074431429e-005 432580 77
8.70468670729401e+004 1.73491809387193e+006 6.23304856484158e+000 9.66874594315402e-001 -1.55909804940947e+000 6.20790316729439e+000 3.11331575448593e-005 434728 78
8.70431696242902e+004 1.73496028588908e+006 5.01280922752897e-002 2.72608637558848e-001 1.42467899426252e+000 6.23284166340818e+000 3.17768683549715e-005 437742 79
8.70398546254017e+004 1.73493369196223e+006 5.01269534391099e-002 6.57288807426410e-001 1.56676818094424e+000 6.24286081226582e+000 3.18707246593286e-005 438266 80
8.70473639826936e+004 1.73495027738401e+006 6.23304920753544e+000 8.92661529469724e-001 -1.56178259544664e+000 6.30729643912183e+000 3.19185878945559e-005 443543 81
8.70445459188079e+004 1.73496531188523e+006 5.01287385805676e-002 5.44388915574775e-001 1.55315369747002e+000 6.35663025220154e+000 3.20606449141319e-005 446308 82
8.70391570211464e+004 1.73493757686751e+006 5.01264402994471e-002 3.89033801942054e-001 1.51288550691244e+000 6.35823829796385e+000 3.23576951530097e-005 446605 83
8.70380723033567e+004 1.73492166769217e+006 5.01262755315495e-002 1.58675476172097e-001 9.26695704367199e-001 6.36938530848962e+000 3.40689067026274e-005 447823 84
8.70402739707290e+004 1.73494131129143e+006 5.01269747644579e-002 5.80522959023387e-001 1.55852278954436e+000 6.46448591365053e+000 3.41922442483099e-005 455622 85
8.70400501034227e+004 1.73494890080764e+006 5.01266271416602e-002 1.77031205560626e-001 1.14193877056185e+000 6.50018810235687e+000 3.57219073808856e-005 459467 86
8.70469634833735e+004 1.73492870379981e+006 6.23304881547544e+000 8.21426712107616e-001 -1.56437126483963e+000 6.54477013633023e+000 3.57793812351831e-005 461417 87
8.70456297159126e+004 1.73495001021328e+006 6.23305019692480e+000 9.39705683597942e-001 -1.56024856913968e+000 6.57252847303459e+000 3.58221300872727e-005 463377 88
8.70389269642776e+004 1.73493652006503e+006 5.01263385122967e-002 3.66727336095729e-001 1.50243495269631e+000 6.78879551714650e+000 3.61601637019867e-005 477551 89
8.70478114341745e+004 1.73496753172208e+006 5.01305520005402e-002 4.12160805360384e-001 1.52161028153325e+000 6.86035342886191e+000 3.64218966684461e-005 482524 90
8.70437738321144e+004 1.73496537212780e+006 5.01282929445878e-002 2.00188599259400e-001 1.26207220572527e+000 6.92915875460966e+000 3.76446260393564e-005 487034 91
8.70404936652249e+004 1.73496542413795e+006 5.01264055672851e-002 3.51744927836548e-001 1.49390193136387e+000 7.02384845639378e+000 3.80149179582796e-005 493159 92
8.70476838510473e+004 1.73496012869606e+006 6.23304930780399e+000 9.46847399502420e-001 -1.56015269249550e+000 7.03102425203319e+000 3.80569606113890e-005 493541 93
8.70464155385474e+004 1.73495787831793e+006 6.23304997208739e+000 9.95076774567977e-001 -1.55881041947691e+000 7.03654487255938e+000 3.80946496448807e-005 493828 94
8.70468536758521e+004 1.73492191000932e+006 6.23304868262874e+000 9.93921943911083e-001 -1.55842691290017e+000 7.13274227422919e+000 3.81324349084136e-005 500227 95
8.70426086509124e+004 1.73495551396105e+006 5.01279073957322e-002 1.90402928956244e-001 1.21979060563982e+000 7.13505068145976e+000 3.94780689788102e-005 500871 96
8.70413787420282e+004 1.73494480973717e+006 5.01275090320234e-002 4.13285245736834e-001 1.52228141804254e+000 7.41205597520776e+000 3.97382464045731e-005 518684 97
8.70385302061283e+004 1.73492844376651e+006 5.01263433513464e-002 5.16703370089758e-001 1.54893512512589e+000 7.46740108499627e+000 3.98975758563360e-005 522967 98
8.70468985852591e+004 1.73494780929688e+006 6.23304940391533e+000 7.22172056175600e-001 -1.57002798684652e+000 7.55606919787092e+000 3.99738752472033e-005 529299 99
8.70468229162324e+004 1.73494439271842e+006 6.23304934886498e+000 9.43960322860185e-001 -1.56005681585131e+000 7.58741521673000e+000 4.00162012660080e-005 532709 100
8.70467160001420e+004 1.73494141458120e+006 6.23304932442708e+000 7.46848963896603e-001 -1.56839808389538e+000 7.90485093474406e+000 4.00870639052387e-005 555508 101
8.70405452830111e+004 1.73493840931381e+006 5.01272144588001e-002 3.10566097834135e-001 1.46504306146428e+000 7.95656410538482e+000 4.05727534262229e-005 558986 102
8.70383163239418e+004 1.73492619087692e+006 5.01262853631844e-002 4.37536689531613e-001 1.53043093279824e+000 7.98802601797472e+000 4.08023391810868e-005 560836 103
8.70399745565120e+004 1.73494335067590e+006 5.01267437946557e-002 2.39635183276472e-001 1.37185096331675e+000 8.01734796539332e+000 4.16493083246298e-005 563182 104
8.70467342780164e+004 1.73492694123421e+006 6.23304889641157e+000 8.98739585558641e-001 -1.56130321222571e+000 8.05499632206167e+000 4.16964621150704e-005 564916 105
8.70470242448064e+004 1.73492391999031e+006 6.23304864254261e+000 9.17824681677841e-001 -1.56063207571642e+000 8.12631895126097e+000 4.17414853658694e-005 570082 106
8.70459505961527e+004 1.73496138294804e+006 6.23305034049213e+000 7.41135591173021e-001 -1.56897334376049e+000 8.34890636460107e+000 4.18135554617053e-005 584725 107
8.70419472215142e+004 1.73495494303876e+006 5.01275435836699e-002 5.54387317841044e-001 1.55478360042116e+000 8.38898076373257e+000 4.19500407316266e-005 586565 108
8.70416066771628e+004 1.73495875224641e+006 5.01272379188353e-002 2.60452525381013e-001 1.40770882824183e+000 8.43417273272360e+000 4.26598251609177e-005 589782 109
8.70482756368024e+004 1.73496354293882e+006 6.23304906605363e+000 7.51133993439290e-001 -1.56839808389538e+000 8.60481232066637e+000 4.27298014855520e-005 602161 110
8.70468626573863e+004 1.73492120564307e+006 6.23304865714594e+000 9.22839077951198e-001 -1.56044032242805e+000 8.62623995096140e+000 4.27742881923121e-005 603564 111
8.70468980180872e+004 1.73492288020220e+006 6.23304868512148e+000 9.14512141109381e-001 -1.56072795236061e+000 8.67659402549691e+000 4.28196710495731e-005 607428 112
8.70467731686512e+004 1.73492670040461e+006 6.23304886710439e+000 8.49993575725526e-001 -1.56312486846522e+000 8.68954763527058e+000 4.28729804133761e-005 608512 113
8.70420908182442e+004 1.73496324529555e+006 5.01273866704194e-002 7.06490671466194e-001 1.57031561677908e+000 8.71981735081331e+000 4.29530553298609e-005 610687 114
8.70407857211781e+004 1.73495463325670e+006 5.01268847297734e-002 4.43553965059641e-001 1.53186908246101e+000 8.81418797375819e+000 4.31758574589305e-005 615421 115
8.70380897042773e+004 1.73492046725071e+006 5.01263201619229e-002 2.31429807556434e-001 1.35478492065188e+000 8.89722779147057e+000 4.40870206437386e-005 621371 116
8.70470963431928e+004 1.73492720084766e+006 6.23304869573277e+000 8.69656087173173e-001 -1.56235785531175e+000 9.13988581393142e+000 4.41377139527967e-005 636805 117
8.70430755975178e+004 1.73496007606088e+006 5.01280442684088e-002 5.58763518225064e-001 1.55535886028626e+000 9.14225603214256e+000 4.42718598047059e-005 637180 118
8.70474209296585e+004 1.73493806999888e+006 6.23304882265422e+000 7.57637513454431e-001 -1.56772694738609e+000 9.17274402746000e+000 4.43405213248863e-005 639238 119
8.70392301392508e+004 1.73494239245840e+006 5.01263434375886e-002 3.47581459415640e-001 1.49169676854762e+000 9.18629032839006e+000 4.47205760323769e-005 639861 120
8.70427357342430e+004 1.73496028278016e+006 5.01278429064155e-002 6.45831671698801e-001 1.56542590792566e+000 9.26093181556880e+000 4.48181338071154e-005 643445 121
8.70397830389137e+004 1.73494136168046e+006 5.01266910540596e-002 6.23038961365362e-001 1.56341249839778e+000 9.63151325302055e+000 4.49237147174968e-005 670099 122
8.70396164257328e+004 1.73494339008000e+006 5.01265367541502e-002 5.85263842772743e-001 1.55909804940947e+000 9.73367849919916e+000 4.50448657861559e-005 678193 123
8.70468739472516e+004 1.73492791618271e+006 6.23304884423354e+000 8.47987817216184e-001 -1.56322074510941e+000 9.76810808037496e+000 4.50984529884722e-005 680795 124
8.70406270407725e+004 1.73495684301732e+006 5.01267297605115e-002 3.27068020115545e-001 1.47789053178503e+000 9.86394006122789e+000 4.55324131958042e-005 687581 125
8.70385063410234e+004 1.73492496763626e+006 5.01264298961699e-002 2.28694682316422e-001 1.34845706213569e+000 9.89281833439323e+000 4.64664050781331e-005 689821 126
8.70383270713959e+004 1.73492485559163e+006 5.01263300575127e-002 4.72667853725554e-001 1.53982684392834e+000 1.00177243397494e+001 4.66601806585173e-005 699816 127
8.70391968043527e+004 1.73493182159707e+006 5.01266291780708e-002 1.91314637369581e-001 1.22448856120487e+000 1.00918632586477e+001 4.79940232320038e-005 705860 128
8.70389938646284e+004 1.73493085794675e+006 5.01265402946655e-002 6.88408454601666e-001 1.56935685033723e+000 1.01084905769856e+001 4.80787983913177e-005 706843 129
8.70421747565707e+004 1.73496782312362e+006 5.01273028862973e-002 5.51500241198808e-001 1.55420834055605e+000 1.01544402272912e+001 4.82168591915872e-005 710050 130
8.70379685762080e+004 1.73491921131593e+006 5.01262867459653e-002 6.04713622257277e-001 1.56168671880245e+000 1.01892459313058e+001 4.83296057307898e-005 713001 131
8.70456960640904e+004 1.73494765049178e+006 6.23305009071072e+000 7.44843205387261e-001 -1.56858983718375e+000 1.02021595158777e+001 4.84008888908822e-005 713851 132
8.70470398990118e+004 1.73492241330427e+006 6.23304859007881e+000 8.81052442339893e-001 -1.56187847209082e+000 1.04286332442768e+001 4.84501506089315e-005 728190 133
8.70462036378177e+004 1.73493951331864e+006 6.23304956416099e+000 8.86461912259029e-001 -1.56187847209082e+000 1.04309542166896e+001 4.84987534042714e-005 728387 134
8.70470383789865e+004 1.73493658686630e+006 6.23304899981540e+000 8.62483980988251e-001 -1.56274136188849e+000 1.05430721400985e+001 4.85503789104083e-005 736165 135
8.70419150114797e+004 1.73495115564257e+006 5.01276343100411e-002 4.46106748616986e-001 1.53263609561449e+000 1.06364375039936e+001 4.87703922747507e-005 743255 136
8.70469299705866e+004 1.73492571480524e+006 6.23304874852025e+000 9.30588599464567e-001 -1.56024856913968e+000 1.07253457789802e+001 4.88140679405583e-005 751426 137
8.70392978585591e+004 1.73494238268363e+006 5.01263826541354e-002 1.56487375980087e-001 7.48748652760399e-001 1.07629196511889e+001 5.03159865717667e-005 754121 138
8.70403437016192e+004 1.73494089185167e+006 5.01270269540554e-002 2.37720595608463e-001 1.36801589754936e+000 1.08005331307401e+001 5.11773625704950e-005 758654 139
8.70471049607372e+004 1.73495923073931e+006 6.23304961472585e+000 9.36879387516596e-001 -1.56044032242805e+000 1.11620478845402e+001 5.12203957366923e-005 783651 140
8.70469311695069e+004 1.73493359441904e+006 6.23304897513267e+000 9.84197054168816e-001 -1.55881041947691e+000 1.11776353697553e+001 5.12590074403339e-005 784337 141
8.70379481220349e+004 1.73491860852610e+006 5.01262923728604e-002 2.50423732834300e-001 1.39208093523972e+000 1.12217238579247e+001 5.20307489919419e-005 787158 142
8.70400718249864e+004 1.73495026229604e+006 5.01266003596090e-002 6.02799034589268e-001 1.56111145893735e+000 1.14218640334599e+001 5.21442842419567e-005 803910 143
8.70467734215399e+004 1.73495315351789e+006 6.23304963003659e+000 9.04756861086669e-001 -1.56139908886990e+000 1.14296131152063e+001 5.21907508927730e-005 804875 144
8.70389357274693e+004 1.73492808642165e+006 5.01265868113838e-002 1.95113422425155e-001 1.24174635715812e+000 1.16075594200538e+001 5.34758915139599e-005 819493 145
8.70472232465972e+004 1.73492621605320e+006 6.23304859436183e+000 7.15638145880014e-001 -1.57021974013489e+000 1.16164933724904e+001 5.35537318966177e-005 820025 146
8.70422058124994e+004 1.73496793597470e+006 5.01273174862844e-002 3.60497328604589e-001 9.64998423718985e-002 1.16593436541845e+001 5.35876318059265e-005 822797 147
8.70471538479120e+004 1.73493070184503e+006 6.23304876366363e+000 9.35572605457479e-001 -1.56015269249550e+000 1.16665083195722e+001 5.36307971891817e-005 823224 148
8.70414618833974e+004 1.73494462619304e+006 5.01275621275706e-002 5.12509511388405e-001 1.54797635868404e+000 1.19171314512952e+001 5.37930055963982e-005 839878 149
8.70471824194182e+004 1.73495098172199e+006 6.23304933224056e+000 9.95927702420426e-001 -1.55871454283273e+000 1.19358210710779e+001 5.38306237788770e-005 841033 150
8.70404957554744e+004 1.73493908404924e+006 5.01271665209964e-002 3.56242689342347e-001 1.49677823068941e+000 1.20397419496340e+001 5.41907865449598e-005 847203 151
8.70398580119394e+004 1.73493643887639e+006 5.01268761533614e-002 4.64948722492629e-001 1.53781343440046e+000 1.20705144761475e+001 5.43916973501188e-005 850624 152
8.70468530479815e+004 1.73492398121313e+006 6.23304874273777e+000 7.43536423328144e-001 -1.56839808389538e+000 1.21180357925169e+001 5.44632563891786e-005 854202 153
8.70404682215779e+004 1.73494341997798e+006 5.01270256237882e-002 6.58565199205083e-001 1.56676818094424e+000 1.21585434398710e+001 5.45567129641386e-005 856638 154
8.70387370752297e+004 1.73493493351722e+006 5.01262750991746e-002 1.58219621965428e-001 9.14519370555742e-001 1.24561175832356e+001 5.62629164697454e-005 875800 155
8.70410330426630e+004 1.73496167512345e+006 5.01268238089580e-002 5.47215211656122e-001 1.55363308069094e+000 1.24564994632758e+001 5.64033655079119e-005 875878 156
8.70464825002921e+004 1.73494282062566e+006 6.23304949923484e+000 7.58579612148213e-001 -1.56772694738609e+000 1.25159284654797e+001 5.64718395685207e-005 879068 157
8.70405909663686e+004 1.73494671176062e+006 5.01270012458782e-002 2.50119830029854e-001 1.39121804544206e+000 1.25541131043480e+001 5.72455246333999e-005 881089 158
8.70478505261286e+004 1.73494024366773e+006 6.23304863836451e+000 7.95838095973275e-001 -1.56571353785821e+000 1.25808618367530e+001 5.73071430721872e-005 883145 159
8.70437999578987e+004 1.73496120491156e+006 5.01284281671226e-002 1.99368061687397e-001 1.25890827646718e+000 1.25913573951268e+001 5.85397198603595e-005 884775 160
8.70401073273198e+004 1.73495295414186e+006 5.01265431281073e-002 3.92862977278072e-001 1.51432365657521e+000 1.26249520108610e+001 5.88304615970922e-005 887208 161
8.70470785768134e+004 1.73492747354261e+006 6.23304871381389e+000 8.98921927241309e-001 -1.56130321222571e+000 1.28836512640862e+001 5.88775943473062e-005 907102 162
8.70449850748574e+004 1.73496234972373e+006 6.23305092349037e+000 8.50601381334418e-001 -1.56350837504196e+000 1.28954454297319e+001 5.89308200957088e-005 908166 163
8.70398326010827e+004 1.73495316761238e+006 5.01263790204243e-002 5.90855654374546e-001 1.55967330927457e+000 1.30527313631734e+001 5.90494638161651e-005 919504 164
8.70470940183029e+004 1.73492754485043e+006 6.23304870699289e+000 7.55540584103755e-001 -1.56772694738609e+000 1.31111472782628e+001 5.91185452740149e-005 923933 165
8.70469130025944e+004 1.73494964014423e+006 6.23304944843918e+000 9.55934093355351e-001 -1.55976918591876e+000 1.33011369640382e+001 5.91597135610754e-005 936399 166
8.70411805025714e+004 1.73494442698214e+006 5.01274060965571e-002 2.43403578051601e-001 1.37913758827479e+000 1.33750298168316e+001 5.99792826766248e-005 942784 167
8.70480308450307e+004 1.73495863493567e+006 6.23304906521576e+000 8.08115769272888e-001 -1.56533003128147e+000 1.33830131025285e+001 6.00388601836684e-005 943241 168
8.70423847389760e+004 1.73495988589820e+006 5.01276525547513e-002 5.42747840430768e-001 1.55296194418165e+000 1.33859698697723e+001 6.01818633965091e-005 943600 169
8.70434240658038e+004 1.73496221458287e+006 5.01281829301876e-002 6.15319830132438e-001 1.56235785531175e+000 1.34989141867274e+001 6.02903792589762e-005 950306 170
8.70404445330508e+004 1.73494069023641e+006 5.01270907416738e-002 1.70618856386819e-001 1.09074064256722e+000 1.35364035954582e+001 6.19083839586716e-005 953039 171
8.70472447289930e+004 1.73493667404778e+006 6.23304888369088e+000 7.26062012072507e-001 -1.56964448026978e+000 1.35491401769239e+001 6.19837868907098e-005 953876 172
8.70380755671785e+004 1.73492196822452e+006 5.01262687394760e-002 4.34528051767599e-001 1.52956804300058e+000 1.35608015620818e+001 6.22168761644866e-005 954597 173
8.70489513577562e+004 1.73496148209744e+006 6.23304861811107e+000 9.96839410833763e-001 -1.55881041947691e+000 1.35935109612900e+001 6.22544187395954e-005 956921 174
8.70437075588377e+004 1.73495913223656e+006 5.01284348294701e-002 2.31946442323992e-001 1.35545605716117e+000 1.36401365874280e+001 6.31612562864633e-005 961836 175
8.70471082708974e+004 1.73492501123999e+006 6.23304862571140e+000 9.21198002807190e-001 -1.56053619907224e+000 1.37550318237131e+001 6.32059175763428e-005 970068 176
8.70470239654138e+004 1.73495982206970e+006 6.23304967835034e+000 9.46725838380642e-001 -1.56015269249550e+000 1.38399832105105e+001 6.32479721067248e-005 976418 177
8.70404092659819e+004 1.73494114469002e+006 5.01270573567818e-002 3.73565149195760e-001 1.50579063524277e+000 1.42098321797650e+001 6.35726154206865e-005 1003729 178
8.70467932457687e+004 1.73492497632221e+006 6.23304880582671e+000 8.02037713183970e-001 -1.56523415463729e+000 1.43605607284985e+001 6.36331907018086e-005 1012905 179
8.70473996378297e+004 1.73493419811484e+006 6.23304872320451e+000 7.55206291018864e-001 -1.56782282403027e+000 1.43605927530024e+001 6.37023394713591e-005 1012911 180
8.70468062669869e+004 1.73493756486154e+006 6.23304916147824e+000 7.17552733548023e-001 -1.57021974013489e+000 1.43790382360835e+001 6.37797236560261e-005 1014415 181
8.70401162121013e+004 1.73495630582478e+006 5.01264515612412e-002 5.42474327906766e-001 1.55296194418165e+000 1.44686055488065e+001 6.39228855399799e-005 1019848 182
8.70392011297453e+004 1.73493295122641e+006 5.01265990817074e-002 6.45527768894355e-001 1.56571353785821e+000 1.45032990585565e+001 6.40205445326363e-005 1022708 183
8.70382133126136e+004 1.73492164174670e+006 5.01263573528928e-002 2.59084962761007e-001 1.40607892529069e+000 1.45404986881868e+001 6.47384039496817e-005 1025295 184
8.70468467109572e+004 1.73495242529775e+006 6.23304956689353e+000 9.31196405073459e-001 -1.56053619907224e+000 1.45746072500681e+001 6.47820170535154e-005 1029031 185
8.70469758671708e+004 1.73495588365229e+006 6.23304959239654e+000 9.02842273418660e-001 -1.56149496551408e+000 1.46296491893974e+001 6.48287008061474e-005 1033420 186
8.70455796755188e+004 1.73495611685183e+006 6.23305040184453e+000 8.75916484944758e-001 -1.56245373195593e+000 1.47954241906185e+001 6.48786004724364e-005 1043898 187
8.70407095225784e+004 1.73494521147457e+006 5.01271126831063e-002 3.01479403981204e-001 1.45679767006439e+000 1.47993418343188e+001 6.53966076247967e-005 1044068 188
8.70414455582624e+004 1.73494555779511e+006 5.01275258700071e-002 2.05476508056758e-001 1.28182279442732e+000 1.49578509584470e+001 6.65582240340578e-005 1053462 189
8.70394423554413e+004 1.73493596206330e+006 5.01266509278598e-002 4.50634900403229e-001 1.53407424527726e+000 1.50709943425130e+001 6.67734145819346e-005 1061791 190
8.70415118633862e+004 1.73494811256250e+006 5.01274903005904e-002 7.01385104351503e-001 1.57012386349071e+000 1.51306468999305e+001 6.68547774430252e-005 1066610 191
8.70468533649051e+004 1.73492248241882e+006 6.23304869931984e+000 7.41682616221024e-001 -1.56849396053957e+000 1.52289554869368e+001 6.69267305784358e-005 1073695 192
8.70427301582389e+004 1.73496404991504e+006 5.01277310400239e-002 2.49025779933849e-001 1.38910875927000e+000 1.52992018226928e+001 6.77076124054046e-005 1078467 193
8.70429640603444e+004 1.73496716074007e+006 5.01277757886210e-002 3.39193742012934e-001 1.48613592318491e+000 1.53884968672205e+001 6.81084673321018e-005 1086473 194
8.70405103217163e+004 1.73494163277617e+006 5.01271013793945e-002 4.42703037207192e-001 1.53177320581683e+000 1.55480621407131e+001 6.83322118661329e-005 1097318 195
8.70386245794991e+004 1.73492945632327e+006 5.01263684046144e-002 6.88195722638553e-001 1.56935685033723e+000 1.58445609632013e+001 6.84170446878338e-005 1116443 196
8.70399454509262e+004 1.73493714883117e+006 5.01269059476579e-002 4.35105467096046e-001 1.52956804300058e+000 1.59402602102847e+001 6.86494539867956e-005 1121933 197
8.70409974106762e+004 1.73496424365965e+006 5.01267292366790e-002 1.78611500143745e-001 4.42710404522843e-001 1.59643422989526e+001 6.93560471672075e-005 1123638 198
8.70485550200382e+004 1.73496614562974e+006 5.01310194955079e-002 1.69342464608146e-001 5.17014803765984e-001 1.61402240418011e+001 7.02727429512163e-005 1134354 199
8.70417162841298e+004 1.73494625898461e+006 5.01276612955967e-002 6.90748506195899e-001 1.56935685033723e+000 1.61461696304593e+001 7.03568875695482e-005 1134812 200
8.70469015348189e+004 1.73492342409355e+006 6.23304869878919e+000 9.65628592817174e-001 -1.55919392605365e+000 1.63444613620082e+001 7.03971517816376e-005 1148480 201
8.70416726332124e+004 1.73495967355484e+006 5.01272492649984e-002 6.87739868431885e-001 1.56897334376049e+000 1.66642150431928e+001 7.04821083047051e-005 1168073 202
8.70431897835243e+004 1.73496695101495e+006 5.01279116136340e-002 2.74462444665967e-001 1.42698003372295e+000 1.67172443420361e+001 7.11165057162946e-005 1172178 203
8.70468539613117e+004 1.73491771004410e+006 6.23304856130774e+000 7.81341932201208e-001 -1.56619292107913e+000 1.68990187505965e+001 7.11806673778430e-005 1185434 204
8.70407350981411e+004 1.73496755167075e+006 5.01264830095212e-002 4.79323325142918e-001 1.54088148701437e+000 1.69615768023514e+001 7.13685789393199e-005 1190347 205
8.70425321619558e+004 1.73496729526690e+006 5.01275235958148e-002 2.17024814625701e-001 1.31787241264077e+000 1.69940430207949e+001 7.24089022495722e-005 1192964 206
8.70415817422419e+004 1.73495386952638e+006 5.01273644208427e-002 3.59676791032585e-001 1.49850401028474e+000 1.72810768480373e+001 7.27615876981543e-005 1213922 207
8.70453884758525e+004 1.73495375363782e+006 6.23305044360414e+000 9.93192577180413e-001 -1.55881041947691e+000 1.74154943803994e+001 7.27994342114037e-005 1222187 208
8.70392114943253e+004 1.73493000702809e+006 5.01266899638250e-002 3.54358491954782e-001 1.49581946424757e+000 1.74423588841190e+001 7.31637974812292e-005 1225089 209
8.70410485475394e+004 1.73495088088533e+006 5.01271440721384e-002 6.76708196630500e-001 1.56820633060701e+000 1.74545642119281e+001 7.32518305976989e-005 1226405 210
8.70427475771388e+004 1.73496528987741e+006 5.01277052889257e-002 1.57642206636981e-001 8.96302808160650e-001 1.74830466699729e+001 7.49473985544341e-005 1228396 211
8.70383866139639e+004 1.73492785185676e+006 5.01262778667362e-002 3.36033152846697e-001 1.48450602023377e+000 1.75257172130898e+001 7.53565377839829e-005 1231398 212
8.70469468606188e+004 1.73492497624325e+006 6.23304871750412e+000 9.30315086940566e-001 -1.56024856913968e+000 1.75551774978638e+001 7.54002417041830e-005 1232722 213
8.70466893290269e+004 1.73493660521453e+006 6.23304920102838e+000 7.41196371733910e-001 -1.56868571382794e+000 1.76214005431582e+001 7.54722987579241e-005 1238762 214
8.70454656635044e+004 1.73495705847353e+006 6.23305049455566e+000 9.62255271687825e-001 -1.55967330927457e+000 1.77070580033184e+001 7.55128743784495e-005 1245454 215
8.70441277899576e+004 1.73496547653196e+006 5.01284934352076e-002 4.85674893755836e-001 1.54231963667714e+000 1.77249468127295e+001 7.56954295509707e-005 1246653 216
8.70397801817517e+004 1.73494888178529e+006 5.01264725018968e-002 1.57459864954313e-001 7.04645396435438e-001 1.77911806584059e+001 7.71052817619058e-005 1252441 217
8.70467720781615e+004 1.73493053374363e+006 6.23304897831090e+000 9.58334925510473e-001 -1.55948155598621e+000 1.82151432525661e+001 7.71462233607792e-005 1282708 218
8.70466315284577e+004 1.73494032311467e+006 6.23304934150850e+000 9.79820853784795e-001 -1.55900217276528e+000 1.82188441957779e+001 7.71852155658226e-005 1282764 219
8.70421856181888e+004 1.73495393495396e+006 5.01277097243017e-002 3.04488041745218e-001 1.45948221610157e+000 1.83129060990670e+001 7.76921828734237e-005 1288659 220
8.70420126173187e+004 1.73495951944253e+006 5.01274491790679e-002 6.49903969278376e-001 1.56580941450240e+000 1.85264619465840e+001 7.77884010400446e-005 1302978 221
8.70458009501723e+004 1.73494701634788e+006 6.23305001211519e+000 7.13510826248893e-001 -1.57060324671163e+000 1.87267241425510e+001 7.78667529231367e-005 1316400 222
8.70398737264448e+004 1.73495285993426e+006 5.01264115395114e-002 1.87971706520677e-001 1.20771014847255e+000 1.87695548069138e+001 7.92447501476685e-005 1319461 223
8.70406431959781e+004 1.73494499267945e+006 5.01270808602674e-002 2.04200116278086e-001 1.27731659215064e+000 1.87833465617152e+001 8.04208108647696e-005 1320350 224
8.70414550505772e+004 1.73496741174770e+006 5.01269009695583e-002 4.27052042778231e-001 1.52669174367504e+000 1.89507579533008e+001 8.06629418624851e-005 1330911 225
8.70447870352944e+004 1.73496689151557e+006 5.01288316421741e-002 1.59769526268102e-001 9.49801975615711e-001 1.89563767229891e+001 8.23772739077314e-005 1331669 226
8.70395289279710e+004 1.73493149398758e+006 5.01268295803686e-002 6.81114787294965e-001 1.56878159047212e+000 1.91830651099642e+001 8.24640590006937e-005 1348305 227
8.70391453423260e+004 1.73493025531312e+006 5.01266447684703e-002 4.93181293025649e-001 1.54433304620502e+000 1.92125428538301e+001 8.26405668806193e-005 1350505 228
8.70380505421399e+004 1.73492047086263e+006 5.01262975415382e-002 6.89350553295448e-001 1.56954860362560e+000 1.93061620385874e+001 8.27250873837630e-005 1357981 229
8.70423870279356e+004 1.73495876035008e+006 5.01276863364355e-002 1.60103819352992e-001 6.38682265236366e-001 1.93134125065581e+001 8.39759043354521e-005 1358451 230
8.70420385343765e+004 1.73496586435040e+006 5.01272810665199e-002 3.06767312778562e-001 1.46139974898526e+000 1.93187523386494e+001 8.44747276918384e-005 1359583 231
8.70472771653681e+004 1.73493575770695e+006 6.23304883860841e+000 8.85276691321690e-001 -1.56187847209082e+000 1.93643759448285e+001 8.45234737564221e-005 1361285 232
8.70388603856239e+004 1.73493009553296e+006 5.01264855427666e-002 6.11885728442199e-001 1.56235785531175e+000 1.93709430463148e+001 8.46333339902861e-005 1361646 233
8.70472396099426e+004 1.73493862311799e+006 6.23304894285818e+000 9.58182974108250e-001 -1.55957743263039e+000 1.94101355121162e+001 8.46742899185616e-005 1363111 234
8.70409358561666e+004 1.73494703771936e+006 5.01271901346029e-002 4.43584355340085e-001 1.53196495910520e+000 1.96315424432623e+001 8.48970592982957e-005 1378923 235
8.70471030763887e+004 1.73492918974722e+006 6.23304874923517e+000 7.60889273462002e-001 -1.56743931745354e+000 1.96496246567392e+001 8.49650768556524e-005 1380351 236
8.70410883540777e+004 1.73495534482229e+006 5.01270382001560e-002 1.56578546821420e-001 8.51720168614765e-001 1.96836307935123e+001 8.66230478424042e-005 1383173 237
8.70398956805870e+004 1.73494643177967e+006 5.01266095743649e-002 1.82349504638429e-001 4.18932996765038e-001 1.96840928559764e+001 8.72641194575752e-005 1383311 238
8.70411810618669e+004 1.73495804719988e+006 5.01270135538285e-002 5.06735358103934e-001 1.54672996230964e+000 1.97642436179467e+001 8.74304171617067e-005 1388117 239
8.70399079886022e+004 1.73494148380068e+006 5.01267593703456e-002 5.82042473045617e-001 1.55871454283273e+000 1.98805280566024e+001 8.75530477203561e-005 1397097 240
8.70420067801116e+004 1.73496560386167e+006 5.01272703234755e-002 6.92419971620351e-001 1.56926097369304e+000 1.99276102685665e+001 8.76367461083626e-005 1400360 241
8.70457906092031e+004 1.73496651322918e+006 6.23305058045863e+000 8.68896330162058e-001 -1.56283723853267e+000 2.00056479882473e+001 8.76875371851582e-005 1407686 242
8.70395241931700e+004 1.73494644215720e+006 5.01263956922040e-002 6.45132695248576e-001 1.56552178456984e+000 2.00439667083122e+001 8.77853277011883e-005 1411360 243
8.70399988240820e+004 1.73495250385376e+006 5.01264937335343e-002 4.20153449117310e-001 1.52458245750298e+000 2.02002162419049e+001 8.80362673641822e-005 1421491 244
8.70394523185959e+004 1.73494559294535e+006 5.01263788631632e-002 6.07418357216845e-001 1.56168671880245e+000 2.02903631266418e+001 8.81479123610578e-005 1428343 245
8.70406993008115e+004 1.73494745048503e+006 5.01270422237286e-002 2.83245235714452e-001 1.43781409451582e+000 2.03776694184818e+001 8.87407304968603e-005 1434434 246
8.70394192544870e+004 1.73493273899926e+006 5.01267306127639e-002 3.39163351732490e-001 1.48651942976165e+000 2.04511527041621e+001 8.91416774667211e-005 1438784 247
8.70389828646056e+004 1.73493132036827e+006 5.01265206321070e-002 5.46181942121006e-001 1.55382483397931e+000 2.04659788163228e+001 8.92827121748039e-005 1439595 248
8.70399670911910e+004 1.73495004615526e+006 5.01265463784631e-002 4.60268619304163e-001 1.53647116138188e+000 2.04981959951700e+001 8.94881355176658e-005 1442329 249
8.70465493371695e+004 1.73493782644265e+006 6.23304931674374e+000 7.27733477496959e-001 -1.56954860362560e+000 2.05525855183548e+001 8.95631579564231e-005 1445541 250
8.70469916170023e+004 1.73492676901838e+006 6.23304874348770e+000 7.15729316721348e-001 -1.57021974013489e+000 2.07817352226061e+001 8.96409765267737e-005 1461488 251
8.70394504142959e+004 1.73494499973852e+006 5.01263948786603e-002 3.44967895297405e-001 1.49006686559648e+000 2.07852591730037e+001 9.00273442678719e-005 1461885 252
8.70476814482008e+004 1.73494045954110e+006 6.23304874180165e+000 9.48944328853096e-001 -1.55986506256294e+000 2.08186406482639e+001 9.00691826738894e-005 1463707 253
8.70461245045602e+004 1.73496107887223e+006 6.23305023173497e+000 7.89121843995022e-001 -1.56628879772332e+000 2.10969688429033e+001 9.01319609431697e-005 1482972 254
8.70467188030258e+004 1.73492686379756e+006 6.23304890307505e+000 9.01505101079099e-001 -1.56120733558153e+000 2.12979852112951e+001 9.01787970419300e-005 1496480 255
8.70404064953386e+004 1.73496531764323e+006 5.01263585220901e-002 3.85143846045147e-001 1.51087209738456e+000 2.14880188075826e+001 9.04824517030428e-005 1509284 256
8.70390997024813e+004 1.73493553048817e+006 5.01264663702752e-002 1.77274327804183e-001 1.14385630344554e+000 2.16232239871953e+001 9.20088376769883e-005 1518360 257
8.70475260261775e+004 1.73496578143604e+006 5.01304383986044e-002 5.88302870817201e-001 3.60975565355388e-002 2.17718167471204e+001 9.20131607448208e-005 1527501 258
8.70402336187340e+004 1.73495721820036e+006 5.01264927462898e-002 1.82866139405987e-001 1.17952241508225e+000 2.18105944893589e+001 9.34609609928693e-005 1529454 259
8.70478734378405e+004 1.73495723832887e+006 6.23304911542794e+000 7.38825929859233e-001 -1.56906922040468e+000 2.18682386501938e+001 9.35335276910356e-005 1533423 260
8.70425876543978e+004 1.73496111759777e+006 5.01277336903653e-002 6.90474993671897e-001 1.56916509704886e+000 2.20719028774147e+001 9.36177456314283e-005 1546046 261
8.70388092481008e+004 1.73493376966409e+006 5.01263501646481e-002 2.42978114125377e-001 1.37846645176550e+000 2.20837174118645e+001 9.44403679497522e-005 1547334 262
8.70470095463652e+004 1.73492088855747e+006 6.23304856354545e+000 7.82040908651433e-001 -1.56619292107913e+000 2.21824564969057e+001 9.45044035161435e-005 1556164 263
8.70405567630060e+004 1.73493995591790e+006 5.01271764482758e-002 2.77197569905980e-001 1.43071922284616e+000 2.21894755952381e+001 9.51254429696729e-005 1556482 264
8.70469807951211e+004 1.73494013533218e+006 6.23304913528378e+000 9.65658983097619e-001 -1.55938567934202e+000 2.22769865681255e+001 9.51657044829089e-005 1564586 265
8.70401051129428e+004 1.73496240181590e+006 5.01262693497457e-002 1.92469468026476e-001 1.22947414670248e+000 2.24729824195253e+001 9.64843551999475e-005 1579931 266
8.70432219360913e+004 1.73495595389208e+006 5.01282473060873e-002 4.43949038705420e-001 1.53196495910520e+000 2.25033206003620e+001 9.67067221899239e-005 1582255 267
8.70471816122445e+004 1.73492617787512e+006 6.23304861719802e+000 7.51984921291738e-001 -1.56791870067446e+000 2.25437940817896e+001 9.67765243408369e-005 1584421 268
8.70444969300709e+004 1.73496664574499e+006 5.01286719403906e-002 6.26837746420935e-001 1.56350837504196e+000 2.25474226953143e+001 9.68807027812174e-005 1585175 269
8.70397744351338e+004 1.73494076013981e+006 5.01267034582746e-002 5.31868120031606e-001 1.55142791787469e+000 2.26054081178053e+001 9.70302163192346e-005 1588990 270
8.70405486858387e+004 1.73496683141716e+006 5.01263966096148e-002 6.14013048073320e-001 1.56216610202338e+000 2.26151055922550e+001 9.71392407431459e-005 1589775 271
8.70467313733163e+004 1.73493066516745e+006 6.23304900550508e+000 7.73318898163837e-001 -1.56676818094424e+000 2.27146917338497e+001 9.72048761526804e-005 1596321 272
8.70393850369654e+004 1.73493040238946e+006 5.01267783373820e-002 1.83838628380213e-001 1.18556264366588e+000 2.27296918080198e+001 9.86394204060454e-005 1597833 273
8.70422933140988e+004 1.73495178164722e+006 5.01278337537567e-002 5.55450977656604e-001 1.55497535370952e+000 2.28732703789549e+001 9.87753317545166e-005 1606627 274
8.70470608038525e+004 1.73492388114802e+006 6.23304862040262e+000 9.26850594969883e-001 -1.56034444578387e+000 2.29604586038842e+001 9.88193959210334e-005 1612709 275
8.70408659797209e+004 1.73496134725736e+006 5.01267372155901e-002 4.42824598328971e-001 1.53158145252846e+000 2.29808461154782e+001 9.90430036733949e-005 1613819 276
8.70400204347717e+004 1.73493842052308e+006 5.01269123780529e-002 3.36792909857812e-001 1.48488952681051e+000 2.30129774660470e+001 9.94501286148655e-005 1615905 277
8.70401041139088e+004 1.73495820485264e+006 5.01263898306637e-002 5.96964100743908e-001 1.56034444578387e+000 2.30141556184411e+001 9.95661187086117e-005 1616088 278
8.70395586421994e+004 1.73494078195619e+006 5.01265787606916e-002 4.37141615885833e-001 1.53014330286569e+000 2.32020171608348e+001 9.97961585110552e-005 1626915 279
8.70401711783506e+004 1.73493639852210e+006 5.01270573701603e-002 5.23693134592012e-001 1.55008564485611e+000 2.32085841929164e+001 9.99508507086577e-005 1627534 280
8.70415238311674e+004 1.73495832848367e+006 5.01272025107745e-002 6.62759057906435e-001 1.56695993423261e+000 2.32473535637714e+001 1.00043011250672e-004 1630927 281
8.70420524423068e+004 1.73496295470457e+006 5.01273729886219e-002 4.08058117500365e-001 1.52017213187048e+000 2.34477787399407e+001 1.00310549266566e-004 1642512 282
8.70440282836378e+004 1.73496675120154e+006 5.01283994583292e-002 6.71906532320256e-001 1.56763107074190e+000 2.35444249567509e+001 1.00399972222064e-004 1649401 283
8.70434083155829e+004 1.73496621176505e+006 5.01280585781065e-002 5.05246234362149e-001 1.54634645573290e+000 2.36307763574360e+001 1.00567348568606e-004 1654900 284
8.70392701997353e+004 1.73493468995071e+006 5.01265886410681e-002 2.84035383006012e-001 1.43886873760186e+000 2.37420787158000e+001 1.01156627451564e-004 1663227 285
8.70409458874142e+004 1.73495426134147e+006 5.01269875427777e-002 4.34497661487154e-001 1.52918453642384e+000 2.38124742142054e+001 1.01389748888363e-004 1666495 286
8.70405800824268e+004 1.73494754234034e+006 5.01269710309138e-002 2.01525771598962e-001 1.26744129779962e+000 2.38442449398155e+001 1.02596746336377e-004 1669207 287
8.70381931366265e+004 1.73492215684591e+006 5.01263308951339e-002 3.89064192222499e-001 1.51307726020081e+000 2.39415950954908e+001 1.02893748827426e-004 1676774 288
8.70472040883842e+004 1.73493296947623e+006 6.23304880019212e+000 9.83923541644814e-001 -1.55881041947691e+000 2.40003335475283e+001 1.02932384148351e-004 1681601 289
8.70410309064577e+004 1.73495300844391e+006 5.01270725620376e-002 1.74691153966393e-001 1.12458509796442e+000 2.40003488892051e+001 1.04494754139480e-004 1681614 290
8.70470140113421e+004 1.73492118145590e+006 6.23304856942760e+000 9.16852192703614e-001 -1.56063207571642e+000 2.40015764812919e+001 1.04539882518958e-004 1681720 291
8.70470016484028e+004 1.73492477366461e+006 6.23304868016029e+000 7.72072896665609e-001 -1.56676818094424e+000 2.40117966444110e+001 1.04605751189157e-004 1682631 292
8.70401405846870e+004 1.73493678266050e+006 5.01270287003305e-002 5.32172022836052e-001 1.55152379451888e+000 2.40341048667579e+001 1.04755077229132e-004 1684978 293
8.70400242531883e+004 1.73495386651210e+006 5.01264690495012e-002 4.72060048116662e-001 1.53934746070742e+000 2.41007564449399e+001 1.04949399220232e-004 1689768 294
8.70420520904413e+004 1.73495726289661e+006 5.01275369619317e-002 3.11386635406139e-001 1.46552244468520e+000 2.42017332015282e+001 1.05432302050426e-004 1697090 295
8.70470648219099e+004 1.73494519828260e+006 6.23304923302131e+000 8.67528767542052e-001 -1.56264548524430e+000 2.44012332799874e+001 1.05483269361384e-004 1711119 296
8.70421425575926e+004 1.73494833883324e+006 5.01278463845894e-002 2.10855587695450e-001 1.29965585024567e+000 2.44102863954280e+001 1.06586331218149e-004 1712090 297
8.70467898428254e+004 1.73492776503458e+006 6.23304888822886e+000 9.43990713140629e-001 -1.55986506256294e+000 2.44966338698974e+001 1.06628654151311e-004 1717115 298
8.70383472030008e+004 1.73492491289663e+006 5.01263399792004e-002 1.63203627958340e-001 1.00828672856838e+000 2.45051374535551e+001 1.08330240882149e-004 1717578 299
8.70404384420494e+004 1.73495729253184e+006 5.01266083625965e-002 5.63261279730863e-001 1.55602999679556e+000 2.45196589543258e+001 1.08462042751637e-004 1718659 300
