6.18082836892060e+002 1.73710185719970e+006 3.55812647512106e-004 7.43247523320373e-001 1.56763107074190e+000 6.37047348080775e-007 7.16200934517410e-008 2 1
6.19492886538680e+002 1.73711910930697e+006 3.56620830982504e-004 4.59860850984273e-001 1.53953921399579e+000 3.91406599068853e-005 2.77465102023636e-007 70 2
6.18062358775512e+002 1.73710110961417e+006 3.55801011969717e-004 4.18140766240271e-001 1.56849396053957e+000 5.90419000870550e-005 5.31340150745465e-007 113 3
6.21099471259296e+002 1.73714202026640e+006 3.57540971058802e-004 4.13112136544428e-001 1.50272258262886e+000 1.01856615972711e-004 7.91460392923007e-007 149 4
6.20629576891420e+002 1.73713783045465e+006 3.57271334262915e-004 9.06658754080568e-002 1.49907927014985e+000 1.45814829750144e-004 8.10346378745646e-006 212 5
6.18212594652556e+002 1.73710760625141e+006 3.55886167516548e-004 7.39183688856872e-001 1.55833103625599e+000 1.45814829750144e-004 8.17594771666361e-006 212 6
6.18067010608263e+002 1.73710121851999e+006 3.55803667591231e-004 3.30782943384575e-001 1.56801457731864e+000 1.82005918843708e-004 8.60108987990779e-006 240 7
6.18363510378394e+002 1.73711778111817e+006 3.55970960047192e-004 6.51650448686204e-001 1.54184025345622e+000 2.20415893654434e-004 8.69670272998148e-006 273 8
6.18413148443231e+002 1.73712590575111e+006 3.55997869970789e-004 2.08195476438813e-001 1.52688349696341e+000 2.73840911760394e-004 9.87288598100258e-006 338 9
6.19942100185718e+002 1.73712722924466e+006 3.56877759688515e-004 6.49867039317329e-001 1.52669174367504e+000 3.98440630924417e-004 9.96902379359384e-006 425 10
6.19703084578167e+002 1.73712539244675e+006 3.56740544455873e-004 4.30985468316786e-002 1.48182147419660e+000 4.03023243626212e-004 4.74655979304499e-005 437 11
6.18983451011187e+002 1.73711890402949e+006 3.56327608535061e-004 4.64314758161329e-002 1.49898339350566e+000 4.33516771125764e-004 7.93385586760385e-005 490 12
6.20870584986519e+002 1.73713606012198e+006 3.57410437099436e-004 4.34688466285895e-001 1.51231024704733e+000 5.60171278984885e-004 7.95712582748403e-005 608 13
6.18094988899290e+002 1.73710323781276e+006 3.55819360277294e-004 8.19261693141260e-001 1.56542590792566e+000 5.62351015191920e-004 7.96290671613823e-005 625 14
6.19523362851270e+002 1.73711939160255e+006 3.56638317193517e-004 3.73321642265109e-001 1.53886807748650e+000 5.65898640387404e-004 7.99546985980320e-005 645 15
6.19226952169214e+002 1.73713179192595e+006 3.56465139156096e-004 4.81846487794007e-001 1.51911748878445e+000 6.00623624407348e-004 8.01402872278823e-005 689 16
6.19762265303838e+002 1.73714544179323e+006 3.56770494915238e-004 5.93382663896578e-001 1.49735349055452e+000 6.45947835602815e-004 8.02575126220374e-005 724 17
6.18657085448068e+002 1.73711102568914e+006 3.56141346259952e-004 8.97468579399288e-001 1.55286606753746e+000 6.49833774395961e-004 8.03048079806802e-005 733 18
6.21683032994758e+002 1.73714288633431e+006 3.57876724675069e-004 5.93382663896578e-001 1.50166793954283e+000 6.63875610905927e-004 8.04220694952738e-005 754 19
6.20020262293380e+002 1.73714206654763e+006 3.56919706168376e-004 6.15660662897930e-001 1.50281845927305e+000 8.02341415229867e-004 8.05302067632129e-005 850 20
6.19968279229339e+002 1.73712490084266e+006 3.56893308366156e-004 6.32529961354335e-001 1.53043093279824e+000 8.80377833753248e-004 8.06322533216017e-005 894 21
6.20193951981913e+002 1.73714262669552e+006 3.57019576919303e-004 3.84753003957404e-001 1.50157206289865e+000 1.00373959297000e-003 8.09364040428419e-005 1017 22
6.18658178109258e+002 1.73711185568792e+006 3.56141805104435e-004 6.54427889506582e-001 1.55142791787469e+000 1.02089563618438e-003 8.10311483821265e-005 1036 23
6.18044089098947e+002 1.73710266470617e+006 3.55790176123401e-004 6.72466636729462e-001 1.56628879772332e+000 1.03366824154636e-003 8.11204071009997e-005 1058 24
6.18182924311411e+002 1.73711200502432e+006 3.55868186062502e-004 7.88154355953020e-001 1.55123616458632e+000 1.07204251028056e-003 8.11833436306928e-005 1077 25
6.18240246697168e+002 1.73710945856241e+006 3.55901706450589e-004 6.13818781090732e-001 1.55526298364208e+000 1.07311519052675e-003 8.12924348808377e-005 1085 26
6.18329143129273e+002 1.73711240198034e+006 3.55952278223246e-004 2.27696034619787e-001 1.54903100177007e+000 1.07395039544887e-003 8.22590326515454e-005 1088 27
6.19764626294539e+002 1.73712686672902e+006 3.56775668990234e-004 6.56035881560486e-001 1.52726700354015e+000 1.08821502812774e-003 8.23531952441704e-005 1111 28
6.20100947616948e+002 1.73713555063829e+006 3.56967492289331e-004 7.37078681077216e-001 1.51336489013337e+000 1.09861173982384e-003 8.24260207648469e-005 1150 29
6.21300422749031e+002 1.73714294631777e+006 3.57656459748541e-004 2.32490774562335e-001 1.50013391323588e+000 1.17805103039134e-003 8.33472186723115e-005 1253 30
6.20539077461999e+002 1.73714002824474e+006 3.57218785462175e-004 8.99719768274753e-001 1.50627001846370e+000 1.18266579556288e-003 8.33941637394461e-005 1261 31
6.18030158386243e+002 1.73713521623090e+006 3.55775489746403e-004 6.29167796150718e-001 1.51365252006592e+000 1.18904384846105e-003 8.34973293528957e-005 1299 32
6.18468308557761e+002 1.73711071335074e+006 3.56032737391034e-004 2.63188804682309e-001 1.55219493102817e+000 1.21132710995515e-003 8.42001867971050e-005 1317 33
6.20082599950919e+002 1.73714706867098e+006 3.56954563489581e-004 2.28222286564701e-001 1.49332667149876e+000 1.29394133532134e-003 8.51592306242862e-005 1417 34
6.18588528295770e+002 1.73711047442673e+006 3.56101993082770e-004 8.07128662189080e-001 1.55372895733512e+000 1.31383929700357e-003 8.52189607382810e-005 1447 35
6.19165531831790e+002 1.73712588379110e+006 3.56430994085643e-004 1.84397194041043e-001 1.52640411374248e+000 1.33306922507888e-003 8.67551444314655e-005 1471 36
6.18400123094245e+002 1.73711350707342e+006 3.55992912640815e-004 8.64870195033792e-001 1.54883924848170e+000 1.33519556199930e-003 8.68064463904022e-005 1480 37
6.20195717512934e+002 1.73712774395119e+006 3.57023652014790e-004 3.70924272293835e-001 1.52544534730064e+000 1.35276148322219e-003 8.71365546377530e-005 1529 38
6.18118000236300e+002 1.73710279607812e+006 3.55832697721614e-004 7.10210595667449e-001 1.56609704443495e+000 1.36585553338898e-003 8.72157088762519e-005 1552 39
6.18351217815273e+002 1.73712141560126e+006 3.55963138871443e-004 4.85208652997623e-001 1.53580002487259e+000 1.42949279394692e-003 8.73986123311368e-005 1619 40
6.19697083143115e+002 1.73712043100943e+006 3.56738108534613e-004 4.19602577198365e-001 1.53733405117954e+000 1.52932618390055e-003 8.76504052896957e-005 1696 41
6.18262826441981e+002 1.73712480349403e+006 3.55911560926808e-004 3.07160078301776e-001 1.52975979628895e+000 1.56043919535972e-003 8.81503965618375e-005 1739 42
6.18533538075563e+002 1.73714450882555e+006 3.56063360758791e-004 5.77799759083296e-001 1.49869576357311e+000 1.56053250708646e-003 8.82747021614792e-005 1742 43
6.19934700625266e+002 1.73712647504669e+006 3.56873654976996e-004 5.69876743690426e-001 1.52784226340526e+000 1.58103559029921e-003 8.84030568888056e-005 1791 44
6.18027512684945e+002 1.73710201733574e+006 3.55780766149939e-004 6.85330573160689e-001 1.56734344080935e+000 1.60094489474636e-003 8.84886714965595e-005 1799 45
6.18519740915738e+002 1.73710898672943e+006 3.56062699290670e-004 1.39607306285043e-001 1.55171554780725e+000 1.63511797052045e-003 9.13243285585209e-005 1847 46
6.19152968867177e+002 1.73712331426672e+006 3.56424289262289e-004 3.78847287686705e-001 1.53254021897031e+000 1.63527281557181e-003 9.16395324817647e-005 1849 47
6.20303336006668e+002 1.73714635703370e+006 3.57081777900082e-004 3.40781730337937e-001 1.49543595767083e+000 1.67093855775062e-003 9.20365854415707e-005 1920 48
6.19986345442821e+002 1.73714461785107e+006 3.56899657488331e-004 7.39359106171843e-001 1.49879164021729e+000 1.67093855775062e-003 9.21088494328657e-005 1920 49
6.18819140867117e+002 1.73712861160219e+006 3.56231030079116e-004 6.61707708077890e-001 1.52439070421461e+000 1.69704370885627e-003 9.22012335425539e-005 1925 50
6.18308982775048e+002 1.73713126907773e+006 3.55936806659361e-004 9.64624174814126e-001 1.52017213187048e+000 1.70330627525712e-003 9.22415410588139e-005 1933 51
6.18630423867938e+002 1.73714919670951e+006 3.56118172744252e-004 4.17789931610328e-001 1.49092975539415e+000 1.72399199363549e-003 9.24950752733463e-005 1976 52
6.18496005594064e+002 1.73711047407423e+006 3.56048730745210e-004 2.18398916926309e-001 1.55200317773980e+000 1.76471272741755e-003 9.35545801028840e-005 2021 53
6.18023959404076e+002 1.73711718772616e+006 3.55775613582711e-004 9.51964891917032e-001 1.54289489654225e+000 1.78710836960253e-003 9.35961133202572e-005 2067 54
6.20493022925173e+002 1.73714869653432e+006 3.57190491392324e-004 6.59807353832368e-001 1.49227202841273e+000 1.82167966367362e-003 9.36888972235013e-005 2141 55
6.18140888256588e+002 1.73712757732615e+006 3.55840797322344e-004 9.60677285227272e-001 1.52611648380993e+000 1.83526489233683e-003 9.37295814921094e-005 2166 56
6.19616488892861e+002 1.73713585098972e+006 3.56688546991061e-004 5.21910109910232e-002 1.48028744788965e+000 1.85405652343448e-003 1.18335459136013e-004 2180 57
6.19307397009647e+002 1.73712048569849e+006 3.56513768543929e-004 6.59602700298235e-001 1.53752580446791e+000 1.85405652343448e-003 1.18428541831062e-004 2180 58
6.18145381981538e+002 1.73711186064811e+006 3.55846603718227e-004 3.41892706666089e-001 1.55085265800958e+000 1.90143593008405e-003 1.18823805300460e-004 2239 59
6.19636062926954e+002 1.73712672166525e+006 3.56701689588271e-004 7.86663308775764e-001 1.52755463347270e+000 1.90171040270388e-003 1.18886957570862e-004 2243 60
6.18948517872763e+002 1.73711264141933e+006 3.56308783277276e-004 4.29513655494242e-001 1.54989389156774e+000 1.96361039643441e-003 1.19126226588458e-004 2283 61
6.18417341615013e+002 1.73710770725559e+006 3.56004013398915e-004 1.78520713989505e-001 1.55555061357463e+000 2.00301247134938e-003 1.20777295755899e-004 2329 62
6.18320664800366e+002 1.73711992441223e+006 3.55945856125255e-004 1.24141346348409e-001 1.53282784890286e+000 2.00736768238157e-003 1.24446749235089e-004 2348 63
6.18071567258405e+002 1.73712695940905e+006 3.55801018359192e-004 8.25430535384417e-001 1.52707525025178e+000 2.05045394918152e-003 1.24503558387588e-004 2418 64
6.18977641444306e+002 1.73714639892178e+006 3.56318624401922e-004 5.96754830964644e-002 1.47098741340373e+000 2.07296564229850e-003 1.42810375216164e-004 2453 65
6.20907330056406e+002 1.73714296802160e+006 3.57430168411487e-004 8.20080307277793e-001 1.50157206289865e+000 2.08571423311738e-003 1.42867919905517e-004 2488 66
6.21011925627887e+002 1.73714827521966e+006 3.57489287490180e-004 5.71426263306006e-001 1.49294316492203e+000 2.09344250404882e-003 1.42995241120642e-004 2500 67
6.21986782977916e+002 1.73714978408763e+006 3.58050158999410e-004 9.83189173981919e-001 1.49083387874996e+000 2.10320820031458e-003 1.43033819073775e-004 2507 68
6.18329513235287e+002 1.73711244729678e+006 3.55952481995590e-004 2.26204987442531e-001 1.54893512512589e+000 2.10333936532541e-003 1.44014487338420e-004 2510 69
6.18084724087559e+002 1.73710214215199e+006 3.55813675549316e-004 7.04041753424292e-001 1.56715168752098e+000 2.14218370421692e-003 1.44095175773964e-004 2534 70
6.18348428554402e+002 1.73710700125413e+006 3.55964486926166e-004 4.33431308861934e-001 1.55900217276528e+000 2.14218370421692e-003 1.44329747613487e-004 2534 71
6.18210048329442e+002 1.73713427596309e+006 3.55879237883280e-004 8.36481826227607e-001 1.51528242301706e+000 2.14877517728002e-003 1.44384886352025e-004 2550 72
6.21301518373029e+002 1.73714139165743e+006 3.57657410539383e-004 8.88025280610001e-001 1.50416073229163e+000 2.27368665061186e-003 1.44433195575372e-004 2648 73
6.18216441849032e+002 1.73711541601417e+006 3.55886782219334e-004 9.71143851687225e-001 1.54577119586779e+000 2.31052048797288e-003 1.44472948661285e-004 2682 74
6.18048047238973e+002 1.73710169421396e+006 3.55792653486185e-004 4.12936719229456e-001 1.56753519409772e+000 2.31254214359141e-003 1.44733915111730e-004 2693 75
6.20212683229547e+002 1.73713838061377e+006 3.57031232398024e-004 3.14322951996436e-001 1.50809167470321e+000 2.41796992022302e-003 1.45208647575180e-004 2773 76
6.19554923688495e+002 1.73714613263267e+006 3.56650995434929e-004 5.74145231688061e-001 1.49620297082430e+000 2.49571882628428e-003 1.45334677434450e-004 2838 77
6.19392882960398e+002 1.73712753181934e+006 3.56561533546487e-004 7.37107917296378e-001 1.52621236045412e+000 2.53721487263733e-003 1.45407544378163e-004 2899 78
6.19201547653682e+002 1.73714615156907e+006 3.56447568254519e-004 3.91184972173018e-001 1.49581946424757e+000 2.64162044202229e-003 1.45700679658956e-004 3031 79
6.19640815917189e+002 1.73713533313243e+006 3.56702657425933e-004 2.01149547620800e-001 1.51163911053804e+000 2.64875369950830e-003 1.46968414409241e-004 3042 80
6.18495454796052e+002 1.73712502336532e+006 3.56045431584786e-004 5.94415933431694e-002 1.50521537537767e+000 2.65880233917182e-003 1.65486544519236e-004 3052 81
6.19431985466132e+002 1.73711762526859e+006 3.56586076959535e-004 6.32354544039363e-001 1.54212788338878e+000 2.70899121820447e-003 1.65588694616614e-004 3096 82
6.19013798352227e+002 1.73713367647430e+006 3.56342048130610e-004 9.00859980822066e-001 1.51633706610309e+000 2.86711732093496e-003 1.65635537143010e-004 3254 83
6.18129043156830e+002 1.73710335293074e+006 3.55838940742653e-004 8.01836906520780e-001 1.56523415463729e+000 2.96887691032487e-003 1.65696145803295e-004 3364 84
6.18210943380465e+002 1.73710427739794e+006 3.55885898920652e-004 5.69730562594617e-001 1.56360425168615e+000 2.96908996495638e-003 1.65824688238739e-004 3367 85
6.18166566772961e+002 1.73710657942386e+006 3.55859881023470e-004 2.15007515503531e-001 1.55823515961180e+000 2.97549922470098e-003 1.66921414951801e-004 3374 86
6.18064889734794e+002 1.73710116868771e+006 3.55802456871479e-004 8.46042069893542e-001 1.56878159047212e+000 2.98237993049209e-003 1.66975275094910e-004 3392 87
6.18757144707956e+002 1.73711363315129e+006 3.56198412545254e-004 2.08750964602889e-001 1.54672996230964e+000 2.98503596065707e-003 1.68145373083333e-004 3404 88
6.19325644492803e+002 1.73711744415742e+006 3.56524897228453e-004 5.28741383329662e-001 1.54231963667714e+000 3.00747476690089e-003 1.68296805660950e-004 3422 89
6.18874660213327e+002 1.73714693392850e+006 3.56259232850906e-004 3.11633219833543e-001 1.49418956129643e+000 3.04274354186482e-003 1.68780130208860e-004 3481 90
6.19785439535960e+002 1.73712967191682e+006 3.56787074250547e-004 6.70829408456397e-001 1.52276080126347e+000 3.05523313995440e-003 1.68869766287340e-004 3527 91
6.20862564356619e+002 1.73713780081531e+006 3.57405461805718e-004 1.93665075515359e-001 1.50761229148228e+000 3.06128540172424e-003 1.70247452575677e-004 3530 92
6.18031150442805e+002 1.73711323142368e+006 3.55780563515443e-004 9.67762452128897e-002 1.53992272057253e+000 3.08454522643220e-003 1.76595386412356e-004 3541 93
6.19093948077228e+002 1.73712797060824e+006 3.56389357802687e-004 3.38062761955883e-001 1.52487008743553e+000 3.08513175784833e-003 1.77000221721963e-004 3543 94
6.19501784892445e+002 1.73712350718363e+006 3.56625050589404e-004 8.04643583560320e-001 1.53273197225867e+000 3.10595672310024e-003 1.77060323618910e-004 3560 95
6.18015901668876e+002 1.73710305704830e+006 3.55773869078259e-004 2.97862960608298e-001 1.56485064806055e+000 3.18965301709323e-003 1.77595733909339e-004 3629 96
6.20723116053675e+002 1.73713914118930e+006 3.57324911354254e-004 6.51124196741290e-001 1.50761229148228e+000 3.18969915644757e-003 1.77691365808535e-004 3630 97
6.19331468544040e+002 1.73712934851792e+006 3.56525806688621e-004 6.59661172736559e-001 1.52324018448439e+000 3.24151238159465e-003 1.77784376609089e-004 3657 98
6.18259465368833e+002 1.73711384921486e+006 3.55911870452605e-004 8.08239638517231e-001 1.54826398861660e+000 3.24505804654662e-003 1.77843919801752e-004 3667 99
6.18142020537599e+002 1.73714158376687e+006 3.55838580012150e-004 5.20321352211040e-001 1.50329784249397e+000 3.28312926010620e-003 1.78000502215511e-004 3693 100
