8.19805539447566e+002 1.73714911845270e+006 4.71925794900706e-004 8.15344039773568e-001 1.51077622074038e+000 5.58640690236361e-005 5.83173778634399e-008 60 1
8.19670444184171e+002 1.73712205031568e+006 4.71855378960097e-004 1.19083480433404e-001 1.53560827158422e+000 8.58568335119105e-005 4.07982063840040e-006 96 2
8.19642868633025e+002 1.73711251369836e+006 4.71842095052858e-004 3.73555532018404e-001 1.55468772377697e+000 9.63877147837954e-005 4.40512730693462e-006 110 3
8.20138777006143e+002 1.73713001750893e+006 4.72122816256399e-004 4.06153916383900e-001 1.53349898541215e+000 1.20656091153962e-004 4.67559109910829e-006 145 4
8.19740101171672e+002 1.73711575025023e+006 4.71897189467721e-004 2.38074892422254e-001 1.54951038499100e+000 1.58433214772097e-004 5.55191041922922e-006 212 5
8.22591553306979e+002 1.73714109114187e+006 4.73531767809598e-004 4.06972530520433e-001 1.52017213187048e+000 2.39122431765877e-004 5.82102097750972e-006 317 6
8.20009369551875e+002 1.73711153784663e+006 4.72053343022307e-004 3.85191547244833e-001 1.55593412015137e+000 2.45171803619694e-004 6.12510519627774e-006 331 7
8.19987903737387e+002 1.73710930612264e+006 4.72041592283869e-004 6.80769722971436e-001 1.55919392605365e+000 2.59964984642306e-004 6.21198142322103e-006 359 8
8.19358949129581e+002 1.73710008710214e+006 4.71682025951489e-004 8.02158504931560e-001 1.57050737006745e+000 2.87983882180311e-004 6.27253757277285e-006 390 9
8.19903440371352e+002 1.73712172116205e+006 4.71989596064943e-004 3.22947636649191e-001 1.54318252647481e+000 4.40282304413089e-004 6.72053389668157e-006 530 10
8.20029755167804e+002 1.73712836785811e+006 4.72060504812772e-004 5.31489587930878e-001 1.53580002487259e+000 5.03775760493917e-004 6.87021818502994e-006 639 11
8.19388210188976e+002 1.73711493646725e+006 4.71694838503403e-004 8.01719961644132e-001 1.55238668431654e+000 5.07993742600090e-004 6.93083696095652e-006 646 12
8.20169610437237e+002 1.73711159338420e+006 4.72145573500513e-004 1.08324551781832e-001 1.54663408566546e+000 5.68088612593387e-004 1.18853927955468e-005 727 13
8.19376303479298e+002 1.73711671145191e+006 4.71687502232950e-004 9.64185631526698e-001 1.55027739814447e+000 6.24071589584928e-004 1.19257839086582e-005 800 14
8.20874135808974e+002 1.73712754674960e+006 4.72546806505031e-004 7.58479593503712e-001 1.53704642124699e+000 7.03586304595529e-004 1.19942391526636e-005 872 15
8.19898212619893e+002 1.73711169134286e+006 4.71989311811090e-004 4.41383560473965e-001 1.55593412015137e+000 7.05827098870141e-004 1.22196045266292e-005 888 16
8.19709382401830e+002 1.73710661317593e+006 4.71881987750244e-004 8.10052284105268e-001 1.56254960860012e+000 8.73564418818469e-004 1.22788680154177e-005 1007 17
8.19975962661513e+002 1.73712237628436e+006 4.72031166574955e-004 1.78608422646991e-001 1.53982684392834e+000 9.22721103055495e-004 1.39275547217170e-005 1069 18
8.23354896214264e+002 1.73714516050200e+006 4.73970082224688e-004 9.05069996381377e-001 1.51585768288217e+000 1.04119790747801e-003 1.39739180056047e-005 1304 19
8.22564353953816e+002 1.73714255363103e+006 4.73515711624697e-004 8.01252182137542e-001 1.51892573549608e+000 1.04700556860348e-003 1.40345433040228e-005 1337 20
8.20314804782867e+002 1.73714359491080e+006 4.72220457889319e-004 9.95673039564042e-001 1.51758346247749e+000 1.05282469056580e-003 1.40721321232257e-005 1342 21
8.19736041742367e+002 1.73710620428518e+006 4.71897445804960e-004 5.59624832629057e-002 1.52563710058901e+000 1.10172401600977e-003 3.52418150288619e-005 1386 22
8.19998912376308e+002 1.73711313756911e+006 4.72046888447052e-004 4.20947443279811e-001 1.55411246391186e+000 1.13065684312233e-003 3.54919468361759e-005 1397 23
8.21507555887428e+002 1.73712708256459e+006 4.72911569274764e-004 5.35173351545275e-001 1.53742992782373e+000 1.16829133614583e-003 3.56393819875273e-005 1440 24
8.20289268126069e+002 1.73711764033737e+006 4.72212812827139e-004 5.72098696346729e-001 1.54893512512589e+000 1.17078803205262e-003 3.57667295981949e-005 1448 25
8.20956307398498e+002 1.73712254600435e+006 4.72595470116712e-004 5.80577199903674e-001 1.54299077318644e+000 1.20738059487603e-003 3.58900034134849e-005 1488 26
8.19601669146226e+002 1.73714474671987e+006 4.71809623163641e-004 4.46821497238075e-001 1.51566592959380e+000 1.28267517536513e-003 3.61090696464354e-005 1544 27
8.21034493273521e+002 1.73713791912612e+006 4.72636296230833e-004 5.14094037529560e-001 1.52419895092624e+000 1.28946706877726e-003 3.62700472216275e-005 1557 28
8.20917825146264e+002 1.73713570998393e+006 4.72569736099746e-004 4.68690189171161e-001 1.52678762031922e+000 1.33697073328240e-003 3.64673626738181e-005 1622 29
8.19924083916741e+002 1.73711819760943e+006 4.72002437229550e-004 4.32291096314621e-001 1.54797635868404e+000 1.48599248217035e-003 3.67032528015427e-005 1744 30
8.21822522131708e+002 1.73713638856071e+006 4.73090349284948e-004 1.09552472986631e-001 1.51672057267983e+000 1.48826964658573e-003 4.15308007648777e-005 1757 31
8.20411230820507e+002 1.73711687609245e+006 4.72283230399561e-004 9.06210208928690e-001 1.55008564485611e+000 1.50710227415909e-003 4.15770957400377e-005 1777 32
8.22090027255014e+002 1.73713686458909e+006 4.73244211576668e-004 6.85622935352308e-001 1.52573297723319e+000 1.51894953507559e-003 4.16625437281067e-005 1807 33
8.19722128919632e+002 1.73711843998348e+006 4.71886112776018e-004 7.11175390899791e-001 1.54807223532823e+000 1.51898843044140e-003 4.17414424138619e-005 1808 34
8.20321434782833e+002 1.73712228578783e+006 4.72230067230547e-004 6.70683227360587e-001 1.54337427976318e+000 1.54699157986172e-003 4.18311912873203e-005 1835 35
8.22225058054986e+002 1.73713677894739e+006 4.73321966708443e-004 8.31950212257516e-001 1.52592473052156e+000 1.55226723095638e-003 4.18870227735928e-005 1856 36
8.21287515636235e+002 1.73712562539092e+006 4.72785296836775e-004 3.99838893044934e-001 1.53886807748650e+000 1.69959897859042e-003 4.21670254702311e-005 1976 37
8.21061487708211e+002 1.73712035480567e+006 4.72656614893664e-004 7.01439729918885e-001 1.54577119586779e+000 1.76936712217712e-003 4.22483489392825e-005 2049 38
8.19526533650977e+002 1.73710384338865e+006 4.71777479491683e-004 4.48341780634493e-001 1.56552178456984e+000 1.84337968982380e-003 4.24661120872913e-005 2125 39
8.20857594009773e+002 1.73712381845563e+006 4.72538298186739e-004 5.25086855934427e-001 1.54136087023530e+000 1.88286521146947e-003 4.26198687688591e-005 2165 40
8.19801021660586e+002 1.73713507626527e+006 4.71927009016717e-004 2.17112523283186e-001 1.52554122394482e+000 1.96915064038331e-003 4.36923238107992e-005 2274 41
8.19538944563452e+002 1.73713471639199e+006 4.71776239359986e-004 5.24852966181132e-001 1.52803401669362e+000 1.97219785099451e-003 4.38461572153125e-005 2284 42
8.21908690885482e+002 1.73714040055505e+006 4.73138860446704e-004 8.40457952033623e-001 1.52151440488907e+000 2.06227529731159e-003 4.39007415365592e-005 2367 43
8.19988590121170e+002 1.73713814027377e+006 4.72034152154233e-004 9.99649165370057e-001 1.52419895092624e+000 2.13706700800635e-003 4.39380145316062e-005 2445 44
8.19697091464621e+002 1.73710898482143e+006 4.71874267986421e-004 4.64129338981908e-001 1.55928980269784e+000 2.22458613050579e-003 4.41398028840460e-005 2543 45
8.19936469218764e+002 1.73711168147235e+006 4.72011337596497e-004 9.26587853684520e-001 1.55641350337230e+000 2.26199581007199e-003 4.41838923914127e-005 2585 46
8.21903084627576e+002 1.73714117359121e+006 4.73135422608645e-004 1.56915148028876e-001 1.51595355952635e+000 2.35724829093646e-003 4.63737432144903e-005 2665 47
8.19359524643506e+002 1.73710102475050e+006 4.71682102655136e-004 3.20024014733003e-001 1.56839808389538e+000 2.50363740529290e-003 4.68309659244043e-005 2733 48
8.19355003893511e+002 1.73710140506686e+006 4.71679396919383e-004 1.77000430593087e-001 1.56533003128147e+000 2.50656557393944e-003 4.85135651924703e-005 2743 49
8.19626412332800e+002 1.73710779229186e+006 4.71833904116969e-004 3.36074699052875e-001 1.56024856913968e+000 2.86775790921483e-003 4.89240978728644e-005 3105 50
8.19357476823583e+002 1.73710028869978e+006 4.71681123645705e-004 6.05925001917024e-001 1.57012386349071e+000 2.89348769721157e-003 4.90363537469576e-005 3160 51
8.19509672753596e+002 1.73710552310595e+006 4.71767316985105e-004 8.43995534552210e-001 1.56389188161870e+000 2.99472126713865e-003 4.90905004496716e-005 3253 52
8.20798320668924e+002 1.73713240504611e+006 4.72501841080949e-004 1.81093501275751e-001 1.52774638676107e+000 3.03967814516553e-003 5.06891078813832e-005 3367 53
8.19614872986317e+002 1.73711454466613e+006 4.71825427219118e-004 4.98014116990526e-001 1.55257843760491e+000 3.07065208787137e-003 5.08619012148816e-005 3438 54
8.22248390139076e+002 1.73714401603550e+006 4.73333426096043e-004 7.45908019264104e-001 1.51710407925657e+000 3.13893893262315e-003 5.09328584657565e-005 3488 55
8.19916214675953e+002 1.73710922519682e+006 4.72000345110650e-004 6.78313880561838e-001 1.55928980269784e+000 3.25622696924154e-003 5.10204282730778e-005 3622 56
8.20957080790651e+002 1.73712487206866e+006 4.72595282510560e-004 4.89944920501847e-001 1.54001859721671e+000 3.26498794041184e-003 5.11994892684569e-005 3632 57
8.19363622400828e+002 1.73712225891443e+006 4.71678695861421e-004 5.72566475853319e-001 1.54327840311899e+000 3.28467889829335e-003 5.13265903442128e-005 3652 58
8.19647182661361e+002 1.73712169755528e+006 4.71842083941218e-004 7.87891229980563e-001 1.54414129291665e+000 3.28473075501357e-003 5.13895627969401e-005 3654 59
8.22045113912263e+002 1.73714462111454e+006 4.73216243805692e-004 5.99814632112191e-001 1.51624118945891e+000 3.28494913440612e-003 5.15041791441098e-005 3657 60
8.22181193899392e+002 1.73713708865211e+006 4.73296631496801e-004 8.19524819113717e-001 1.52554122394482e+000 3.53704312775398e-003 5.15618888919141e-005 3853 61
8.22274356658160e+002 1.73713867801192e+006 4.73349828458295e-004 6.87387110366471e-002 1.49879164021729e+000 3.53813928352183e-003 6.50068898439425e-005 3864 62
8.21793341206629e+002 1.73713823907954e+006 4.73073047045931e-004 6.36009071434598e-001 1.52400719763787e+000 3.56984827872898e-003 6.51076841165662e-005 3899 63
8.19585224289242e+002 1.73711691186152e+006 4.71807716497934e-004 8.20021834839469e-001 1.54998976821192e+000 3.58738417994310e-003 6.51653635207315e-005 3948 64
8.19600786422888e+002 1.73712143783012e+006 4.71815445804186e-004 2.66521733666763e-001 1.54299077318644e+000 3.59707761423691e-003 6.58488831649043e-005 3955 65
8.19378261300148e+002 1.73710441238218e+006 4.71691968940291e-004 1.26304826566388e-001 1.55804340632344e+000 3.60074175186918e-003 6.93837372743389e-005 3969 66
8.19895205392741e+002 1.73712345096564e+006 4.71984385481925e-004 1.96500988774061e-001 1.53915570741905e+000 3.62827234079388e-003 7.07200584110548e-005 4009 67
8.20268128405046e+002 1.73711506275797e+006 4.72201344070176e-004 9.02760335067588e-001 1.55229080767235e+000 3.62842345854824e-003 7.07667455107353e-005 4011 68
8.19756355232728e+002 1.73711154119476e+006 4.71907689828898e-004 2.52868419318165e-001 1.55487947706534e+000 3.64339704581584e-003 7.15342970949603e-005 4045 69
8.19385147451471e+002 1.73710197301767e+006 4.71696595484036e-004 3.35373029792990e-001 1.56734344080935e+000 3.66895090887289e-003 7.19467422534511e-005 4075 70
8.20195023785297e+002 1.73712571640895e+006 4.72156364440736e-004 6.29518630780661e-001 1.53915570741905e+000 3.73203257119332e-003 7.20498982248060e-005 4124 71
8.22792420729976e+002 1.73714140479675e+006 4.73647313298215e-004 5.85459648503708e-001 1.52017213187048e+000 3.82295889801509e-003 7.21708133474799e-005 4183 72
8.19551478791601e+002 1.73710806174008e+006 4.71790693990347e-004 9.29569948039032e-001 1.56082382900479e+000 3.84582697958509e-003 7.22145946354518e-005 4223 73
8.20108782237256e+002 1.73711447211080e+006 4.72109774268372e-004 7.87598867788944e-001 1.55296194418165e+000 3.87505748317993e-003 7.22776308958522e-005 4275 74
8.19384789730732e+002 1.73710128926736e+006 4.71696575221539e-004 8.74605856014698e-001 1.56906922040468e+000 3.93912891153663e-003 7.23276968859125e-005 4329 75
8.19475525329734e+002 1.73712801202311e+006 4.71741552072854e-004 2.99997204607115e-001 1.53532064165166e+000 3.95623758291437e-003 7.28544407612181e-005 4359 76
8.20921877964571e+002 1.73712482448632e+006 4.72575030465032e-004 8.48205550111521e-001 1.54040210379345e+000 3.96487165366462e-003 7.29079745054077e-005 4373 77
8.19740258538376e+002 1.73713872381761e+006 4.71891039242957e-004 4.64977189337602e-001 1.52304843119602e+000 3.99070405088416e-003 7.31087384939155e-005 4397 78
8.21076767214039e+002 1.73713610595445e+006 4.72661124971390e-004 1.28292889469396e-001 1.51969274864956e+000 4.01261155000188e-003 7.65200207907766e-005 4409 79
8.19392094286689e+002 1.73710343759416e+006 4.71700196880415e-004 9.87603843075363e-001 1.56648055101169e+000 4.01493401208209e-003 7.65583424719352e-005 4415 80
8.20936630643811e+002 1.73714883661205e+006 4.72576990657800e-004 1.98196689485450e-001 1.50837930463576e+000 4.01583842186160e-003 7.78677417361570e-005 4420 81
8.19813493617412e+002 1.73713493290277e+006 4.71934227575526e-004 6.56123590217971e-001 1.52793814004944e+000 4.02138996699591e-003 7.79618793693809e-005 4432 82
8.19629092522248e+002 1.73714038443474e+006 4.71826594467735e-004 4.33577489957743e-001 1.52093914502396e+000 4.07271819585994e-003 7.81960022723092e-005 4495 83
8.19589037129951e+002 1.73710838874044e+006 4.71812226356736e-004 1.54663959153411e-001 1.55564649021882e+000 4.08674805627364e-003 8.04597330853713e-005 4523 84
8.20010794081228e+002 1.73711813402606e+006 4.72052370596182e-004 5.28215131384748e-001 1.54826398861660e+000 4.09286080802183e-003 8.06115207903890e-005 4539 85
8.20689687706895e+002 1.73711646173187e+006 4.72443641359862e-004 8.18823149853832e-001 1.55056502807703e+000 4.09286080802183e-003 8.06693868035107e-005 4539 86
8.20677278023950e+002 1.73714412727940e+006 4.72428973555476e-004 3.98406318306002e-001 1.51633706610309e+000 4.14370613717885e-003 8.09513345840482e-005 4610 87
8.20931877349877e+002 1.73712621779201e+006 4.72580407703368e-004 7.78623348506247e-001 1.53867632419813e+000 4.26018782271823e-003 8.10159574621621e-005 4707 88
8.20165506636419e+002 1.73711247463897e+006 4.72142971550179e-004 9.41001309731327e-001 1.55545473693045e+000 4.29201578378826e-003 8.10585742862981e-005 4749 89
8.23246587151167e+002 1.73714291777880e+006 4.73908345188470e-004 4.88288457874070e-002 1.46897400387585e+000 4.31995951623773e-003 1.09515452062887e-004 4762 90
8.20121164161646e+002 1.73712044011190e+006 4.72115280144751e-004 1.74895422813432e-001 1.54203200674459e+000 4.42285655832593e-003 1.11242237704987e-004 4920 91
8.20161422767003e+002 1.73712735483232e+006 4.72136576252716e-004 9.83393827516052e-001 1.53733405117954e+000 4.44232652085953e-003 1.11280899948553e-004 4956 92
8.20359682548750e+002 1.73711329951607e+006 4.72254528124656e-004 7.95726536715947e-001 1.55440009384442e+000 4.44883684937001e-003 1.11342529905342e-004 4975 93
8.19894211093528e+002 1.73710994020611e+006 4.71987484058170e-004 5.86307498859403e-001 1.55833103625599e+000 4.45371789233070e-003 1.11463205921657e-004 4981 94
8.21557437433690e+002 1.73712625211978e+006 4.72940510327230e-004 8.16455016101720e-001 1.53867632419813e+000 4.47931701808831e-003 1.11521423703029e-004 5053 95
8.21556243804052e+002 1.73712557355948e+006 4.72940007939392e-004 7.08368713860250e-001 1.53944333735160e+000 4.47931701808831e-003 1.11600993194753e-004 5053 96
8.19469699901887e+002 1.73710995602556e+006 4.71743101966968e-004 9.70559127303987e-001 1.55852278954436e+000 4.53237226347365e-003 1.11640808457567e-004 5088 97
8.19707562982705e+002 1.73711200956560e+006 4.71879474453808e-004 4.85003999463490e-001 1.55564649021882e+000 4.59717496916864e-003 1.11823972892145e-004 5170 98
8.19621756112440e+002 1.73710674943400e+006 4.71831506933434e-004 6.26302646672854e-001 1.56226197866756e+000 4.68654542534578e-003 1.11928346221009e-004 5285 99
8.21312450935638e+002 1.73713285037363e+006 4.72797684737182e-004 5.50113059536996e-001 1.53043093279824e+000 4.69957726590228e-003 1.12067080085849e-004 5294 100
