8.68200419331648e+002 1.73714751501662e+006 4.99785043894502e-004 4.09019065861765e-001 1.51537829966124e+000 9.43730944872669e-005 2.66089442661847e-007 75 1
8.68076975613970e+002 1.73711777439954e+006 4.99722538188033e-004 2.30327294344356e-001 1.54797635868404e+000 1.38682878663716e-004 1.20853812571743e-006 117 2
8.69069474510915e+002 1.73713631253382e+006 5.00288547153333e-004 5.39617256857881e-001 1.52860927655873e+000 1.49540842565590e-004 1.35326703423488e-006 122 3
8.66860537449457e+002 1.73709986157722e+006 4.99027421892002e-004 3.19819361198870e-001 1.56974035691397e+000 1.49848546186636e-004 1.81113472526790e-006 125 4
8.68959717053238e+002 1.73714758288400e+006 5.00222118798297e-004 7.28541705081947e-001 1.51585768288217e+000 2.60220654422748e-004 1.88586132818686e-006 170 5
8.67052017303753e+002 1.73712995771348e+006 4.99129003820876e-004 5.20642950621821e-001 1.53580002487259e+000 2.94450067951932e-004 2.04249196276697e-006 207 6
8.67214405679791e+002 1.73711839990283e+006 4.99225806188026e-004 1.58347722767808e-001 1.54462067613758e+000 3.22218776552570e-004 4.19148934915845e-006 241 7
8.70009933691803e+002 1.73714571511139e+006 5.00827220988247e-004 3.92149767405360e-001 1.51748758583331e+000 3.62182957765610e-004 4.48344641633330e-006 317 8
8.69171017284785e+002 1.73714567677672e+006 5.00344304092463e-004 5.43914981074677e-001 1.51787109241005e+000 4.14525557740666e-004 4.62559872511334e-006 368 9
8.68533024775106e+002 1.73712314090469e+006 4.99983525606477e-004 7.71285057496615e-001 1.54394953962828e+000 6.17853417887559e-004 4.69159225337707e-006 588 10
8.68327298547471e+002 1.73713172099637e+006 4.99862627416975e-004 7.75378128179279e-001 1.53407424527726e+000 6.63994978274262e-004 4.75680132260761e-006 652 11
8.67444938996285e+002 1.73711244181198e+006 4.99360229087556e-004 9.54303789449982e-001 1.55631762672811e+000 6.67119743707828e-004 4.79812267674452e-006 657 12
8.67369985252669e+002 1.73712369736392e+006 4.99313845344642e-004 2.67574237556591e-001 1.54174437681204e+000 6.84861120610711e-004 5.47571728329242e-006 694 13
8.67270796976896e+002 1.73712885996378e+006 4.99255262466566e-004 7.93066040772216e-001 1.53733405117954e+000 7.01761232331120e-004 5.53777659091396e-006 754 14
8.68210074623531e+002 1.73713016727065e+006 4.99795593151175e-004 1.93343477104578e-001 1.53273197225867e+000 7.23709510105580e-004 6.92227047153106e-006 775 15
8.68110022621634e+002 1.73712088467037e+006 4.99740667454403e-004 1.69632903364294e-001 1.54241551332133e+000 7.48724307192003e-004 8.76912868644258e-006 831 16
8.67577710957469e+002 1.73711085477295e+006 4.99437117923838e-004 5.21325385526994e-002 1.51240612369152e+000 7.88568862803067e-004 3.34949318392367e-005 858 17
8.67355218619969e+002 1.73714117280484e+006 4.99300321770657e-004 3.39232210722358e-001 1.52228141804254e+000 7.98157290449135e-004 3.38966540217076e-005 879 18
8.68006516555748e+002 1.73714052703704e+006 4.99675432589364e-004 6.18964355663222e-001 1.52381544434950e+000 8.60851791109886e-004 3.40036547717461e-005 973 19
8.67316806860160e+002 1.73713947600396e+006 4.99278697406197e-004 8.96152949537004e-001 1.52515771736808e+000 8.77559885094096e-004 3.40510612332823e-005 1033 20
8.69989057117020e+002 1.73714484590139e+006 5.00815453837315e-004 8.40224062280328e-001 1.51911748878445e+000 9.94096873082190e-004 3.41056723740068e-005 1164 21
8.67417760270787e+002 1.73713572502043e+006 4.99337890346528e-004 8.76535446479382e-001 1.52947216635640e+000 1.14757278414661e-003 3.41554537510903e-005 1282 22
8.70535222753683e+002 1.73714823142465e+006 5.01128881308650e-004 3.65807933940506e-001 1.51451540986358e+000 1.14866285269078e-003 3.44956156309056e-005 1285 23
8.67131151463189e+002 1.73710725786372e+006 4.99181081371542e-004 3.65398626872240e-001 1.56149496551408e+000 1.20971792565879e-003 3.48371423636883e-005 1363 24
8.66920241843557e+002 1.73710326935019e+006 4.99060813002581e-004 8.78669690478199e-001 1.56686405758843e+000 1.25308160164542e-003 3.48867000378725e-005 1428 25
8.67180119899856e+002 1.73710674661534e+006 4.99209417931769e-004 2.95377881979538e-001 1.56159084215827e+000 1.45025541144110e-003 3.54320568652299e-005 1576 26
8.67290856181000e+002 1.73710736473724e+006 4.99272987797144e-004 9.46819317344541e-001 1.56216610202338e+000 1.45950071882382e-003 3.54741030775502e-005 1603 27
8.67559741221258e+002 1.73712216886673e+006 4.99423520486880e-004 1.61856069067234e-001 1.54049798043764e+000 1.48646517347983e-003 3.75217145302841e-005 1676 28
8.67681083145005e+002 1.73713053815968e+006 4.99490966237127e-004 7.90464017266808e-001 1.53541651829585e+000 1.54722449063030e-003 3.75842200249389e-005 1750 29
8.69263356934651e+002 1.73712901314854e+006 5.00402260165984e-004 8.02041560054913e-001 1.53723817453536e+000 1.55683971864321e-003 3.76447614985278e-005 1766 30
8.68041490195429e+002 1.73711750353644e+006 4.99702188353762e-004 6.90183785541561e-001 1.55037327478866e+000 1.56561403540155e-003 3.77290401661153e-005 1784 31
8.69246028313835e+002 1.73714127143725e+006 5.00388753670446e-004 6.40482212966366e-001 1.52304843119602e+000 1.65874817766723e-003 3.78282877354533e-005 1832 32
8.67080876286746e+002 1.73714193571874e+006 4.99142175114765e-004 8.12683543829837e-001 1.52228141804254e+000 1.76571773981098e-003 3.78870626722199e-005 1961 33
8.66868036784034e+002 1.73713747189558e+006 4.99020934642395e-004 9.50239954986481e-001 1.52745875682852e+000 1.78540295568358e-003 3.79287390053265e-005 1976 34
8.67686087037526e+002 1.73711626208374e+006 4.99497951757506e-004 1.18440283611843e-001 1.54318252647481e+000 1.78576220119924e-003 4.19994130572762e-005 1982 35
8.68072992498328e+002 1.73714626256643e+006 4.99712050129695e-004 1.80918083960779e-001 1.51374839671010e+000 1.79957444554739e-003 4.36003095650032e-005 2005 36
8.68878490693104e+002 1.73712810608721e+006 5.00180968340465e-004 4.75706881770012e-001 1.53790931104465e+000 1.91356041836601e-003 4.37913604439969e-005 2145 37
8.69741011811622e+002 1.73713614725921e+006 5.00675171896904e-004 6.84190360613376e-001 1.52899278313547e+000 1.97890985268098e-003 4.38772146979178e-005 2236 38
8.69953778009690e+002 1.73714787542002e+006 5.00794271801810e-004 9.01006161917876e-001 1.51566592959380e+000 2.02183487468771e-003 4.39240387826149e-005 2292 39
8.68645245612036e+002 1.73714197869192e+006 5.00042704550069e-004 9.83842372667931e-002 1.50962570101016e+000 2.05054004064840e-003 5.00374203769655e-005 2345 40
8.67628329868480e+002 1.73711163610721e+006 4.99466032974589e-004 6.42908819156802e-001 1.55708463988159e+000 2.05088887114455e-003 5.01359487301649e-005 2346 41
8.67940125365571e+002 1.73713432640908e+006 4.99638997368613e-004 3.07569385370042e-001 1.52995154957732e+000 2.16841976592437e-003 5.06344812549066e-005 2526 42
8.67246794717374e+002 1.73711560729618e+006 4.99245254041955e-004 6.24139166454875e-001 1.55248256096072e+000 2.24299318773023e-003 5.07396383789384e-005 2584 43
8.67672512711760e+002 1.73711954550883e+006 4.99489193358437e-004 7.85844694639231e-001 1.54807223532823e+000 2.27337307889728e-003 5.08029783349227e-005 2596 44
8.67146669886932e+002 1.73714947668412e+006 4.99177882790697e-004 9.14513295170664e-001 1.51365252006592e+000 2.27524348117775e-003 5.08482892862471e-005 2604 45
8.68146714147486e+002 1.73711608654057e+006 4.99763169886557e-004 1.68463454597819e-001 1.54788048203986e+000 2.49660429855939e-003 5.27237333154599e-005 2884 46
8.67724334578339e+002 1.73713655314449e+006 4.99514134820159e-004 8.25781370014359e-001 1.52851339991455e+000 2.75513980224225e-003 5.27804928957272e-005 3093 47
8.67195929779131e+002 1.73710837177128e+006 4.99218052155495e-004 1.67352478269667e-001 1.55670113330485e+000 2.79443389252712e-003 5.46837472220843e-005 3109 48
8.67897679166845e+002 1.73711598177693e+006 4.99619838891925e-004 6.60918330160520e-001 1.55209905438398e+000 2.80543034623706e-003 5.47764578718269e-005 3125 49
8.70006545311574e+002 1.73713667923693e+006 5.00827875531885e-004 2.25737207935941e-001 1.52621236045412e+000 2.83470384171437e-003 5.57608587518464e-005 3170 50
8.67814168623796e+002 1.73711787807072e+006 4.99571219308236e-004 7.73214647961299e-001 1.54998976821192e+000 2.85751513594078e-003 5.58264999533261e-005 3213 51
8.67701993343027e+002 1.73713948717605e+006 4.99500430209844e-004 3.65983351255478e-001 1.52439070421461e+000 2.86827546926361e-003 5.61664757332906e-005 3235 52
8.68623437595594e+002 1.73712460583814e+006 5.00035151353480e-004 7.02112162959608e-001 1.54222376003296e+000 3.01150250087681e-003 5.62476202355736e-005 3325 53
8.68134089196059e+002 1.73714908827667e+006 4.99746407941385e-004 6.71852676127063e-001 1.51403602664266e+000 3.04085127260711e-003 5.63369153740926e-005 3339 54
8.68160196206079e+002 1.73713448215429e+006 4.99765638668665e-004 4.66702126268153e-001 1.53052680944243e+000 3.05764003667185e-003 5.65361161157241e-005 3350 55
8.67196407961738e+002 1.73713446724091e+006 4.99210828106289e-004 5.26373249577549e-001 1.53062268608661e+000 3.08776864635921e-003 5.66889901614616e-005 3380 56
8.67048469034585e+002 1.73710543215682e+006 4.99134008207017e-004 4.11270254737229e-001 1.56379600497452e+000 3.16549593873495e-003 5.69522835736651e-005 3476 57
8.68865926510687e+002 1.73713119300288e+006 5.00172846791821e-004 6.90476147733180e-001 1.53464950514237e+000 3.21121418892345e-003 5.70364463032758e-005 3549 58
8.66828623792883e+002 1.73710240790218e+006 4.99008318623108e-004 1.95185358911777e-001 1.56475477141636e+000 3.21684004000161e-003 5.83933181944121e-005 3566 59
8.67782750241523e+002 1.73712196206341e+006 4.99551958358212e-004 7.85640041105098e-001 1.54529181264687e+000 3.21699001509987e-003 5.84566902052555e-005 3568 60
8.69294027989638e+002 1.73713439966405e+006 5.00418364632758e-004 7.22577516372924e-001 1.53100619266335e+000 3.29755961511073e-003 5.85328351415259e-005 3619 61
8.67794292467437e+002 1.73712757002625e+006 4.99556990086928e-004 5.22280178894886e-001 1.53858044755394e+000 3.30024752196439e-003 5.86884021459878e-005 3625 62
8.66832682225184e+002 1.73712505172533e+006 4.99004150228355e-004 2.34098766616238e-001 1.53963509063997e+000 3.55351792550451e-003 5.95975650961616e-005 3971 63
8.67260053244004e+002 1.73713749387797e+006 4.99246596338154e-004 9.71114615468063e-001 1.52745875682852e+000 3.56740241878521e-003 5.96372959276327e-005 3989 64
8.67933479694988e+002 1.73711944780463e+006 4.99639451143306e-004 9.82136670092092e-001 1.54826398861660e+000 3.66980700544744e-003 5.96760789990138e-005 4102 65
8.67924416474766e+002 1.73713431085304e+006 4.99629958853637e-004 6.68432038485123e-001 1.53100619266335e+000 3.69158443683844e-003 5.97664566058383e-005 4121 66
8.69367964597961e+002 1.73713537257051e+006 5.00460646731658e-004 8.33441259434772e-001 1.52995154957732e+000 3.73933067095586e-003 5.98220781876943e-005 4191 67
8.66838410652065e+002 1.73710566607006e+006 4.99013016670152e-004 8.39785518992899e-001 1.56408363490707e+000 3.73977724339468e-003 5.98768239453205e-005 4193 68
8.67518687829436e+002 1.73713515344586e+006 4.99396154634180e-004 9.00801508383742e-001 1.53014330286569e+000 3.76988955606600e-003 5.99237039550132e-005 4256 69
8.68461123178929e+002 1.73712907766406e+006 4.99940425838846e-004 4.33109710451153e-001 1.53666291467025e+000 3.76992438806169e-003 6.01585386297184e-005 4258 70
8.67020483802974e+002 1.73710573176469e+006 4.99117811858930e-004 2.54271757837935e-001 1.56226197866756e+000 3.77348290818025e-003 6.09168699657077e-005 4271 71
8.66876631332873e+002 1.73710131314659e+006 4.99036269681414e-004 1.91910902365646e-001 1.56590529114658e+000 3.86095570791021e-003 6.23252059476114e-005 4384 72
8.68051792792787e+002 1.73712358027703e+006 4.99706371150428e-004 8.60250872406215e-001 1.54347015640736e+000 4.07603832482597e-003 6.23771090429275e-005 4573 73
8.66871090326266e+002 1.73710194710333e+006 4.99032897759238e-004 4.92089166365115e-002 1.51710407925657e+000 4.09356425505271e-003 9.04578149020072e-005 4628 74
8.67841012532092e+002 1.73711882714577e+006 4.99586399485138e-004 8.54783699422944e-001 1.54893512512589e+000 4.11514409028690e-003 9.05104582133548e-005 4671 75
8.67845466032231e+002 1.73712882645179e+006 4.99586087466004e-004 2.02406705044761e-001 1.53455362849818e+000 4.14219662079898e-003 9.17623034255668e-005 4756 76
8.69960252986637e+002 1.73714792559393e+006 5.00797984697197e-004 3.60633123148854e-001 1.51480303979614e+000 4.14603986595220e-003 9.21133018600395e-005 4763 77
8.66847868445228e+002 1.73710233247071e+006 4.99019418883650e-004 4.31998734123002e-001 1.56743931745354e+000 4.15422220758686e-003 9.23496035371969e-005 4786 78
8.68732191341663e+002 1.73712214148928e+006 5.00098466406058e-004 2.36496136587513e-001 1.54308664983062e+000 4.24875646312758e-003 9.32387043980607e-005 4900 79
8.68244328703330e+002 1.73713033883506e+006 4.99815262558449e-004 6.92727336608645e-001 1.53560827158422e+000 4.25157188150452e-003 9.33222694427400e-005 4903 80
8.68053153248792e+002 1.73711814357149e+006 4.99708718262872e-004 5.66056800844670e-002 1.51096797402875e+000 4.29833768030728e-003 1.13950450706088e-004 5012 81
8.66896680844323e+002 1.73710896599014e+006 4.99045613056477e-004 2.36730026340808e-001 1.55823515961180e+000 4.35676016083694e-003 1.14837890847761e-004 5126 82
8.67912375630147e+002 1.73712132963882e+006 4.99626761011858e-004 1.93343477104578e-001 1.54289489654225e+000 4.38613445461597e-003 1.16222849064590e-004 5190 83
8.67874062740930e+002 1.73712760355544e+006 4.99602901224189e-004 5.44002689732163e-001 1.53858044755394e+000 4.40117824923566e-003 1.16365076370293e-004 5207 84
8.66829504726437e+002 1.73710285005218e+006 4.99008698736953e-004 6.04063885755114e-002 1.53340310876797e+000 4.44999418477838e-003 1.34264732117706e-004 5270 85
8.67249509181762e+002 1.73712616496815e+006 4.99243782414223e-004 3.92237476062846e-001 1.53982684392834e+000 4.45837732382176e-003 1.34556820581653e-004 5297 86
8.67364714871982e+002 1.73712491978604e+006 4.99310460008625e-004 6.14578922788940e-001 1.54174437681204e+000 4.45868571714032e-003 1.34665582419298e-004 5300 87
8.67487156561344e+002 1.73711092471004e+006 4.99384968517933e-004 1.61651415533101e-001 1.55344132740257e+000 4.53145550830989e-003 1.36719534754703e-004 5434 88
8.70634063821568e+002 1.73714976739793e+006 5.01185336615185e-004 7.28278579109490e-001 1.51346076677755e+000 4.59416318466040e-003 1.36794310694631e-004 5552 89
8.68625827249502e+002 1.73712515099127e+006 5.00036370066839e-004 5.63240121940680e-001 1.54145674687948e+000 4.61206736482854e-003 1.36926081093479e-004 5590 90
8.68917395604822e+002 1.73712399091328e+006 5.00204549405224e-004 2.07786169370547e-001 1.54030622714927e+000 4.61215905344675e-003 1.38107957851652e-004 5591 91
8.66926292389171e+002 1.73710349646335e+006 4.99064230876566e-004 6.63315700131794e-001 1.56648055101169e+000 4.77342981580299e-003 1.38199948152865e-004 5692 92
8.66945040511183e+002 1.73711281177531e+006 4.99072347320714e-004 8.28675755711385e-001 1.55583824350719e+000 4.77663233766259e-003 1.38256316579718e-004 5696 93
8.66836497922732e+002 1.73710094808554e+006 4.99013270890517e-004 5.30612501356022e-001 1.56926097369304e+000 4.90020360956345e-003 1.38406637605716e-004 5753 94
8.67413979259243e+002 1.73710836310966e+006 4.99343579010595e-004 5.39646493077043e-001 1.56072795236061e+000 4.93682966880928e-003 1.38551470794078e-004 5780 95
8.69524379816268e+002 1.73714797680674e+006 5.00547056903945e-004 6.46943417401141e-001 1.51537829966124e+000 5.03251798495467e-003 1.38648512316913e-004 5895 96
8.66964601874817e+002 1.73713370225032e+006 4.99077606272330e-004 1.23001133801096e-001 1.52371956770531e+000 5.08288180445432e-003 1.42391765632543e-004 5929 97
8.67225725628379e+002 1.73711624780612e+006 4.99232941189972e-004 7.02989249534464e-001 1.55181142445143e+000 5.08414382063211e-003 1.42472706027675e-004 5938 98
8.69284628772324e+002 1.73713929537838e+006 5.00411543579349e-004 5.81132688067750e-001 1.52525359401227e+000 5.09797091021071e-003 1.42595640724476e-004 5948 99
8.67180678815479e+002 1.73710612158029e+006 4.99209919305176e-004 3.53411777015869e-001 1.56274136188849e+000 5.36449813838957e-003 1.42963175439624e-004 6169 100
