# 80 rows of flux data
# 12 columns of flux data
# 
# total cross-sectional flux  1.057064e+00 /m^2/yr
#
#                             +x ram      -x wake      +y port -y starboard    +z zenith     -z nadir        Earth          Sun     anti-Sun      rot (x)      rot (y)      rot (z) 
# average speed (km/s)         38.03        36.76        34.33        29.01        36.88        30.99        37.74        27.60        28.07        33.57        37.10        33.75 
# total flux (#/m2/yr)  2.198106e-01 2.618390e-01 2.932965e-01 3.493738e-01 4.701468e-01 4.044820e-04 4.536502e-01 1.647851e-01 1.758374e-01 8.743656e-01 7.511127e-01 8.725231e-01 
# velocity (km/s)
     0.5                0.000000e+00 0.000000e+00 0.000000e+00 0.000000e+00 0.000000e+00 0.000000e+00 0.000000e+00 0.000000e+00 0.000000e+00 0.000000e+00 0.000000e+00 0.000000e+00 
     1.5                0.000000e+00 0.000000e+00 0.000000e+00 0.000000e+00 0.000000e+00 0.000000e+00 0.000000e+00 0.000000e+00 0.000000e+00 0.000000e+00 0.000000e+00 0.000000e+00 
     2.5                1.187724e-04 2.593696e-05 7.197430e-05 7.300603e-05 1.554794e-04 6.828752e-08 1.528834e-04 7.195421e-05 8.170160e-05 2.386621e-04 2.382116e-04 2.279625e-04 
     3.5                4.734391e-04 3.215101e-04 3.709950e-04 3.288501e-04 8.117228e-04 3.736809e-07 8.066091e-04 3.902954e-04 4.327112e-04 1.190272e-03 1.268780e-03 1.172137e-03 
     4.5                8.498299e-04 9.247251e-04 8.600557e-04 7.633065e-04 1.745398e-03 9.315444e-07 1.735881e-03 9.164758e-04 9.681008e-04 2.647087e-03 2.777532e-03 2.661747e-03 
     5.5                1.273590e-03 1.604500e-03 1.456625e-03 1.350842e-03 2.771821e-03 1.695268e-06 2.748397e-03 1.551904e-03 1.617893e-03 4.383412e-03 4.457050e-03 4.440475e-03 
     6.5                1.658681e-03 2.304455e-03 2.110142e-03 2.168033e-03 3.820126e-03 2.617085e-06 3.747392e-03 2.212913e-03 2.271543e-03 6.371287e-03 6.139901e-03 6.442375e-03 
     7.5                2.039833e-03 2.899997e-03 2.777306e-03 3.085628e-03 4.775441e-03 3.680903e-06 4.645108e-03 2.815694e-03 2.883159e-03 8.387266e-03 7.666676e-03 8.458209e-03 
     8.5                2.386441e-03 3.440793e-03 3.365445e-03 4.018648e-03 5.642733e-03 4.714056e-06 5.430196e-03 3.381909e-03 3.430266e-03 1.028221e-02 9.050932e-03 1.035143e-02 
     9.5                2.656957e-03 3.873379e-03 3.924596e-03 4.936988e-03 6.387350e-03 5.724703e-06 6.097753e-03 3.861927e-03 3.928377e-03 1.205893e-02 1.019451e-02 1.208441e-02 
    10.5                2.967684e-03 4.224926e-03 4.433812e-03 5.871455e-03 7.046202e-03 6.723962e-06 6.665114e-03 4.302278e-03 4.405936e-03 1.373681e-02 1.123811e-02 1.375697e-02 
    11.5                3.206498e-03 4.609591e-03 4.962325e-03 7.050022e-03 7.745245e-03 7.907465e-06 7.228613e-03 4.756486e-03 4.895947e-03 1.567480e-02 1.228135e-02 1.563148e-02 
    12.5                3.389487e-03 4.890147e-03 5.417783e-03 7.859285e-03 8.234026e-03 8.671273e-06 7.641291e-03 5.070612e-03 5.241557e-03 1.707214e-02 1.303656e-02 1.700545e-02 
    13.5                3.423778e-03 5.065269e-03 5.614904e-03 8.771970e-03 8.497051e-03 9.357469e-06 7.758049e-03 5.207010e-03 5.387374e-03 1.820334e-02 1.341035e-02 1.811179e-02 
    14.5                3.555784e-03 4.960079e-03 5.733768e-03 9.302483e-03 8.598723e-03 1.002807e-05 7.784528e-03 5.258050e-03 5.452479e-03 1.883476e-02 1.351167e-02 1.869942e-02 
    15.5                3.621325e-03 5.132452e-03 6.051714e-03 1.019223e-02 8.903644e-03 1.092784e-05 7.980744e-03 5.370925e-03 5.586139e-03 2.007109e-02 1.394152e-02 1.988926e-02 
    16.5                3.671694e-03 5.084790e-03 6.079842e-03 1.045884e-02 8.917666e-03 1.116221e-05 7.949079e-03 5.383176e-03 5.600947e-03 2.032896e-02 1.395416e-02 2.013231e-02 
    17.5                3.686009e-03 5.100310e-03 6.172772e-03 1.080588e-02 8.997986e-03 1.122571e-05 7.976202e-03 5.340245e-03 5.572323e-03 2.074191e-02 1.404131e-02 2.051827e-02 
    18.5                3.751124e-03 5.068976e-03 6.306425e-03 1.118125e-02 9.055990e-03 1.168400e-05 7.993940e-03 5.298870e-03 5.542759e-03 2.120844e-02 1.411455e-02 2.096480e-02 
    19.5                3.738045e-03 5.027508e-03 6.411324e-03 1.120586e-02 9.036731e-03 1.186592e-05 7.998212e-03 5.176742e-03 5.434027e-03 2.129232e-02 1.405597e-02 2.099560e-02 
    20.5                3.683657e-03 4.952624e-03 6.363272e-03 1.104727e-02 8.814639e-03 1.183865e-05 7.804736e-03 4.989558e-03 5.245197e-03 2.094497e-02 1.377887e-02 2.069886e-02 
    21.5                3.732500e-03 4.798724e-03 6.345763e-03 1.117286e-02 8.777215e-03 1.180352e-05 7.742405e-03 4.842643e-03 5.100329e-03 2.099634e-02 1.366667e-02 2.069972e-02 
    22.5                3.658600e-03 4.869005e-03 6.481167e-03 1.130635e-02 8.811205e-03 1.192923e-05 7.779905e-03 4.712406e-03 4.982523e-03 2.123022e-02 1.369368e-02 2.090478e-02 
    23.5                3.510818e-03 4.643305e-03 6.178529e-03 1.068075e-02 8.311611e-03 1.157251e-05 7.356359e-03 4.414068e-03 4.664227e-03 2.009080e-02 1.300183e-02 1.982223e-02 
    24.5                3.428996e-03 4.374890e-03 6.007179e-03 1.013386e-02 7.970011e-03 1.096161e-05 7.092712e-03 4.143812e-03 4.388811e-03 1.922349e-02 1.245377e-02 1.893949e-02 
    25.5                3.339427e-03 4.282064e-03 5.914554e-03 9.843680e-03 7.742564e-03 1.060531e-05 6.906671e-03 3.913114e-03 4.155047e-03 1.873007e-02 1.213010e-02 1.845770e-02 
    26.5                3.312640e-03 4.097672e-03 5.812056e-03 9.355496e-03 7.524789e-03 1.018163e-05 6.769704e-03 3.699297e-03 3.938714e-03 1.805808e-02 1.179193e-02 1.777570e-02 
    27.5                3.180714e-03 4.032043e-03 5.706228e-03 8.836520e-03 7.275163e-03 9.587791e-06 6.603867e-03 3.490406e-03 3.724215e-03 1.732733e-02 1.143948e-02 1.705991e-02 
    28.5                3.111404e-03 3.847777e-03 5.521622e-03 8.372467e-03 6.978649e-03 9.032510e-06 6.364394e-03 3.227297e-03 3.452982e-03 1.654780e-02 1.100545e-02 1.630379e-02 
    29.5                2.887035e-03 3.704477e-03 5.270401e-03 7.882829e-03 6.605525e-03 8.592925e-06 6.045153e-03 2.920555e-03 3.134745e-03 1.565086e-02 1.041868e-02 1.540953e-02 
    30.5                2.814689e-03 3.431788e-03 5.013274e-03 7.535197e-03 6.234575e-03 8.324980e-06 5.699575e-03 2.705610e-03 2.905344e-03 1.488146e-02 9.854049e-03 1.465606e-02 
    31.5                2.802822e-03 3.316872e-03 4.978831e-03 7.144563e-03 6.112350e-03 7.671489e-06 5.642861e-03 2.536327e-03 2.735465e-03 1.440033e-02 9.658267e-03 1.417089e-02 
    32.5                2.690071e-03 3.228182e-03 4.755944e-03 6.615866e-03 5.856412e-03 7.072382e-06 5.447436e-03 2.324601e-03 2.512861e-03 1.356909e-02 9.297029e-03 1.336149e-02 
    33.5                2.751717e-03 3.128829e-03 4.708406e-03 6.245736e-03 5.792931e-03 6.514813e-06 5.443740e-03 2.139368e-03 2.327338e-03 1.314379e-02 9.215417e-03 1.294714e-02 
    34.5                2.752078e-03 3.186819e-03 4.794183e-03 6.218923e-03 5.861984e-03 6.401798e-06 5.534283e-03 2.050045e-03 2.240059e-03 1.321840e-02 9.316682e-03 1.301339e-02 
    35.5                2.652483e-03 3.066238e-03 4.505484e-03 5.615834e-03 5.594691e-03 5.740107e-06 5.325699e-03 1.915214e-03 2.090822e-03 1.226277e-02 8.931184e-03 1.208653e-02 
    36.5                2.708096e-03 2.964383e-03 4.454983e-03 5.403340e-03 5.570064e-03 5.506049e-06 5.332885e-03 1.783269e-03 1.956697e-03 1.200934e-02 8.877268e-03 1.182068e-02 
    37.5                2.786006e-03 3.090867e-03 4.538830e-03 5.416378e-03 5.697032e-03 5.545156e-06 5.473045e-03 1.724905e-03 1.898903e-03 1.216671e-02 9.141675e-03 1.202468e-02 
    38.5                2.987051e-03 3.000157e-03 4.518942e-03 5.186494e-03 5.814984e-03 5.280074e-06 5.628426e-03 1.650864e-03 1.824651e-03 1.202496e-02 9.314099e-03 1.186431e-02 
    39.5                2.874958e-03 3.230294e-03 4.560500e-03 5.051224e-03 5.973422e-03 5.073151e-06 5.817411e-03 1.597199e-03 1.771829e-03 1.203881e-02 9.531577e-03 1.185604e-02 
    40.5                2.962755e-03 3.173212e-03 4.502375e-03 4.914358e-03 5.909971e-03 4.947317e-06 5.768550e-03 1.530563e-03 1.699503e-03 1.182109e-02 9.513620e-03 1.171040e-02 
    41.5                3.264211e-03 3.207685e-03 4.607841e-03 4.827725e-03 6.248622e-03 4.861582e-06 6.138677e-03 1.507229e-03 1.681052e-03 1.206510e-02 1.003920e-02 1.193744e-02 
    42.5                3.164615e-03 3.488067e-03 4.590903e-03 4.584081e-03 6.454992e-03 4.665179e-06 6.383894e-03 1.498926e-03 1.672030e-03 1.199201e-02 1.034602e-02 1.185332e-02 
    43.5                3.348258e-03 3.387480e-03 4.427977e-03 4.313330e-03 6.374674e-03 4.547757e-06 6.324828e-03 1.453605e-03 1.619002e-03 1.158621e-02 1.034607e-02 1.156443e-02 
    44.5                3.679078e-03 3.542544e-03 4.698380e-03 4.393962e-03 6.960076e-03 4.625901e-06 6.938336e-03 1.494360e-03 1.671252e-03 1.227774e-02 1.119349e-02 1.217366e-02 
    45.5                3.657774e-03 3.905216e-03 4.767672e-03 4.350508e-03 7.190614e-03 4.685623e-06 7.188274e-03 1.497731e-03 1.674176e-03 1.245332e-02 1.163987e-02 1.243244e-02 
    46.5                3.744024e-03 3.821523e-03 4.698586e-03 4.166582e-03 7.239175e-03 4.537472e-06 7.257696e-03 1.462241e-03 1.635583e-03 1.229297e-02 1.168274e-02 1.225235e-02 
    47.5                3.995560e-03 3.968324e-03 4.739352e-03 4.061778e-03 7.545157e-03 4.595133e-06 7.586055e-03 1.482125e-03 1.657179e-03 1.249207e-02 1.223846e-02 1.252218e-02 
    48.5                4.374749e-03 4.058743e-03 4.818868e-03 3.935968e-03 8.062225e-03 4.662381e-06 8.134225e-03 1.527050e-03 1.707602e-03 1.286592e-02 1.301460e-02 1.285090e-02 
    49.5                4.805606e-03 4.486769e-03 5.066771e-03 3.968772e-03 8.735552e-03 4.915355e-06 8.842104e-03 1.582173e-03 1.772541e-03 1.359798e-02 1.421919e-02 1.372881e-02 
    50.5                5.505675e-03 4.781922e-03 5.384812e-03 3.973863e-03 9.725517e-03 5.194875e-06 9.876647e-03 1.659130e-03 1.865053e-03 1.462179e-02 1.578679e-02 1.476402e-02 
    51.5                6.060235e-03 5.457465e-03 5.737196e-03 3.920051e-03 1.103817e-02 5.476233e-06 1.124873e-02 1.734010e-03 1.959748e-03 1.592530e-02 1.779332e-02 1.599703e-02 
    52.5                6.056687e-03 6.143909e-03 5.767245e-03 3.698597e-03 1.162854e-02 5.632502e-06 1.188213e-02 1.779016e-03 2.009024e-03 1.629466e-02 1.879162e-02 1.646144e-02 
    53.5                6.137926e-03 6.265144e-03 5.630892e-03 3.422816e-03 1.177247e-02 5.551079e-06 1.205110e-02 1.797286e-03 2.023296e-03 1.613619e-02 1.906543e-02 1.638278e-02 
    54.5                5.780395e-03 6.375328e-03 5.413132e-03 3.151430e-03 1.162538e-02 5.367316e-06 1.191530e-02 1.782458e-03 1.999564e-03 1.567800e-02 1.876145e-02 1.586469e-02 
    55.5                5.832684e-03 6.302770e-03 5.209788e-03 2.960858e-03 1.135674e-02 5.314910e-06 1.164680e-02 1.759358e-03 1.966231e-03 1.518418e-02 1.852241e-02 1.558713e-02 
    56.5                5.559031e-03 6.163803e-03 5.021988e-03 2.748880e-03 1.114142e-02 4.982812e-06 1.143780e-02 1.719579e-03 1.918078e-03 1.471522e-02 1.802746e-02 1.499107e-02 
    57.5                5.073702e-03 5.934124e-03 4.605692e-03 2.455803e-03 1.038371e-02 4.687982e-06 1.066673e-02 1.637247e-03 1.817059e-03 1.359238e-02 1.687768e-02 1.392459e-02 
    58.5                4.864035e-03 5.453893e-03 4.218110e-03 2.159746e-03 9.727978e-03 4.329067e-06 1.000203e-02 1.515552e-03 1.680002e-03 1.257693e-02 1.580820e-02 1.289849e-02 
    59.5                4.638974e-03 5.157809e-03 3.942536e-03 1.930143e-03 9.274954e-03 4.004463e-06 9.544359e-03 1.390399e-03 1.543993e-03 1.184761e-02 1.503485e-02 1.214306e-02 
    60.5                4.222182e-03 4.980292e-03 3.611024e-03 1.702675e-03 8.673748e-03 3.773957e-06 8.931722e-03 1.240399e-03 1.380600e-03 1.097285e-02 1.409576e-02 1.128501e-02 
    61.5                3.675296e-03 4.508087e-03 3.160063e-03 1.390326e-03 7.838783e-03 3.258757e-06 8.079378e-03 1.085911e-03 1.209271e-03 9.756582e-03 1.263998e-02 9.950763e-03 
    62.5                3.005177e-03 4.159852e-03 2.649320e-03 1.125513e-03 6.698352e-03 2.842888e-06 6.908162e-03 9.276960e-04 1.030462e-03 8.271900e-03 1.092960e-02 8.580533e-03 
    63.5                2.455559e-03 3.398112e-03 2.126346e-03 8.566219e-04 5.481947e-03 2.309917e-06 5.657821e-03 7.642489e-04 8.464898e-04 6.699268e-03 8.938215e-03 6.963173e-03 
    64.5                1.964644e-03 2.797357e-03 1.699065e-03 6.623530e-04 4.444539e-03 1.877232e-06 4.588728e-03 6.054343e-04 6.705893e-04 5.397516e-03 7.260889e-03 5.625349e-03 
    65.5                1.497632e-03 2.222960e-03 1.306856e-03 4.771414e-04 3.505307e-03 1.442052e-06 3.621649e-03 4.563146e-04 5.066026e-04 4.209508e-03 5.699055e-03 4.365934e-03 
    66.5                1.065286e-03 1.783748e-03 9.705641e-04 3.331560e-04 2.662523e-03 1.092804e-06 2.752706e-03 3.265066e-04 3.637872e-04 3.166822e-03 4.345498e-03 3.310198e-03 
    67.5                6.820077e-04 1.308219e-03 6.525749e-04 2.072134e-04 1.839199e-03 7.722294e-07 1.902959e-03 2.119616e-04 2.370539e-04 2.164933e-03 3.020219e-03 2.287544e-03 
    68.5                3.832791e-04 8.780200e-04 3.971114e-04 1.123689e-04 1.160956e-03 4.819211e-07 1.202187e-03 1.214089e-04 1.368531e-04 1.348331e-03 1.910749e-03 1.433523e-03 
    69.5                1.695073e-04 5.368547e-04 2.097121e-04 5.249898e-05 6.337850e-04 2.715935e-07 6.572275e-04 5.872885e-05 6.695012e-05 7.271533e-04 1.056343e-03 7.912934e-04 
    70.5                4.341497e-05 2.685618e-04 8.569609e-05 1.886165e-05 2.668189e-04 1.241031e-07 2.769731e-04 2.210775e-05 2.545821e-05 3.024964e-04 4.568403e-04 3.440137e-04 
    71.5                5.762336e-06 9.671064e-05 2.287050e-05 4.993399e-06 7.149700e-05 4.518400e-08 7.442275e-05 5.557602e-06 6.423570e-06 8.084543e-05 1.375505e-04 1.095345e-04 
    72.5                1.271365e-07 1.682869e-05 3.047377e-06 5.807431e-07 9.754257e-06 8.490507e-09 1.021296e-05 7.796483e-07 8.934285e-07 1.088733e-05 2.127904e-05 1.770205e-05 
    73.5                0.000000e+00 1.280213e-06 1.374281e-07 1.600429e-08 4.667163e-07 7.694055e-10 4.952498e-07 3.179962e-08 3.704985e-08 5.065195e-07 1.411525e-06 1.295207e-06 
    74.5                0.000000e+00 0.000000e+00 0.000000e+00 0.000000e+00 0.000000e+00 0.000000e+00 0.000000e+00 0.000000e+00 0.000000e+00 0.000000e+00 0.000000e+00 0.000000e+00 
    75.5                0.000000e+00 0.000000e+00 0.000000e+00 0.000000e+00 0.000000e+00 0.000000e+00 0.000000e+00 0.000000e+00 0.000000e+00 0.000000e+00 0.000000e+00 0.000000e+00 
    76.5                0.000000e+00 0.000000e+00 0.000000e+00 0.000000e+00 0.000000e+00 0.000000e+00 0.000000e+00 0.000000e+00 0.000000e+00 0.000000e+00 0.000000e+00 0.000000e+00 
    77.5                0.000000e+00 0.000000e+00 0.000000e+00 0.000000e+00 0.000000e+00 0.000000e+00 0.000000e+00 0.000000e+00 0.000000e+00 0.000000e+00 0.000000e+00 0.000000e+00 
    78.5                0.000000e+00 0.000000e+00 0.000000e+00 0.000000e+00 0.000000e+00 0.000000e+00 0.000000e+00 0.000000e+00 0.000000e+00 0.000000e+00 0.000000e+00 0.000000e+00 
    79.5                0.000000e+00 0.000000e+00 0.000000e+00 0.000000e+00 0.000000e+00 0.000000e+00 0.000000e+00 0.000000e+00 0.000000e+00 0.000000e+00 0.000000e+00 0.000000e+00 


