# 80 rows of flux data
# 12 columns of flux data
# 
# total cross-sectional flux  2.307964e+00 /m^2/yr
#
#                             +x ram      -x wake      +y port -y starboard    +z zenith     -z nadir        Earth          Sun     anti-Sun      rot (x)      rot (y)      rot (z) 
# average speed (km/s)         24.88        24.04        25.46        21.54        21.16        26.44        21.75        24.81        24.78        23.71        23.95        24.40 
# total flux (#/m2/yr)  7.694396e-01 6.560166e-01 9.684942e-01 4.087990e-01 4.884840e-01 2.158983e-03 3.769135e-01 1.015113e+00 1.008373e+00 1.546628e+00 1.604828e+00 2.202324e+00 
# velocity (km/s)
     0.5                0.000000e+00 0.000000e+00 0.000000e+00 0.000000e+00 0.000000e+00 0.000000e+00 0.000000e+00 0.000000e+00 0.000000e+00 0.000000e+00 0.000000e+00 0.000000e+00 
     1.5                0.000000e+00 0.000000e+00 0.000000e+00 0.000000e+00 0.000000e+00 0.000000e+00 0.000000e+00 0.000000e+00 0.000000e+00 0.000000e+00 0.000000e+00 0.000000e+00 
     2.5                0.000000e+00 5.574066e-06 1.108874e-06 1.206692e-06 2.400522e-06 2.930642e-10 1.001799e-06 1.015607e-06 6.664989e-07 3.564259e-06 6.138914e-06 6.251227e-06 
     3.5                6.208300e-06 1.465862e-04 7.522273e-05 6.696319e-05 7.355523e-05 7.669214e-08 6.112417e-05 5.495422e-05 4.799703e-05 1.721964e-04 1.796366e-04 2.319932e-04 
     4.5                1.759636e-04 6.042975e-04 4.228837e-04 3.234490e-04 3.918807e-04 5.832148e-07 2.929481e-04 2.961365e-04 2.660470e-04 9.101415e-04 9.369543e-04 1.198787e-03 
     5.5                6.913381e-04 1.571148e-03 1.332120e-03 1.011735e-03 1.310445e-03 1.918005e-06 9.090777e-04 9.837928e-04 9.245999e-04 2.909158e-03 2.838796e-03 3.620152e-03 
     6.5                2.108293e-03 2.917176e-03 2.852292e-03 2.209067e-03 2.935747e-03 4.306983e-06 1.978381e-03 2.242183e-03 2.177216e-03 6.341164e-03 6.322739e-03 7.919902e-03 
     7.5                3.811190e-03 5.112215e-03 4.963769e-03 3.870379e-03 5.332990e-03 7.640920e-06 3.448869e-03 4.101134e-03 4.054602e-03 1.122311e-02 1.130844e-02 1.394333e-02 
     8.5                6.371440e-03 7.546762e-03 7.941570e-03 6.123869e-03 8.317654e-03 1.217057e-05 5.468275e-03 6.683398e-03 6.673170e-03 1.774163e-02 1.760521e-02 2.197477e-02 
     9.5                9.641172e-03 9.567762e-03 1.091312e-02 8.525878e-03 1.162837e-02 1.670904e-05 7.603887e-03 9.813998e-03 9.810879e-03 2.459516e-02 2.441961e-02 3.035769e-02 
    10.5                1.287521e-02 1.161139e-02 1.344593e-02 1.065745e-02 1.503180e-02 2.069090e-05 9.451015e-03 1.336834e-02 1.332487e-02 3.092006e-02 3.128890e-02 3.816306e-02 
    11.5                1.514834e-02 1.337271e-02 1.591741e-02 1.245099e-02 1.782494e-02 2.520088e-05 1.100986e-02 1.689475e-02 1.681974e-02 3.655587e-02 3.675077e-02 4.468958e-02 
    12.5                1.737539e-02 1.466759e-02 1.786983e-02 1.362270e-02 1.964821e-02 2.902809e-05 1.202687e-02 2.003223e-02 1.994823e-02 4.059148e-02 4.108078e-02 4.990949e-02 
    13.5                1.873887e-02 1.670233e-02 1.990995e-02 1.477518e-02 2.101721e-02 3.377446e-05 1.307056e-02 2.311632e-02 2.303081e-02 4.435939e-02 4.505805e-02 5.507240e-02 
    14.5                2.048274e-02 1.848450e-02 2.242054e-02 1.599933e-02 2.198015e-02 3.913027e-05 1.423049e-02 2.639484e-02 2.630234e-02 4.828757e-02 4.883765e-02 6.077883e-02 
    15.5                2.230807e-02 2.014202e-02 2.490931e-02 1.696590e-02 2.235587e-02 4.503339e-05 1.519040e-02 2.955759e-02 2.945297e-02 5.158666e-02 5.218230e-02 6.623928e-02 
    16.5                2.430724e-02 2.167783e-02 2.741973e-02 1.784722e-02 2.267393e-02 5.187567e-05 1.607296e-02 3.258969e-02 3.247358e-02 5.480228e-02 5.559617e-02 7.166433e-02 
    17.5                2.576713e-02 2.314870e-02 2.969923e-02 1.835873e-02 2.252864e-02 5.802572e-05 1.662744e-02 3.530652e-02 3.517744e-02 5.718552e-02 5.811981e-02 7.616054e-02 
    18.5                2.714991e-02 2.423575e-02 3.184452e-02 1.876192e-02 2.210500e-02 6.413415e-05 1.709906e-02 3.774857e-02 3.760837e-02 5.916227e-02 6.008885e-02 8.010337e-02 
    19.5                2.843483e-02 2.507003e-02 3.352125e-02 1.893626e-02 2.176118e-02 6.895463e-05 1.732973e-02 3.968563e-02 3.954019e-02 6.058611e-02 6.182593e-02 8.322344e-02 
    20.5                2.913652e-02 2.586643e-02 3.496786e-02 1.877445e-02 2.107507e-02 7.354609e-05 1.725423e-02 4.107901e-02 4.091677e-02 6.132600e-02 6.280166e-02 8.541252e-02 
    21.5                2.972908e-02 2.699833e-02 3.674741e-02 1.866398e-02 2.041176e-02 7.907709e-05 1.723593e-02 4.262275e-02 4.243963e-02 6.241213e-02 6.398444e-02 8.808225e-02 
    22.5                3.078395e-02 2.773272e-02 3.855509e-02 1.876227e-02 2.008044e-02 8.489015e-05 1.739041e-02 4.423226e-02 4.403187e-02 6.396226e-02 6.550191e-02 9.098613e-02 
    23.5                3.168188e-02 2.808963e-02 3.981954e-02 1.852094e-02 1.932833e-02 8.983768e-05 1.724363e-02 4.520123e-02 4.498532e-02 6.443584e-02 6.623210e-02 9.277090e-02 
    24.5                3.193094e-02 2.832242e-02 4.071987e-02 1.796575e-02 1.847339e-02 9.324404e-05 1.678738e-02 4.556085e-02 4.532245e-02 6.426410e-02 6.623106e-02 9.342290e-02 
    25.5                3.209446e-02 2.831413e-02 4.151977e-02 1.726255e-02 1.748882e-02 9.697483e-05 1.619529e-02 4.563852e-02 4.537739e-02 6.380553e-02 6.588792e-02 9.362511e-02 
    26.5                3.207361e-02 2.770487e-02 4.181000e-02 1.628963e-02 1.641820e-02 9.948830e-05 1.533373e-02 4.510163e-02 4.482203e-02 6.261083e-02 6.477553e-02 9.260032e-02 
    27.5                3.154228e-02 2.711009e-02 4.148280e-02 1.521754e-02 1.527196e-02 1.011677e-04 1.437108e-02 4.405704e-02 4.376643e-02 6.071375e-02 6.317936e-02 9.061717e-02 
    28.5                3.062825e-02 2.629634e-02 4.100271e-02 1.404394e-02 1.417679e-02 1.010040e-04 1.330111e-02 4.266016e-02 4.235311e-02 5.861567e-02 6.103349e-02 8.796113e-02 
    29.5                2.979432e-02 2.516192e-02 4.009162e-02 1.285408e-02 1.305281e-02 1.000027e-04 1.221166e-02 4.097872e-02 4.066384e-02 5.607576e-02 5.865188e-02 8.476543e-02 
    30.5                2.852013e-02 2.390939e-02 3.877863e-02 1.155405e-02 1.188205e-02 9.792204e-05 1.101069e-02 3.887738e-02 3.855668e-02 5.305029e-02 5.571485e-02 8.073501e-02 
    31.5                2.709962e-02 2.240077e-02 3.720538e-02 1.009512e-02 1.069040e-02 9.422952e-05 9.649742e-03 3.645125e-02 3.612370e-02 4.961402e-02 5.239000e-02 7.606091e-02 
    32.5                2.545647e-02 2.061639e-02 3.518693e-02 8.656918e-03 9.520331e-03 8.933011e-05 8.300002e-03 3.366452e-02 3.333932e-02 4.579739e-02 4.859495e-02 7.066070e-02 
    33.5                2.359625e-02 1.857999e-02 3.259032e-02 7.323961e-03 8.373213e-03 8.327509e-05 7.042597e-03 3.053797e-02 3.022416e-02 4.154873e-02 4.435917e-02 6.452005e-02 
    34.5                2.138272e-02 1.654653e-02 2.964130e-02 6.029596e-03 7.259791e-03 7.582836e-05 5.815112e-03 2.719806e-02 2.690126e-02 3.702094e-02 3.979654e-02 5.785678e-02 
    35.5                1.910730e-02 1.448765e-02 2.656128e-02 4.773684e-03 6.203797e-03 6.719198e-05 4.617639e-03 2.382585e-02 2.354867e-02 3.242798e-02 3.516618e-02 5.105303e-02 
    36.5                1.679666e-02 1.246870e-02 2.343417e-02 3.648826e-03 5.220162e-03 5.830874e-05 3.542767e-03 2.051862e-02 2.026354e-02 2.794651e-02 3.056738e-02 4.432179e-02 
    37.5                1.456292e-02 1.049766e-02 2.026943e-02 2.701792e-03 4.332170e-03 4.951832e-05 2.633870e-03 1.734667e-02 1.711944e-02 2.364526e-02 2.612674e-02 3.779857e-02 
    38.5                1.236009e-02 8.542160e-03 1.707844e-02 1.925268e-03 3.518257e-03 4.081988e-05 1.885995e-03 1.429146e-02 1.409555e-02 1.951781e-02 2.175878e-02 3.142496e-02 
    39.5                1.023282e-02 6.641493e-03 1.387064e-02 1.306268e-03 2.770778e-03 3.238265e-05 1.287136e-03 1.137229e-02 1.121131e-02 1.555771e-02 1.754043e-02 2.525739e-02 
    40.5                8.128738e-03 4.905528e-03 1.074950e-02 8.364404e-04 2.091471e-03 2.460876e-05 8.303775e-04 8.651533e-03 8.527088e-03 1.185687e-02 1.353165e-02 1.942025e-02 
    41.5                6.159560e-03 3.456498e-03 7.919138e-03 5.030072e-04 1.509038e-03 1.783170e-05 5.041536e-04 6.277191e-03 6.185975e-03 8.606913e-03 9.970628e-03 1.424445e-02 
    42.5                4.431449e-03 2.301396e-03 5.553926e-03 2.876275e-04 1.040741e-03 1.228260e-05 2.916751e-04 4.332234e-03 4.269733e-03 5.962437e-03 6.975408e-03 9.941724e-03 
    43.5                3.052590e-03 1.373834e-03 3.644485e-03 1.574672e-04 6.742016e-04 8.010719e-06 1.618999e-04 2.805113e-03 2.766182e-03 3.876734e-03 4.582408e-03 6.513666e-03 
    44.5                1.941900e-03 7.112687e-04 2.147332e-03 7.968545e-05 3.935867e-04 4.806085e-06 8.334898e-05 1.645587e-03 1.624996e-03 2.269117e-03 2.742696e-03 3.868053e-03 
    45.5                1.086703e-03 2.928779e-04 1.088429e-03 3.617497e-05 1.980971e-04 2.526283e-06 3.852235e-05 8.353624e-04 8.262025e-04 1.145187e-03 1.423675e-03 1.987161e-03 
    46.5                5.093274e-04 8.531696e-05 4.401174e-04 1.426007e-05 7.976712e-05 1.128155e-06 1.547095e-05 3.461083e-04 3.436307e-04 4.625431e-04 6.115843e-04 8.337437e-04 
    47.5                1.766444e-04 1.644408e-05 1.293826e-04 4.415393e-06 2.341037e-05 3.870330e-07 4.875579e-06 1.067538e-04 1.065857e-04 1.361899e-04 1.977181e-04 2.605179e-04 
    48.5                4.288808e-05 1.425735e-06 2.605672e-05 9.715582e-07 4.702588e-06 9.414226e-08 1.090070e-06 2.303862e-05 2.315546e-05 2.750979e-05 4.512755e-05 5.698756e-05 
    49.5                6.022925e-06 1.196858e-08 2.805328e-06 1.351324e-07 5.073520e-07 1.390749e-08 1.537056e-07 2.871761e-06 2.912803e-06 2.994060e-06 6.095066e-06 7.186909e-06 
    50.5                1.773100e-07 0.000000e+00 5.337682e-08 4.375049e-09 9.746400e-09 4.570601e-10 4.993558e-09 7.587888e-08 7.730296e-08 5.888449e-08 1.778236e-07 1.914475e-07 
    51.5                0.000000e+00 0.000000e+00 0.000000e+00 0.000000e+00 0.000000e+00 0.000000e+00 0.000000e+00 0.000000e+00 0.000000e+00 0.000000e+00 0.000000e+00 0.000000e+00 
    52.5                0.000000e+00 0.000000e+00 0.000000e+00 0.000000e+00 0.000000e+00 0.000000e+00 0.000000e+00 0.000000e+00 0.000000e+00 0.000000e+00 0.000000e+00 0.000000e+00 
    53.5                0.000000e+00 0.000000e+00 0.000000e+00 0.000000e+00 0.000000e+00 0.000000e+00 0.000000e+00 0.000000e+00 0.000000e+00 0.000000e+00 0.000000e+00 0.000000e+00 
    54.5                0.000000e+00 0.000000e+00 0.000000e+00 0.000000e+00 0.000000e+00 0.000000e+00 0.000000e+00 0.000000e+00 0.000000e+00 0.000000e+00 0.000000e+00 0.000000e+00 
    55.5                0.000000e+00 0.000000e+00 0.000000e+00 0.000000e+00 0.000000e+00 0.000000e+00 0.000000e+00 0.000000e+00 0.000000e+00 0.000000e+00 0.000000e+00 0.000000e+00 
    56.5                0.000000e+00 0.000000e+00 0.000000e+00 0.000000e+00 0.000000e+00 0.000000e+00 0.000000e+00 0.000000e+00 0.000000e+00 0.000000e+00 0.000000e+00 0.000000e+00 
    57.5                0.000000e+00 0.000000e+00 0.000000e+00 0.000000e+00 0.000000e+00 0.000000e+00 0.000000e+00 0.000000e+00 0.000000e+00 0.000000e+00 0.000000e+00 0.000000e+00 
    58.5                0.000000e+00 0.000000e+00 0.000000e+00 0.000000e+00 0.000000e+00 0.000000e+00 0.000000e+00 0.000000e+00 0.000000e+00 0.000000e+00 0.000000e+00 0.000000e+00 
    59.5                0.000000e+00 0.000000e+00 0.000000e+00 0.000000e+00 0.000000e+00 0.000000e+00 0.000000e+00 0.000000e+00 0.000000e+00 0.000000e+00 0.000000e+00 0.000000e+00 
    60.5                0.000000e+00 0.000000e+00 0.000000e+00 0.000000e+00 0.000000e+00 0.000000e+00 0.000000e+00 0.000000e+00 0.000000e+00 0.000000e+00 0.000000e+00 0.000000e+00 
    61.5                0.000000e+00 0.000000e+00 0.000000e+00 0.000000e+00 0.000000e+00 0.000000e+00 0.000000e+00 0.000000e+00 0.000000e+00 0.000000e+00 0.000000e+00 0.000000e+00 
    62.5                0.000000e+00 0.000000e+00 0.000000e+00 0.000000e+00 0.000000e+00 0.000000e+00 0.000000e+00 0.000000e+00 0.000000e+00 0.000000e+00 0.000000e+00 0.000000e+00 
    63.5                0.000000e+00 0.000000e+00 0.000000e+00 0.000000e+00 0.000000e+00 0.000000e+00 0.000000e+00 0.000000e+00 0.000000e+00 0.000000e+00 0.000000e+00 0.000000e+00 
    64.5                0.000000e+00 0.000000e+00 0.000000e+00 0.000000e+00 0.000000e+00 0.000000e+00 0.000000e+00 0.000000e+00 0.000000e+00 0.000000e+00 0.000000e+00 0.000000e+00 
    65.5                0.000000e+00 0.000000e+00 0.000000e+00 0.000000e+00 0.000000e+00 0.000000e+00 0.000000e+00 0.000000e+00 0.000000e+00 0.000000e+00 0.000000e+00 0.000000e+00 
    66.5                0.000000e+00 0.000000e+00 0.000000e+00 0.000000e+00 0.000000e+00 0.000000e+00 0.000000e+00 0.000000e+00 0.000000e+00 0.000000e+00 0.000000e+00 0.000000e+00 
    67.5                0.000000e+00 0.000000e+00 0.000000e+00 0.000000e+00 0.000000e+00 0.000000e+00 0.000000e+00 0.000000e+00 0.000000e+00 0.000000e+00 0.000000e+00 0.000000e+00 
    68.5                0.000000e+00 0.000000e+00 0.000000e+00 0.000000e+00 0.000000e+00 0.000000e+00 0.000000e+00 0.000000e+00 0.000000e+00 0.000000e+00 0.000000e+00 0.000000e+00 
    69.5                0.000000e+00 0.000000e+00 0.000000e+00 0.000000e+00 0.000000e+00 0.000000e+00 0.000000e+00 0.000000e+00 0.000000e+00 0.000000e+00 0.000000e+00 0.000000e+00 
    70.5                0.000000e+00 0.000000e+00 0.000000e+00 0.000000e+00 0.000000e+00 0.000000e+00 0.000000e+00 0.000000e+00 0.000000e+00 0.000000e+00 0.000000e+00 0.000000e+00 
    71.5                0.000000e+00 0.000000e+00 0.000000e+00 0.000000e+00 0.000000e+00 0.000000e+00 0.000000e+00 0.000000e+00 0.000000e+00 0.000000e+00 0.000000e+00 0.000000e+00 
    72.5                0.000000e+00 0.000000e+00 0.000000e+00 0.000000e+00 0.000000e+00 0.000000e+00 0.000000e+00 0.000000e+00 0.000000e+00 0.000000e+00 0.000000e+00 0.000000e+00 
    73.5                0.000000e+00 0.000000e+00 0.000000e+00 0.000000e+00 0.000000e+00 0.000000e+00 0.000000e+00 0.000000e+00 0.000000e+00 0.000000e+00 0.000000e+00 0.000000e+00 
    74.5                0.000000e+00 0.000000e+00 0.000000e+00 0.000000e+00 0.000000e+00 0.000000e+00 0.000000e+00 0.000000e+00 0.000000e+00 0.000000e+00 0.000000e+00 0.000000e+00 
    75.5                0.000000e+00 0.000000e+00 0.000000e+00 0.000000e+00 0.000000e+00 0.000000e+00 0.000000e+00 0.000000e+00 0.000000e+00 0.000000e+00 0.000000e+00 0.000000e+00 
    76.5                0.000000e+00 0.000000e+00 0.000000e+00 0.000000e+00 0.000000e+00 0.000000e+00 0.000000e+00 0.000000e+00 0.000000e+00 0.000000e+00 0.000000e+00 0.000000e+00 
    77.5                0.000000e+00 0.000000e+00 0.000000e+00 0.000000e+00 0.000000e+00 0.000000e+00 0.000000e+00 0.000000e+00 0.000000e+00 0.000000e+00 0.000000e+00 0.000000e+00 
    78.5                0.000000e+00 0.000000e+00 0.000000e+00 0.000000e+00 0.000000e+00 0.000000e+00 0.000000e+00 0.000000e+00 0.000000e+00 0.000000e+00 0.000000e+00 0.000000e+00 
    79.5                0.000000e+00 0.000000e+00 0.000000e+00 0.000000e+00 0.000000e+00 0.000000e+00 0.000000e+00 0.000000e+00 0.000000e+00 0.000000e+00 0.000000e+00 0.000000e+00 


