4.549999999999999822e+00 1.220948875491999555e-03
4.711858016502953106e+00 1.216513759509748292e-03
4.879473839051239992e+00 1.212318918151635005e-03
5.053052291175829325e+00 1.207451819702987789e-03
5.232805482634163674e+00 1.202229055132861789e-03
5.418953068604481338e+00 1.197146862212292292e-03
5.611722518100505930e+00 1.191840732653420571e-03
5.811349391934506947e+00 1.186258451978152752e-03
6.018077630568388514e+00 1.180661988234493536e-03
6.232159852204562256e+00 1.175232697765598135e-03
6.453857661480863150e+00 1.168707814953616258e-03
6.683441969146726613e+00 1.161935013755889014e-03
6.921193323111270779e+00 1.156083037530878602e-03
7.167402251267814606e+00 1.149594760983277354e-03
7.422369616513750046e+00 1.142455981999312932e-03
7.686406984399618558e+00 1.135441386944345977e-03
7.959837003856621962e+00 1.128857962131119171e-03
8.242993801467838111e+00 1.122329544458039886e-03
8.536223389764922231e+00 1.115542968673088539e-03
8.839884090049196175e+00 1.108568429971535686e-03
9.154346970253897098e+00 1.100975935931494546e-03
9.479996298382490139e+00 1.092734302600473911e-03
9.817230012077335033e+00 1.084292350624228157e-03
1.016646020489229940e+01 1.076603802409858372e-03
1.052811362986374633e+01 1.069125678791967059e-03
1.090263222099505036e+01 1.061115083016908947e-03
1.129047363329207343e+01 1.052262490084335950e-03
1.169211180200933420e+01 1.043831521313506308e-03
1.210803752179043613e+01 1.035597256973223813e-03
1.253875904641028427e+01 1.027563372838475372e-03
1.298480270985213991e+01 1.019720620871287977e-03
1.344671356947825558e+01 1.011767251227237369e-03
1.392505607208025786e+01 1.003315596740400649e-03
1.442041474362295972e+01 9.946327218667077533e-04
1.493339490352466647e+01 9.864110042702206507e-04
1.546462340434659843e+01 9.772576052479711381e-04
1.601474939779553708e+01 9.679365764649807552e-04
1.658444512797555248e+01 9.587032885315954116e-04
1.717440675285823204e+01 9.498347131617864477e-04
1.778535519497527417e+01 9.412842558567781695e-04
1.841803702237289286e+01 9.332660308300521398e-04
1.907322536090459764e+01 9.262547726522291427e-04
1.975172083897709285e+01 9.190579632663391230e-04
2.045435256590387496e+01 9.117185737010542745e-04
2.118197914506195545e+01 9.041452886503593359e-04
2.193548972308979472e+01 8.951939348742872157e-04
2.271580507640852886e+01 8.860480102552085319e-04
2.352387873639428051e+01 8.764779571442202905e-04
2.436069815457642207e+01 8.669771758145660345e-04
2.522728590928563364e+01 8.584424769606548416e-04
2.612470095522627034e+01 8.497388280246820792e-04
2.705403991750005233e+01 8.413145879403689320e-04
2.801643843166230141e+01 8.319402843993053010e-04
2.901307253144823406e+01 8.224241135686358173e-04
3.004516008586506004e+01 8.133589869295325923e-04
3.111396228740611036e+01 8.040147401614029018e-04
3.222078519320549361e+01 7.946613905827027910e-04
3.336698132101648184e+01 7.859252523844759836e-04
3.455395130196392017e+01 7.768418380079722711e-04
3.578314559209039913e+01 7.669215491005271440e-04
3.705606624478756572e+01 7.571129138748355046e-04
3.837426874627841755e+01 7.473191825723406873e-04
3.973936391639356458e+01 7.381284503050510645e-04
4.115301987696421548e+01 7.293366841403259044e-04
4.261696409023717536e+01 7.200240235861635023e-04
4.413298546980276171e+01 7.102582071378498027e-04
4.570293656661503690e+01 7.000900646489248858e-04
4.732873583277606144e+01 6.906580473999026065e-04
4.901236996584975714e+01 6.822967094746743098e-04
5.075589633657094168e+01 6.735063003692817870e-04
5.256144550291529782e+01 6.641151225117922219e-04
5.443122381360320361e+01 6.545139416582096458e-04
5.636751610421816139e+01 6.443921729970024988e-04
5.837268848923510234e+01 6.352023219432601040e-04
6.044919125336966914e+01 6.273666159210582660e-04
6.259956184578244631e+01 6.187898357577748497e-04
6.482642798079612589e+01 6.097565620192364148e-04
6.713251084891551557e+01 6.006542333360274195e-04
6.952062844207340220e+01 5.923260253160176269e-04
7.199369899716633370e+01 5.839624926553678257e-04
7.455474456208763456e+01 5.748406787320213974e-04
7.720689468861596083e+01 5.660075027778116701e-04
7.995339025667128396e+01 5.571462792218437885e-04
8.279758743461225379e+01 5.482106126953598720e-04
8.574296178041358019e+01 5.398284911693573655e-04
8.879311248873585782e+01 5.314922738425432048e-04
9.195176678907657219e+01 5.226526339026972296e-04
9.522278450037815389e+01 5.146393033707755528e-04
9.861016274765709966e+01 5.066244553668479682e-04
1.021180408464196319e+02 4.979279001895853133e-04
1.057507053608303806e+02 4.896836978364248021e-04
1.095125953418176437e+02 4.818982157494427522e-04
1.134083077515136893e+02 4.736956492654807857e-04
1.174426030806601489e+02 4.648559561947571833e-04
1.216204111658423699e+02 4.564399868217381469e-04
1.259468372136615528e+02 4.484026157210765353e-04
1.304271680392051564e+02 4.401343117990191237e-04
1.350668785264411156e+02 4.314089802846375219e-04
1.398716383184267897e+02 4.228635152206885886e-04
1.448473187455122400e+02 4.155042594009385800e-04
1.500000000000000284e+02 3.926447464224261906e-04
1.667842162194271509e+02 3.706653515335604559e-04
1.854464985328572482e+02 3.500550572299772085e-04
2.061969927229315545e+02 3.287646640746207582e-04
2.292693587873134504e+02 3.084378845473565323e-04
2.549234020564846332e+02 2.895112478552534655e-04
2.834479987198708955e+02 2.724983276806738604e-04
3.151643487030589768e+02 2.559927955409860853e-04
3.504295925249723496e+02 2.399107806574157439e-04
3.896408328624714841e+02 2.245491237345582924e-04
4.332396061070139694e+02 2.111184571750601181e-04
4.817168542651438088e+02 1.987066710574688071e-04
5.356184531886666491e+02 1.862404375440559513e-04
5.955513593848904748e+02 1.744735933146325264e-04
6.621904446228221559e+02 1.643701722499840787e-04
7.362860952960754730e+02 1.548062531842647402e-04
8.186726621147882952e+02 1.444643680968214338e-04
9.102778552739112001e+02 1.348519346198479452e-04
1.012133190891735921e+03 1.266605364785174364e-04
1.125385606350306261e+03 1.190440475922161997e-04
1.251310375331735941e+03 1.114341013123761222e-04
1.391325467979604809e+03 1.038718076820984576e-04
1.547007517887371705e+03 9.714230187664882679e-05
1.720109575709377395e+03 9.143393935684765439e-05
1.912580849308132201e+03 8.621839742740662442e-05
2.126588652720951359e+03 8.111113968781624890e-05
2.364542811101272946e+03 7.648550669568199116e-05
2.629122796445377844e+03 7.190608804288271642e-05
2.923307899665137938e+03 6.719949343549883221e-05
3.250410778758064680e+03 6.281226956067129108e-05
3.614114760842272517e+03 5.868199097720902709e-05
4.018515318094267059e+03 5.495174646007812587e-05
4.468166184627427356e+03 5.135597809880886738e-05
4.968130633608222524e+03 4.793721807848068742e-05
5.524038492013815812e+03 4.433995454765642281e-05
6.142149535043128708e+03 4.100480772941078426e-05
6.829423974031245052e+03 3.797356900224154765e-05
7.593600831593108524e+03 3.512186975698924039e-05
8.443285086536308881e+03 3.255700616775370621e-05
9.388044569834230060e+03 3.054129106798658504e-05
1.043851770275232775e+04 2.884285806380041187e-05
1.160653329030774512e+04 2.703572633498230009e-05
1.290524371899110338e+04 2.529307483727268047e-05
1.434927305861740933e+04 2.342343273465633154e-05
1.595488173600030677e+04 2.157089854731234629e-05
1.774014963474975593e+04 1.973747383723564730e-05
1.972517968298062624e+04 1.817422447250561200e-05
2.193232422142194264e+04 1.679393959342560631e-05
2.438643670093476612e+04 1.559576918491257028e-05
2.711515154366717979e+04 1.460922407699421881e-05
3.014919531921006637e+04 1.354858972395776330e-05
3.352273273973914183e+04 1.246305193100603718e-05
3.727375137020472903e+04 1.150781313761085715e-05
4.144448938558261580e+04 1.072600036297567325e-05
4.608191119192507904e+04 9.969544608696978560e-06
5.123823626692313701e+04 9.224837926744000605e-06
5.697152717496399418e+04 8.576953117225491474e-06
6.334634337800107460e+04 7.917045283177895354e-06
7.043446820444404148e+04 7.265493324919115523e-06
7.831571716206888959e+04 6.685677045560655188e-06
8.707883669691997056e+04 6.137732762205756754e-06
9.682250351863501419e+04 5.613093683131797212e-06
1.076564357450550888e+05 5.132347062176446928e-06
1.197026283781075181e+05 4.666693874922104787e-06
1.330967270229867718e+05 4.185317784549192136e-06
1.479895553193326050e+05 3.780473341936279111e-06
1.645488132839762548e+05 3.431985311113652445e-06
1.829609656893655483e+05 3.072819311381123214e-06
2.034333417416684097e+05 2.725245107576676137e-06
2.261964697018868756e+05 2.408316227141445165e-06
2.515066727388700820e+05 2.112209087391792028e-06
2.796489552447226597e+05 1.836212984069468535e-06
3.109402121138180955e+05 1.596287861163918007e-06
3.457327971233704011e+05 1.371493289954901773e-06
3.844184905971435946e+05 1.151168834076293432e-06
4.274329110299986205e+05 9.558575032510979730e-07
4.752604203501762822e+05 7.715330169158658713e-07
5.284395780547963222e+05 5.950558555397472693e-07
5.875692056346264435e+05 4.362582745835036357e-07
6.533151295762824593e+05 2.830077923811173679e-07
7.264176788711581612e+05 1.367648386346731471e-07
8.077000214564106427e+05 0.000000000000000000e+00
