4.549999999999999822e+00 5.582026007425016490e-05
4.711858016502953106e+00 5.580072135898269357e-05
4.879473839051239992e+00 5.578056982750589801e-05
5.053052291175829325e+00 5.575963875273898089e-05
5.232805482634163674e+00 5.573772189011903057e-05
5.418953068604481338e+00 5.571507145229522294e-05
5.611722518100505930e+00 5.569178950686754214e-05
5.811349391934506947e+00 5.566749028388162304e-05
6.018077630568388514e+00 5.564240379504896585e-05
6.232159852204562256e+00 5.561641180529357774e-05
6.453857661480863150e+00 5.558932658910556451e-05
6.683441969146726613e+00 5.556139182558572241e-05
6.921193323111270779e+00 5.553265343970412285e-05
7.167402251267814606e+00 5.550282619401336858e-05
7.422369616513750046e+00 5.547213542833117435e-05
7.686406984399618558e+00 5.544060431094492421e-05
7.959837003856621962e+00 5.540774211190657402e-05
8.242993801467838111e+00 5.537377190934524007e-05
8.536223389764922231e+00 5.533835331459583952e-05
8.839884090049196175e+00 5.530127689995898739e-05
9.154346970253897098e+00 5.526283230577078587e-05
9.479996298382490139e+00 5.522353474082437072e-05
9.817230012077335033e+00 5.518250987699740886e-05
1.016646020489229940e+01 5.513997796447792890e-05
1.052811362986374633e+01 5.509659078689714822e-05
1.090263222099505036e+01 5.505172399751590218e-05
1.129047363329207343e+01 5.500583958383894079e-05
1.169211180200933420e+01 5.495877653254878473e-05
1.210803752179043613e+01 5.490995864357118086e-05
1.253875904641028427e+01 5.485854466730031843e-05
1.298480270985213991e+01 5.480495502347538074e-05
1.344671356947825558e+01 5.474922723640349533e-05
1.392505607208025786e+01 5.469159382665449073e-05
1.442041474362295972e+01 5.463286551094941767e-05
1.493339490352466647e+01 5.457187572712007519e-05
1.546462340434659843e+01 5.450763449518908062e-05
1.601474939779553708e+01 5.444189150831659440e-05
1.658444512797555248e+01 5.437526183099136392e-05
1.717440675285823204e+01 5.430652955671729556e-05
1.778535519497527417e+01 5.423481970301151156e-05
1.841803702237289286e+01 5.416052715939784971e-05
1.907322536090459764e+01 5.408444550167195618e-05
1.975172083897709285e+01 5.400599623951343975e-05
2.045435256590387496e+01 5.392609414570101938e-05
2.118197914506195545e+01 5.384382271763558762e-05
2.193548972308979472e+01 5.375884420119036717e-05
2.271580507640852886e+01 5.367182919219135154e-05
2.352387873639428051e+01 5.358106880961988836e-05
2.436069815457642207e+01 5.348712693710805990e-05
2.522728590928563364e+01 5.339070587638074553e-05
2.612470095522627034e+01 5.329140436477645346e-05
2.705403991750005233e+01 5.318940467199669930e-05
2.801643843166230141e+01 5.308553965489931718e-05
2.901307253144823406e+01 5.297885098732893721e-05
3.004516008586506004e+01 5.286966532629232155e-05
3.111396228740611036e+01 5.275892642314737574e-05
3.222078519320549361e+01 5.264347042306210107e-05
3.336698132101648184e+01 5.252342924160117126e-05
3.455395130196392017e+01 5.240026223681268174e-05
3.578314559209039913e+01 5.227434425931679453e-05
3.705606624478756572e+01 5.214557548064983108e-05
3.837426874627841755e+01 5.201553457363349703e-05
3.973936391639356458e+01 5.188365697960714817e-05
4.115301987696421548e+01 5.175002452054210876e-05
4.261696409023717536e+01 5.161387086694453890e-05
4.413298546980276171e+01 5.147388130056045606e-05
4.570293656661503690e+01 5.133010749289912856e-05
4.732873583277606144e+01 5.118471804505297836e-05
4.901236996584975714e+01 5.103730008598058660e-05
5.075589633657094168e+01 5.088228354969413948e-05
5.256144550291529782e+01 5.072473324760581225e-05
5.443122381360320361e+01 5.056657826438961610e-05
5.636751610421816139e+01 5.040545711763853051e-05
5.837268848923510234e+01 5.024290831818977138e-05
6.044919125336966914e+01 5.007900577167773831e-05
6.259956184578244631e+01 4.991301368399415862e-05
6.482642798079612589e+01 4.974441498396472305e-05
6.713251084891551557e+01 4.957569509810700161e-05
6.952062844207340220e+01 4.940672038355146408e-05
7.199369899716633370e+01 4.923603685330263705e-05
7.455474456208763456e+01 4.906131705644186817e-05
7.720689468861596083e+01 4.888189703235597635e-05
7.995339025667128396e+01 4.870201409148169338e-05
8.279758743461225379e+01 4.851998980802715411e-05
8.574296178041358019e+01 4.833327426450395668e-05
8.879311248873585782e+01 4.814741624938551686e-05
9.195176678907657219e+01 4.796531436055103737e-05
9.522278450037815389e+01 4.778127968459458476e-05
9.861016274765709966e+01 4.759525610477616069e-05
1.021180408464196319e+02 4.740892041502959051e-05
1.057507053608303806e+02 4.722213401774355410e-05
1.095125953418176437e+02 4.703092991600063642e-05
1.134083077515136893e+02 4.683534687604912590e-05
1.174426030806601489e+02 4.664403033131807373e-05
1.216204111658423699e+02 4.645741688705100922e-05
1.259468372136615528e+02 4.626766830756829171e-05
1.304271680392051564e+02 4.607644809113274522e-05
1.350668785264411156e+02 4.588490671624917113e-05
1.398716383184267897e+02 4.569007530146652364e-05
1.448473187455122400e+02 4.549100150738416500e-05
1.500000000000000284e+02 4.488894225780939003e-05
1.667842162194271509e+02 4.429116783124585583e-05
1.854464985328572482e+02 4.369129792395727915e-05
2.061969927229315545e+02 4.308547172249824675e-05
2.292693587873134504e+02 4.247943776155864903e-05
2.549234020564846332e+02 4.187250894443948432e-05
2.834479987198708955e+02 4.124238355052940649e-05
3.151643487030589768e+02 4.062049701322788340e-05
3.504295925249723496e+02 4.002090620835774314e-05
3.896408328624714841e+02 3.942739796922506619e-05
4.332396061070139694e+02 3.882381904580366357e-05
4.817168542651438088e+02 3.818869344330162166e-05
5.356184531886666491e+02 3.753567223620323889e-05
5.955513593848904748e+02 3.691568355102687867e-05
6.621904446228221559e+02 3.631155484542616702e-05
7.362860952960754730e+02 3.570050253047009087e-05
8.186726621147882952e+02 3.509883451308742593e-05
9.102778552739112001e+02 3.450688625972217027e-05
1.012133190891735921e+03 3.390210366155361294e-05
1.125385606350306261e+03 3.328968202838334040e-05
1.251310375331735941e+03 3.268258441186907334e-05
1.391325467979604809e+03 3.204039329695842808e-05
1.547007517887371705e+03 3.139355352440566861e-05
1.720109575709377395e+03 3.077553258287052135e-05
1.912580849308132201e+03 3.019290379796262956e-05
2.126588652720951359e+03 2.958431508485025326e-05
2.364542811101272946e+03 2.893690507854452263e-05
2.629122796445377844e+03 2.830604956792787339e-05
2.923307899665137938e+03 2.767923635723966173e-05
3.250410778758064680e+03 2.706347832847286747e-05
3.614114760842272517e+03 2.643754249009137654e-05
4.018515318094267059e+03 2.582565483910851010e-05
4.468166184627427356e+03 2.524081882299310855e-05
4.968130633608222524e+03 2.460291216333447523e-05
5.524038492013815812e+03 2.396869881160435185e-05
6.142149535043128708e+03 2.338334020271950044e-05
6.829423974031245052e+03 2.281256119939051129e-05
7.593600831593108524e+03 2.229085932411927298e-05
8.443285086536308881e+03 2.172133773628808477e-05
9.388044569834230060e+03 2.110731753963905979e-05
1.043851770275232775e+04 2.052805312640426725e-05
1.160653329030774512e+04 1.987508470519319930e-05
1.290524371899110338e+04 1.921919505775361358e-05
1.434927305861740933e+04 1.858974779011739284e-05
1.595488173600030677e+04 1.787870821259802999e-05
1.774014963474975593e+04 1.713656850657343481e-05
1.972517968298062624e+04 1.646019870757487792e-05
2.193232422142194264e+04 1.587698252558174288e-05
2.438643670093476612e+04 1.534455370612677373e-05
2.711515154366717979e+04 1.480330579938925629e-05
3.014919531921006637e+04 1.422253031520509352e-05
3.352273273973914183e+04 1.362103779190381304e-05
3.727375137020472903e+04 1.300311184753571314e-05
4.144448938558261580e+04 1.237261831096711306e-05
4.608191119192507904e+04 1.171729016675836780e-05
5.123823626692313701e+04 1.106668556618070073e-05
5.697152717496399418e+04 1.031252045634378572e-05
6.334634337800107460e+04 9.399792309268285970e-06
7.043446820444404148e+04 8.598985857497953736e-06
7.831571716206888959e+04 7.874381582836406754e-06
8.707883669691997056e+04 7.181722848202441798e-06
9.682250351863501419e+04 6.558518227474618946e-06
1.076564357450550888e+05 5.957508480461787520e-06
1.197026283781075181e+05 5.431561981100607880e-06
1.330967270229867718e+05 4.939740090020573434e-06
1.479895553193326050e+05 4.463077513709285641e-06
1.645488132839762548e+05 4.031411442286825535e-06
1.829609656893655483e+05 3.631257566186707963e-06
2.034333417416684097e+05 3.254644915366125459e-06
2.261964697018868756e+05 2.886867821677277697e-06
2.515066727388700820e+05 2.540833727254734507e-06
2.796489552447226597e+05 2.225430837595112493e-06
3.109402121138180955e+05 1.935780204774119437e-06
3.457327971233704011e+05 1.672944208547713489e-06
3.844184905971435946e+05 1.444928785514930012e-06
4.274329110299986205e+05 1.244479534839222656e-06
4.752604203501762822e+05 1.046216340448041272e-06
5.284395780547963222e+05 8.485263569392247594e-07
5.875692056346264435e+05 6.667962256000028618e-07
6.533151295762824593e+05 4.978449884456679253e-07
7.264176788711581612e+05 3.217391382699368182e-07
8.077000214564106427e+05 1.534839604362843706e-07
8.980774334601459559e+05 0.000000000000000000e+00
