4.549999999999999822e+00 1.708388653772871426e-04
4.711858016502953106e+00 1.707644065066684486e-04
4.879473839051239992e+00 1.706875036418834749e-04
5.053052291175829325e+00 1.706070763198764997e-04
5.232805482634163674e+00 1.705217463824287654e-04
5.418953068604481338e+00 1.704340731302891388e-04
5.611722518100505930e+00 1.703448404709763787e-04
5.811349391934506947e+00 1.702519155479663860e-04
6.018077630568388514e+00 1.701555154354510071e-04
6.232159852204562256e+00 1.700549213668658543e-04
6.453857661480863150e+00 1.699488637158601517e-04
6.683441969146726613e+00 1.698402256494515846e-04
6.921193323111270779e+00 1.697284760367423180e-04
7.167402251267814606e+00 1.696124534759121504e-04
7.422369616513750046e+00 1.694933226934157422e-04
7.686406984399618558e+00 1.693693795624881537e-04
7.959837003856621962e+00 1.692378906549209965e-04
8.242993801467838111e+00 1.691017320013859170e-04
8.536223389764922231e+00 1.689629484646656249e-04
8.839884090049196175e+00 1.688204479306191640e-04
9.154346970253897098e+00 1.686734432944422672e-04
9.479996298382490139e+00 1.685224992376934999e-04
9.817230012077335033e+00 1.683653045144265783e-04
1.016646020489229940e+01 1.681994856308951776e-04
1.052811362986374633e+01 1.680310602987212479e-04
1.090263222099505036e+01 1.678604362277739102e-04
1.129047363329207343e+01 1.676820236536171490e-04
1.169211180200933420e+01 1.674942901219713884e-04
1.210803752179043613e+01 1.673011959331252097e-04
1.253875904641028427e+01 1.671009542244797016e-04
1.298480270985213991e+01 1.668917376092201612e-04
1.344671356947825558e+01 1.666750310330177075e-04
1.392505607208025786e+01 1.664573620826145784e-04
1.442041474362295972e+01 1.662373236110866186e-04
1.493339490352466647e+01 1.660052668431478051e-04
1.546462340434659843e+01 1.657645501587223379e-04
1.601474939779553708e+01 1.655190194774757968e-04
1.658444512797555248e+01 1.652696086271794769e-04
1.717440675285823204e+01 1.650073288538381503e-04
1.778535519497527417e+01 1.647287954700277918e-04
1.841803702237289286e+01 1.644410391671103982e-04
1.907322536090459764e+01 1.641510873466644550e-04
1.975172083897709285e+01 1.638541650862231276e-04
2.045435256590387496e+01 1.635483954517796259e-04
2.118197914506195545e+01 1.632278037451412442e-04
2.193548972308979472e+01 1.628822215275093255e-04
2.271580507640852886e+01 1.625333114172151732e-04
2.352387873639428051e+01 1.621846517129783740e-04
2.436069815457642207e+01 1.618217402047367865e-04
2.522728590928563364e+01 1.614511814413466576e-04
2.612470095522627034e+01 1.610643164576442570e-04
2.705403991750005233e+01 1.606629368364402392e-04
2.801643843166230141e+01 1.602629520844304372e-04
2.901307253144823406e+01 1.598457903570466672e-04
3.004516008586506004e+01 1.594068650268625701e-04
3.111396228740611036e+01 1.589607020990335706e-04
3.222078519320549361e+01 1.585055442925150315e-04
3.336698132101648184e+01 1.580485135254284948e-04
3.455395130196392017e+01 1.575826926779065390e-04
3.578314559209039913e+01 1.570841002110525797e-04
3.705606624478756572e+01 1.565654136446149283e-04
3.837426874627841755e+01 1.560439103436238035e-04
3.973936391639356458e+01 1.555144494743860575e-04
4.115301987696421548e+01 1.549788142680300974e-04
4.261696409023717536e+01 1.544312582501965224e-04
4.413298546980276171e+01 1.538813882914275206e-04
4.570293656661503690e+01 1.533306202494024546e-04
4.732873583277606144e+01 1.527756948158527617e-04
4.901236996584975714e+01 1.522237536313480240e-04
5.075589633657094168e+01 1.516256789449073881e-04
5.256144550291529782e+01 1.510014314497912311e-04
5.443122381360320361e+01 1.503843344444478190e-04
5.636751610421816139e+01 1.497541429212033176e-04
5.837268848923510234e+01 1.491174564788090595e-04
6.044919125336966914e+01 1.484849336065186421e-04
6.259956184578244631e+01 1.478375101978562131e-04
6.482642798079612589e+01 1.471676122865274916e-04
6.713251084891551557e+01 1.464935111980202021e-04
6.952062844207340220e+01 1.458181142817813094e-04
7.199369899716633370e+01 1.451522787234247203e-04
7.455474456208763456e+01 1.444751476715165368e-04
7.720689468861596083e+01 1.437767089844874926e-04
7.995339025667128396e+01 1.431105774812995997e-04
8.279758743461225379e+01 1.424479470570573427e-04
8.574296178041358019e+01 1.417528698386623419e-04
8.879311248873585782e+01 1.410579191086919204e-04
9.195176678907657219e+01 1.403577067043187878e-04
9.522278450037815389e+01 1.396600293998459487e-04
9.861016274765709966e+01 1.389297184402838651e-04
1.021180408464196319e+02 1.382070570895576906e-04
1.057507053608303806e+02 1.375046869440245216e-04
1.095125953418176437e+02 1.367559839310254289e-04
1.134083077515136893e+02 1.359893209752385096e-04
1.174426030806601489e+02 1.352206351847794446e-04
1.216204111658423699e+02 1.344400686193709482e-04
1.259468372136615528e+02 1.336617752539505605e-04
1.304271680392051564e+02 1.329122948133915582e-04
1.350668785264411156e+02 1.321484109157941035e-04
1.398716383184267897e+02 1.313676541808486155e-04
1.448473187455122400e+02 1.306116357811370609e-04
1.500000000000000284e+02 1.282662267758692503e-04
1.667842162194271509e+02 1.258123884819257131e-04
1.854464985328572482e+02 1.234575690826765926e-04
2.061969927229315545e+02 1.210499361591308056e-04
2.292693587873134504e+02 1.186736073652557119e-04
2.549234020564846332e+02 1.164074731493366309e-04
2.834479987198708955e+02 1.140104605561684530e-04
3.151643487030589768e+02 1.115995626913833018e-04
3.504295925249723496e+02 1.092208375577288212e-04
3.896408328624714841e+02 1.068406861091511018e-04
4.332396061070139694e+02 1.045004154942837598e-04
4.817168542651438088e+02 1.021790445684302981e-04
5.356184531886666491e+02 9.973094120067327556e-05
5.955513593848904748e+02 9.721267585052295688e-05
6.621904446228221559e+02 9.484520290893957333e-05
7.362860952960754730e+02 9.249028701623014962e-05
8.186726621147882952e+02 9.000489271215688335e-05
9.102778552739112001e+02 8.762296057484128986e-05
1.012133190891735921e+03 8.532734784318626636e-05
1.125385606350306261e+03 8.306430622172069950e-05
1.251310375331735941e+03 8.067877205508073061e-05
1.391325467979604809e+03 7.815680350367826745e-05
1.547007517887371705e+03 7.558953683198027431e-05
1.720109575709377395e+03 7.321082610768745065e-05
1.912580849308132201e+03 7.090410616864817046e-05
2.126588652720951359e+03 6.861979979620001367e-05
2.364542811101272946e+03 6.627268410256000573e-05
2.629122796445377844e+03 6.373587629405045067e-05
2.923307899665137938e+03 6.132810374176003482e-05
3.250410778758064680e+03 5.886166503083224678e-05
3.614114760842272517e+03 5.625318104691875423e-05
4.018515318094267059e+03 5.351037569162369256e-05
4.468166184627427356e+03 5.091646299029112363e-05
4.968130633608222524e+03 4.835755998301518341e-05
5.524038492013815812e+03 4.513206890739419582e-05
6.142149535043128708e+03 4.161599400839881236e-05
6.829423974031245052e+03 3.848169061419396504e-05
7.593600831593108524e+03 3.560329622965150375e-05
8.443285086536308881e+03 3.322924584211268875e-05
9.388044569834230060e+03 3.108434259350921470e-05
1.043851770275232775e+04 2.917108610817246788e-05
1.160653329030774512e+04 2.738906962193731636e-05
1.290524371899110338e+04 2.534199129355311619e-05
1.434927305861740933e+04 2.336416008116260173e-05
1.595488173600030677e+04 2.166169305721556159e-05
1.774014963474975593e+04 2.026778057073687269e-05
1.972517968298062624e+04 1.886670145906732348e-05
2.193232422142194264e+04 1.748374340610899208e-05
2.438643670093476612e+04 1.643367732446568961e-05
2.711515154366717979e+04 1.546402920295933208e-05
3.014919531921006637e+04 1.441874098073305335e-05
3.352273273973914183e+04 1.343052331442359955e-05
3.727375137020472903e+04 1.246857094756986524e-05
4.144448938558261580e+04 1.153694989692241059e-05
4.608191119192507904e+04 1.070817072659958511e-05
5.123823626692313701e+04 9.885816533075750170e-06
5.697152717496399418e+04 9.084403266043005127e-06
6.334634337800107460e+04 8.371042379555206038e-06
7.043446820444404148e+04 7.665584091175561051e-06
7.831571716206888959e+04 7.009511357741944095e-06
8.707883669691997056e+04 6.436806873446519967e-06
9.682250351863501419e+04 5.903510750784684256e-06
1.076564357450550888e+05 5.441874384761472222e-06
1.197026283781075181e+05 5.004556609256510325e-06
1.330967270229867718e+05 4.563048515649441436e-06
1.479895553193326050e+05 4.126206449123686693e-06
1.645488132839762548e+05 3.734567554688686527e-06
1.829609656893655483e+05 3.381209013801790694e-06
2.034333417416684097e+05 3.031539894202768450e-06
2.261964697018868756e+05 2.687298718477982695e-06
2.515066727388700820e+05 2.353408434113837084e-06
2.796489552447226597e+05 2.070793555889225519e-06
3.109402121138180955e+05 1.821561000548419570e-06
3.457327971233704011e+05 1.572903089209294527e-06
3.844184905971435946e+05 1.348569496983860515e-06
4.274329110299986205e+05 1.151679833058489666e-06
4.752604203501762822e+05 9.579372419366461323e-07
5.284395780547963222e+05 7.711724143650352126e-07
5.875692056346264435e+05 6.062539033929400557e-07
6.533151295762824593e+05 4.440631038813032654e-07
7.264176788711581612e+05 2.870135066336564934e-07
8.077000214564106427e+05 1.500399800676271295e-07
8.980774334601459559e+05 0.000000000000000000e+00
