4.549999999999999822e+00 1.203263405926993396e-03
4.711858016502953106e+00 1.198809645296250361e-03
4.879473839051239992e+00 1.194009037616185773e-03
5.053052291175829325e+00 1.188672775876269908e-03
5.232805482634163674e+00 1.182939867980173452e-03
5.418953068604481338e+00 1.176829975872866569e-03
5.611722518100505930e+00 1.170474275713310162e-03
5.811349391934506947e+00 1.165019697365642440e-03
6.018077630568388514e+00 1.159843840926254440e-03
6.232159852204562256e+00 1.153943664199838298e-03
6.453857661480863150e+00 1.147492416915618738e-03
6.683441969146726613e+00 1.140344867110867867e-03
6.921193323111270779e+00 1.132928995354391200e-03
7.167402251267814606e+00 1.124932661870439027e-03
7.422369616513750046e+00 1.117262528693519896e-03
7.686406984399618558e+00 1.109461183549834574e-03
7.959837003856621962e+00 1.101055072719264510e-03
8.242993801467838111e+00 1.093202861026290346e-03
8.536223389764922231e+00 1.085550245695024885e-03
8.839884090049196175e+00 1.078068836575459249e-03
9.154346970253897098e+00 1.069853926000911967e-03
9.479996298382490139e+00 1.061106133427358817e-03
9.817230012077335033e+00 1.052998499664586918e-03
1.016646020489229940e+01 1.044868279674022451e-03
1.052811362986374633e+01 1.036357319323639699e-03
1.090263222099505036e+01 1.026998211750554477e-03
1.129047363329207343e+01 1.016873272675659565e-03
1.169211180200933420e+01 1.007535701876962524e-03
1.210803752179043613e+01 9.998680302949643477e-04
1.253875904641028427e+01 9.903019448367759471e-04
1.298480270985213991e+01 9.791240996141279806e-04
1.344671356947825558e+01 9.703646242820366911e-04
1.392505607208025786e+01 9.626831603604263116e-04
1.442041474362295972e+01 9.538308981276522394e-04
1.493339490352466647e+01 9.429457252487952017e-04
1.546462340434659843e+01 9.326359015083532291e-04
1.601474939779553708e+01 9.237917677983199100e-04
1.658444512797555248e+01 9.156821295715727831e-04
1.717440675285823204e+01 9.070114683333132047e-04
1.778535519497527417e+01 8.962794331790005248e-04
1.841803702237289286e+01 8.849090745140595488e-04
1.907322536090459764e+01 8.749332468022022035e-04
1.975172083897709285e+01 8.656484910070920847e-04
2.045435256590387496e+01 8.559293421641069001e-04
2.118197914506195545e+01 8.460777398360092797e-04
2.193548972308979472e+01 8.355170002347226451e-04
2.271580507640852886e+01 8.243045208628081667e-04
2.352387873639428051e+01 8.147871884611530184e-04
2.436069815457642207e+01 8.059192096918751849e-04
2.522728590928563364e+01 7.962869605637971221e-04
2.612470095522627034e+01 7.867337219107524947e-04
2.705403991750005233e+01 7.767203476696663347e-04
2.801643843166230141e+01 7.674947806901779440e-04
2.901307253144823406e+01 7.580656329396965720e-04
3.004516008586506004e+01 7.466394135507209082e-04
3.111396228740611036e+01 7.354262367062075478e-04
3.222078519320549361e+01 7.248102448321915156e-04
3.336698132101648184e+01 7.135967585120550757e-04
3.455395130196392017e+01 7.014531942658848397e-04
3.578314559209039913e+01 6.891667167494739624e-04
3.705606624478756572e+01 6.773763192963308446e-04
3.837426874627841755e+01 6.656906532138309306e-04
3.973936391639356458e+01 6.548373653303032459e-04
4.115301987696421548e+01 6.440150267563526194e-04
4.261696409023717536e+01 6.325441182418477032e-04
4.413298546980276171e+01 6.211589382760956176e-04
4.570293656661503690e+01 6.106121386278486355e-04
4.732873583277606144e+01 6.003431963823676514e-04
4.901236996584975714e+01 5.892958072390489226e-04
5.075589633657094168e+01 5.782375138389220411e-04
5.256144550291529782e+01 5.666833019049212104e-04
5.443122381360320361e+01 5.547605742761875383e-04
5.636751610421816139e+01 5.434069986088641870e-04
5.837268848923510234e+01 5.329566180902966209e-04
6.044919125336966914e+01 5.222073689725007829e-04
6.259956184578244631e+01 5.120481452622592262e-04
6.482642798079612589e+01 5.029719199271149048e-04
6.713251084891551557e+01 4.930356845562208030e-04
6.952062844207340220e+01 4.833083136953021577e-04
7.199369899716633370e+01 4.737402550824845954e-04
7.455474456208763456e+01 4.621657345464426098e-04
7.720689468861596083e+01 4.517031213811241409e-04
7.995339025667128396e+01 4.429440481579010810e-04
8.279758743461225379e+01 4.341999887078157273e-04
8.574296178041358019e+01 4.250191989091129264e-04
8.879311248873585782e+01 4.154703378347018687e-04
9.195176678907657219e+01 4.057453804826415943e-04
9.522278450037815389e+01 3.957512114789728556e-04
9.861016274765709966e+01 3.871751566615087630e-04
1.021180408464196319e+02 3.785409330644406165e-04
1.057507053608303806e+02 3.687517163585754933e-04
1.095125953418176437e+02 3.601187410729386751e-04
1.134083077515136893e+02 3.518058155819650925e-04
1.174426030806601489e+02 3.435287345745455679e-04
1.216204111658423699e+02 3.356891567020926174e-04
1.259468372136615528e+02 3.280773744137402154e-04
1.304271680392051564e+02 3.208206657375557757e-04
1.350668785264411156e+02 3.135368778508449686e-04
1.398716383184267897e+02 3.064539599298368331e-04
1.448473187455122400e+02 2.991606527894662831e-04
1.500000000000000284e+02 2.759868940754327043e-04
1.667842162194271509e+02 2.568980333744892404e-04
1.854464985328572482e+02 2.415358597569450781e-04
2.061969927229315545e+02 2.269288291822280264e-04
2.292693587873134504e+02 2.134994107678169200e-04
2.549234020564846332e+02 1.996445107919951958e-04
2.834479987198708955e+02 1.827829284007499808e-04
3.151643487030589768e+02 1.678932522359878610e-04
3.504295925249723496e+02 1.559800312502992309e-04
3.896408328624714841e+02 1.439834419170258478e-04
4.332396061070139694e+02 1.328638279693083405e-04
4.817168542651438088e+02 1.243611759133092260e-04
5.356184531886666491e+02 1.169264137146845250e-04
5.955513593848904748e+02 1.103482043319503614e-04
6.621904446228221559e+02 1.045508763155146396e-04
7.362860952960754730e+02 9.970144238776292370e-05
8.186726621147882952e+02 9.516577557220034893e-05
9.102778552739112001e+02 8.958832215133646047e-05
1.012133190891735921e+03 8.395948611344180440e-05
1.125385606350306261e+03 7.845752985938042254e-05
1.251310375331735941e+03 7.370285283446464941e-05
1.391325467979604809e+03 6.874519695244723713e-05
1.547007517887371705e+03 6.473641416243625102e-05
1.720109575709377395e+03 6.103621864387101005e-05
1.912580849308132201e+03 5.561267281545875102e-05
2.126588652720951359e+03 5.070314933169547955e-05
2.364542811101272946e+03 4.761171806890568924e-05
2.629122796445377844e+03 4.475977792964464831e-05
2.923307899665137938e+03 4.193701961963895025e-05
3.250410778758064680e+03 3.914007925089188142e-05
3.614114760842272517e+03 3.693738213145160605e-05
4.018515318094267059e+03 3.538932133078796956e-05
4.468166184627427356e+03 3.362009490692351339e-05
4.968130633608222524e+03 3.133729151146187608e-05
5.524038492013815812e+03 2.897783785582781248e-05
6.142149535043128708e+03 2.724140015107449908e-05
6.829423974031245052e+03 2.568701081970964362e-05
7.593600831593108524e+03 2.397621274137983968e-05
8.443285086536308881e+03 2.278079148048382276e-05
9.388044569834230060e+03 2.162240906569061309e-05
1.043851770275232775e+04 1.992951599374742297e-05
1.160653329030774512e+04 1.879721690654684481e-05
1.290524371899110338e+04 1.772365327522523563e-05
1.434927305861740933e+04 1.635808975858246521e-05
1.595488173600030677e+04 1.554884235089324176e-05
1.774014963474975593e+04 1.487227612228842095e-05
1.972517968298062624e+04 1.370854661533141977e-05
2.193232422142194264e+04 1.248345698144355358e-05
2.438643670093476612e+04 1.151156604145510062e-05
2.711515154366717979e+04 1.060293959502913233e-05
3.014919531921006637e+04 9.860021297794898179e-06
3.352273273973914183e+04 9.283212538156249485e-06
3.727375137020472903e+04 8.743655074636320912e-06
4.144448938558261580e+04 8.164199973770356472e-06
4.608191119192507904e+04 7.507735888986812739e-06
5.123823626692313701e+04 6.888073699519827245e-06
5.697152717496399418e+04 6.315402526410216974e-06
6.334634337800107460e+04 5.663553171698270175e-06
7.043446820444404148e+04 5.091819939538394166e-06
7.831571716206888959e+04 4.654054338648584352e-06
8.707883669691997056e+04 4.282919830352494711e-06
9.682250351863501419e+04 3.949140513749126863e-06
1.076564357450550888e+05 3.617717925688546110e-06
1.197026283781075181e+05 3.303149598422481723e-06
1.330967270229867718e+05 3.014075656239704679e-06
1.479895553193326050e+05 2.708634122760298149e-06
1.645488132839762548e+05 2.407039976698877731e-06
1.829609656893655483e+05 2.170256672884892518e-06
2.034333417416684097e+05 1.948667295714875611e-06
2.261964697018868756e+05 1.724244787855823760e-06
2.515066727388700820e+05 1.544359560953301527e-06
2.796489552447226597e+05 1.373920696029441377e-06
3.109402121138180955e+05 1.206961632480582983e-06
3.457327971233704011e+05 1.067818083949102770e-06
3.844184905971435946e+05 9.156769163046803855e-07
4.274329110299986205e+05 7.481713375479502603e-07
4.752604203501762822e+05 6.037482857901635414e-07
5.284395780547963222e+05 4.829029991006237449e-07
5.875692056346264435e+05 3.785959546676563592e-07
6.533151295762824593e+05 2.817062964722422125e-07
7.264176788711581612e+05 1.869625820235306518e-07
8.077000214564106427e+05 8.922521131421619345e-08
8.980774334601459559e+05 0.000000000000000000e+00
