3.01463684810791e+004 1.73687446341010e+006 1.73549340628042e-002 3.10586870937223e-001 1.53340310876797e+000 9.97704141273667e-006 1.79488477586355e-008 10 1
3.01437955722067e+004 1.73686969016635e+006 1.73535008456869e-002 5.29770805993835e-001 1.56302899182104e+000 3.12529420131411e+000 1.84411977035825e-008 1639 2
3.01437640024054e+004 1.73684611766665e+006 1.73537181493231e-002 5.48600726340525e-001 1.56485064806055e+000 7.30558198590643e+001 1.87425516937296e-008 2671 3
3.01442766619325e+004 1.73685761076990e+006 1.73538984157521e-002 3.31431012909330e-001 1.53944333735160e+000 9.59655480770483e+001 3.06268472458670e-008 3104 4
3.01435769427946e+004 1.73684682570250e+006 1.73536034081332e-002 5.99200415051729e-001 1.56715168752098e+000 9.59661534080583e+001 3.07430418740679e-008 3176 5
3.01442283634727e+004 1.73685466289934e+006 1.73539000640536e-002 6.29261146885586e-001 1.56801457731864e+000 9.82904813069883e+001 3.08116453307284e-008 3988 6
3.01436573500659e+004 1.73685633082479e+006 1.73535547386215e-002 4.19507431257057e-001 1.55430421720023e+000 9.84628740731775e+001 3.34467185037472e-008 4938 7
3.01446587370858e+004 1.73686396151572e+006 1.73540548885866e-002 1.51280251472518e-001 1.38517781685842e+000 9.86025044564964e+001 9.56356202718813e-007 5815 8
3.01434542874076e+004 1.73685184339773e+006 1.73534826862264e-002 2.21442304757836e-001 1.49045037217322e+000 9.86116302292739e+001 1.07630097578066e-006 6509 9
3.01437239116657e+004 1.73684770293486e+006 1.73536792377695e-002 1.42338328196051e-001 1.35909936964019e+000 9.92122245869817e+001 2.33444513101654e-006 7262 10
3.01440096766732e+004 1.73687442117926e+006 1.73535768194246e-002 6.18060853907895e-001 1.56695993423261e+000 9.94412815948057e+001 2.33456265375135e-006 10248 11
3.01450160588539e+004 1.73686076281168e+006 1.73542925089617e-002 4.12762840662862e-001 1.55334545075838e+000 9.95356742331407e+001 2.33754203805687e-006 11433 12
3.01434063472351e+004 1.73684325948836e+006 1.73535408406288e-002 2.00048829615162e-001 1.47050803018281e+000 9.95404472348808e+001 2.54568939953140e-006 11683 13
3.01444760346695e+004 1.73685948496044e+006 1.73539944481134e-002 3.02255317850276e-001 1.53138969924009e+000 9.95434946408145e+001 2.56633228101577e-006 11888 14
3.01432699675711e+004 1.73684044731913e+006 1.73534904345586e-002 1.09103671376690e-001 1.17472858287301e+000 1.01652055059095e+002 7.22558826607447e-006 15515 15
3.01446107000063e+004 1.73688359291641e+006 1.73538311322997e-002 6.29291665395062e-001 1.56705581087680e+000 1.76722515705588e+002 7.22569687488010e-006 23278 16
3.01458524678895e+004 1.73687250816115e+006 1.73546565920157e-002 4.91500595110935e-001 1.56044032242805e+000 1.76771894327061e+002 7.22660316400365e-006 24052 17
3.01433241754114e+004 1.73684451736698e+006 1.73534809784215e-002 2.98013245033113e-001 1.53052680944243e+000 1.81555582735358e+002 7.24861304507947e-006 33517 18
3.01463811997014e+004 1.73688076031636e+006 1.73548784771467e-002 2.99966429639576e-001 1.52995154957732e+000 1.81580959559600e+002 7.27078299354740e-006 34388 19
3.01444409396959e+004 1.73688492876667e+006 1.73537200790835e-002 1.33671071504868e-001 2.52107635883663e-001 1.81911265672244e+002 7.76970330825098e-006 35555 20
3.01453556493023e+004 1.73687176935392e+006 1.73543780165862e-002 1.85613574633015e-001 1.45162033127842e+000 1.82801507126819e+002 8.08527857139417e-006 39130 21
3.01522285891388e+004 1.73684105902177e+006 6.26582135923225e+000 7.43858149967956e-001 -1.57002798684652e+000 1.91021433466046e+002 8.08528501112876e-006 43671 22
3.01521391355176e+004 1.73684013639198e+006 6.26582140150113e+000 8.91018402661214e-001 -1.56763107074190e+000 1.91031631895483e+002 8.08532401139274e-006 44053 23
3.01440082099708e+004 1.73687635322788e+006 1.73535566755128e-002 2.55531479842525e-001 1.51183086382641e+000 3.14790123633783e+002 8.14037849144956e-006 50621 24
3.01439602982297e+004 1.73686900617117e+006 1.73536024905139e-002 3.92437513351848e-001 1.55037327478866e+000 3.15133247756394e+002 8.14462094420954e-006 51665 25
3.01435544708757e+004 1.73684556516453e+006 1.73536030657494e-002 2.54310739463485e-001 1.51221437040315e+000 3.15138029998705e+002 8.19971356529699e-006 51830 26
3.01437646321812e+004 1.73684582158775e+006 1.73537214694937e-002 1.50028992584002e-001 1.38239739417707e+000 3.15164615857062e+002 9.15876931458192e-006 52166 27
3.01437234704812e+004 1.73684556575731e+006 1.73537003331375e-002 4.80880153813288e-001 1.56053619907224e+000 3.19941521354407e+002 9.15970663897296e-006 53241 28
3.01437754240111e+004 1.73685465955792e+006 1.73536393945189e-002 5.32761619922483e-001 1.56370012833033e+000 3.20508334762108e+002 9.16012941224166e-006 55541 29
3.01451323177448e+004 1.73688731435674e+006 1.73540941847030e-002 6.24622333445235e-001 1.56676818094424e+000 3.20516506124945e+002 9.16025326054361e-006 55878 30
3.01437486987673e+004 1.73685250885620e+006 1.73536454962536e-002 1.51524399548326e-001 1.38623245994446e+000 3.21666715043433e+002 1.00728066202139e-005 56890 31
3.01439149257361e+004 1.73686857992982e+006 1.73535806330782e-002 1.43803216650899e-001 1.36312618869594e+000 3.22315789499723e+002 1.12721433788436e-005 59964 32
3.01437398410711e+004 1.73685358643653e+006 1.73536296335337e-002 4.01196325571459e-001 1.55209905438398e+000 3.32103095875903e+002 1.12756708674298e-005 63524 33
3.01448269488408e+004 1.73686613202956e+006 1.73541300247437e-002 3.15012054811243e-001 1.53493713507492e+000 3.32260927016283e+002 1.12919914113838e-005 64298 34
3.01447216031125e+004 1.73685745564705e+006 1.73541560642070e-002 3.48796044801172e-001 1.54327840311899e+000 3.32300101656400e+002 1.13006873685773e-005 65302 35
3.01521077792684e+004 1.73684727764530e+006 6.26582149090683e+000 9.10977507858516e-001 -1.56763107074190e+000 3.32634055861718e+002 1.13007245136651e-005 66009 36
3.01462954167046e+004 1.73686933680213e+006 1.73549432239475e-002 2.11615344706565e-001 1.48134209097568e+000 3.35486322104593e+002 1.14561533811359e-005 70485 37
3.01521493911687e+004 1.73684383894349e+006 6.26582143259525e+000 8.56166264839625e-001 -1.56820633060701e+000 3.41734980354477e+002 1.14561845703124e-005 70714 38
3.01521073290733e+004 1.73684603410655e+006 6.26582147874019e+000 9.96459852900784e-001 -1.56676818094424e+000 3.44344996113325e+002 1.14562288941140e-005 71565 39
3.01436657891226e+004 1.73686540649375e+006 1.73534689363568e-002 3.96343882564776e-001 1.55104441129795e+000 3.51852808929661e+002 1.14601717073709e-005 72520 40
3.01520464856971e+004 1.73685307200887e+006 6.26582158408478e+000 8.50611896114994e-001 -1.56858983718375e+000 3.54110888556851e+002 1.14601963786826e-005 74245 41
3.01476303258362e+004 1.73688629877226e+006 1.73555421072321e-002 3.41532639545885e-001 1.54078561037019e+000 3.54343248397013e+002 1.14705997902289e-005 75471 42
3.01454857870042e+004 1.73686351585974e+006 1.73545353715016e-002 7.33481856746117e-001 1.57060324671163e+000 3.54368569630452e+002 1.14706005673206e-005 76082 43
3.01454487094250e+004 1.73686857161849e+006 1.73544635243029e-002 3.98510696737571e-001 1.55123616458632e+000 3.54893147173668e+002 1.14744382685696e-005 79240 44
3.01520559193958e+004 1.73684319236017e+006 6.26582147993522e+000 7.16788232062746e-001 -1.57069912335582e+000 3.54915665074852e+002 1.14744385500086e-005 80182 45
3.01450212391411e+004 1.73688103781276e+006 1.73540929507171e-002 1.41911069063387e-001 1.35651070024720e+000 4.44322535901170e+002 1.27613239407639e-005 86777 46
3.01442915928740e+004 1.73688323725064e+006 1.73536510164975e-002 3.21390423291726e-001 1.53608765480514e+000 4.44487994914237e+002 1.27761811261160e-005 88173 47
3.01446848522523e+004 1.73685879702834e+006 1.73541215112197e-002 1.96050904873806e-001 1.46542656804102e+000 4.46948895070547e+002 1.30101142874288e-005 90248 48
3.01462932490435e+004 1.73687958661486e+006 1.73548395804874e-002 1.48808252204962e-001 1.37779531525620e+000 4.47548073470435e+002 1.40188863930120e-005 91385 49
3.01432983701386e+004 1.73684084194099e+006 1.73535028406022e-002 2.43690298165838e-001 1.50636589510788e+000 4.49173843963206e+002 1.40887239280930e-005 92406 50
3.01454061733391e+004 1.73687007291204e+006 1.73544240439810e-002 6.56758323923460e-001 1.56839808389538e+000 4.49332157875124e+002 1.40887735288384e-005 94623 51
3.01442850967522e+004 1.73687868013075e+006 1.73536927998571e-002 1.21494186223945e-001 1.26600314813685e+000 4.51309527049781e+002 1.68880137582968e-005 94707 52
3.01433033955419e+004 1.73684344899956e+006 1.73534796901991e-002 6.56056398205512e-001 1.56926097369304e+000 4.51790411803872e+002 1.68880386359916e-005 98955 53
3.01442740230833e+004 1.73687290313377e+006 1.73537441345115e-002 6.11560411389508e-001 1.56676818094424e+000 4.51953726920976e+002 1.68881683784055e-005 100839 54
3.01458228653773e+004 1.73687189951363e+006 1.73546456338965e-002 9.47904904324473e-002 9.39830804620502e-001 4.55011924253577e+002 2.51762849827289e-005 101228 55
3.01515429070751e+004 1.73685472556143e+006 6.26582189045709e+000 7.38090151676992e-001 -1.57060324671163e+000 4.55454287302288e+002 2.51762857491866e-005 102224 56
3.01490190631599e+004 1.73688655669876e+006 6.26582366115479e+000 9.42594683675649e-001 -1.56858983718375e+000 4.55488332061969e+002 2.51763054319678e-005 103043 57
3.01434402816319e+004 1.73684772816662e+006 1.73535157332785e-002 5.33768730735191e-001 1.56398775826289e+000 4.60268053314830e+002 2.51767003110554e-005 106346 58
3.01436260904224e+004 1.73685806377379e+006 1.73535194352077e-002 6.97408978545488e-001 1.56993211020234e+000 4.89124646088432e+002 2.51767092193951e-005 109156 59
3.01432106424989e+004 1.73683963553547e+006 1.73534643971768e-002 1.54332102420118e-001 1.85473368175298e-001 4.93127932846239e+002 2.53623255724794e-005 112756 60
3.01440733268104e+004 1.73687324090320e+006 1.73536252448759e-002 3.59843745231483e-001 1.54490830607013e+000 4.93151850269036e+002 2.53697185530251e-005 113607 61
3.01509007894730e+004 1.73688067725370e+006 6.26582251934658e+000 9.71068453016755e-001 -1.56811045396283e+000 4.94409772795703e+002 2.53697435670417e-005 118578 62
3.01434577133059e+004 1.73684242222034e+006 1.73535787699485e-002 2.75978881191443e-001 1.52247317133091e+000 4.96818914174384e+002 2.54041347229516e-005 122505 63
3.01471222997531e+004 1.73687836523565e+006 1.73553289605308e-002 3.03048799096652e-001 1.53100619266335e+000 4.97986246426526e+002 2.54249642401594e-005 126798 64
3.01447453026194e+004 1.73685726385381e+006 1.73541716211051e-002 1.52348399304178e-001 1.38824586947233e+000 4.97997492504544e+002 2.63133411542621e-005 127607 65
3.01432552137721e+004 1.73684110047488e+006 1.73534754178636e-002 4.69527268288217e-001 1.55976918591876e+000 5.00517354548745e+002 2.63144455991157e-005 128390 66
3.01442271639239e+004 1.73686886383661e+006 1.73537575136494e-002 1.06234931485946e-001 1.14404805673391e+000 5.00548252551905e+002 3.15908305885228e-005 129168 67
3.01501520266752e+004 1.73686797512499e+006 6.26582282340225e+000 9.57579271828364e-001 -1.56782282403027e+000 5.02125758933344e+002 3.15908607962293e-005 137278 68
3.01472063319510e+004 1.73687818575952e+006 1.73553791201400e-002 1.29184850611896e-001 1.30636721533860e+000 5.02143976520311e+002 3.36577614354318e-005 137459 69
3.01522218957451e+004 1.73685423648563e+006 6.26582149475789e+000 9.50376903592029e-001 -1.56743931745354e+000 5.04078872224060e+002 3.36577985105259e-005 141276 70
3.01490398670792e+004 1.73688103010949e+006 6.26582359396553e+000 8.84273812067019e-001 -1.56906922040468e+000 5.16883962143431e+002 3.36578139969309e-005 142448 71
3.01454332202587e+004 1.73686579549506e+006 1.73544823420827e-002 4.83382671590320e-001 1.56005681585131e+000 5.17568596017913e+002 3.36588084995686e-005 142569 72
3.01461399417523e+004 1.73687703478951e+006 1.73547768336773e-002 6.67744987334819e-001 1.56849396053957e+000 5.19305988157922e+002 3.36588533878688e-005 145686 73
3.01441692441620e+004 1.73685355625431e+006 1.73538770910423e-002 6.51417584765160e-001 1.56878159047212e+000 5.19306329171065e+002 3.36588919193638e-005 145800 74
3.01439131297460e+004 1.73685191019834e+006 1.73537461198443e-002 4.66963713492233e-001 1.55919392605365e+000 5.33669856909907e+002 3.36601011886868e-005 150614 75
3.01433713976694e+004 1.73684748864861e+006 1.73534784775172e-002 2.75460066530351e-001 1.52208966475417e+000 5.34213520513613e+002 3.36950517417947e-005 152572 76
3.01434858935816e+004 1.73684484683767e+006 1.73535707694924e-002 5.73137607959227e-001 1.56609704443495e+000 5.39215533347546e+002 3.36952417958174e-005 154408 77
3.01498259007514e+004 1.73688822945323e+006 1.73567865236959e-002 1.90404980620746e-001 1.45746880657369e+000 5.62817429872638e+002 3.39726269707317e-005 163800 78
3.01510625236325e+004 1.73687846755777e+006 6.26582240417877e+000 8.17072054200873e-001 -1.56993211020234e+000 5.70685164634563e+002 3.39726332585005e-005 168146 79
3.01524526967370e+004 1.73685557731334e+006 6.26582137531136e+000 7.88872951445051e-001 -1.56964448026978e+000 5.72694357001078e+002 3.39726438715611e-005 174131 80
3.01444280030377e+004 1.73685484636484e+006 1.73540131398500e-002 6.68782616657002e-001 1.56926097369304e+000 5.74260931606400e+002 3.39726677196605e-005 176363 81
3.01443081614516e+004 1.73686462329765e+006 1.73538464944752e-002 9.43327127903073e-002 9.23819405041658e-001 9.16801047525601e+002 4.23587275596471e-005 181096 82
3.01448656691829e+004 1.73686301723716e+006 1.73541834269643e-002 5.84521011993774e-001 1.56600116779077e+000 9.17120107179557e+002 4.23589153563830e-005 182048 83
3.01437742991288e+004 1.73684631817206e+006 1.73537220729903e-002 4.29273354289377e-001 1.55574236686300e+000 9.17126018960823e+002 4.23610913599212e-005 182425 84
3.01440393327094e+004 1.73685885174666e+006 1.73537494173357e-002 4.82863856929228e-001 1.56024856913968e+000 9.22164499927822e+002 4.23620608205985e-005 183213 85
3.01523117037213e+004 1.73685224450083e+006 6.26582142316179e+000 8.41975157933287e-001 -1.56868571382794e+000 1.00930485433195e+003 4.23620843706907e-005 188364 86
3.01462890789069e+004 1.73688395815258e+006 1.73547935089100e-002 1.50059511093478e-001 1.38115099780267e+000 1.00931969783960e+003 4.33292950015954e-005 188973 87
3.01446372438065e+004 1.73685429070603e+006 1.73541391255097e-002 6.85323648792993e-001 1.56974035691397e+000 1.00946832517355e+003 4.33293076393024e-005 189419 88
3.01442414777262e+004 1.73685840928913e+006 1.73538701876302e-002 2.70485549485763e-001 1.51959687200537e+000 1.02460244794242e+003 4.33685479679986e-005 190104 89
3.01525270457276e+004 1.73686032370267e+006 6.26582137994481e+000 8.27753532517472e-001 -1.56916509704886e+000 1.04306739483403e+003 4.33685643567702e-005 191701 90
3.01476311191565e+004 1.73688671569239e+006 1.73555383986768e-002 5.28000732444227e-001 1.56235785531175e+000 1.04602860155208e+003 4.33691282565626e-005 192313 91
3.01440577961736e+004 1.73685580887491e+006 1.73537904412002e-002 5.62578203680532e-001 1.56523415463729e+000 1.04647678281864e+003 4.33693853880186e-005 193821 92
3.01451131294252e+004 1.73688283035770e+006 1.73541279334261e-002 1.15665150914029e-001 1.22765249046297e+000 1.06972354334334e+003 4.69230325742582e-005 196024 93
3.01439025859471e+004 1.73684805037097e+006 1.73537786088079e-002 1.04342783898434e-001 1.12285931836909e+000 1.07005825558737e+003 5.26310549046348e-005 196380 94
3.01447066163446e+004 1.73688720851964e+006 1.73538502213251e-002 5.66301461836604e-001 1.56437126483963e+000 1.07025868036058e+003 5.26313718059235e-005 198241 95
3.01436319664533e+004 1.73686423831442e+006 1.73534611380554e-002 2.71584215826899e-001 1.51988450193793e+000 1.07065056407733e+003 5.26699331665667e-005 198470 96
3.01434128873332e+004 1.73684983883746e+006 1.73534788813554e-002 4.30341502121036e-001 1.55574236686300e+000 1.07070650806338e+003 5.26720973055005e-005 199230 97
3.01445843635679e+004 1.73686143440882e+006 1.73540373256574e-002 6.90633869441816e-001 1.56964448026978e+000 1.07093010297179e+003 5.26721115258696e-005 201671 98
3.01510630522113e+004 1.73686616803771e+006 6.26582228098238e+000 9.61455122531816e-001 -1.56772694738609e+000 1.07097428327979e+003 5.26721429776861e-005 202110 99
3.01440154872313e+004 1.73685600961597e+006 1.73537640837354e-002 5.17471846675008e-001 1.56274136188849e+000 1.76318172689896e+003 5.26726914703383e-005 205380 100
3.01438791643172e+004 1.73687235235551e+006 1.73535223659283e-002 5.98803674428541e-001 1.56628879772332e+000 1.76756106577072e+003 5.26728532644991e-005 207761 101
3.01443088469721e+004 1.73685066699963e+006 1.73539863062326e-002 7.18832972197638e-001 1.57069912335582e+000 1.76763717589090e+003 5.26728535441799e-005 208852 102
3.01514546958752e+004 1.73687021458345e+006 6.26582209599390e+000 9.18973357341227e-001 -1.56830220725120e+000 1.76795761080463e+003 5.26728787173928e-005 211371 103
3.01455642618449e+004 1.73687208647746e+006 1.73544949206141e-002 2.36396374401074e-001 1.50070917310099e+000 1.76801019269142e+003 5.27575950857875e-005 213778 104
3.01463559033240e+004 1.73688732313146e+006 1.73547983552254e-002 6.97927793206580e-001 1.56897334376049e+000 1.76915510022299e+003 5.27576234315720e-005 217547 105
3.01514421906734e+004 1.73685839076933e+006 6.26582198504993e+000 9.26847132786035e-001 -1.56782282403027e+000 1.80289756067997e+003 5.27576558867750e-005 220888 106
3.01441142528131e+004 1.73687018245657e+006 1.73536793526392e-002 4.13739432966094e-001 1.55315369747002e+000 1.83284341689318e+003 5.27606701847541e-005 224358 107
3.01449520588828e+004 1.73686165434028e+006 1.73542467658597e-002 1.66936246833705e-001 1.42113155842769e+000 1.83285831701676e+003 5.33123446433512e-005 224969 108
3.01448987177551e+004 1.73687813365502e+006 1.73540514419985e-002 2.02368236335337e-001 1.47185030320139e+000 1.83300443692269e+003 5.35113053621588e-005 226265 109
3.01444372000383e+004 1.73687122404180e+006 1.73538548280956e-002 6.12628559221168e-001 1.56686405758843e+000 1.97975004844306e+003 5.35114298670203e-005 230726 110
3.01464900796548e+004 1.73687866061462e+006 1.73549621213978e-002 9.43327127903073e-002 6.55556554612873e-001 1.98049799515048e+003 5.99634601079289e-005 231917 111
3.01506072830646e+004 1.73688401618762e+006 6.26582272164093e+000 8.41853083895383e-001 -1.56974035691397e+000 1.98050279363776e+003 5.99634681453919e-005 232360 112
3.01457531606516e+004 1.73687927163340e+006 1.73545318674557e-002 5.70909756767479e-001 1.56485064806055e+000 1.98099933256348e+003 5.99637441984453e-005 235106 113
3.01521385058204e+004 1.73683900687010e+006 6.26582139057699e+000 9.57518234809412e-001 -1.56686405758843e+000 1.98159131340133e+003 5.99637908103358e-005 239239 114
3.01500111664764e+004 1.73687551523626e+006 6.26582297981330e+000 9.26053651539659e-001 -1.56839808389538e+000 1.98159344346801e+003 5.99638141009512e-005 239505 115
3.01464482340721e+004 1.73687452734900e+006 1.73549793277559e-002 3.53068636127812e-001 1.54356603305155e+000 1.99002976819374e+003 5.99721448130334e-005 241465 116
3.01499682185500e+004 1.73686936561103e+006 6.26582294309048e+000 9.72106082338938e-001 -1.56772694738609e+000 1.99004556356410e+003 5.99721755117005e-005 241963 117
3.01439672189939e+004 1.73685391154997e+006 1.73537572600931e-002 6.99545274208808e-001 1.57012386349071e+000 1.99052763439708e+003 5.99721815046188e-005 245236 118
3.01443015379132e+004 1.73686750077573e+006 1.73538139376844e-002 1.77922910245064e-001 1.44030688726463e+000 1.99251795236358e+003 6.03668329320255e-005 248205 119
3.01439596476230e+004 1.73684783194737e+006 1.73538136344481e-002 2.75490585039827e-001 1.52208966475417e+000 2.00265513106571e+003 6.04017749677848e-005 251933 120
3.01521928384488e+004 1.73684272171943e+006 6.26582139642404e+000 7.55912961210975e-001 -1.56983623355815e+000 2.00272079926641e+003 6.04017837539166e-005 253534 121
3.01456481433649e+004 1.73686797310035e+006 1.73545842926972e-002 9.56450086977752e-002 9.66676264992218e-001 2.00827546376719e+003 6.84775577162854e-005 258896 122
3.01440976384535e+004 1.73685923961984e+006 1.73537791022307e-002 4.85549485763115e-001 1.56044032242805e+000 2.00843256490429e+003 6.84784886226015e-005 260407 123
3.01435548038717e+004 1.73684548258153e+006 1.73536040823745e-002 5.35843989379559e-001 1.56417951155126e+000 2.01029416627841e+003 6.84788631935173e-005 262082 124
3.01437081024638e+004 1.73685396559719e+006 1.73536075778262e-002 6.37012848292489e-001 1.56830220725120e+000 2.01032670225113e+003 6.84789195675434e-005 262644 125
3.01439217379517e+004 1.73685034663407e+006 1.73537666937894e-002 3.24594866786706e-001 1.53800518768883e+000 2.01041345566622e+003 6.84922457252477e-005 264581 126
3.01441560770222e+004 1.73685035774121e+006 1.73539014640602e-002 5.30289620654927e-001 1.56370012833033e+000 2.01464893033019e+003 6.84926728464088e-005 267660 127
3.01438945975920e+004 1.73684992424337e+006 1.73537552917744e-002 6.69759208960234e-001 1.56945272698141e+000 2.01503347898949e+003 6.84926921701126e-005 270308 128
3.01439673557783e+004 1.73685409891881e+006 1.73537554671058e-002 5.73564867091891e-001 1.56580941450240e+000 2.02210076829886e+003 6.84929002216979e-005 282803 129
3.01521387465360e+004 1.73684131344856e+006 6.26582141348657e+000 8.36848048341319e-001 -1.56839808389538e+000 2.02228543477890e+003 6.84929293260513e-005 283093 130
3.01451890053602e+004 1.73687847332981e+006 1.73542151302721e-002 1.72093874935148e-001 1.43014396298105e+000 2.02267460061098e+003 6.89655166887147e-005 284227 131
3.01436973405098e+004 1.73684512999599e+006 1.73536896462032e-002 5.93127231666005e-001 1.56695993423261e+000 2.02281799164263e+003 6.89656453551626e-005 285192 132
3.01518777787683e+004 1.73685499897645e+006 6.26582170044365e+000 8.28730124820704e-001 -1.56897334376049e+000 2.02281825601055e+003 6.89656647802368e-005 285296 133
3.01521434086116e+004 1.73685082466946e+006 6.26582150584195e+000 7.54966887417219e-001 -1.57012386349071e+000 2.02298061262050e+003 6.89656698477138e-005 286871 134
3.01452085645653e+004 1.73688023181526e+006 1.73542088214360e-002 3.48277230140080e-001 1.54241551332133e+000 2.02301987451381e+003 6.89748175186445e-005 287063 135
3.01509227139082e+004 1.73685957261612e+006 6.26582229585839e+000 8.26075014496292e-001 -1.56916509704886e+000 2.11111366503938e+003 6.89748339807668e-005 292787 136
3.01452568083571e+004 1.73687184427792e+006 1.73543203778038e-002 1.98004089480270e-001 1.46724822428053e+000 2.11154596375314e+003 6.91979563907424e-005 294010 137
3.01490514333895e+004 1.73688333621918e+006 6.26582361034828e+000 9.70549638355663e-001 -1.56820633060701e+000 2.11156287855419e+003 6.91979800604394e-005 294416 138
3.01454845674703e+004 1.73686279217844e+006 1.73545418990549e-002 6.64693136387219e-001 1.56887746711631e+000 2.11161761639810e+003 6.91980142320852e-005 294618 139
3.01432029690411e+004 1.73683865028081e+006 1.73534698225525e-002 3.96160771507920e-001 1.55190730109561e+000 2.11415410225900e+003 6.92016985909169e-005 295524 140
3.01514997823341e+004 1.73686324199095e+006 6.26582200037431e+000 9.32859279152806e-001 -1.56791870067446e+000 2.13170302389474e+003 6.92017290009820e-005 296288 141
3.01447168206493e+004 1.73687372293883e+006 1.73539908078252e-002 2.77352214117862e-001 1.52199378810999e+000 2.20433675682490e+003 6.92362600086065e-005 296764 142
3.01474914238069e+004 1.73688566466162e+006 1.73554684944014e-002 7.27744376964629e-001 1.56974035691397e+000 2.20433850421056e+003 6.92362710821183e-005 297027 143
3.01447027358870e+004 1.73685726288312e+006 1.73541471302775e-002 7.15903195287942e-001 1.57041149342326e+000 2.22338575206852e+003 6.92362734754664e-005 299356 144
3.01516517713878e+004 1.73685238709638e+006 6.26582180443096e+000 8.92880031739250e-001 -1.56801457731864e+000 2.22346180896489e+003 6.92363052463413e-005 300299 145
3.01515320896020e+004 1.73687971238714e+006 6.26582214634767e+000 9.88525040437025e-001 -1.56791870067446e+000 2.22346379913104e+003 6.92363320158230e-005 300362 146
3.01445839801701e+004 1.73685670236570e+006 1.73540843763345e-002 4.08612323374126e-001 1.55296194418165e+000 2.22348077313581e+003 6.92394822148653e-005 300436 147
3.01457753843060e+004 1.73688337635761e+006 1.73545036535273e-002 3.10281685842463e-001 1.53301960219123e+000 2.22443546094132e+003 6.92577522989051e-005 301905 148
3.01493784712042e+004 1.73688597532585e+006 6.26582344848207e+000 8.82076479384747e-001 -1.56926097369304e+000 2.22485861526404e+003 6.92577652697118e-005 304294 149
3.01440919756345e+004 1.73685056571214e+006 1.73538624909505e-002 2.09418012024293e-001 1.47990394131291e+000 2.22486725450074e+003 6.94205978446849e-005 304606 150
3.01466630113213e+004 1.73687100555662e+006 1.73551381311018e-002 6.95516830957976e-001 1.56945272698141e+000 2.22487685311347e+003 6.94206156288991e-005 305418 151
3.01508861790187e+004 1.73688261609716e+006 6.26582254712780e+000 8.88576921903134e-001 -1.56906922040468e+000 2.23091084270760e+003 6.94206309507922e-005 311763 152
3.01444919644911e+004 1.73686523333153e+006 1.73539461932768e-002 2.68623920407727e-001 1.51854222891934e+000 2.23142120042242e+003 6.94617216522186e-005 312305 153
3.01522046383651e+004 1.73684209716108e+006 6.26582138339139e+000 9.04416028321177e-001 -1.56753519409772e+000 2.23142243076282e+003 6.94617611813540e-005 312634 154
3.01513555538055e+004 1.73686149560414e+006 6.26582206593934e+000 8.17865535447249e-001 -1.56935685033723e+000 2.23225834913977e+003 6.94617750392095e-005 315514 155
3.01444010005598e+004 1.73685668238418e+006 1.73539792566550e-002 4.78255561998352e-001 1.55996093920713e+000 2.23327189437177e+003 6.94628072394551e-005 320610 156
3.01516977381949e+004 1.73685574896019e+006 6.26582181156523e+000 8.11944944608905e-001 -1.56926097369304e+000 2.23590737748768e+003 6.94628228034916e-005 326102 157
3.01485754059683e+004 1.73688734919741e+006 1.73560755721360e-002 7.62504959257790e-001 1.57041149342326e+000 2.23590755677788e+003 6.94628248867898e-005 326135 158
3.01518996850848e+004 1.73685725738591e+006 6.26582171040104e+000 9.70519119846187e-001 -1.56734344080935e+000 2.23593053423653e+003 6.94628618712462e-005 326496 159
3.01448883801324e+004 1.73686708914163e+006 1.73541558219277e-002 6.97897274697104e-001 1.56964448026978e+000 2.23809513583353e+003 6.94628757680487e-005 328086 160
3.01463157643099e+004 1.73688158539017e+006 1.73548325719646e-002 7.39036225470748e-001 1.57012386349071e+000 2.23818248063678e+003 6.94628810789542e-005 328889 161
3.01442650952649e+004 1.73685364680850e+006 1.73539313564600e-002 6.57734916226691e-001 1.56897334376049e+000 2.23845747002348e+003 6.94629133757615e-005 331382 162
3.01432697239176e+004 1.73683965351703e+006 1.73534982239315e-002 6.64632099368267e-001 1.56964448026978e+000 2.38048189292970e+003 6.94629288488604e-005 332930 163
3.01435771677387e+004 1.73684534465985e+006 1.73536183324001e-002 3.86425366985077e-001 1.55027739814447e+000 2.38049721025231e+003 6.94673496355048e-005 333570 164
3.01432577935164e+004 1.73684127180273e+006 1.73534751912630e-002 5.28397473067415e-001 1.56389188161870e+000 2.41985843373404e+003 6.94677622419583e-005 337217 165
3.01448683506625e+004 1.73688392900058e+006 1.73539760711118e-002 1.57292397839290e-001 1.39965519013031e+000 2.42010821126738e+003 7.02257871092897e-005 340453 166
3.01443009296495e+004 1.73687145850122e+006 1.73537740522204e-002 5.22690511795404e-001 1.56254960860012e+000 2.42590310849064e+003 7.02263435310150e-005 342311 167
3.01438261606698e+004 1.73684947162099e+006 1.73537204222049e-002 5.52598651081881e-001 1.56494652470473e+000 2.42593595491779e+003 7.02266327299211e-005 343037 168
3.01441222155990e+004 1.73687301367951e+006 1.73536556537946e-002 3.13425092318491e-001 1.53426599856563e+000 2.42957221062679e+003 7.02436097817271e-005 344003 169
3.01442198514870e+004 1.73686248375110e+006 1.73538170382203e-002 3.66893520920438e-001 1.54653820902127e+000 2.42960276518851e+003 7.02500203270051e-005 344623 170
3.01456411122166e+004 1.73686553637081e+006 1.73546045884001e-002 3.28165532395398e-001 1.53838869426557e+000 2.46410226013161e+003 7.02627974331409e-005 346890 171
3.01439872292696e+004 1.73685279866796e+006 1.73537798947444e-002 5.02609332560198e-001 1.56187847209082e+000 2.48020403943275e+003 7.02634820350110e-005 349417 172
3.01460237943912e+004 1.73686859788669e+006 1.73547942666512e-002 6.96127201147496e-001 1.56954860362560e+000 2.48105622069308e+003 7.02634978572164e-005 351262 173
3.01520993810650e+004 1.73687085843481e+006 6.26582173136270e+000 7.84997100741600e-001 -1.57021974013489e+000 2.49667566745490e+003 7.02635015195002e-005 355719 174
3.01451690152180e+004 1.73686004348599e+006 1.73543877332057e-002 6.78273873104038e-001 1.56935685033723e+000 2.50476609510686e+003 7.02635224367716e-005 356876 175
3.01463900585657e+004 1.73687657464956e+006 1.73549253908715e-002 2.97189245277261e-001 1.52918453642384e+000 2.52212236348612e+003 7.02868012989957e-005 359987 176
3.01520913190304e+004 1.73685589015420e+006 6.26582158643897e+000 8.94558549760430e-001 -1.56811045396283e+000 2.52214900518475e+003 7.02868312625823e-005 360797 177
3.01436556763249e+004 1.73684577094270e+006 1.73536592622755e-002 1.99865718558306e-001 1.47022040025025e+000 2.52214902471525e+003 7.04962764726327e-005 360822 178
3.01443424490507e+004 1.73685172566961e+006 1.73539950712319e-002 2.23609118930631e-001 1.49217615176855e+000 2.53716902403756e+003 7.06099445442296e-005 362988 179
3.01451021193174e+004 1.73687683842504e+006 1.73541814531086e-002 1.00436414685507e-001 1.06657972823267e+000 2.54314842889792e+003 7.73437855539174e-005 367787 180
3.01526590528783e+004 1.73686929687522e+006 6.26582139362646e+000 8.61842707602161e-001 -1.56897334376049e+000 2.54314974353026e+003 7.73438033748300e-005 368140 181
3.01445540398875e+004 1.73687611284306e+006 1.73538732417007e-002 6.33228553117466e-001 1.56743931745354e+000 2.54361404295474e+003 7.73438939522836e-005 368919 182
3.01440314851602e+004 1.73685007669758e+006 1.73538325587924e-002 1.82683797723319e-001 1.44816877208777e+000 2.82191991179511e+003 7.76844627487444e-005 369872 183
3.01521804681932e+004 1.73684065370538e+006 6.26582138287985e+000 8.77071443830683e-001 -1.56782282403027e+000 2.98150262118464e+003 7.76844993946313e-005 375203 184
3.01460227360651e+004 1.73687327215228e+006 1.73547469617390e-002 5.99597155674917e-001 1.56628879772332e+000 2.98150487704296e+003 7.76846607181209e-005 375409 185
3.01511601889360e+004 1.73686623904885e+006 6.26582222578232e+000 8.91201513718070e-001 -1.56849396053957e+000 3.01708593946630e+003 7.76846845045662e-005 379315 186
3.01437593018004e+004 1.73684677816933e+006 1.73537088456436e-002 5.74541459395123e-001 1.56609704443495e+000 3.01718616015566e+003 7.76848735384427e-005 382099 187
3.01444774781842e+004 1.73687987753564e+006 1.73537915679290e-002 2.88094729453414e-001 1.52592473052156e+000 3.01721363710335e+003 7.77128315651970e-005 382715 188
3.01493102920855e+004 1.73687814184978e+006 6.26582340946019e+000 9.16592913602100e-001 -1.56858983718375e+000 3.01744574481608e+003 7.77128524973135e-005 384046 189
3.01432691902204e+004 1.73684312442063e+006 1.73534632445119e-002 2.22754600665304e-001 1.49179264519181e+000 3.06627300011328e+003 7.78283159108301e-005 391281 190
3.01433651142508e+004 1.73684148526656e+006 1.73535348310309e-002 1.94830164494766e-001 1.46456367824335e+000 3.07158087081294e+003 7.80683288355332e-005 397003 191
3.01442879048382e+004 1.73685302344545e+006 1.73539507123480e-002 9.29593798638875e-002 7.28518680837428e-001 3.11380740726902e+003 8.56152682005813e-005 405172 192
3.01444810107028e+004 1.73685991938195e+006 1.73539929725194e-002 5.42802209540086e-001 1.56408363490707e+000 3.11381175501997e+003 8.56156404954415e-005 405385 193
3.01452976513541e+004 1.73688439745378e+006 1.73542184842058e-002 1.62877285073397e-001 1.41211915387432e+000 3.11381400560293e+003 8.62477567890054e-005 405598 194
3.01439036785129e+004 1.73684688534496e+006 1.73537908757393e-002 2.08594012268441e-001 1.47923280480361e+000 3.11402803516365e+003 8.64138020293423e-005 405957 195
3.01435120877813e+004 1.73684783718363e+006 1.73535559746153e-002 1.82958464308603e-001 1.44864815530869e+000 3.18518042872633e+003 8.67513353015406e-005 408851 196
3.01432917559944e+004 1.73684044554188e+006 1.73535029933966e-002 6.32251960814234e-001 1.56858983718375e+000 3.52033822516156e+003 8.67513826867743e-005 412160 197
3.01437214206497e+004 1.73686032120126e+006 1.73535517550633e-002 4.74959562974944e-001 1.55957743263039e+000 3.52037195540304e+003 8.67524886251831e-005 412589 198
3.01432156500274e+004 1.73683956945614e+006 1.73534679395280e-002 1.12125003814814e-001 1.20176579653310e+000 3.59554173003995e+003 9.08523350866802e-005 419702 199
3.01504445917282e+004 1.73688339453043e+006 6.26582280907007e+000 8.53907895138401e-001 -1.56954860362560e+000 3.59554466775455e+003 9.08523451810144e-005 419947 200
