2.43820463572430e+004 1.73696277353370e+006 1.40362507977812e-002 1.26682332834864e-001 1.35123748481704e+000 1.35068656568776e-001 1.70532821669327e-006 650 1
2.43851044524098e+004 1.73697876430131e+006 1.40378818319421e-002 1.56834620197150e-001 1.43167798928800e+000 7.78013674689330e-001 2.27605621427240e-006 5382 2
2.43822694438345e+004 1.73695239338354e+006 1.40364630787269e-002 4.36872463148900e-001 1.55852278954436e+000 8.53678507769191e-001 2.27758348707081e-006 6232 3
2.43901433007823e+004 1.73693770042328e+006 6.26913888591088e+000 8.68953520310068e-001 -1.56878159047212e+000 1.00138709323104e+000 2.27760392864359e-006 7143 4
2.43827089516087e+004 1.73696936787530e+006 1.40365789072830e-002 1.60344248786889e-001 1.43848523102512e+000 2.72617819688578e+002 2.78368735465319e-006 8986 5
2.43853546158229e+004 1.73696952035034e+006 1.40381005246463e-002 2.74483474227119e-001 1.52966391964476e+000 2.76134777929193e+002 2.81092895488690e-006 11797 6
2.43825745809352e+004 1.73694842933085e+006 1.40366707480795e-002 6.44398327585681e-001 1.56858983718375e+000 2.76153824507858e+002 2.81097439733752e-006 12386 7
2.43811467389376e+004 1.73692918385564e+006 1.40360043687037e-002 1.38004699850459e-001 1.87774407635731e-001 2.76531424794321e+002 3.05493827215659e-006 12858 8
2.43814649590431e+004 1.73693777059998e+006 1.40361181607279e-002 1.63731803338725e-001 1.44558010269478e+000 2.76841419351093e+002 3.50153686579205e-006 13774 9
2.43815898558212e+004 1.73694418543373e+006 1.40361382216111e-002 1.56163212988678e-001 1.43186974257637e+000 2.76841874114571e+002 4.07654865752839e-006 13969 10
2.43898810999901e+004 1.73695875913781e+006 6.26913920704576e+000 9.17691579943235e-001 -1.56916509704886e+000 2.76992891598888e+002 4.07656171911254e-006 15455 11
2.43815274155308e+004 1.73694719568333e+006 1.40360779579945e-002 6.38843958861049e-001 1.56849396053957e+000 2.84592152848484e+002 4.07661119664328e-006 16725 12
2.43904868176774e+004 1.73697875927131e+006 6.26913902004437e+000 9.82390820032350e-001 -1.56945272698141e+000 2.90802921588512e+002 4.07661951592914e-006 21381 13
2.43847888889909e+004 1.73696770617412e+006 1.40377895510395e-002 1.76488540299692e-001 1.46302965193640e+000 2.90843397116927e+002 4.38126214041220e-006 21880 14
2.43818804287273e+004 1.73694428286265e+006 1.40363046911514e-002 6.64448988311411e-001 1.56926097369304e+000 5.00124366956152e+002 4.38128633204056e-006 25654 15
2.43848952308293e+004 1.73697531927348e+006 1.40377892423632e-002 3.21420941801203e-001 1.54203200674459e+000 5.00285125397661e+002 4.39242728620173e-006 26338 16
2.43815961263967e+004 1.73695038738847e+006 1.40360917201559e-002 3.62285225989563e-001 1.55027739814447e+000 5.02080077061511e+002 4.39752214983960e-006 27419 17
2.43819815235972e+004 1.73693953688610e+006 1.40364012300196e-002 1.24332407605213e-001 1.34299209341716e+000 5.06952649658564e+002 6.26156669216119e-006 29083 18
2.43842803479211e+004 1.73697732226116e+006 1.40374191306940e-002 8.49024933622242e-002 9.19792585985900e-001 5.08079147723103e+002 1.68340918134103e-005 30329 19
2.43834228264733e+004 1.73696665712743e+006 1.40370117186115e-002 2.12988677632984e-001 1.49888751686148e+000 5.10056628143857e+002 1.69448244148931e-005 31342 20
2.43892007270269e+004 1.73697241110352e+006 6.26913970901003e+000 9.97955259865108e-001 -1.56916509704886e+000 5.10102900291977e+002 1.69448352762563e-005 32063 21
2.43892001282739e+004 1.73695882095698e+006 6.26913959951641e+000 8.69197668385876e-001 -1.56964448026978e+000 5.13430298917487e+002 1.69448438504911e-005 33944 22
2.43818396331990e+004 1.73694267588823e+006 1.40362941931243e-002 5.13565477462081e-001 1.56398775826289e+000 5.16070613178990e+002 1.69452737136324e-005 35802 23
2.43816777158377e+004 1.73695401678260e+006 1.40361093588206e-002 7.46482741782891e-001 1.57050737006745e+000 5.25368471610186e+002 1.69452751123085e-005 37576 24
2.43832277498694e+004 1.73695100498306e+006 1.40370259057160e-002 7.03329569383831e-001 1.56983623355815e+000 5.25460817743734e+002 1.69452854087256e-005 38204 25
2.43843770338977e+004 1.73696204719401e+006 1.40375982142144e-002 5.12283700064089e-001 1.56312486846522e+000 5.25526714989871e+002 1.69458053935081e-005 38441 26
2.43818765821557e+004 1.73695363337517e+006 1.40362269255645e-002 7.18680379650258e-001 1.57002798684652e+000 5.25549404908275e+002 1.69458123400316e-005 39045 27
2.43814475326676e+004 1.73693339752930e+006 1.40361434639046e-002 6.46473586230048e-001 1.56926097369304e+000 5.58517805167134e+002 1.69458380362369e-005 39960 28
2.43888239766532e+004 1.73694898140418e+006 6.26913973650626e+000 8.58516190069277e-001 -1.56935685033723e+000 5.67238298839035e+002 1.69458504914037e-005 43962 29
2.43825285483757e+004 1.73696145361370e+006 1.40365390139826e-002 3.40769676808985e-001 1.54634645573290e+000 5.68050306144586e+002 1.69534839979613e-005 45636 30
2.43815129330233e+004 1.73694588294059e+006 1.40360802284654e-002 4.88387707144383e-001 1.56245373195593e+000 5.68814820427541e+002 1.69541417046199e-005 45898 31
2.43901702878999e+004 1.73693185768647e+006 6.26913882315105e+000 8.23358867152928e-001 -1.56906922040468e+000 5.68846775228185e+002 1.69541598240830e-005 46059 32
2.43857102090275e+004 1.73697194073494e+006 1.40382856456527e-002 6.27063814203314e-001 1.56715168752098e+000 5.69568909952266e+002 1.69542649618757e-005 48434 33
2.43836518624730e+004 1.73696369446718e+006 1.40371674917622e-002 7.47337260048219e-001 1.57012386349071e+000 5.69570118093657e+002 1.69542701438658e-005 48535 34
2.43853122620019e+004 1.73697267369901e+006 1.40380506639396e-002 1.59245582445753e-001 1.43637594485305e+000 6.00697366494167e+002 1.74798077039065e-005 49495 35
2.43819967012812e+004 1.73697752889374e+006 1.40361029956893e-002 4.18408764915921e-001 1.55583824350719e+000 6.02264644737699e+002 1.74820873596707e-005 51144 36
2.43816845875590e+004 1.73693664569143e+006 1.40362536708657e-002 1.19327372051149e-001 1.32122809518723e+000 6.04616839803926e+002 1.97733337319848e-005 51796 37
2.43813176506238e+004 1.73693240955054e+006 1.40360766847564e-002 4.02050843836787e-001 1.55602999679556e+000 6.04894086881313e+002 1.97757733549844e-005 52527 38
2.43820479468854e+004 1.73696705869976e+006 1.40362170893488e-002 6.16809595019379e-001 1.56705581087680e+000 6.05975891232659e+002 1.97758868578764e-005 53724 39
2.43899939479822e+004 1.73693787231081e+006 6.26913897326952e+000 9.18424024170659e-001 -1.56830220725120e+000 6.06107961344740e+002 1.97759120642260e-005 54157 40
2.43902548728450e+004 1.73694242353025e+006 6.26913885986447e+000 8.51680043946654e-001 -1.56916509704886e+000 6.06201246974427e+002 1.97759274571264e-005 54924 41
2.43901353789228e+004 1.73693226535606e+006 6.26913884654027e+000 7.57011627552110e-001 -1.57002798684652e+000 6.06229122885542e+002 1.97759336532580e-005 55463 42
2.43815305366729e+004 1.73693818934361e+006 1.40361525246150e-002 8.85952330088198e-002 1.03139299981689e+000 6.06229798713750e+002 2.89729075536497e-005 55583 43
2.43815771740106e+004 1.73694127797831e+006 1.40361544137383e-002 5.27878658406323e-001 1.56475477141636e+000 6.06273308792812e+002 2.89732437811085e-005 55931 44
2.43812407596487e+004 1.73693234911211e+006 1.40360329135521e-002 2.06274605548265e-001 1.49514832773827e+000 6.06276341198297e+002 2.91014115085784e-005 56095 45
2.43816908207358e+004 1.73695968582713e+006 1.40360710973903e-002 4.29212317270425e-001 1.55756402310251e+000 6.12760419737715e+002 2.91031950933587e-005 58158 46
2.43816487308534e+004 1.73694744852571e+006 1.40361457452924e-002 4.62874233222449e-001 1.56072795236061e+000 6.18083347425798e+002 2.91041851889081e-005 58999 47
2.43897283628101e+004 1.73694154505283e+006 6.26913915582898e+000 8.09472945341350e-001 -1.56964448026978e+000 6.18088248314723e+002 2.91041952168324e-005 59401 48
2.43812177009491e+004 1.73693353612365e+006 1.40360100497516e-002 3.60850856044191e-001 1.55075678136540e+000 6.18573110280934e+002 2.91091510165374e-005 63748 49
2.43812349776759e+004 1.73693113189445e+006 1.40360394203326e-002 4.91103854487747e-001 1.56322074510941e+000 6.18755345858747e+002 2.91097106108865e-005 64446 50
2.43816828407997e+004 1.73694149474919e+006 1.40362134852401e-002 4.05560472426527e-001 1.55602999679556e+000 6.18994583243314e+002 2.91121040286277e-005 65926 51
2.43826803709842e+004 1.73696918076403e+006 1.40365639680792e-002 5.86718344676046e-001 1.56600116779077e+000 6.22186107106272e+002 2.91122902815314e-005 68661 52
2.43824432571945e+004 1.73696844574362e+006 1.40364334238137e-002 1.29764702291940e-001 1.36226329889828e+000 6.22618590533722e+002 3.06240005469074e-005 70444 53
2.43824617972880e+004 1.73695525849829e+006 1.40365506484911e-002 6.93136387218848e-001 1.56945272698141e+000 6.22653979248815e+002 3.06240184657668e-005 70809 54
2.43899508048618e+004 1.73693583092473e+006 6.26913898160329e+000 7.42667928098392e-001 -1.57041149342326e+000 6.23014705609974e+002 3.06240206734516e-005 73060 55
2.43820194877326e+004 1.73695705090823e+006 1.40362815696645e-002 2.34107486190374e-001 1.51269375362407e+000 6.65269447073547e+002 3.06893033515507e-005 76498 56
2.43827056579965e+004 1.73696806622618e+006 1.40365875288217e-002 6.08722190008240e-001 1.56676818094424e+000 6.65986478066845e+002 3.06894344285471e-005 77941 57
2.43898282685189e+004 1.73693867191839e+006 6.26913907509962e+000 8.22687459944456e-001 -1.56935685033723e+000 6.66022573770255e+002 3.06894481083392e-005 78475 58
2.43812183790308e+004 1.73693033027917e+006 1.40360363428636e-002 6.17725150303659e-001 1.56858983718375e+000 6.67326994312407e+002 3.06894979797679e-005 83084 59
2.43836603068636e+004 1.73696672276690e+006 1.40371478826129e-002 6.58925138096255e-001 1.56820633060701e+000 1.05973152560126e+003 3.06895534669137e-005 85507 60
2.43820014371974e+004 1.73697860215130e+006 1.40360970500823e-002 8.22321237830744e-001 1.57060324671163e+000 1.05977520613100e+003 3.06895540711928e-005 86368 61
2.43814390635032e+004 1.73694240017711e+006 1.40360658485754e-002 6.49647511215552e-001 1.56897334376049e+000 1.05998889980601e+003 3.06895872591446e-005 86466 62
2.43819237664026e+004 1.73693815462956e+006 1.40363791529774e-002 4.40229499191259e-001 1.55938567934202e+000 1.09792272392715e+003 3.06909289792829e-005 88495 63
2.43901204700397e+004 1.73695083510462e+006 6.26913900521625e+000 8.09289834284494e-001 -1.57002798684652e+000 1.09793136892752e+003 3.06909343288330e-005 88893 64
2.43813486134456e+004 1.73693261882623e+006 1.40360928164693e-002 6.81173131504257e-001 1.57012386349071e+000 1.09857029285828e+003 3.06909406831175e-005 90384 65
2.43898821408949e+004 1.73696491223577e+006 6.26913925617878e+000 8.48445081942198e-001 -1.57012386349071e+000 1.09931012793009e+003 3.06909446028908e-005 91284 66
2.43821786674522e+004 1.73694321699675e+006 1.40364849727059e-002 5.01449629200110e-001 1.56331662175359e+000 1.13353718887806e+003 3.06914686705232e-005 94959 67
2.43814022898691e+004 1.73693311319242e+006 1.40361197189393e-002 4.62691122165593e-001 1.56130321222571e+000 1.13356343951761e+003 3.06923734053767e-005 95318 68
2.43815026503789e+004 1.73695188200345e+006 1.40360258384224e-002 2.99356059450056e-001 1.53781343440046e+000 1.15103149483318e+003 3.07084397777315e-005 98073 69
2.43900617545542e+004 1.73695514983772e+006 6.26913907388762e+000 7.87255470442824e-001 -1.57050737006745e+000 1.15103719351860e+003 3.07084410219772e-005 98404 70
2.43899759263138e+004 1.73697804245466e+006 6.26913930831926e+000 9.31150242622150e-001 -1.56983623355815e+000 1.15146176745682e+003 3.07084465758021e-005 99843 71
2.43895112912185e+004 1.73694167892796e+006 6.26913928185985e+000 7.39860225226600e-001 -1.57069912335582e+000 1.15161703246300e+003 3.07084468382934e-005 102984 72
2.43900922435083e+004 1.73692976116598e+006 6.26913885112872e+000 8.31934568315683e-001 -1.56887746711631e+000 1.15484300274721e+003 3.07084676945494e-005 105080 73
2.43852217968077e+004 1.73696950535168e+006 1.40380241949714e-002 1.24118778038881e-001 1.34078693060091e+000 1.15514313483009e+003 3.26029321861233e-005 105551 74
2.43884383296161e+004 1.73696850737470e+006 6.26914011629712e+000 9.30204168828395e-001 -1.56945272698141e+000 1.19595537265511e+003 3.26029415669104e-005 107128 75
2.43811620624428e+004 1.73693007276018e+006 1.40360060069143e-002 6.27277443769646e-001 1.56887746711631e+000 1.33410938923912e+003 3.26029803838460e-005 110110 76
2.43811776131742e+004 1.73692921095137e+006 1.40360219214563e-002 2.00872829371014e-001 1.49073800210578e+000 1.33412099959883e+003 3.27508266346875e-005 110502 77
2.43838462846628e+004 1.73697129644658e+006 1.40372179748312e-002 1.92968535416730e-001 1.48162972090823e+000 1.33439928624392e+003 3.29403212110542e-005 111070 78
2.43819357748465e+004 1.73693904100120e+006 1.40363789032645e-002 1.06143375957518e-001 1.24337626010926e+000 1.33442451971131e+003 3.70222320038252e-005 111372 79
2.43822887815515e+004 1.73695265820314e+006 1.40364720699132e-002 5.12222663045137e-001 1.56350837504196e+000 1.33768265734344e+003 3.70227124093896e-005 113153 80
2.43830438696436e+004 1.73696467830960e+006 1.40368095791375e-002 2.37006744590594e-001 1.51394014999847e+000 1.33991361959291e+003 3.70842047954984e-005 118159 81
2.43813174369800e+004 1.73693506230006e+006 1.40360551278726e-002 6.68721579638050e-001 1.56974035691397e+000 1.48313326937512e+003 3.70842181337566e-005 122089 82
2.43826444404083e+004 1.73696681836201e+006 1.40365623745856e-002 1.76305429242836e-001 1.46283789864803e+000 1.48348090238170e+003 3.73903501257219e-005 124192 83
2.43811944671082e+004 1.73693231690711e+006 1.40360065271181e-002 1.51158177434614e-001 1.42228207815790e+000 1.50743806813514e+003 3.80692792707706e-005 127211 84
2.43831905252820e+004 1.73696949486387e+006 1.40368550759467e-002 1.91930906094546e-001 1.48067095446638e+000 1.50819117381038e+003 3.82640911239861e-005 130091 85
2.43898340117569e+004 1.73693587744228e+006 6.26913904920691e+000 9.97680593279824e-001 -1.56763107074190e+000 1.50822940219778e+003 3.82641215354184e-005 131022 86
2.43815501709071e+004 1.73694140309324e+006 1.40361378595323e-002 2.27149266029847e-001 1.50933807107761e+000 1.50823305152614e+003 3.83400469425699e-005 131430 87
2.43823642329818e+004 1.73695988815804e+006 1.40364570821374e-002 5.84032715842158e-001 1.56628879772332e+000 1.50844271610064e+003 3.83402178759426e-005 133524 88
2.43826140550646e+004 1.73694663914137e+006 1.40367079348017e-002 4.31867427594836e-001 1.55833103625599e+000 1.50846361962549e+003 3.83418223441232e-005 133965 89
2.43902343885450e+004 1.73693734059182e+006 6.26913883057119e+000 8.50215155491806e-001 -1.56897334376049e+000 1.53756036979322e+003 3.83418407056214e-005 134762 90
2.43893535508512e+004 1.73694513363369e+006 6.26913940057946e+000 9.30295724356822e-001 -1.56849396053957e+000 1.54038376278107e+003 3.83418623482648e-005 135414 91
2.43812793037866e+004 1.73693249120489e+006 1.40360539520139e-002 5.59160130619221e-001 1.56648055101169e+000 1.54038818885952e+003 3.83420381927192e-005 135604 92
2.43826740017353e+004 1.73697699314834e+006 1.40364971781196e-002 5.07522812585833e-001 1.56226197866756e+000 1.54039699564185e+003 3.83426642178580e-005 135857 93
2.43813411748683e+004 1.73693608732765e+006 1.40360605096238e-002 5.21500289925840e-001 1.56465889477218e+000 1.54083409441448e+003 3.83430180892429e-005 136580 94
2.43823992826784e+004 1.73696669518477e+006 1.40364222563702e-002 4.39313943906980e-001 1.55813928296762e+000 1.54100439930788e+003 3.83446002208071e-005 137947 95
2.43815787436613e+004 1.73694786917710e+006 1.40361020612218e-002 3.23343607898190e-001 1.54356603305155e+000 1.54115334013610e+003 3.83547092818063e-005 139519 96
2.43869964647803e+004 1.73697838999565e+006 1.40389738969333e-002 8.60316782128361e-002 9.61594802850429e-001 1.54124470278488e+003 4.85661730597626e-005 140482 97
2.43818622983511e+004 1.73694083538499e+006 1.40363221106780e-002 1.65288247322001e-001 1.44797701879940e+000 1.54268701202008e+003 4.89915664643940e-005 142171 98
2.43901399773603e+004 1.73693146563880e+006 6.26913883742937e+000 7.21823786126286e-001 -1.57060324671163e+000 1.54773574405276e+003 4.89915672693650e-005 144867 99
2.43844790408846e+004 1.73697063167791e+006 1.40375875618648e-002 1.16519669179357e-001 1.30588783211768e+000 1.54851727997276e+003 5.15909411152407e-005 146084 100
2.43837417595092e+004 1.73695978053906e+006 1.40372508630487e-002 2.09173863948485e-001 1.49629884746849e+000 1.54853999811982e+003 5.17124211835163e-005 146642 101
2.43823817671606e+004 1.73695422442348e+006 1.40365129379847e-002 5.19119846186712e-001 1.56379600497452e+000 1.54885474335516e+003 5.17128594510557e-005 149194 102
2.43824968233847e+004 1.73695761478697e+006 1.40365517707839e-002 4.90035706656087e-001 1.56207022537919e+000 1.55112307902949e+003 5.17135593440382e-005 151374 103
2.43902104815597e+004 1.73694266320852e+006 6.26913888735384e+000 8.36054567094943e-001 -1.56935685033723e+000 1.55166788151879e+003 5.17135725472641e-005 153643 104
2.43821388150453e+004 1.73694110697350e+006 1.40364790823876e-002 1.41026032288583e-001 1.39783353389080e+000 1.55185230940737e+003 5.26915150578699e-005 154689 105
2.43898859324397e+004 1.73694083000723e+006 6.26913905935068e+000 8.29828791161840e-001 -1.56935685033723e+000 1.55227212425040e+003 5.26915284800026e-005 157518 106
2.43821834431679e+004 1.73694541298863e+006 1.40364699778860e-002 4.20697653126621e-001 1.55737226981414e+000 1.55905265291755e+003 5.26934343393086e-005 159641 107
2.43823362701640e+004 1.73696835057761e+006 1.40363726107670e-002 5.01022370067446e-001 1.56226197866756e+000 1.57095636856745e+003 5.26940783726711e-005 160054 108
2.43811923390786e+004 1.73693033125075e+006 1.40360213460284e-002 1.64067506942961e-001 1.44644299249245e+000 1.57098911983016e+003 5.31342668931241e-005 161079 109
2.43817012684084e+004 1.73694932538490e+006 1.40361608216079e-002 5.41367839594714e-001 1.56504240134892e+000 1.57128661902610e+003 5.31345618040273e-005 163042 110
2.43894942317436e+004 1.73697876683062e+006 1.40404085632746e-002 9.83306375316629e-002 1.17233166676839e+000 1.57129823856284e+003 5.90237878854099e-005 163645 111
2.43814088229055e+004 1.73694438691332e+006 1.40360323892783e-002 3.18155461287271e-001 1.54260726660970e+000 1.57141141918173e+003 5.90348343446728e-005 164465 112
2.43819553591508e+004 1.73693971444186e+006 1.40363847347964e-002 4.34125797296060e-001 1.55881041947691e+000 1.57225459910526e+003 5.90363272222995e-005 165457 113
2.43818468264612e+004 1.73694120639082e+006 1.40363102071574e-002 2.35908078249458e-001 1.51432365657521e+000 1.57232963426347e+003 5.90978196215065e-005 166246 114
2.43825489305244e+004 1.73697664839470e+006 1.40364279727720e-002 1.00070192571795e-001 3.85663801232948e-001 1.57439924004737e+003 6.13829438518993e-005 167937 115
2.43826580389761e+004 1.73697862222194e+006 1.40364748271836e-002 1.44322031311991e-001 1.71091871547594e-001 1.60230156014939e+003 6.15627305341991e-005 168664 116
2.43892206687818e+004 1.73694299994477e+006 6.26913945982236e+000 9.92522965178381e-001 -1.56791870067446e+000 1.60233112576742e+003 6.15627570670311e-005 170507 117
2.43838368534116e+004 1.73695641018321e+006 1.40373328337193e-002 6.86391796624653e-001 1.56926097369304e+000 1.61949782174636e+003 6.15627795898183e-005 171076 118
2.43832054079166e+004 1.73696824912964e+006 1.40368737081794e-002 2.58125553147984e-001 1.52362369106113e+000 1.61979114046630e+003 6.16011908473504e-005 171609 119
2.43825452633651e+004 1.73694478459931e+006 1.40366833226777e-002 2.43903927732170e-001 1.51825459898679e+000 1.62203999401495e+003 6.16524285957993e-005 173250 120
2.43825658007208e+004 1.73694668133018e+006 1.40366798182500e-002 3.08084353160192e-001 1.54021035050508e+000 1.62205067938901e+003 6.16658651715306e-005 173525 121
2.43824424138308e+004 1.73696247176507e+006 1.40364812078864e-002 3.69792779320658e-001 1.55085265800958e+000 1.62334959668479e+003 6.16705265956311e-005 176247 122
2.43833575224090e+004 1.73697192951333e+006 1.40369315273217e-002 4.95162816248054e-001 1.56178259544664e+000 1.62334960891605e+003 6.16712458592474e-005 176253 123
2.43896871906787e+004 1.73697599675291e+006 6.26913945798133e+000 9.32615131076998e-001 -1.56974035691397e+000 1.62339558702515e+003 6.16712522756774e-005 176464 124
2.43848168961731e+004 1.73697722193885e+006 1.40377287781693e-002 2.39478743858150e-001 1.51470716315195e+000 1.62351107295258e+003 6.17301363370548e-005 178276 125
2.43833173654250e+004 1.73695983173413e+006 1.40370061659621e-002 1.89031647694327e-001 1.47808228507340e+000 1.62351162480386e+003 6.19401840669510e-005 178432 126
2.43811825778744e+004 1.73693027643889e+006 1.40360161702065e-002 6.89992980742821e-001 1.57041149342326e+000 1.62356556291372e+003 6.19401866624869e-005 178689 127
2.43811915816327e+004 1.73692972222299e+006 1.40360258309003e-002 3.79863887447737e-001 1.55353720404675e+000 1.62435101448926e+003 6.19437029722859e-005 181850 128
2.43844377544337e+004 1.73697741254250e+006 1.40375090042559e-002 9.85137485885190e-002 4.01387570879238e-001 1.62464897505603e+003 6.45021825123986e-005 184031 129
2.43829983232041e+004 1.73695741380621e+006 1.40368420609880e-002 8.40784936063723e-002 6.97838154698325e-001 1.62775109849344e+003 7.34804262165857e-005 190965 130
2.43890859938368e+004 1.73694730835974e+006 6.26913957216481e+000 9.64323862422559e-001 -1.56830220725120e+000 1.62793873620959e+003 7.34804488585794e-005 191700 131
2.43812161688400e+004 1.73693154781314e+006 1.40360252331212e-002 2.57942442091128e-001 1.52506184072390e+000 1.62835103276883e+003 7.35171524986807e-005 193559 132
2.43828777463837e+004 1.73695071913611e+006 1.40368267506050e-002 2.51686147648549e-001 1.52161028153325e+000 1.69110781450714e+003 7.35604183677331e-005 197871 133
2.43817134164805e+004 1.73694451779138e+006 1.40362066589799e-002 2.76253547776727e-001 1.53129382259590e+000 1.69116865394572e+003 7.35856720740879e-005 198141 134
2.43874023499527e+004 1.73697092078264e+006 6.26914073211341e+000 8.89400921658986e-001 -1.56993211020234e+000 1.69117324674745e+003 7.35856772914944e-005 198521 135
2.43815305071801e+004 1.73693530417644e+006 1.40361758195764e-002 5.93768120365001e-001 1.56763107074190e+000 1.70293911434158e+003 7.35857725406427e-005 199846 136
2.43838520258193e+004 1.73696221362122e+006 1.40372946724564e-002 7.32718894009217e-001 1.56993211020234e+000 1.70456459256828e+003 7.35857805317523e-005 203887 137
2.43835079651923e+004 1.73696349020260e+006 1.40370863144605e-002 8.90530106509598e-002 1.03935076128422e+000 1.70457694471800e+003 8.26144675960522e-005 204538 138
2.43892801946396e+004 1.73695886213616e+006 6.26913955376260e+000 9.63957640308847e-001 -1.56878159047212e+000 1.70463322906953e+003 8.26144838657401e-005 205765 139
2.43825684035540e+004 1.73694646619958e+006 1.40366830547592e-002 1.11880855739006e-001 1.28124753456221e+000 1.77307615904360e+003 8.57766874414644e-005 208113 140
2.43838040455214e+004 1.73697723654824e+006 1.40371456639423e-002 7.96349986266671e-001 1.57031561677908e+000 1.77315150827236e+003 8.57766901165676e-005 209000 141
2.43849599468772e+004 1.73697304332459e+006 1.40378448842108e-002 4.25733207190161e-001 1.55670113330485e+000 1.77777151828908e+003 8.57786920351220e-005 211630 142
2.43831695460981e+004 1.73696532975533e+006 1.40368766551310e-002 4.69344157231361e-001 1.56044032242805e+000 1.77778137852490e+003 8.57796951220225e-005 212056 143
2.43831884228716e+004 1.73696609719903e+006 1.40368813195610e-002 2.96151615955077e-001 1.53637528473769e+000 1.77778988786133e+003 8.57972562505856e-005 212443 144
2.43814251386686e+004 1.73693400861303e+006 1.40361256361002e-002 4.00006103701895e-001 1.55574236686300e+000 1.78500921275332e+003 8.57997979704740e-005 214556 145
2.43881720380392e+004 1.73696203546189e+006 6.26914021727004e+000 8.46461378826258e-001 -1.57002798684652e+000 1.78763032435185e+003 8.57998028167766e-005 216572 146
2.43823163131565e+004 1.73696191061219e+006 1.40364131578887e-002 1.04983672597430e-001 1.23350096575823e+000 1.78763371385278e+003 9.01181216456031e-005 216706 147
2.43813425623389e+004 1.73693502312895e+006 1.40360699068624e-002 7.13827936643574e-001 1.57069912335582e+000 1.78993581139911e+003 9.01181219296163e-005 220114 148
2.43865880713092e+004 1.73697377547494e+006 6.26914122388289e+000 9.56266975920896e-001 -1.56945272698141e+000 1.78996468874488e+003 9.01181307571087e-005 221221 149
2.43892378178552e+004 1.73696623032101e+006 6.26913963770634e+000 8.89400921658986e-001 -1.56974035691397e+000 1.79012912758903e+003 9.01181378794732e-005 223922 150
2.43894972156150e+004 1.73697201579809e+006 6.26913953515598e+000 8.66023743400372e-001 -1.57021974013489e+000 1.79035333801293e+003 9.01181408299769e-005 225908 151
2.43881086707122e+004 1.73696797473474e+006 6.26914030174481e+000 8.59553819391461e-001 -1.57012386349071e+000 1.79043545157378e+003 9.01181446391649e-005 228084 152
2.43855803093447e+004 1.73697867532921e+006 1.40381564536103e-002 6.75710318308054e-001 1.56811045396283e+000 1.79084933535028e+003 9.01182001860719e-005 231064 153
2.43819073875529e+004 1.73694484879118e+006 1.40363156362385e-002 1.93212683492538e-001 1.48297199392682e+000 1.79084940510838e+003 9.03029745843547e-005 231118 154
2.43821474212172e+004 1.73694079646494e+006 1.40364865451353e-002 3.86608478041932e-001 1.55392071062349e+000 1.79085240806328e+003 9.03062421301245e-005 231373 155
2.43827440708881e+004 1.73695943531583e+006 1.40366793777945e-002 2.15369121372112e-001 1.50090092638936e+000 1.79085491332263e+003 9.04098019243473e-005 231390 156
2.43826554374010e+004 1.73697693180344e+006 1.40364869881613e-002 4.08490249336222e-001 1.55487947706534e+000 1.79134544895971e+003 9.04124469626986e-005 231987 157
2.43813522979255e+004 1.73693255306177e+006 1.40360954686788e-002 9.17081209753716e-002 1.08930249290445e+000 1.79143312391011e+003 9.84014303209132e-005 233068 158
2.43899053590007e+004 1.73694909266375e+006 6.26913911495248e+000 8.18567461165197e-001 -1.56983623355815e+000 1.79191077913470e+003 9.84014376951284e-005 233882 159
2.43827304695738e+004 1.73697101860143e+006 1.40365779551782e-002 2.76650288399915e-001 1.53033505615406e+000 1.79191154586905e+003 9.84275492138435e-005 234052 160
2.43900285826967e+004 1.73693782494520e+006 6.26913895295051e+000 9.18210394604328e-001 -1.56830220725120e+000 1.79261413196553e+003 9.84275744330968e-005 237678 161
2.43906065198679e+004 1.73696447077047e+006 6.26913883565558e+000 8.55342265083773e-001 -1.57002798684652e+000 1.79308214370953e+003 9.84275791693880e-005 238359 162
2.43845688566350e+004 1.73696579345196e+006 1.40376783559103e-002 5.20981475264748e-001 1.56341249839778e+000 1.79312928187281e+003 9.84280514501707e-005 239075 163
2.43887064325616e+004 1.73696329653532e+006 6.26913991986230e+000 8.86928922391430e-001 -1.56964448026978e+000 1.79354477388780e+003 9.84280596518124e-005 241969 164
2.43831475438357e+004 1.73696214170004e+006 1.40368897507149e-002 3.63628040406507e-001 1.54998976821192e+000 1.79372692855558e+003 9.84332226882931e-005 244322 165
2.43816172947398e+004 1.73694086929153e+006 1.40361808098370e-002 5.73046052430799e-001 1.56667230430006e+000 1.79373286780265e+003 9.84333779547197e-005 244701 166
2.43840328184334e+004 1.73695834779082e+006 1.40374299754498e-002 4.62446974089785e-001 1.56024856913968e+000 1.79373595434390e+003 9.84344440800537e-005 245003 167
2.43844341275767e+004 1.73696656789458e+006 1.40375945474698e-002 3.20627460554826e-001 1.54222376003296e+000 1.79379262147823e+003 9.84455314688407e-005 245792 168
2.43821465217468e+004 1.73694091286136e+006 1.40364850868960e-002 5.60625019074068e-001 1.56619292107913e+000 1.79381778005962e+003 9.84457247033111e-005 246537 169
2.43815067641051e+004 1.73693491094900e+006 1.40361653299991e-002 6.60420545060579e-001 1.56954860362560e+000 1.81929071874550e+003 9.84457424687802e-005 247465 170
2.43887030092611e+004 1.73697236892151e+006 6.26913999515591e+000 8.85799737540819e-001 -1.57002798684652e+000 1.82349231495471e+003 9.84457468541684e-005 250045 171
2.43901906691979e+004 1.73693446194025e+006 6.26913883246901e+000 7.39402447584460e-001 -1.57041149342326e+000 1.82387738189013e+003 9.84457490833599e-005 253157 172
2.43898163351275e+004 1.73694693377079e+006 6.26913914874599e+000 7.64702291940062e-001 -1.57050737006745e+000 1.82390958275279e+003 9.84457504097687e-005 253815 173
2.43901710219049e+004 1.73693821522216e+006 6.26913887411526e+000 9.78270821253090e-001 -1.56782282403027e+000 1.82392483776659e+003 9.84457792296478e-005 254332 174
2.43888196025182e+004 1.73696744226370e+006 6.26913988822732e+000 8.24976348155156e-001 -1.57050737006745e+000 1.82954570633869e+003 9.84457803521555e-005 259658 175
2.43894835605774e+004 1.73694413933811e+006 6.26913931770818e+000 9.72899563585314e-001 -1.56811045396283e+000 1.82954682553863e+003 9.84458052627146e-005 259812 176
2.43836042947829e+004 1.73696318738584e+006 1.40371442090193e-002 7.76299325540941e-001 1.57060324671163e+000 1.88663237797424e+003 9.84458059486206e-005 261942 177
2.43826872152453e+004 1.73697765976201e+006 1.40364993976155e-002 1.45390179143651e-001 1.40732532166509e+000 1.89901857670294e+003 9.92916884103679e-005 266130 178
2.43822190927517e+004 1.73695824527664e+006 1.40363868130730e-002 1.66905728324229e-001 1.44979867503891e+000 1.90530355145704e+003 9.96991860680906e-005 268334 179
2.43818664785863e+004 1.73695771298447e+006 1.40361881471995e-002 2.05206457716605e-001 1.49323079485458e+000 1.90660761130928e+003 9.98337581728995e-005 269536 180
2.43889487712119e+004 1.73695209555676e+006 6.26913968984280e+000 9.30204168828394e-001 -1.56878159047212e+000 1.90662694258512e+003 9.98337757697317e-005 270222 181
2.43816244201408e+004 1.73693826656943e+006 1.40362059411143e-002 6.09485152745140e-001 1.56801457731864e+000 1.90663635945516e+003 9.98338493658875e-005 270691 182
2.43818784306030e+004 1.73694527693088e+006 1.40362955089723e-002 1.51371807000946e-001 1.42218620151372e+000 1.90687410988981e+003 1.00511288102101e-004 273567 183
2.43831132681803e+004 1.73696991422357e+006 1.40368072181237e-002 2.85927915280618e-001 1.53330723212378e+000 1.92256998203216e+003 1.00532903972754e-004 279168 184
2.43867853697499e+004 1.73697833902989e+006 1.40388528027259e-002 2.59773552659688e-001 5.19172028260140e-002 1.93355029791957e+003 1.00536216536995e-004 279630 185
2.43903444067413e+004 1.73694846806372e+006 6.26913885718434e+000 7.95037690359203e-001 -1.57012386349071e+000 1.93355029991455e+003 1.00536221059512e-004 279636 186
2.43851061355902e+004 1.73697036742192e+006 1.40379506539360e-002 5.59709463789788e-001 1.56494652470473e+000 1.93665998263887e+003 1.00536502236918e-004 283927 187
2.43816298546629e+004 1.73694841302577e+006 1.40361270869621e-002 7.27835932493057e-001 1.57041149342326e+000 1.93668111888048e+003 1.00536504544790e-004 284696 188
2.43831723282720e+004 1.73697469213399e+006 1.40368026070361e-002 1.62419507431257e-001 1.44184091357158e+000 1.94501383311836e+003 1.01010702848810e-004 287648 189
2.43826253885365e+004 1.73694615649515e+006 1.40367183583333e-002 2.81807916501358e-001 1.53301960219123e+000 1.97845437919513e+003 1.01033281970407e-004 290102 190
2.43830831325822e+004 1.73697134711589e+006 1.40367782940702e-002 4.11908322397534e-001 1.55545473693045e+000 1.97849551596050e+003 1.01035735548652e-004 290361 191
2.43820173513764e+004 1.73694205242555e+006 1.40364015272301e-002 6.14581743827631e-001 1.56801457731864e+000 1.97851802456665e+003 1.01035807808788e-004 290588 192
2.43812208497440e+004 1.73693108181207e+006 1.40360316927474e-002 5.72557756279183e-001 1.56705581087680e+000 1.97887651962574e+003 1.01035941510488e-004 291784 193
2.43832929179271e+004 1.73697785413986e+006 1.40368464690082e-002 2.16589861751152e-001 1.50099680303354e+000 1.97893387120999e+003 1.01138011427371e-004 292122 194
2.43889409012169e+004 1.73694849406773e+006 6.26913966526468e+000 7.56614886928922e-001 -1.57069912335582e+000 1.97895365573985e+003 1.01138011677244e-004 292889 195
2.43842043053120e+004 1.73696839660359e+006 1.40374474841815e-002 7.36228522598956e-001 1.56974035691397e+000 1.97912818122791e+003 1.01138022471956e-004 294736 196
2.43823615439434e+004 1.73694337365689e+006 1.40365889725232e-002 2.85805841242714e-001 1.53436187520981e+000 1.97913536933848e+003 1.01158736132296e-004 295067 197
2.43898009186775e+004 1.73694535395353e+006 6.26913914485085e+000 9.92889187292093e-001 -1.56801457731864e+000 1.97931671275946e+003 1.01158761285441e-004 295316 198
2.43820956829161e+004 1.73694484771669e+006 1.40364240296327e-002 6.42445142979217e-001 1.56868571382794e+000 1.97935294876148e+003 1.01158803983852e-004 296392 199
2.43830745435619e+004 1.73695894000645e+006 1.40368736018159e-002 1.48472548600726e-001 1.41528308313242e+000 1.98015203486677e+003 1.01912233604988e-004 297522 200
