4.46504219261473e+003 1.73712772679045e+006 2.57035351555279e-003 4.35346537675100e-001 1.56120733558153e+000 1.89108402395896e-001 1.05069822491631e-009 542 1
4.46551490448413e+003 1.73711619143029e+006 2.57064270666815e-003 4.12854396191290e-001 1.56341249839778e+000 1.89454831120341e-001 1.83857098126021e-009 581 2
4.46377625717023e+003 1.73710530232353e+006 2.56965793968421e-003 4.83016449476608e-001 1.56686405758843e+000 2.27530555349793e+000 2.04861194764289e-009 1286 3
4.46530556541690e+003 1.73712023714881e+006 2.57051621125911e-003 8.27997680593280e-001 1.56533003128147e+000 2.27629583135908e+000 2.15556366901411e-009 1465 4
4.46375539329902e+003 1.73711578738472e+006 2.56963041898816e-003 1.23966185491501e-001 1.52554122394482e+000 2.33621482469655e+000 1.83221332264869e-007 1571 5
4.46499908437885e+003 1.73711673556975e+006 2.57034496301717e-003 4.14288766136662e-001 1.56331662175359e+000 2.33687568837638e+000 1.84018997168050e-007 1710 6
4.46456964164536e+003 1.73713206595230e+006 2.57007506753609e-003 6.24927518539995e-001 1.56197434873501e+000 2.38962892884930e+000 1.84435917995949e-007 2349 7
4.46454467725038e+003 1.73711099538351e+006 2.57009187042032e-003 2.17413861507004e-001 1.55478360042116e+000 2.45214569168609e+000 1.95127059012783e-007 2694 8
4.46522683920198e+003 1.73713142845261e+006 2.57045433166030e-003 2.53944517349773e-001 1.55382483397931e+000 2.45677124482304e+000 2.03436806756516e-007 2926 9
4.46438003864277e+003 1.73710685490799e+006 2.57000321947516e-003 7.46086001159703e-001 1.56811045396283e+000 2.45885912645846e+000 2.03481474861885e-007 3103 10
4.46429461461432e+003 1.73711003451897e+006 2.56994933973419e-003 9.49430829798273e-002 1.49725761391034e+000 2.62707274940093e+000 8.80805718473964e-007 3449 11
4.46432788834183e+003 1.73712628539305e+006 2.56994445221879e-003 9.37223426007874e-001 1.56417951155126e+000 2.70388363606314e+000 8.80915205725804e-007 4467 12
4.46374425903007e+003 1.73710723782170e+006 2.56963665632621e-003 9.07895138401440e-001 1.56839808389538e+000 2.70403029429234e+000 8.80939533477412e-007 4591 13
4.46464334693791e+003 1.73714076134650e+006 2.57010463168508e-003 5.19058809167760e-001 1.55928980269784e+000 4.09025816864231e+000 8.81885548371552e-007 5202 14
4.46504807076115e+003 1.73711490056205e+006 2.57037587786378e-003 2.30079042939543e-001 1.55535886028626e+000 4.15732193613868e+000 8.90806422668484e-007 5380 15
4.46463483655203e+003 1.73711883158572e+006 2.57013217798819e-003 8.60499893185217e-001 1.56571353785821e+000 4.16161554913925e+000 8.90894208375435e-007 5984 16
4.46418313483793e+003 1.73710187006563e+006 2.56989724324946e-003 5.10330515457625e-001 1.56791870067446e+000 4.30270803724229e+000 8.91008849243304e-007 6488 17
4.46588520034343e+003 1.73713156674797e+006 2.57083311777134e-003 9.57274086733604e-001 1.56302899182104e+000 4.73903052951239e+000 8.91142813110492e-007 6885 18
4.46607210288835e+003 1.73713552350834e+006 2.57093485375074e-003 8.15210425122837e-001 1.56187847209082e+000 4.74872160640901e+000 8.91379052272211e-007 7114 19
4.46414919845671e+003 1.73712031853255e+006 2.56985041482211e-003 4.96841334269234e-002 1.29313623844111e+000 6.00885284355366e+000 1.88378557068244e-005 7833 20
4.46399937049278e+003 1.73711552335405e+006 2.56977125823440e-003 5.96911526841029e-001 1.56552178456984e+000 6.00885293735821e+000 1.88380635845897e-005 7836 21
4.46496944108620e+003 1.73714337375120e+006 2.57028848402284e-003 5.82354197820978e-001 1.55919392605365e+000 6.29060796390477e+000 1.88388075180073e-005 8637 22
4.46371093635798e+003 1.73709428736814e+006 2.56963663062907e-003 2.68898586993011e-001 1.56322074510941e+000 6.33084655410054e+000 1.88409130407176e-005 9024 23
4.46391668536224e+003 1.73710763853869e+006 2.56973532349988e-003 7.40897854548784e-001 1.56791870067446e+000 6.33118588994603e+000 1.88409635236422e-005 9057 24
4.46395076402530e+003 1.73710259794194e+006 2.56976239811284e-003 2.74025696584979e-001 1.56168671880245e+000 6.58542811740650e+000 1.88436507546707e-005 9432 25
4.46688890305542e+003 1.73713592975817e+006 2.57140444874101e-003 2.75399029511399e-001 1.55430421720023e+000 6.59573618235085e+000 1.88503019949320e-005 9867 26
4.46417703565998e+003 1.73711524841127e+006 2.56987394027062e-003 8.92330698568682e-001 1.56657642765587e+000 6.59589571822580e+000 1.88503627271011e-005 9918 27
4.46432691356285e+003 1.73710705122139e+006 2.56997234673600e-003 6.00207525864437e-001 1.56743931745354e+000 6.59797005914058e+000 1.88504646308176e-005 10486 28
4.46379167656106e+003 1.73710969964525e+006 2.56966031128231e-003 5.72862941373943e-001 1.56667230430006e+000 6.60093188357108e+000 1.88506200064504e-005 10647 29
4.46512430330047e+003 1.73714199283813e+006 2.57037967433494e-003 3.51969969786676e-001 1.55622175008393e+000 6.61482100884890e+000 1.88538238004716e-005 10794 30
4.46890495155915e+003 1.73713957550928e+006 2.57255960088678e-003 4.17188024536882e-002 4.16152574083682e-001 6.62648215621130e+000 3.70234678870388e-005 11424 31
4.46543261542402e+003 1.73711746178517e+006 2.57059345603753e-003 8.50856044190802e-001 1.56600116779077e+000 1.72740237787316e+002 3.70235501046636e-005 12531 32
4.46524598543549e+003 1.73712104101349e+006 2.57048072384955e-003 6.48884548478652e-001 1.56456301812799e+000 1.72826900419842e+002 3.70237742190150e-005 12906 33
4.46457599135126e+003 1.73712921243781e+006 2.57008294454261e-003 8.26868495742668e-001 1.56331662175359e+000 1.72947442351258e+002 3.70239486112926e-005 13259 34
4.46774900590661e+003 1.73713962715478e+006 2.57189409832908e-003 5.81987975707266e-002 1.36753651432844e+000 1.72955859344361e+002 4.55521183504678e-005 13595 35
4.46621607069883e+003 1.73712551606240e+006 2.57103254112881e-003 8.30713827936644e-002 1.47165854991302e+000 1.74114170859509e+002 4.69670063420622e-005 13744 36
4.46663182350970e+003 1.73713704058078e+006 2.57125481506127e-003 3.12295907467879e-001 1.55593412015137e+000 1.74114171220782e+002 4.69713020438390e-005 13748 37
4.46572665975606e+003 1.73713126569977e+006 2.57074229815314e-003 1.79692983794671e-001 1.54394953962828e+000 1.74144271597464e+002 4.70073225225166e-005 13934 38
4.46634926505433e+003 1.73714097190175e+006 2.57108633997746e-003 8.04010132145146e-001 1.56063207571642e+000 1.74144272387838e+002 4.70076207090575e-005 13937 39
4.46667401860233e+003 1.73713268659089e+006 2.57128554960573e-003 8.30469679860836e-001 1.56254960860012e+000 1.74144319775986e+002 4.70078216321789e-005 13980 40
4.46407684250965e+003 1.73710662378049e+006 2.56982902168516e-003 7.29850154118473e-001 1.56811045396283e+000 2.64849492206933e+002 4.70078685155621e-005 14556 41
4.46399904085116e+003 1.73710428953087e+006 2.56978768706344e-003 2.37922299874874e-001 1.55852278954436e+000 2.64850523187314e+002 4.70136833796056e-005 14711 42
4.46600897552606e+003 1.73713754312973e+006 2.57089552512219e-003 6.20807519760735e-001 1.56072795236061e+000 2.65477189317388e+002 4.70142024071298e-005 14917 43
4.46594741595042e+003 1.73714348832523e+006 2.57085128952595e-003 4.16852320932646e-001 1.55737226981414e+000 2.66801425403750e+002 4.70161471587456e-005 15481 44
4.46497975845227e+003 1.73713861994918e+006 2.57030145701556e-003 9.91058076723533e-001 1.56149496551408e+000 2.72695472966976e+002 4.70163112287832e-005 15736 45
4.46677961046549e+003 1.73713682933613e+006 2.57134020219810e-003 3.63475447859127e-002 8.86044007232887e-001 2.72699106872432e+002 1.15032990371942e-004 15818 46
4.46603290091962e+003 1.73712351778616e+006 2.57093005506144e-003 3.39152195806757e-001 1.55996093920713e+000 2.75212775034875e+002 1.15035188980074e-004 16016 47
4.46453121593571e+003 1.73711002113170e+006 2.57008556263326e-003 3.97656178472243e-002 1.09572622806482e+000 2.75219675654257e+002 1.64798570100206e-004 16431 48
4.46415434895909e+003 1.73714186030279e+006 2.56982151193499e-003 7.10928678243355e-001 1.56015269249550e+000 2.75345210699045e+002 1.64798989864537e-004 16708 49
4.46515379394353e+003 1.73713582141283e+006 2.57040578241695e-003 7.67479476302377e-001 1.56168671880245e+000 2.75346781926812e+002 1.64799268668504e-004 16887 50
4.46785746327442e+003 1.73714188638312e+006 2.57195318744597e-003 5.74755088961455e-001 1.55948155598621e+000 2.75358119358238e+002 1.64800005261881e-004 17215 51
4.46554129722390e+003 1.73712740694273e+006 2.57064130298132e-003 7.16849269081698e-001 1.56341249839778e+000 2.75360948835763e+002 1.64800239289994e-004 17496 52
4.46435391059139e+003 1.73710410991003e+006 2.56999223955969e-003 2.23761711478011e-001 1.55708463988159e+000 2.75360948835763e+002 1.64808137306122e-004 17496 53
4.46609889538794e+003 1.73713589909790e+006 2.57094972116006e-003 9.64842677083651e-001 1.56207022537919e+000 2.75376294515484e+002 1.64808294968592e-004 17746 54
4.46433081528567e+003 1.73710917209735e+006 2.56997145509859e-003 1.44840845973083e-001 1.53819694097720e+000 2.77942015131519e+002 1.64886241747706e-004 18645 55
4.46409516914144e+003 1.73711552308037e+006 2.56982640639125e-003 2.87606433301798e-001 1.55957743263039e+000 2.77956707456087e+002 1.64889576154861e-004 18805 56
4.46481699434964e+003 1.73713030986197e+006 2.57022005627587e-003 6.62709433271279e-001 1.56254960860012e+000 2.78587031445880e+002 1.64889906244049e-004 19007 57
4.47226876230985e+003 1.73714034691425e+006 2.57449485269390e-003 4.69069490646077e-002 3.12318168431654e-001 2.78588839235782e+002 1.72765360517638e-004 19162 58
4.46512931730666e+003 1.73711215359047e+006 2.57042671322689e-003 3.63261818292795e-001 1.56322074510941e+000 2.81044084044741e+002 1.72766446871265e-004 19412 59
4.46767698584301e+003 1.73713992737910e+006 2.57185219512494e-003 5.08957182531205e-001 1.55938567934202e+000 2.82400335808545e+002 1.72767421989557e-004 20713 60
4.46457764942841e+003 1.73711304777073e+006 2.57010781478260e-003 3.60026856288339e-001 1.56293311517685e+000 2.82413113338367e+002 1.72768595755922e-004 21348 61
4.46466765002718e+003 1.73711352932723e+006 2.57015891239718e-003 1.18747520371105e-001 1.52228141804254e+000 2.82440638087767e+002 1.72989808243581e-004 21514 62
4.46732147714782e+003 1.73713985102536e+006 2.57164765777926e-003 2.39051484725486e-001 1.55066090472121e+000 2.82440855208859e+002 1.73002160484555e-004 21610 63
4.46379157384012e+003 1.73709687980222e+006 2.56967921625932e-003 8.96755882442702e-001 1.57069912335582e+000 2.82440959016049e+002 1.73002160656489e-004 21681 64
4.46434796936816e+003 1.73710942788382e+006 2.56998095168407e-003 3.04605243079928e-001 1.56178259544664e+000 2.82446685161499e+002 1.73004255306759e-004 21704 65
4.46393241892872e+003 1.73710002410473e+006 2.56975564498734e-003 7.80693990905484e-001 1.56974035691397e+000 2.82446715747990e+002 1.73004264794897e-004 21758 66
4.47262480754652e+003 1.73709524238310e+006 6.28060523333507e+000 8.28424939725944e-001 -1.57069912335582e+000 2.82791041563120e+002 1.73004264999583e-004 21973 67
4.46490461710696e+003 1.73710957542294e+006 2.57030117609513e-003 4.74684896389660e-001 1.56580941450240e+000 2.82816323772909e+002 1.73004580471504e-004 22552 68
4.46556829100228e+003 1.73714077774165e+006 2.57063705590092e-003 6.50807214575640e-001 1.56015269249550e+000 2.82903533617635e+002 1.73005090304121e-004 22916 69
4.46572438216442e+003 1.73712279846339e+006 2.57075351751555e-003 7.23410748619037e-001 1.56446714148381e+000 2.82973272712772e+002 1.73005270964948e-004 23849 70
4.46488150478773e+003 1.73713542101307e+006 2.57024962984054e-003 7.69829401532029e-001 1.56178259544664e+000 2.82990959496082e+002 1.73005543401804e-004 24068 71
4.46602761966070e+003 1.73713947648216e+006 2.57090339644534e-003 5.80584124271371e-001 1.56005681585131e+000 2.83017581867551e+002 1.73006207975223e-004 24269 72
4.46434062808655e+003 1.73710806552242e+006 2.56997874111020e-003 9.04141361735893e-001 1.56820633060701e+000 2.83017626233709e+002 1.73006235639022e-004 24303 73
4.46440774543559e+003 1.73713079717713e+006 2.56998374781069e-003 9.10061952574236e-001 1.56312486846522e+000 2.83057676252701e+002 1.73006382517346e-004 25177 74
4.46581887049657e+003 1.73712001461925e+006 2.57081203060181e-003 5.04318369090854e-001 1.56379600497452e+000 2.83057697090213e+002 1.73006849582606e-004 25221 75
4.46412452239194e+003 1.73712658249650e+006 2.56982694314093e-003 2.06335642567217e-001 1.54979801492355e+000 2.83059197845587e+002 1.73025064243917e-004 25461 76
4.46371875192820e+003 1.73710080776631e+006 2.56963148443284e-003 2.21503341776788e-001 1.55756402310251e+000 2.83139278131066e+002 1.73032708512264e-004 25666 77
4.46488578227509e+003 1.73711498821082e+006 2.57028232464232e-003 7.16788232062746e-001 1.56619292107913e+000 2.83158225458119e+002 1.73032821051546e-004 26354 78
4.46513800740855e+003 1.73712637382578e+006 2.57041067417088e-003 1.84453871272927e-001 1.54605882580035e+000 2.83158230208521e+002 1.73062811986152e-004 26362 79
4.46454080463279e+003 1.73710919137007e+006 2.57009231015540e-003 6.35456404309214e-001 1.56715168752098e+000 2.83253726558280e+002 1.73062914093268e-004 26521 80
4.46374801788575e+003 1.73710825724313e+006 2.56963731218615e-003 5.01724295785394e-002 1.30195688970611e+000 2.83254667691771e+002 1.89956433752090e-004 26812 81
4.46704326283607e+003 1.73714219511554e+006 2.57148403236034e-003 3.14676351207007e-001 1.55487947706534e+000 2.83289760836805e+002 1.89961129779990e-004 26869 82
4.46407991273036e+003 1.73713856254648e+006 2.56978354079625e-003 4.57441938535722e-001 1.55909804940947e+000 2.83293892237171e+002 1.89962411320090e-004 27030 83
4.46394259312883e+003 1.73711332611708e+006 2.56974182399043e-003 8.85952330088198e-002 1.48584829325236e+000 2.83296425403590e+002 1.90940071984475e-004 27163 84
4.46380502912128e+003 1.73710498551842e+006 2.56967497137688e-003 7.34916226691488e-001 1.56849396053957e+000 3.59484353155080e+002 1.90940108338569e-004 27319 85
4.47262394018926e+003 1.73709511019372e+006 6.28060523363845e+000 8.15179906613361e-001 -1.57069912335582e+000 3.59491812982747e+002 1.90940108550642e-004 27514 86
4.46373535782397e+003 1.73711452482458e+006 2.56962075293341e-003 6.25385296182134e-001 1.56590529114658e+000 3.59517772630308e+002 1.90940275450237e-004 27926 87
4.46422086464947e+003 1.73713680125065e+006 2.56986728613931e-003 2.81929990539262e-001 1.55449597048860e+000 3.59522951514460e+002 1.90946479480092e-004 27997 88
4.46596996986955e+003 1.73714379217376e+006 2.57086382310217e-003 5.97064119388409e-001 1.55919392605365e+000 3.59555047669221e+002 1.90947183686203e-004 28207 89
4.46606259962445e+003 1.73713059287134e+006 2.57093668037769e-003 7.01742606891079e-001 1.56264548524430e+000 3.59556013765435e+002 1.90947469502741e-004 28291 90
4.46372084921984e+003 1.73709602708029e+006 2.56963976366715e-003 8.05322428052614e-001 1.57069912335582e+000 3.59614890015159e+002 1.90947469720568e-004 28634 91
4.46609197781273e+003 1.73714183509389e+006 2.57093695386092e-003 6.39942625202185e-001 1.55986506256294e+000 3.60180326087502e+002 1.90948021064509e-004 28955 92
4.46747866066708e+003 1.73714287021892e+006 2.57173367155191e-003 3.85448774681845e-002 1.03618683202612e+000 3.60182521239455e+002 2.48093823512538e-004 29138 93
4.46452706596917e+003 1.73711124468002e+006 2.57008136339203e-003 4.77004303109836e-002 1.26907120075076e+000 3.60187056065319e+002 2.69734991179775e-004 29474 94
4.46559611267982e+003 1.73712143318308e+006 2.57068169821101e-003 7.80968657490768e-001 1.56494652470473e+000 3.60460837362853e+002 2.69735126295010e-004 30031 95
4.46666164817167e+003 1.73712733580516e+006 2.57128634861941e-003 8.10083315530869e-001 1.56370012833033e+000 3.60461413197847e+002 2.69735294451896e-004 30079 96
4.46442714723906e+003 1.73713918743886e+006 2.56998250377335e-003 9.45951719718009e-001 1.56130321222571e+000 3.60540901202596e+002 2.69735482059376e-004 31004 97
4.46401096208971e+003 1.73711982413570e+006 2.56977156883126e-003 3.11807611316263e-001 1.55976918591876e+000 3.60541332795229e+002 2.69738200044477e-004 31048 98
4.46622746962957e+003 1.73713009079709e+006 2.57103233222993e-003 7.24112674336985e-001 1.56283723853267e+000 3.60542011206641e+002 2.69738457140563e-004 31134 99
4.46574916997620e+003 1.73713636725410e+006 2.57074770667940e-003 1.12704855494858e-001 1.51211849375896e+000 3.60761148780427e+002 2.70069354541178e-004 31170 100
4.46386358612385e+003 1.73710438214259e+006 2.56970957326346e-003 9.92858668782617e-001 1.56916509704886e+000 3.60761981751162e+002 2.70069365525579e-004 31284 101
4.47264152079225e+003 1.73709566406930e+006 6.28060522433879e+000 9.78240302743614e-001 -1.57050737006745e+000 3.60779382964871e+002 2.70069366297158e-004 31428 102
4.46373154659064e+003 1.73710267294830e+006 2.56963609082071e-003 2.05755790887173e-001 1.55507123035371e+000 3.61273249364023e+002 2.70081102695788e-004 31909 103
4.46478546447116e+003 1.73711493063458e+006 2.57022466055062e-003 4.70809045686209e-001 1.56456301812799e+000 3.61334617364290e+002 2.70081556615940e-004 32088 104
4.46421575849249e+003 1.73713085037851e+006 2.56987315026926e-003 4.31104464857936e-001 1.56044032242805e+000 3.61522949391264e+002 2.70082765927287e-004 32762 105
4.46611026836897e+003 1.73712479905571e+006 2.57097269615328e-003 2.60994293038728e-001 1.55583824350719e+000 3.80982726599720e+002 2.70089204694882e-004 33640 106
4.46424757239557e+003 1.73710435692594e+006 2.56993065873456e-003 6.29871517075106e-001 1.56820633060701e+000 3.81000388147620e+002 2.70089265969050e-004 34236 107
4.46418252074175e+003 1.73710870956761e+006 2.56988677134755e-003 2.69936216315195e-001 1.56005681585131e+000 3.81036862786950e+002 2.70092849174968e-004 34416 108
4.46548869197713e+003 1.73713978777432e+006 2.57059269927273e-003 9.71129490035707e-001 1.56120733558153e+000 3.81061913691678e+002 2.70093029022919e-004 34655 109
4.46450525812787e+003 1.73713943436750e+006 2.57002710340185e-003 7.83196508682516e-001 1.56091970564898e+000 3.82167296892350e+002 2.70093331198922e-004 34980 110
4.46380331392352e+003 1.73710391018649e+006 2.56967557471150e-003 6.11194189275796e-001 1.56820633060701e+000 3.82167836080787e+002 2.70093396668189e-004 35138 111
4.46563722834434e+003 1.73713148263644e+006 2.57069049521972e-003 6.56880397961364e-001 1.56226197866756e+000 3.82177972804138e+002 2.70093751583028e-004 35419 112
4.46815566398138e+003 1.73714188988870e+006 2.57212484280690e-003 6.93380535294656e-002 1.42630889721366e+000 3.82202701014600e+002 2.73721040542330e-004 35503 113
4.46466544505402e+003 1.73714138253347e+006 2.57011643352336e-003 7.35679189428388e-001 1.56034444578387e+000 3.82202701179210e+002 2.73721419068460e-004 35505 114
4.46410312145224e+003 1.73710792273266e+006 2.56984222794508e-003 8.86257515182958e-001 1.56820633060701e+000 3.84520928268260e+002 2.73721447975252e-004 36477 115
4.46485130623467e+003 1.73712830604719e+006 2.57024277300928e-003 4.19873653370769e-001 1.56082382900479e+000 3.84520939570646e+002 2.73722656918413e-004 36486 116
4.46538699020609e+003 1.73712340149050e+006 2.57055840186878e-003 6.82210760826441e-001 1.56417951155126e+000 3.84537219972808e+002 2.73722877108421e-004 36661 117
4.46401395711789e+003 1.73713635379433e+006 2.56974884047647e-003 8.57814264351329e-001 1.56178259544664e+000 3.84541393328646e+002 2.73723091826477e-004 36688 118
4.46624735981435e+003 1.73713562918152e+006 2.57103558514266e-003 9.90508743552965e-001 1.56216610202338e+000 3.84541395360431e+002 2.73723238117167e-004 36694 119
4.46714372486646e+003 1.73714255036653e+006 2.57154133787498e-003 6.53096102786340e-001 1.55976918591876e+000 3.84570427737601e+002 2.73723772494755e-004 36840 120
4.46407778190340e+003 1.73711372713913e+006 2.56981905403076e-003 2.77169103061007e-001 1.55938567934202e+000 3.84601697746569e+002 2.73727485430656e-004 37232 121
4.46631040541237e+003 1.73713939491016e+006 2.57106630426731e-003 4.56831568346202e-001 1.55890629612110e+000 3.84601835575749e+002 2.73728803455159e-004 37251 122
4.46463335102025e+003 1.73713073399449e+006 2.57011371296976e-003 6.41804254280221e-001 1.56235785531175e+000 3.84604633362392e+002 2.73729170494138e-004 37459 123
4.46555801412017e+003 1.73711728563007e+006 2.57066590404647e-003 5.00778221991638e-001 1.56437126483963e+000 3.84604804274642e+002 2.73729585839106e-004 37506 124
4.46382156026620e+003 1.73712401111693e+006 2.56965634383324e-003 3.76293221839045e-002 9.96781531266213e-001 3.91128481683242e+002 3.35752978768730e-004 37625 125
4.46401905816423e+003 1.73710304904873e+006 2.56980104547794e-003 9.20041505172887e-001 1.56935685033723e+000 3.91128741813613e+002 3.35752989464693e-004 37756 126
4.46580510540547e+003 1.73712792877850e+006 2.57079239432418e-003 7.87041840876492e-001 1.56350837504196e+000 3.91132014219710e+002 3.35753176198160e-004 37855 127
4.46562689605326e+003 1.73711665065354e+006 2.57070649647484e-003 3.04361095004120e-001 1.56015269249550e+000 3.91140066352534e+002 3.35755889928576e-004 38524 128
4.46373661653262e+003 1.73709792680494e+006 2.56964603022356e-003 5.08194219794305e-001 1.56878159047212e+000 3.91146854672419e+002 3.35755956462222e-004 38920 129
4.46436338077414e+003 1.73710560633576e+006 2.56999547732175e-003 2.98593096713157e-001 1.56235785531175e+000 3.91147285650554e+002 3.35757932623619e-004 39043 130
4.46526602252574e+003 1.73713184496212e+006 2.57047627153264e-003 7.57866145817438e-001 1.56254960860012e+000 3.91670938384039e+002 3.35758178342607e-004 39194 131
4.46533885532097e+003 1.73713616491471e+006 2.57051180589576e-003 6.35486922818690e-001 1.56111145893735e+000 3.91679048532076e+002 3.35758642608195e-004 39367 132
4.46371522379030e+003 1.73709482237844e+006 2.56963830735272e-003 2.02978606524857e-001 1.55641350337230e+000 3.91679195935225e+002 3.35769179330948e-004 39424 133
4.46540211293946e+003 1.73711694969728e+006 2.57057665468226e-003 7.33298745689261e-001 1.56580941450240e+000 3.91682586483566e+002 3.35769300511952e-004 39815 134
4.46470556975707e+003 1.73710935952312e+006 2.57018691091732e-003 1.22165593432417e-001 1.52573297723319e+000 3.91689212006823e+002 3.35955086248055e-004 39940 135
4.46720896875551e+003 1.73714273991644e+006 2.57157861519413e-003 2.56965849787896e-001 1.55152379451888e+000 3.91689235372382e+002 3.35964935480966e-004 39950 136
4.46427022332539e+003 1.73711034421414e+006 2.56993484035289e-003 3.58287301248207e-002 7.80867328562273e-001 3.91718933767416e+002 4.01518122538909e-004 40113 137
4.46549068312754e+003 1.73713312953694e+006 2.57060369824450e-003 7.27164525284585e-001 1.56216610202338e+000 3.91731772668935e+002 4.01518411282979e-004 40728 138
4.46418760153559e+003 1.73711030163332e+006 2.56988734088517e-003 8.19483016449477e-001 1.56753519409772e+000 3.91870498994387e+002 4.01518460389544e-004 41186 139
4.46493951443151e+003 1.73711199308548e+006 2.57031768798419e-003 6.26880703146458e-001 1.56648055101169e+000 3.91899090315956e+002 4.01518597131418e-004 41575 140
4.46552341054310e+003 1.73713116814800e+006 2.57062544048910e-003 6.62617877742851e-001 1.56235785531175e+000 3.91899136684022e+002 4.01518939283323e-004 41594 141
4.46378739456757e+003 1.73713932595943e+006 2.56961402184968e-003 5.26108584856716e-001 1.55967330927457e+000 3.91900304689280e+002 4.01519810740214e-004 41702 142
4.46452383316751e+003 1.73711200293705e+006 2.57007838053659e-003 7.17551194799646e-001 1.56686405758843e+000 3.91903596052882e+002 4.01519898671590e-004 41915 143
4.46442814094964e+003 1.73712225553429e+006 2.57000812558021e-003 4.71694082461013e-001 1.56293311517685e+000 3.94683408947350e+002 4.01520546508213e-004 43325 144
4.46739571801549e+003 1.73713964231596e+006 2.57169070388765e-003 8.88668477431562e-001 1.56111145893735e+000 3.94683661196769e+002 4.01520768518730e-004 43380 145
4.46446817976616e+003 1.73711021275322e+006 2.57004899141616e-003 4.95956297494430e-001 1.56590529114658e+000 3.94685782444416e+002 4.01521046493031e-004 43479 146
4.46372462282971e+003 1.73709727927204e+006 2.56964008369379e-003 5.72557756279183e-001 1.56945272698141e+000 3.94685995135068e+002 4.01521073777094e-004 43596 147
4.46619108161178e+003 1.73714174712496e+006 2.57099413359638e-003 4.46455275124363e-001 1.55823515961180e+000 3.94706513622422e+002 4.01522582929101e-004 44249 148
4.46449901542350e+003 1.73712080354918e+006 2.57005107342971e-003 8.91048921170690e-001 1.56533003128147e+000 3.94707129450579e+002 4.01522673934768e-004 44335 149
4.46473164348900e+003 1.73713445415256e+006 2.57016479170583e-003 7.96563615833003e-001 1.56207022537919e+000 3.94707655967591e+002 4.01522914286697e-004 44384 150
4.46461889679226e+003 1.73710912877450e+006 2.57013735771058e-003 9.99389629810480e-001 1.56811045396283e+000 3.95037409251381e+002 4.01522937767690e-004 44709 151
4.46482969500407e+003 1.73712545802400e+006 2.57023454619469e-003 7.02291940061647e-001 1.56379600497452e+000 3.95041309013710e+002 4.01523163186001e-004 44942 152
4.46492511475061e+003 1.73711364186992e+006 2.57030695899877e-003 4.19629505294961e-002 1.15977182638020e+000 3.95042186148587e+002 4.40950186152029e-004 45064 153
4.46607087743916e+003 1.73714351225553e+006 2.57092232519508e-003 5.03097628711814e-001 1.55852278954436e+000 3.95158340213560e+002 4.40951305749474e-004 45348 154
4.46384387412127e+003 1.73711703114324e+006 2.56967951427123e-003 5.04684591204566e-001 1.56446714148381e+000 3.95161981854089e+002 4.40951704652013e-004 45463 155
4.46499328441932e+003 1.73712639304727e+006 2.57032733455865e-003 2.21350749229408e-001 1.55181142445143e+000 3.95167818601066e+002 4.40965067188570e-004 45592 156
4.46425220214047e+003 1.73710649591783e+006 2.56993015944317e-003 9.23154393139439e-001 1.56858983718375e+000 3.95199218732164e+002 4.40965087794769e-004 46133 157
4.46674362841765e+003 1.73713246215773e+006 2.57132595322250e-003 9.62431714835047e-001 1.56283723853267e+000 3.95202456214019e+002 4.40965225279718e-004 46310 158
4.46380711721753e+003 1.73710090702786e+006 2.56968220666838e-003 9.84191412091433e-001 1.56993211020234e+000 3.95821418831642e+002 4.40965229455081e-004 46730 159
4.46428548246590e+003 1.73713434667113e+006 2.56990811505140e-003 2.12622455519272e-001 1.54893512512589e+000 3.95826400306095e+002 4.40983370434703e-004 46779 160
4.46506958109869e+003 1.73712117290996e+006 2.57037897953265e-003 7.60307626575518e-001 1.56494652470473e+000 3.95827987921716e+002 4.40983513759616e-004 46808 161
4.46464094701869e+003 1.73711690951492e+006 2.57013853932202e-003 4.75753044221320e-001 1.56417951155126e+000 3.95828128908012e+002 4.40984000367326e-004 46825 162
4.46369781774135e+003 1.73709756088404e+006 2.56962423625362e-003 3.34421826837977e-001 1.56561766121403e+000 3.95830712416806e+002 4.40984723154284e-004 47043 163
4.46541704104513e+003 1.73712097837453e+006 2.57057928663997e-003 3.15744499038667e-001 1.55967330927457e+000 3.95830872607071e+002 4.40987402773101e-004 47067 164
4.46455285699245e+003 1.73710728102990e+006 2.57010207466977e-003 2.88949247718741e-001 1.56149496551408e+000 3.97197888863216e+002 4.40989872448407e-004 48506 165
4.46765559532503e+003 1.73713910856969e+006 2.57184109380962e-003 7.55363628040406e-001 1.56091970564898e+000 3.97267364597506e+002 4.40990199662691e-004 48937 166
4.46386308594170e+003 1.73710325001449e+006 2.56971096008303e-003 7.05435346537675e-001 1.56878159047212e+000 3.97268327054821e+002 4.40990231999774e-004 48966 167
4.46534480530220e+003 1.73711430551108e+006 2.57054757760595e-003 7.58903775139622e-001 1.56648055101169e+000 3.97269673028558e+002 4.40990321804159e-004 49105 168
4.46574373960911e+003 1.73713112325513e+006 2.57075234110659e-003 5.59739982299264e-001 1.56178259544664e+000 3.97270467621788e+002 4.40990871046260e-004 49291 169
4.46445036964507e+003 1.73712255684970e+006 2.57002047598627e-003 8.04651020844142e-001 1.56475477141636e+000 3.97270591812280e+002 4.40991004052361e-004 49383 170
4.46396005228464e+003 1.73711263687851e+006 2.56975289419824e-003 5.22232734153264e-001 1.56561766121403e+000 3.97270591814629e+002 4.40991275169805e-004 49385 171
4.46646185060255e+003 1.73712559234316e+006 2.57117391384279e-003 5.36088137455367e-001 1.56283723853267e+000 3.97285271769946e+002 4.40991773307445e-004 49745 172
4.46400086271639e+003 1.73710758011956e+006 2.56978386794253e-003 5.24216437269204e-001 1.56676818094424e+000 3.97332851182487e+002 4.40991955413832e-004 50176 173
4.46427245318529e+003 1.73711686868737e+006 2.56992647157106e-003 3.82702108829005e-001 1.56264548524430e+000 3.97334047983906e+002 4.40993040301401e-004 50252 174
4.46574520070578e+003 1.73712063445099e+006 2.57076870444111e-003 6.95272682882168e-001 1.56485064806055e+000 3.99926818737694e+002 4.40993219238179e-004 51072 175
4.46458620294147e+003 1.73711331203214e+006 2.57011234775071e-003 2.51136814477981e-001 1.55765989974670e+000 3.99941948754467e+002 4.40998953672250e-004 51235 176
4.46476330472711e+003 1.73713740801203e+006 2.57017864734942e-003 3.40464491714225e-001 1.55689288659322e+000 4.00023703219534e+002 4.41002158495108e-004 51669 177
4.46447225248939e+003 1.73711565873540e+006 2.57004327868022e-003 8.90041810357982e-001 1.56648055101169e+000 4.00080110133212e+002 4.41002221737081e-004 51958 178
4.46378042290510e+003 1.73709725644189e+006 2.56967223985070e-003 8.90346995452742e-001 1.57060324671163e+000 4.00332114379562e+002 4.41002222244420e-004 52286 179
4.46377164885714e+003 1.73710345532095e+006 2.56965801904695e-003 4.57258827478866e-001 1.56695993423261e+000 4.01085359283191e+002 4.41002450296478e-004 53354 180
4.46471514428538e+003 1.73712964337334e+006 2.57016241154168e-003 1.83812982573931e-001 1.54519593600269e+000 4.01263648100811e+002 4.41034306259706e-004 53573 181
4.46536392673858e+003 1.73713659592191e+006 2.57052560063578e-003 2.97402874843593e-001 1.55535886028626e+000 4.01263747185602e+002 4.41039378240490e-004 53602 182
4.46611714840744e+003 1.73712297335199e+006 2.57097935878276e-003 7.35160374767296e-001 1.56446714148381e+000 4.01266249534009e+002 4.41039552609901e-004 53818 183
4.46428572881473e+003 1.73713846086501e+006 2.56990217038624e-003 9.65910824915311e-001 1.56149496551408e+000 4.01456492716109e+002 4.41039726224338e-004 54164 184
4.46439816037852e+003 1.73714402354824e+006 2.56995866272720e-003 9.65422528763695e-001 1.56024856913968e+000 4.01605386678027e+002 4.41039937362235e-004 54461 185
4.46467386837084e+003 1.73711043186915e+006 2.57016707493352e-003 5.98559526352733e-001 1.56667230430006e+000 4.01605807810829e+002 4.41040078439928e-004 54576 186
4.46372675192064e+003 1.73709801888368e+006 2.56964021526352e-003 6.99636829737236e-001 1.56993211020234e+000 4.01629933677970e+002 4.41040087285980e-004 54905 187
4.46496159687258e+003 1.73712077217197e+006 2.57031741014126e-003 4.46607867671743e-001 1.56293311517685e+000 4.01735156563327e+002 4.41040817887252e-004 55057 188
4.46454237471751e+003 1.73713279142702e+006 2.57005829779680e-003 1.27811517685476e-001 1.52419895092624e+000 4.01996031516419e+002 4.41217804116040e-004 55347 189
4.46382394104903e+003 1.73712436149435e+006 2.56965719605864e-003 6.25080111087374e-001 1.56370012833033e+000 4.01996130038979e+002 4.41218101571174e-004 55388 190
4.46369735553139e+003 1.73709718659058e+006 2.56962452384973e-003 4.83321634571368e-001 1.56868571382794e+000 4.01997133663214e+002 4.41218181431542e-004 55454 191
4.46367975947674e+003 1.73709643413568e+006 2.56961550741281e-003 4.06842249824519e-001 1.56772694738609e+000 4.01999674854687e+002 4.41218390049777e-004 55635 192
4.46440759439309e+003 1.73710568819721e+006 2.57002080850604e-003 1.06540116580706e-001 1.51298138355663e+000 4.02048325280697e+002 4.41584599932193e-004 56276 193
4.46402310996579e+003 1.73710841291827e+006 2.56979544292489e-003 5.72771385845515e-001 1.56695993423261e+000 4.02051473540921e+002 4.41584738873609e-004 56427 194
4.46409248642161e+003 1.73712527225651e+006 2.56981043961986e-003 5.27878658406323e-001 1.56283723853267e+000 4.09363077421592e+002 4.41585254213740e-004 56967 195
4.46570016777869e+003 1.73713151439119e+006 2.57072667980715e-003 9.49522385326701e-001 1.56302899182104e+000 4.09367724059685e+002 4.41585390595435e-004 57328 196
4.46623604199129e+003 1.73714314964602e+006 2.57101793947835e-003 7.38578447828608e-001 1.55996093920713e+000 4.09724906993506e+002 4.41585787369645e-004 58286 197
4.46437668635681e+003 1.73711658454351e+006 2.56998689509684e-003 8.98800622577593e-001 1.56628879772332e+000 4.09783348805023e+002 4.41585853580508e-004 58473 198
4.46521127775720e+003 1.73712255791986e+006 2.57045849938980e-003 7.08120975371563e-001 1.56446714148381e+000 4.09783757707736e+002 4.41586042934511e-004 58586 199
4.46420176330799e+003 1.73711428679351e+006 2.56988959768042e-003 2.21106601153600e-001 1.55449597048860e+000 4.10940420035788e+002 4.41596632080331e-004 58693 200
4.46775049998085e+003 1.73714238985296e+006 2.57189086815550e-003 9.73235267189550e-001 1.56063207571642e+000 4.11143754153153e+002 4.41596827957645e-004 58766 201
4.47262321417516e+003 1.73709542798884e+006 6.28060523452743e+000 8.97915585802790e-001 -1.57060324671163e+000 4.11144350983476e+002 4.41596828455624e-004 58854 202
4.46407908001258e+003 1.73713667931574e+006 2.56978584732850e-003 7.08182012390515e-001 1.56130321222571e+000 4.11144516907579e+002 4.41597183140872e-004 58921 203
4.46522067140261e+003 1.73711862730343e+006 2.57046972316286e-003 7.62047181615650e-001 1.56552178456984e+000 4.11144875155200e+002 4.41597304605512e-004 58934 204
4.46382168868640e+003 1.73713570079108e+006 2.56963912589583e-003 6.25629444257942e-002 1.39591600100711e+000 4.11146546233433e+002 4.47532759561928e-004 59137 205
4.46736392142608e+003 1.73713757036495e+006 2.57167546733651e-003 9.56877346110416e-001 1.56168671880245e+000 4.11458641810203e+002 4.47532931179615e-004 59413 206
4.46371669723454e+003 1.73709669754004e+006 2.56963638170785e-003 9.47904904324473e-002 1.50003803659169e+000 4.11458833664987e+002 4.48174573594388e-004 59503 207
4.46375364993303e+003 1.73710776131240e+006 2.56964128797092e-003 1.29947813348796e-001 1.53110206930754e+000 4.11478627007595e+002 4.48308269338256e-004 59690 208
4.46432199479475e+003 1.73710605625135e+006 2.56997098717516e-003 5.79851680043947e-001 1.56753519409772e+000 4.11489672878337e+002 4.48308374444918e-004 60171 209
4.46479451001943e+003 1.73712579082319e+006 2.57021379921101e-003 8.27051606799524e-001 1.56408363490707e+000 4.11494954382635e+002 4.48308521854880e-004 60314 210
4.46613060574327e+003 1.73713166648360e+006 2.57097423970241e-003 9.10367137668996e-001 1.56293311517685e+000 4.11495237664850e+002 4.48308674345095e-004 60395 211
4.46543868573107e+003 1.73712765255355e+006 2.57058187027977e-003 2.56660664693136e-001 1.55487947706534e+000 4.11496657169365e+002 4.48316026949648e-004 60503 212
4.46397429899715e+003 1.73709997961279e+006 2.56977981983351e-003 3.89324625385296e-001 1.56657642765587e+000 4.11496868538098e+002 4.48316403557616e-004 60562 213
4.46477367543719e+003 1.73712331270925e+006 2.57020547211650e-003 6.55323953978088e-001 1.56408363490707e+000 4.11497829503525e+002 4.48316649535058e-004 60954 214
4.46586500279991e+003 1.73712273474043e+006 2.57083456159990e-003 5.07736442152165e-001 1.56322074510941e+000 4.11497890279179e+002 4.48317169591327e-004 60971 215
4.46489458221795e+003 1.73711726131438e+006 2.57028402711378e-003 4.74318674275948e-001 1.56408363490707e+000 4.11498322100612e+002 4.48317670483314e-004 61091 216
4.46380355405054e+003 1.73713805141142e+006 2.56962520947996e-003 6.64906765953551e-001 1.56082382900479e+000 4.11500133233509e+002 4.48318110220507e-004 61198 217
4.46416302525248e+003 1.73711470352363e+006 2.56986668109047e-003 9.33713797418134e-001 1.56676818094424e+000 4.11500671716747e+002 4.48318161362573e-004 61242 218
4.46423469362181e+003 1.73710472457908e+006 2.56992270093706e-003 4.72029786065249e-001 1.56686405758843e+000 4.11500681844482e+002 4.48318382309286e-004 61250 219
4.46413935392364e+003 1.73712659915643e+006 2.56983545640693e-003 3.00698873867000e-001 1.55775577639088e+000 4.11518913999349e+002 4.48322197254805e-004 61752 220
4.46372936056386e+003 1.73709753499115e+006 2.56964243278450e-003 1.31290627765740e-001 1.53417012192145e+000 4.11529304830165e+002 4.48437803415689e-004 62106 221
4.46605879859373e+003 1.73712517299274e+006 2.57094251363477e-003 7.71507919553209e-001 1.56408363490707e+000 4.11540381472252e+002 4.48437975186640e-004 62547 222
4.46593596191978e+003 1.73712185604376e+006 2.57087671041314e-003 3.73210852381970e-001 1.56130321222571e+000 4.11569793567462e+002 4.48439426838608e-004 62837 223
4.46578838934580e+003 1.73713146495505e+006 2.57077753840485e-003 7.96655171361431e-001 1.56274136188849e+000 4.17587254873000e+002 4.48439639127259e-004 62914 224
4.46385186065185e+003 1.73711938925293e+006 2.56968062353195e-003 9.30692464980010e-001 1.56571353785821e+000 5.27008212036727e+002 4.48439713003023e-004 63243 225
4.46441264496986e+003 1.73712534825141e+006 2.56999462963383e-003 8.25800347911008e-001 1.56417951155126e+000 5.27024598330509e+002 4.48439857644656e-004 63922 226
4.46399315839357e+003 1.73710965075154e+006 2.56977636966794e-003 4.93118076113163e-001 1.56600116779077e+000 5.31965206191340e+002 4.48440130640660e-004 65087 227
4.46391679316172e+003 1.73713319431012e+006 2.56969758115467e-003 5.57908871730705e-001 1.56130321222571e+000 5.31966396070386e+002 4.48440730048887e-004 65178 228
4.46593474855200e+003 1.73712596232178e+006 2.57086993482633e-003 1.99224829859310e-001 1.54883924848170e+000 5.31980575368660e+002 4.48461805137041e-004 65781 229
4.46505148709142e+003 1.73711853114277e+006 2.57037247244947e-003 7.54753257850887e-001 1.56552178456984e+000 5.31981198314002e+002 4.48461929199096e-004 65840 230
4.46420800438673e+003 1.73710421851874e+006 2.56990808550506e-003 1.53080843531602e-001 1.54251138996551e+000 5.31994468927435e+002 4.48517451281128e-004 65899 231
4.46585051029468e+003 1.73713425780997e+006 2.57080916564437e-003 6.09149449140904e-001 1.56139908886990e+000 5.32002982883404e+002 4.48517937629250e-004 66173 232
4.46591364664574e+003 1.73712701816811e+006 2.57085622471868e-003 6.92953276161992e-001 1.56341249839778e+000 5.32035638319528e+002 4.48518189780193e-004 66704 233
4.46490466240938e+003 1.73711201847746e+006 2.57029758734780e-003 7.48008667256691e-001 1.56695993423261e+000 5.35997612587288e+002 4.48518267011970e-004 67384 234
4.46447461890116e+003 1.73713588549489e+006 2.57001471613503e-003 7.40562150944548e-001 1.56159084215827e+000 5.36018081881999e+002 4.48518573524234e-004 67524 235
4.46523325654480e+003 1.73711887428353e+006 2.57047660248882e-003 7.48405407879879e-001 1.56542590792566e+000 5.36033086072750e+002 4.48518703492475e-004 67673 236
4.46433857541806e+003 1.73712963604914e+006 2.56994564731872e-003 5.53819391460921e-001 1.56207022537919e+000 5.36044539495762e+002 4.48519238207872e-004 67805 237
4.46374293650463e+003 1.73711682120019e+006 2.56962171881098e-003 6.32190923795282e-001 1.56542590792566e+000 5.36044831206556e+002 4.48519426604140e-004 67883 238
4.46458230732116e+003 1.73710800202561e+006 2.57011796148265e-003 9.55259865108188e-001 1.56830220725120e+000 5.36057266233078e+002 4.48519449721472e-004 68019 239
4.46386874952466e+003 1.73710451816462e+006 2.56971234444453e-003 3.87585070345164e-001 1.56552178456984e+000 5.36060817743544e+002 4.48519987251185e-004 68364 240
4.46387378032166e+003 1.73710402053481e+006 2.56971597665282e-003 8.80214850306711e-001 1.56906922040468e+000 5.36320638107897e+002 4.48520002895133e-004 68763 241
4.46412630247990e+003 1.73711707039982e+006 2.56984203965422e-003 7.74620807519761e-001 1.56590529114658e+000 5.36512735489838e+002 4.48520107123036e-004 69076 242
4.46712676748569e+003 1.73714293520198e+006 2.57153100660968e-003 4.44868312631611e-001 1.55794752967925e+000 5.36512851695202e+002 4.48521682298244e-004 69114 243
4.46399693750263e+003 1.73710489047391e+006 2.56978558723407e-003 9.38200018311106e-001 1.56897334376049e+000 5.36512851940485e+002 4.48521697083253e-004 69116 244
4.46466456058748e+003 1.73711571859966e+006 2.57015389478525e-003 1.84026612140263e-001 1.54835986526078e+000 5.36513349127826e+002 4.48547639935957e-004 69160 245
4.46478569387196e+003 1.73713987888640e+006 2.57018788001776e-003 3.73607593005158e-001 1.55727639316996e+000 5.36513896889611e+002 4.48550141921841e-004 69260 246
4.46604662152149e+003 1.73714130415637e+006 2.57091163007724e-003 9.40458388012330e-001 1.56082382900479e+000 5.36689378003427e+002 4.48550347000170e-004 70086 247
4.46627113900532e+003 1.73714135834178e+006 2.57104079440428e-003 9.48149052400281e-001 1.56082382900479e+000 5.36691422426011e+002 4.48550548436733e-004 70308 248
4.46411403187259e+003 1.73710477152029e+006 2.56985317053851e-003 9.86297189245277e-001 1.56906922040468e+000 5.36691426307655e+002 4.48550560616089e-004 70312 249
4.46697194924883e+003 1.73713877695480e+006 2.57144804018200e-003 1.10110782189398e-001 1.50914631778924e+000 5.36694221210882e+002 4.48925778682197e-004 70540 250
4.46428276353162e+003 1.73711306248884e+006 2.56993803782197e-003 2.04016235847041e-001 1.55248256096072e+000 5.36695779054435e+002 4.48940904451490e-004 70673 251
4.46496722159943e+003 1.73714068899814e+006 2.57029117873110e-003 9.15616321298868e-001 1.56091970564898e+000 5.36696355726782e+002 4.48941118743437e-004 70740 252
4.46798776672961e+003 1.73714041591792e+006 2.57203037438086e-003 8.78078554643391e-001 1.56091970564898e+000 5.36800869086681e+002 4.48941353707905e-004 71465 253
4.46404256828631e+003 1.73710755153354e+006 2.56980791870095e-003 7.66411328470717e-001 1.56801457731864e+000 5.36800994151709e+002 4.48941398166712e-004 71526 254
4.46409684484684e+003 1.73711927724945e+006 2.56982181728436e-003 1.05899227881710e-001 1.50924219443342e+000 5.36800994968009e+002 4.49349273476086e-004 71530 255
4.46372319144930e+003 1.73709622808196e+006 2.56964081468226e-003 5.95568712424085e-001 1.56983623355815e+000 5.38666529824740e+002 4.49349288321268e-004 71921 256
4.46686926188591e+003 1.73713777645877e+006 2.57139040861524e-003 9.25107577745903e-001 1.56159084215827e+000 5.38676303407650e+002 4.49349476192489e-004 72531 257
4.46404309085870e+003 1.73710197054479e+006 2.56981647581225e-003 2.71797845393231e-001 1.56168671880245e+000 5.38682348476838e+002 4.49352212120231e-004 72617 258
4.46367902515468e+003 1.73709470780599e+006 2.56961763836561e-003 5.58885464033937e-001 1.56993211020234e+000 5.39135985997211e+002 4.49352226619936e-004 73283 259
4.46743189294583e+003 1.73714179679992e+006 2.57170833863066e-003 6.80471205786309e-001 1.56005681585131e+000 5.39141246997698e+002 4.49352695287453e-004 73423 260
4.46432122366326e+003 1.73710467092593e+006 2.56997259278022e-003 6.07440412610248e-001 1.56801457731864e+000 5.39156627700323e+002 4.49352769429730e-004 74014 261
4.46380274734592e+003 1.73709746855458e+006 2.56968477756726e-003 1.86071352275155e-001 1.55286606753746e+000 5.39157931059396e+002 4.49370696850493e-004 74210 262
4.46611829757509e+003 1.73713579925089e+006 2.57096103792609e-003 3.79436628315073e-001 1.55833103625599e+000 5.39159546140337e+002 4.49372829874497e-004 74471 263
4.46446692687070e+003 1.73710516607823e+006 2.57005573669439e-003 2.27607043671987e-001 1.55727639316996e+000 5.39170801523921e+002 4.49380273608521e-004 74551 264
4.46404663985967e+003 1.73712977717355e+006 2.56977738337282e-003 2.12134159367657e-001 1.54989389156774e+000 5.39194556806843e+002 4.49397290557477e-004 75038 265
4.46444308618990e+003 1.73711055308135e+006 2.57003404241560e-003 5.72771385845515e-001 1.56648055101169e+000 5.40061677405464e+002 4.49397457339571e-004 75087 266
4.46390183601014e+003 1.73710377503573e+006 2.56973249055588e-003 7.72423474837489e-001 1.56887746711631e+000 5.40061769283838e+002 4.49397481895169e-004 75117 267
4.46397590348562e+003 1.73711408796931e+006 2.56975987253549e-003 4.63423566393017e-001 1.56465889477218e+000 5.40064220947397e+002 4.49397940727076e-004 75483 268
4.46371132415016e+003 1.73709676927520e+006 2.56963318247250e-003 8.83114108706931e-001 1.57069912335582e+000 5.41073724186922e+002 4.49397940904907e-004 76113 269
4.46389221402390e+003 1.73709964020269e+006 2.56973306821148e-003 8.68465224158452e-001 1.57002798684652e+000 5.41082342665263e+002 4.49397945485175e-004 76487 270
4.46510038890024e+003 1.73711160870514e+006 2.57041086644221e-003 2.65327921384320e-001 1.55909804940947e+000 5.72951195252545e+002 4.49402193136427e-004 76589 271
4.46409536288702e+003 1.73710803247684e+006 2.56983759925313e-003 5.04440443128758e-001 1.56648055101169e+000 5.72953454445160e+002 4.49402413696316e-004 76738 272
4.46733671794899e+003 1.73713341615924e+006 2.57166595737301e-003 6.27063814203314e-001 1.56168671880245e+000 5.72964687442706e+002 4.49402848566885e-004 76922 273
4.46402517571171e+003 1.73711177174171e+006 2.56979166324933e-003 8.21253089999084e-002 1.47261731635487e+000 5.72965711351871e+002 4.50833277783138e-004 77002 274
4.46463111737735e+003 1.73712023316929e+006 2.57012796331777e-003 4.18713950010682e-002 1.15564913068026e+000 5.72990668595498e+002 4.90798299363726e-004 77375 275
4.46479744808624e+003 1.73712834168604e+006 2.57021171635593e-003 8.70906704916532e-001 1.56360425168615e+000 5.73094972979738e+002 4.90798445773828e-004 77664 276
4.46570712055608e+003 1.73713981088499e+006 2.57071840459956e-003 8.15973387859737e-001 1.56091970564898e+000 5.73142974152325e+002 4.90798721887821e-004 78437 277
4.46493080659757e+003 1.73711170973747e+006 2.57031309444816e-003 9.33835871456038e-001 1.56743931745354e+000 5.73148719556218e+002 4.90798760423052e-004 78658 278
4.46371395534830e+003 1.73710064434460e+006 2.56962896493778e-003 7.03115939817499e-001 1.56935685033723e+000 5.73148794087819e+002 4.90798779748829e-004 78668 279
4.46692561917336e+003 1.73713122817614e+006 2.57143254419518e-003 8.57020783104953e-001 1.56293311517685e+000 6.23902285825514e+002 4.90798953904435e-004 79184 280
4.46422732511123e+003 1.73712141535544e+006 2.56989376670272e-003 4.88570818201239e-001 1.56331662175359e+000 6.23902352593942e+002 4.90799508845518e-004 79247 281
4.46498856758578e+003 1.73711375768606e+006 2.57034331512915e-003 2.52388073366497e-001 1.55765989974670e+000 6.23902458891725e+002 4.90805180920718e-004 79296 282
4.46374552593788e+003 1.73709647136896e+006 2.56965331207892e-003 6.40888698995941e-001 1.57002798684652e+000 6.23954622282607e+002 4.90805189858392e-004 79714 283
4.46385245352207e+003 1.73710082549292e+006 2.56970842594275e-003 1.04831080050050e-001 1.51221437040315e+000 6.23964748217212e+002 4.91192284931587e-004 80201 284
4.46424928845321e+003 1.73713359150915e+006 2.56988839688725e-003 2.65816217535936e-001 1.55420834055605e+000 6.23969438715645e+002 4.91199539706619e-004 80625 285
4.46382963817083e+003 1.73709782610433e+006 2.56969972886181e-003 4.87563707388531e-001 1.56858983718375e+000 6.23976223534399e+002 4.91199623639556e-004 80785 286
4.46393167815473e+003 1.73710047617461e+006 2.56975454978695e-003 5.65263832514420e-001 1.56868571382794e+000 6.23979051769644e+002 4.91199680224174e-004 80943 287
4.46486114007836e+003 1.73710955892840e+006 2.57027617229189e-003 2.23548081911679e-001 1.55583824350719e+000 6.24002172299061e+002 4.91208732856643e-004 81907 288
4.46425326022247e+003 1.73710829382241e+006 2.56992810868222e-003 2.38288521988586e-001 1.55765989974670e+000 6.24002400490885e+002 4.91215169605000e-004 81969 289
4.46367964746626e+003 1.73709670205277e+006 2.56961504661486e-003 8.75118259224219e-001 1.57069912335582e+000 6.24075876938414e+002 4.91215169786426e-004 82886 290
4.46387446225026e+003 1.73710077169588e+006 2.56972117524624e-003 6.05578783532212e-001 1.56887746711631e+000 6.24091292624160e+002 4.91215211729194e-004 83382 291
4.46391719393850e+003 1.73709969436748e+006 2.56974736823196e-003 4.15265358439894e-001 1.56715168752098e+000 6.24091293354082e+002 4.91215472061541e-004 83386 292
4.46430217610438e+003 1.73712068220541e+006 2.56993794014961e-003 3.67748039185766e-002 9.39255544755394e-001 6.24094513618050e+002 5.57767178033677e-004 83534 293
4.46576123129250e+003 1.73712321914004e+006 2.57077410755369e-003 4.90371410260323e-001 1.56293311517685e+000 6.24094625538915e+002 5.57767772822946e-004 83561 294
4.46472987765237e+003 1.73711540526585e+006 2.57019195900699e-003 7.78344065675832e-001 1.56628879772332e+000 6.24123517217211e+002 5.57767863690971e-004 84328 295
4.46534335343428e+003 1.73711952868865e+006 2.57053901272289e-003 1.96874904629658e-001 1.54989389156774e+000 6.24514021361373e+002 5.57787917932386e-004 84977 296
4.46464471626560e+003 1.73711578644625e+006 2.57014237075999e-003 4.29944761497848e-001 1.56379600497452e+000 6.24520131545719e+002 5.57788581400783e-004 85105 297
4.46370565756394e+003 1.73709578335013e+006 2.56963137883323e-003 4.31501205481124e-001 1.56830220725120e+000 6.24526956677859e+002 5.57788714215024e-004 85438 298
4.46388240728519e+003 1.73710044422660e+006 2.56972623337833e-003 9.56755272072512e-002 1.50051741981262e+000 6.24629181963319e+002 5.58411003760971e-004 86407 299
4.46574488344962e+003 1.73712422307401e+006 2.57076321103248e-003 7.99981688894314e-001 1.56437126483963e+000 6.24645264409980e+002 5.58411151962542e-004 86545 300
4.46490367383450e+003 1.73714010367262e+006 2.57025546319233e-003 1.42918179876095e-001 1.53043093279824e+000 6.24656612256028e+002 5.58522406501034e-004 86656 301
4.46698947525350e+003 1.73713674894236e+006 2.57146113114587e-003 5.61326944792016e-001 1.56053619907224e+000 6.24657604667754e+002 5.58523073455277e-004 86792 302
4.46410480878711e+003 1.73710177722743e+006 2.56985229081721e-003 5.17288735618152e-002 1.32084458861049e+000 6.24657660600780e+002 5.72961549915367e-004 86809 303
4.46708399190354e+003 1.73713647111033e+006 2.57151595151130e-003 8.23267311624500e-001 1.56168671880245e+000 6.24657786449285e+002 5.72961788837249e-004 86903 304
4.46566703852912e+003 1.73712423673265e+006 2.57071837859197e-003 7.05923642689291e-001 1.56408363490707e+000 6.24736348280372e+002 5.72961997685852e-004 86983 305
4.46576243546499e+003 1.73712643018873e+006 2.57077004873574e-003 1.19541001617481e-001 1.51998037858211e+000 6.24780389918817e+002 5.73195862343677e-004 87544 306
4.46417659739772e+003 1.73710375174029e+006 2.56989069609518e-003 1.26285592211676e-001 1.52975979628895e+000 6.24783664147895e+002 5.73345639532151e-004 87574 307
4.46588161954166e+003 1.73712545737679e+006 2.57084009788116e-003 2.04016235847041e-001 1.54970213827937e+000 6.24961629552916e+002 5.73364444275286e-004 87806 308
4.46396971060185e+003 1.73710168649773e+006 2.56977465337478e-003 8.57936338389233e-001 1.56954860362560e+000 6.24969064313421e+002 5.73364454265638e-004 88109 309
4.46629332311577e+003 1.73713465686350e+006 2.57106348329703e-003 5.91753898739586e-001 1.56120733558153e+000 6.25014730084176e+002 5.73364989082050e-004 88290 310
4.46404536674798e+003 1.73711044719539e+006 2.56980524597579e-003 2.60261848811304e-001 1.55900217276528e+000 6.25014771325408e+002 5.73369477035201e-004 88322 311
4.46465666539934e+003 1.73710742396157e+006 2.57016162215221e-003 7.26065858943449e-001 1.56791870067446e+000 6.25726398823541e+002 5.73369529814742e-004 88904 312
4.46469771788373e+003 1.73711981366483e+006 2.57016692334878e-003 2.21045564134648e-001 1.55324957411420e+000 6.25747307315887e+002 5.73381400525450e-004 89500 313
4.46440345784478e+003 1.73710525299240e+006 2.57001907110959e-003 6.73116245002594e-001 1.56820633060701e+000 6.25747974654443e+002 5.73381453471504e-004 89602 314
4.46816038316830e+003 1.73714299159694e+006 2.57212592817356e-003 2.65755180516984e-001 1.55209905438398e+000 6.25786282747954e+002 5.73390183005766e-004 90022 315
4.46523578592743e+003 1.73712508845100e+006 2.57046886330188e-003 7.33634449293497e-001 1.56398775826289e+000 6.25818530326942e+002 5.73390379154560e-004 90479 316
4.46367720535608e+003 1.73709571003910e+006 2.56961510820501e-003 3.51542710654012e-001 1.56657642765587e+000 6.25827018865621e+002 5.73390850591722e-004 90550 317
4.46418135124541e+003 1.73713978406920e+006 2.56984012738238e-003 5.26810510574664e-001 1.55957743263039e+000 6.25835547165004e+002 5.73391731104763e-004 90879 318
4.46520045461926e+003 1.73713103419484e+006 2.57043972654949e-003 5.44602801599170e-001 1.56168671880245e+000 6.25836095363020e+002 5.73392324125838e-004 90967 319
4.46418155318745e+003 1.73711310885778e+006 2.56987970607605e-003 2.44880520035401e-001 1.55718051652577e+000 6.25836199582966e+002 5.73398730915417e-004 90982 320
4.46518381229265e+003 1.73712410487492e+006 2.57044039956075e-003 4.45173497726371e-001 1.56216610202338e+000 6.35721333769560e+002 5.73399580761963e-004 91803 321
4.46451883533695e+003 1.73710975566435e+006 2.57007882831716e-003 4.35468611713004e-001 1.56523415463729e+000 6.35721378945040e+002 5.73400032464478e-004 91834 322
4.46384645912141e+003 1.73710576010378e+006 2.56969767540768e-003 4.51368755149998e-002 1.22947414670248e+000 6.35721382804847e+002 6.01409433989907e-004 91852 323
4.46484972484865e+003 1.73712055731342e+006 2.57025332763866e-003 7.79564806054872e-001 1.56513827799310e+000 6.35721382804847e+002 6.01409562811278e-004 91852 324
4.46564590811428e+003 1.73714329432507e+006 2.57067801245598e-003 1.31321146275216e-001 1.52391132099368e+000 6.35721708014563e+002 6.01577875387033e-004 91899 325
4.46594200746847e+003 1.73713877985278e+006 2.57085514430314e-003 3.41044343394269e-001 1.55660525666066e+000 6.35722547263460e+002 6.01581170812475e-004 92018 326
4.46519733623219e+003 1.73712175753676e+006 2.57045165813624e-003 7.40226447340312e-001 1.56475477141636e+000 6.35723305865533e+002 6.01581330623262e-004 92184 327
4.46688692589521e+003 1.73713123514786e+006 2.57141025978239e-003 2.33985412152470e-001 1.55209905438398e+000 6.38782829186231e+002 6.01592882048709e-004 93620 328
4.46398254174365e+003 1.73710949751875e+006 2.56977048471506e-003 3.36954863124485e-001 1.56302899182104e+000 6.38783829621155e+002 6.01594214372365e-004 93836 329
4.46678959915048e+003 1.73713138851669e+006 2.57135400584887e-003 4.05102694784387e-001 1.55986506256294e+000 6.38801091268455e+002 6.01595721984417e-004 94081 330
4.46424515698595e+003 1.73710669774408e+006 2.56992580519994e-003 8.93520920438246e-001 1.56849396053957e+000 6.38815775256441e+002 6.01595745635235e-004 94275 331
4.46633238229219e+003 1.73713678607289e+006 2.57108281661038e-003 3.10953093050935e-001 1.55593412015137e+000 6.38816842098624e+002 6.01600082253849e-004 94342 332
4.46502312971303e+003 1.73711510538502e+006 2.57036121714673e-003 3.95397808771020e-001 1.56331662175359e+000 6.38821335903771e+002 6.01600966172019e-004 94473 333
4.46370257729527e+003 1.73709702385620e+006 2.56962777058479e-003 2.51045258949553e-001 1.56130321222571e+000 6.42788146380095e+002 6.01604439193223e-004 95527 334
4.46555988068170e+003 1.73712181151526e+006 2.57066028098756e-003 9.09878841517380e-001 1.56513827799310e+000 6.42788395116192e+002 6.01604530878365e-004 95573 335
4.46438210038352e+003 1.73710576396882e+006 2.57000602035930e-003 8.83968626972259e-001 1.56868571382794e+000 6.42789019710982e+002 6.01604552037112e-004 95769 336
4.46525351595475e+003 1.73712577712871e+006 2.57047805071569e-003 2.33252967925047e-001 1.55324957411420e+000 6.42789027646135e+002 6.01615098744517e-004 95780 337
4.46491319680234e+003 1.73713774870733e+006 2.57026442951679e-003 4.89883114108707e-001 1.55967330927457e+000 6.42793116855421e+002 6.01616118294048e-004 95854 338
4.46464527237973e+003 1.73711200019920e+006 2.57014829280852e-003 3.42387157811213e-001 1.56264548524430e+000 6.42793118454408e+002 6.01617504220513e-004 95874 339
4.46422557527976e+003 1.73710890509276e+006 2.56991126709347e-003 9.02035584582049e-001 1.56801457731864e+000 6.42801407885742e+002 6.01617535286270e-004 96162 340
4.46394635930849e+003 1.73710487789470e+006 2.56975648966198e-003 6.15710928678243e-001 1.56801457731864e+000 6.42801535789834e+002 6.01617607255179e-004 96221 341
4.46423932797532e+003 1.73710615502356e+006 2.56992325254834e-003 4.66933194982757e-001 1.56648055101169e+000 6.42815098421433e+002 6.01617868680628e-004 96600 342
4.46523204459460e+003 1.73712265116145e+006 2.57047031607275e-003 3.60118411816767e-002 7.22861958830531e-001 6.42816916277800e+002 6.61913943054808e-004 96665 343
4.46604731934174e+003 1.73712372781786e+006 2.57093804433254e-003 7.00918607135227e-001 1.56417951155126e+000 6.42824771158647e+002 6.61914150522156e-004 96768 344
4.46369810651875e+003 1.73710388058057e+006 2.56961505407484e-003 8.63979003265480e-001 1.56906922040468e+000 6.42853146493455e+002 6.61914166820163e-004 97147 345
4.46381257340124e+003 1.73709915150299e+006 2.56968794454974e-003 2.70912808618427e-001 1.56226197866756e+000 6.42882427537742e+002 6.61916657793263e-004 97628 346
4.46391457263267e+003 1.73709998615931e+006 2.56974542757424e-003 6.67134617145299e-002 1.42487074755089e+000 6.43391075341264e+002 6.65920989626860e-004 98020 347
4.46374271164900e+003 1.73710290782093e+006 2.56964217074266e-003 6.05426190984832e-001 1.56839808389538e+000 6.47304398405769e+002 6.65921048952966e-004 98441 348
4.46385166247898e+003 1.73713541178386e+006 2.56965680801517e-003 5.28275399029511e-002 1.32400851786859e+000 6.47304878059908e+002 6.79488790369057e-004 98534 349
4.46397197412648e+003 1.73710138100926e+006 2.56977640833439e-003 9.26084170049135e-001 1.56974035691397e+000 6.47305044046207e+002 6.79488796885459e-004 98593 350
4.46445738123901e+003 1.73711468636007e+006 2.57003615645820e-003 2.19458601641896e-001 1.55420834055605e+000 6.47324321913786e+002 6.79499856180782e-004 98829 351
4.46454809726406e+003 1.73713242719062e+006 2.57006213090320e-003 4.95010223700674e-001 1.56091970564898e+000 6.48960681849177e+002 6.79500685314230e-004 99154 352
4.46458992917639e+003 1.73710765155470e+006 2.57012286765671e-003 4.96108890041810e-001 1.56648055101169e+000 6.49023537898797e+002 6.79500914105206e-004 99576 353
4.46509032820189e+003 1.73711816223772e+006 2.57039537766911e-003 9.38230536820582e-001 1.56600116779077e+000 6.49023537898797e+002 6.79500980413412e-004 99576 354
4.46549055343845e+003 1.73711962221593e+006 2.57062361174252e-003 6.06158635212256e-001 1.56465889477218e+000 6.49025733831805e+002 6.79501234578334e-004 99775 355
4.46433987216143e+003 1.73710525511907e+006 2.56998246381204e-003 4.58754234443190e-001 1.56657642765587e+000 6.49027410580576e+002 6.79501497060281e-004 99972 356
4.46370711063841e+003 1.73710369229266e+006 2.56962051597418e-003 8.92361217078158e-001 1.56916509704886e+000 6.49044010397276e+002 6.79501510951463e-004 100051 357
4.46471417074530e+003 1.73712390165268e+006 2.57017034624108e-003 3.61278115176855e-001 1.56053619907224e+000 6.49076789534967e+002 6.79503269358272e-004 100177 358
4.46560398053603e+003 1.73713851579423e+006 2.57066094801877e-003 4.08398693807794e-001 1.55833103625599e+000 6.49077190361296e+002 6.79505083689354e-004 100315 359
4.46543131053022e+003 1.73712214162261e+006 2.57058577966787e-003 1.96935941648610e-001 1.54931863170263e+000 6.49104661255996e+002 6.79525979441754e-004 100476 360
4.46530423160490e+003 1.73711815642342e+006 2.57051852239241e-003 4.59761345255898e-001 1.56370012833033e+000 6.49104672504110e+002 6.79526564108733e-004 100487 361
4.46410058232459e+003 1.73711246586016e+006 2.56983404529678e-003 4.50636310922575e-001 1.56485064806055e+000 6.49117198576475e+002 6.79527028649012e-004 100783 362
4.46476142970610e+003 1.73711169620993e+006 2.57021561021441e-003 6.32618182927946e-001 1.56657642765587e+000 6.49516389670142e+002 6.79527158087655e-004 101057 363
4.46420693913365e+003 1.73710831556963e+006 2.56990141105431e-003 1.60130619220557e-001 1.54394953962828e+000 6.49575739000252e+002 6.79573574791990e-004 101386 364
4.46656246616242e+003 1.73712824516528e+006 2.57122790758678e-003 6.89443647572253e-001 1.56312486846522e+000 6.50655499633570e+002 6.79573845322663e-004 101584 365
4.46575278544345e+003 1.73713912186448e+006 2.57074571148298e-003 3.34696493423261e-001 1.55631762672811e+000 6.50657225763263e+002 6.79577387895411e-004 101770 366
4.46525024701380e+003 1.73711680376524e+006 2.57048944707825e-003 1.98980681783502e-001 1.55085265800958e+000 6.50664411927801e+002 6.79595611871796e-004 101894 367
4.46460723845232e+003 1.73710651443369e+006 2.57013451443211e-003 9.91454817346721e-001 1.56868571382794e+000 6.50677829938819e+002 6.79595628309857e-004 102316 368
4.46385888174116e+003 1.73712209054914e+006 2.56968066935775e-003 6.58558915982543e-001 1.56437126483963e+000 6.50677843386524e+002 6.79595855673340e-004 102326 369
4.46619358727939e+003 1.73714292220063e+006 2.57099383687451e-003 3.55815301980651e-001 1.55612587343974e+000 6.50726669106629e+002 6.79599015615615e-004 102793 370
4.46582617252643e+003 1.73712897137045e+006 2.57080297886130e-003 8.94436475722526e-001 1.56350837504196e+000 6.50729245311410e+002 6.79599156547241e-004 103103 371
4.46591767511222e+003 1.73712441891771e+006 2.57086239048859e-003 3.18216498306223e-001 1.55900217276528e+000 6.52007736867940e+002 6.79602040323185e-004 104327 372
4.46440243851462e+003 1.73712465643757e+006 2.56998977768624e-003 7.35190893276772e-002 1.44558010269478e+000 6.52024185713841e+002 6.82201779560771e-004 104468 373
4.46375293900885e+003 1.73710035773447e+006 2.56965183056059e-003 7.72942289498581e-001 1.56964448026978e+000 6.52055657999706e+002 6.82201790661017e-004 105188 374
4.46733322498547e+003 1.73713877757632e+006 2.57165600960508e-003 5.22507400738548e-001 1.55976918591876e+000 6.52972648509704e+002 6.82202663621244e-004 105570 375
4.46519264238811e+003 1.73712584049004e+006 2.57044291449746e-003 2.31513412884915e-001 1.55305782082583e+000 6.52999365229420e+002 6.82213566636430e-004 105964 376
4.46558750761136e+003 1.73713376126199e+006 2.57065850112643e-003 7.12485122226630e-001 1.56197434873501e+000 6.53005126546399e+002 6.82213879080336e-004 106173 377
4.46431183253627e+003 1.73711816439440e+006 2.56994722389207e-003 7.28751487777337e-001 1.56552178456984e+000 6.57852402936294e+002 6.82214013089706e-004 106935 378
4.46529952466554e+003 1.73713207285791e+006 2.57049522007479e-003 6.25049592577898e-001 1.56197434873501e+000 6.57927691319564e+002 6.82214429831418e-004 107229 379
4.46384340710116e+003 1.73711591684366e+006 2.56968089377800e-003 9.89318521683401e-001 1.56657642765587e+000 6.57961247531953e+002 6.82214478230388e-004 107408 380
4.47265331290707e+003 1.73709441790277e+006 6.28060521570332e+000 9.85045930356761e-001 -1.57021974013489e+000 6.57986222342282e+002 6.82214480452968e-004 107516 381
4.46390705550825e+003 1.73711594511765e+006 2.56971749198673e-003 8.27295754875332e-001 1.56628879772332e+000 6.58011762780053e+002 6.82214559910468e-004 107796 382
4.46372993349182e+003 1.73710528514813e+006 2.56963129809937e-003 8.31263161107212e-001 1.56868571382794e+000 6.58140343799567e+002 6.82214584133374e-004 108204 383
4.46460997574778e+003 1.73711639415186e+006 2.57012147281008e-003 4.10107730338450e-001 1.56331662175359e+000 6.58285744525362e+002 6.82215399798562e-004 108828 384
4.46401333938793e+003 1.73714286908597e+006 2.56973884687397e-003 9.87090670491653e-001 1.56053619907224e+000 6.58300073474716e+002 6.82215592455872e-004 108923 385
4.46387055819329e+003 1.73712247805374e+006 2.56968681781098e-003 8.38740195928831e-001 1.56485064806055e+000 6.58300603517789e+002 6.82215710885557e-004 108988 386
4.46380306348495e+003 1.73710084986775e+006 2.56967995762041e-003 2.27515488143559e-001 1.55823515961180e+000 6.59666538595871e+002 6.82222360866005e-004 109404 387
4.46376802252172e+003 1.73710246803744e+006 2.56965739194424e-003 1.48197882015442e-001 1.54107324030274e+000 6.64395261413867e+002 6.82286698363010e-004 109624 388
4.46385172751844e+003 1.73711316560235e+006 2.56968975338699e-003 1.94128238776818e-001 1.55085265800958e+000 6.64395402760616e+002 6.82305939555500e-004 109683 389
4.46747492041701e+003 1.73713725711321e+006 2.57173982830430e-003 9.74852748191778e-001 1.56178259544664e+000 6.64400463003513e+002 6.82306101612539e-004 109934 390
4.46403664631429e+003 1.73711804660509e+006 2.56978898381497e-003 4.44959868160039e-002 1.21442151356548e+000 6.64414233644565e+002 7.12541297320127e-004 110332 391
4.46645714414890e+003 1.73713763435953e+006 2.57115338098245e-003 2.49763481551561e-001 1.55209905438398e+000 6.64414411513796e+002 7.12551303936102e-004 110459 392
4.46470327222656e+003 1.73711054978701e+006 2.57018382723187e-003 3.41227454451125e-001 1.56293311517685e+000 6.64414417462154e+002 7.12552624689420e-004 110501 393
4.46384819041054e+003 1.73710461340634e+006 2.56970036835458e-003 5.48051393169958e-001 1.56763107074190e+000 7.44766721676613e+002 7.12552738298071e-004 111150 394
4.46385467543609e+003 1.73714092065062e+006 2.56965039351112e-003 6.02404858546709e-001 1.55986506256294e+000 7.44767898918281e+002 7.12553368062702e-004 111358 395
4.46392690778320e+003 1.73710162556359e+006 2.56975010331446e-003 1.01016266365551e-001 1.50751641483810e+000 7.44891107807765e+002 7.13025110414333e-004 111587 396
4.46399943584360e+003 1.73710483616731e+006 2.56978710578386e-003 7.89513840144047e-001 1.56868571382794e+000 7.44927785304854e+002 7.13025137544944e-004 112084 397
4.46579866916024e+003 1.73712385721190e+006 2.57079471477106e-003 6.21539963988159e-001 1.56379600497452e+000 7.44927936604156e+002 7.13025432459473e-004 112139 398
4.46367588657804e+003 1.73709954480666e+006 2.56960867644774e-003 3.15530869472335e-001 1.56446714148381e+000 7.45047201836699e+002 7.13026553493567e-004 112258 399
4.46403474698236e+003 1.73712713784477e+006 2.56977444153791e-003 8.80825220496231e-001 1.56389188161870e+000 7.45047201988508e+002 7.13026687551401e-004 112259 400
4.46387262466770e+003 1.73709819564380e+006 2.56972392819137e-003 4.23535874507889e-001 1.56763107074190e+000 7.45047206681172e+002 7.13026887841639e-004 112270 401
4.46380102579428e+003 1.73710640230786e+006 2.56967057097118e-003 8.58821375164037e-001 1.56849396053957e+000 7.46280726938708e+002 7.13026913645834e-004 112552 402
4.46378000013130e+003 1.73709728020139e+006 2.56967196132579e-003 4.22742393261513e-001 1.56782282403027e+000 7.46314349718995e+002 7.13027096176320e-004 112910 403
4.46369651007400e+003 1.73709580065205e+006 2.56962608730649e-003 9.64690084536271e-002 1.50272258262886e+000 7.46314571717759e+002 7.13609668541090e-004 112944 404
4.46651249688571e+003 1.73713775869842e+006 2.57118506107095e-003 6.29871517075106e-001 1.56072795236061e+000 7.46314936587322e+002 7.13610171278712e-004 113002 405
4.46681928188871e+003 1.73714185310701e+006 2.57135560300936e-003 6.61122470778527e-001 1.55996093920713e+000 7.46349188542676e+002 7.13610677564577e-004 113653 406
4.46668169475928e+003 1.73713131579911e+006 2.57129199747047e-003 2.30414746543779e-001 1.55171554780725e+000 7.46660113692818e+002 7.13623006206254e-004 114176 407
4.46390495504521e+003 1.73711721242611e+006 2.56971440810758e-003 5.18967253639332e-001 1.56456301812799e+000 7.46661069162255e+002 7.13623372584870e-004 114317 408
4.46476853492918e+003 1.73710827773479e+006 2.57022475838082e-003 7.90978728598895e-001 1.56791870067446e+000 7.46663736342215e+002 7.13623416301863e-004 114653 409
4.46516714032129e+003 1.73711541110472e+006 2.57044366638947e-003 7.02230903042695e-002 1.43589656163213e+000 7.46664453434798e+002 7.16823064952329e-004 114864 410
4.46451876150092e+003 1.73712844975916e+006 2.57005112805052e-003 4.92385631885739e-001 1.56178259544664e+000 7.46776165213244e+002 7.16823793171199e-004 115231 411
4.46416106346641e+003 1.73710242013177e+006 2.56988372370524e-003 7.66777550584429e-001 1.56916509704886e+000 7.46794564922184e+002 7.16823812564692e-004 115972 412
4.46378802457831e+003 1.73710434749626e+006 2.56966612623849e-003 5.65874202703940e-001 1.56782282403027e+000 7.46889562584946e+002 7.16823908663589e-004 116831 413
4.46490087096037e+003 1.73713041517766e+006 2.57026818471378e-003 5.51469466231269e-001 1.56187847209082e+000 7.46890356317493e+002 7.16824466874153e-004 116970 414
4.46551739228942e+003 1.73711953617841e+006 2.57063918916374e-003 4.22742393261513e-001 1.56283723853267e+000 7.46893492947705e+002 7.16825306918529e-004 117146 415
4.46408988756031e+003 1.73710308248209e+006 2.56984177018355e-003 3.09305093539232e-001 1.56341249839778e+000 7.46905032241541e+002 7.16826794078663e-004 117578 416
4.46749318888129e+003 1.73714254393068e+006 2.57174251782703e-003 4.59242530594806e-001 1.55823515961180e+000 8.14474114724195e+002 7.16828212325657e-004 118031 417
4.46584737984167e+003 1.73712801939339e+006 2.57081659588290e-003 5.44022949919126e-001 1.56235785531175e+000 8.14474185449513e+002 7.16828740333050e-004 118075 418
4.46582527785339e+003 1.73714255589953e+006 2.57078236013836e-003 4.27106540116581e-001 1.55775577639088e+000 8.14474648780011e+002 7.16830503115087e-004 118144 419
4.46406337520631e+003 1.73713826945706e+006 2.56977445444886e-003 1.19357890560625e-001 1.51719995590075e+000 8.14516777278735e+002 7.17084870710616e-004 118727 420
4.46370009804729e+003 1.73709663446508e+006 2.56962691936804e-003 3.11380352183599e-001 1.56494652470473e+000 8.14555333488813e+002 7.17085892255843e-004 119447 421
4.46369580286733e+003 1.73709886105442e+006 2.56962115306966e-003 4.91225928525651e-001 1.56839808389538e+000 8.14671457077557e+002 7.17085986219881e-004 119900 422
4.46727161609778e+003 1.73714316189433e+006 2.57161405371457e-003 6.41438032166509e-001 1.55957743263039e+000 8.14675393928877e+002 7.17086557218669e-004 119906 423
4.46564711500865e+003 1.73712187711856e+006 2.57071040130931e-003 4.50514236884671e-001 1.56274136188849e+000 8.14709225872782e+002 7.17087301201424e-004 120089 424
4.46418307495242e+003 1.73712586149933e+006 2.56986171609834e-003 4.03149510177923e-002 1.10943658818323e+000 8.14710989690529e+002 7.64375169171957e-004 120212 425
4.46474124267567e+003 1.73711389276044e+006 2.57020073929504e-003 5.11215552232429e-001 1.56523415463729e+000 8.14711036652963e+002 7.64375486587849e-004 120247 426
4.46483352988265e+003 1.73711176934939e+006 2.57025700750279e-003 7.61467329935606e-001 1.56705581087680e+000 8.14739538648714e+002 7.64375557989226e-004 120408 427
4.46716328375147e+003 1.73714167875675e+006 2.57155388729835e-003 1.50395214697714e-001 1.53311547883541e+000 8.14739556748610e+002 7.64465095421894e-004 120428 428
4.46651195379465e+003 1.73714043995775e+006 2.57118077985635e-003 7.30613116855373e-002 1.44040276390881e+000 8.14744219324849e+002 7.67258631043473e-004 120755 429
4.46683060956302e+003 1.73714383698643e+006 2.57135918726204e-003 6.15192114017151e-001 1.55928980269784e+000 8.14744422027214e+002 7.67259281998144e-004 120842 430
4.46512568300048e+003 1.73713622582041e+006 2.57038900178462e-003 2.05389568773461e-001 1.54749697546312e+000 8.14757147106357e+002 7.67280873777040e-004 121518 431
4.46582279094171e+003 1.73713116729882e+006 2.57079778245652e-003 5.61082796716208e-001 1.56178259544664e+000 8.14761995349981e+002 7.67281420131445e-004 121724 432
4.46499418491206e+003 1.73712362195188e+006 2.57033195315778e-003 7.85210730307932e-001 1.56446714148381e+000 8.14762875304078e+002 7.67281570980017e-004 121872 433
4.46699185192863e+003 1.73713315130612e+006 2.57146782481835e-003 6.54316843165380e-001 1.56187847209082e+000 8.14762875376375e+002 7.67281954167636e-004 121873 434
4.46398014706709e+003 1.73711353364253e+006 2.56976313543902e-003 8.43226416821802e-001 1.56686405758843e+000 8.14769253981057e+002 7.67282015819042e-004 122583 435
4.46477147453713e+003 1.73712701035394e+006 2.57019873423827e-003 8.65535447248756e-001 1.56389188161870e+000 8.14769258767018e+002 7.67282155142081e-004 122594 436
4.46650707702172e+003 1.73713467347871e+006 2.57118650759537e-003 4.97054963835566e-001 1.56044032242805e+000 8.14769660324855e+002 7.67283039300242e-004 122829 437
4.46477014387804e+003 1.73711784433113e+006 2.57021153000007e-003 3.71776482436598e-001 1.56216610202338e+000 8.14772360436127e+002 7.67284302537037e-004 123138 438
4.46409526090507e+003 1.73710507015001e+006 2.56984192293177e-003 5.36912137211219e-001 1.56743931745354e+000 8.14841895444932e+002 7.67284432753561e-004 123406 439
4.46403522075387e+003 1.73712942288445e+006 2.56977133397307e-003 1.77831354716636e-001 1.54394953962828e+000 8.14876893413794e+002 7.67321288024056e-004 123449 440
4.46541123306300e+003 1.73712776578479e+006 2.57056589934425e-003 7.73674733726005e-001 1.56350837504196e+000 8.14903905605614e+002 7.67321481928988e-004 123811 441
4.46517359144844e+003 1.73711304017531e+006 2.57045088837092e-003 7.02047791985839e-001 1.56657642765587e+000 8.14903964675355e+002 7.67321584865379e-004 123866 442
4.46471499490674e+003 1.73711212356857e+006 2.57018824704596e-003 7.25455488753929e-001 1.56686405758843e+000 8.14910303761451e+002 7.67321670702775e-004 124234 443
4.46773901376862e+003 1.73714100574446e+006 2.57188630526974e-003 7.09250160222175e-001 1.56034444578387e+000 8.14913157343551e+002 7.67322080955740e-004 124481 444
4.46379355400501e+003 1.73712364867335e+006 2.56964075788174e-003 4.99588000122074e-001 1.56293311517685e+000 8.14913532353764e+002 7.67322651871511e-004 124499 445
4.46418054178576e+003 1.73710691176212e+006 2.56988829180276e-003 2.57332071901608e-001 1.55957743263039e+000 8.15002956063702e+002 7.67326910687974e-004 125040 446
4.46508189083227e+003 1.73713068137796e+006 2.57037199640439e-003 9.53611865596484e-001 1.56322074510941e+000 8.15499623242856e+002 7.67327040656159e-004 126123 447
4.46653996698587e+003 1.73714407626717e+006 2.57119152360444e-003 6.25263222144230e-001 1.55928980269784e+000 8.15507868418411e+002 7.67327668766688e-004 126811 448
4.46404280785892e+003 1.73710129243837e+006 2.56981731606460e-003 8.14539017914365e-002 1.47338432950835e+000 8.15592927485600e+002 7.68767472149909e-004 127603 449
4.46428045913127e+003 1.73714362106776e+006 2.56989150298586e-003 3.22794274727622e-001 1.55487947706534e+000 8.15599623524636e+002 7.68771912271773e-004 127697 450
4.46518931290727e+003 1.73711335104557e+006 2.57045947864613e-003 1.39042329172643e-001 1.53464950514237e+000 8.15622254095705e+002 7.68871781517421e-004 128863 451
4.46698943480178e+003 1.73713461085007e+006 2.57146427283995e-003 7.72392956328013e-001 1.56197434873501e+000 8.15724882415882e+002 7.68872043115500e-004 129355 452
4.46453482930736e+003 1.73712263599680e+006 2.57006897900726e-003 9.67741935483871e-001 1.56504240134892e+000 8.15751126169133e+002 7.68872125283589e-004 129575 453
4.46442670636305e+003 1.73710579411805e+006 2.57003165391696e-003 8.87630848109378e-001 1.56868571382794e+000 8.15808134477119e+002 7.68872146250757e-004 130177 454
4.46410681937580e+003 1.73712254284764e+006 2.56982272827050e-003 3.75591296121097e-001 1.56120733558153e+000 8.15825095518004e+002 7.68873600172611e-004 130510 455
4.46511294206859e+003 1.73711930304684e+006 2.57040670757586e-003 3.45622119815668e-001 1.56111145893735e+000 8.15825096174590e+002 7.68875373045868e-004 130515 456
4.46396286144452e+003 1.73710962998724e+006 2.56975895948893e-003 1.58635212256233e-001 1.54318252647481e+000 1.07570826503009e+003 7.68924851191412e-004 130893 457
4.46382331297218e+003 1.73711815101985e+006 2.56966602139243e-003 7.00674459059419e-001 1.56542590792566e+000 1.07571017805084e+003 7.68925001437312e-004 131085 458
4.46517864669295e+003 1.73712146402421e+006 2.57044133360821e-003 1.48564104129154e-001 1.53695054460280e+000 1.07571041969912e+003 7.69003070585520e-004 131127 459
4.46373635635444e+003 1.73709634015396e+006 2.56964822753232e-003 4.75264748069704e-001 1.56878159047212e+000 1.07601844846599e+003 7.69003147684456e-004 131814 460
4.46649024179552e+003 1.73713239967372e+006 2.57118018178856e-003 3.14981536301767e-001 1.55708463988159e+000 1.07614914076057e+003 7.69006870054191e-004 132409 461
4.46402194597659e+003 1.73711278108241e+006 2.56978831084888e-003 6.24011963255715e-001 1.56628879772332e+000 1.07617327472421e+003 7.69007017816692e-004 132501 462
4.46513090650413e+003 1.73714417160641e+006 2.57038025167503e-003 8.24060792870876e-001 1.55996093920713e+000 1.07671741810599e+003 7.69007329637913e-004 132737 463
4.46477535808079e+003 1.73711340343757e+006 2.57022110229042e-003 9.31241798150578e-001 1.56705581087680e+000 1.07673195570353e+003 7.69007375494527e-004 132986 464
4.46370091231874e+003 1.73709949468033e+006 2.56962315712660e-003 3.12936796166875e-001 1.56437126483963e+000 1.07704796365167e+003 7.69008543982689e-004 133319 465
4.46376031255007e+003 1.73709788592127e+006 2.56965973176409e-003 9.16318247016816e-001 1.57050737006745e+000 1.07730542872818e+003 7.69008544873650e-004 133667 466
4.46538086638751e+003 1.73711718464393e+006 2.57056407616569e-003 4.98580889309366e-001 1.56437126483963e+000 1.07752001785639e+003 7.69008964256364e-004 134259 467
4.46478932046778e+003 1.73713159342622e+006 2.57020222646538e-003 5.09353923154393e-002 1.30502494232002e+000 1.07753415686585e+003 7.85123924190038e-004 134348 468
4.46402892394493e+003 1.73713678145947e+006 2.56975682357901e-003 4.87716299935911e-001 1.55986506256294e+000 1.07753427216083e+003 7.85124926414264e-004 134373 469
4.46393462571933e+003 1.73712746793173e+006 2.56971631750901e-003 7.51182592242195e-001 1.56350837504196e+000 1.07754783392830e+003 7.85125133322241e-004 134607 470
4.46368847184304e+003 1.73709666408286e+006 2.56962018270562e-003 7.19931638538774e-002 1.44673062242500e+000 1.07754788379628e+003 7.87811712835003e-004 134662 471
4.46475998813323e+003 1.73711869912934e+006 2.57020441898327e-003 6.94296090578936e-002 1.43206149586474e+000 1.07754797812848e+003 7.91225990172530e-004 134718 472
4.46490857137659e+003 1.73711332957588e+006 2.57029789765750e-003 4.57777642139958e-001 1.56475477141636e+000 1.07765867313773e+003 7.91226450183444e-004 135434 473
4.46401249092193e+003 1.73710996656677e+006 2.56978703153167e-003 1.10934781945250e-001 1.51643294274728e+000 1.07812572519557e+003 7.91531745514420e-004 135776 474
4.46586626785242e+003 1.73714030634309e+006 2.57080928532252e-003 4.90737632374035e-002 1.28048052140873e+000 1.07812575197784e+003 8.10973333676502e-004 135838 475
4.46461912006334e+003 1.73712223093170e+006 2.57011810119242e-003 3.98419141209143e-001 1.56178259544664e+000 1.07813344017160e+003 8.10974494016644e-004 136084 476
4.46565179477758e+003 1.73713368139375e+006 2.57069562668281e-003 3.63475447859127e-002 8.88632676625874e-001 1.07848465175185e+003 8.79037086572786e-004 136375 477
4.46375295439166e+003 1.73709752182172e+006 2.56965603450363e-003 5.86260567033906e-002 1.38047986129337e+000 1.07850658870277e+003 8.86720836806931e-004 136595 478
4.46374580444482e+003 1.73710556925714e+006 2.56964001420522e-003 6.44245735038301e-002 1.41269441373943e+000 1.07851469053242e+003 8.91560051055545e-004 136820 479
4.46455881529207e+003 1.73713647478514e+006 2.57006231248572e-003 3.86364329966124e-002 5.19603473158971e-001 1.07851507421339e+003 9.23809549241886e-004 136989 480
4.46426562104051e+003 1.73712649341675e+006 2.56990829970063e-003 4.42457350383007e-001 1.56159084215827e+000 1.07854921978100e+003 9.23810501086531e-004 137847 481
4.46544361085449e+003 1.73712136440200e+006 2.57059401061058e-003 5.85650196844386e-002 1.37443963270974e+000 1.07855587494031e+003 9.31842513756276e-004 138106 482
4.46554550536963e+003 1.73714151603730e+006 2.57062284671667e-003 9.11069063386944e-001 1.56072795236061e+000 1.07856054333689e+003 9.31842736950454e-004 138278 483
4.46439345970906e+003 1.73713298024995e+006 2.56997229441630e-003 4.80208746604816e-001 1.56063207571642e+000 1.07869977524145e+003 9.31843663603674e-004 139060 484
4.46369211250362e+003 1.73709468783372e+006 2.56962520190460e-003 7.05252235480819e-001 1.57069912335582e+000 1.07891653193005e+003 9.31843663895341e-004 139270 485
4.46709276700310e+003 1.73713849509617e+006 2.57151800681813e-003 9.06369212927641e-001 1.56139908886990e+000 1.07891702017000e+003 9.31843866788968e-004 139317 486
4.46648477929929e+003 1.73713208513537e+006 2.57117750281616e-003 4.63606677449873e-001 1.56063207571642e+000 1.08498810968733e+003 9.31844868019497e-004 139861 487
4.46639133306991e+003 1.73713465120621e+006 2.57111991176754e-003 7.14285714285714e-001 1.56178259544664e+000 1.08498842340627e+003 9.31845189248998e-004 140078 488
4.46388273936649e+003 1.73713660705267e+006 2.56967292952517e-003 7.03817865535447e-001 1.56130321222571e+000 1.08499367956078e+003 9.31845548790690e-004 140737 489
4.46403573948324e+003 1.73711048697128e+006 2.56979964505572e-003 9.42930387279885e-001 1.56772694738609e+000 1.08538696316742e+003 9.31845581617931e-004 140857 490
4.46457657787886e+003 1.73710704593892e+006 2.57011607779925e-003 2.99325540940580e-001 1.56207022537919e+000 1.08539118474488e+003 9.31847651837118e-004 141422 491
4.46394210123825e+003 1.73710599533650e+006 2.56975238537427e-003 7.78984954374828e-001 1.56839808389538e+000 1.08539357208540e+003 9.31847685910602e-004 141598 492
4.46495563612157e+003 1.73711603875233e+006 2.57032098251383e-003 5.21652882473220e-001 1.56485064806055e+000 1.08540397991050e+003 9.31848022578288e-004 141861 493
4.46372749894942e+003 1.73710909267199e+006 2.56962426433518e-003 8.72737815485092e-001 1.56791870067446e+000 1.08540398057476e+003 9.31848057788488e-004 141868 494
4.46428227528601e+003 1.73713175338125e+006 2.56991010530264e-003 8.69777520065920e-001 1.56283723853267e+000 1.08540605327283e+003 9.31848229567856e-004 142011 495
4.46577617746658e+003 1.73712904430345e+006 2.57077409083762e-003 7.40623187963500e-001 1.56312486846522e+000 1.08544627236244e+003 9.31848460667749e-004 142082 496
4.46376905688970e+003 1.73709657064903e+006 2.56966671126617e-003 6.26270332956938e-001 1.56993211020234e+000 1.08544908570087e+003 9.31848471955133e-004 142136 497
4.46537446061829e+003 1.73713810857002e+006 2.57052942619606e-003 5.92913602099673e-001 1.56044032242805e+000 1.08548376646577e+003 9.31849071799471e-004 142684 498
4.46428209755552e+003 1.73710687066001e+006 2.56994681481486e-003 6.09790337839900e-001 1.56753519409772e+000 1.08548858405475e+003 9.31849165886614e-004 142807 499
4.46414817802366e+003 1.73710170184348e+006 2.56987736860905e-003 4.36597796563616e-001 1.56705581087680e+000 1.08548868861324e+003 9.31849408637043e-004 142857 500
4.46547850967696e+003 1.73712120033633e+006 2.57061434329446e-003 9.44029053621021e-001 1.56533003128147e+000 1.08549707841864e+003 9.31849488783449e-004 143107 501
4.46427854237906e+003 1.73710292425160e+006 2.56995060668120e-003 7.11813715018158e-001 1.56887746711631e+000 1.08549760086418e+003 9.31849518175274e-004 143207 502
4.46478071084504e+003 1.73711480507761e+006 2.57022210983462e-003 5.71825312051759e-001 1.56552178456984e+000 1.08550245356855e+003 9.31849746645987e-004 143360 503
4.46367668571510e+003 1.73709551630076e+006 2.56961509565143e-003 3.91857661671804e-001 1.56763107074190e+000 1.08550338108054e+003 9.31849984294923e-004 143425 504
4.46665295286108e+003 1.73714247772447e+006 2.57125893043551e-003 9.23978392895291e-001 1.56053619907224e+000 1.08558282261471e+003 9.31850207094829e-004 143868 505
4.46459106396790e+003 1.73711099216900e+006 2.57011857836983e-003 8.03949095126194e-001 1.56734344080935e+000 1.08568001341419e+003 9.31850263060980e-004 143978 506
4.46640635000315e+003 1.73712481028838e+006 2.57114312190305e-003 9.71709341715751e-001 1.56456301812799e+000 1.08568115917855e+003 9.31850355245498e-004 144226 507
4.46419173151835e+003 1.73711237301818e+006 2.56988665397117e-003 1.79174169133579e-001 1.54807223532823e+000 1.08570515009229e+003 9.31878413358368e-004 144547 508
4.47263937668424e+003 1.73709625569769e+006 6.28060522645001e+000 9.54802087466048e-001 -1.57069912335582e+000 1.08572682951657e+003 9.31878413508141e-004 144742 509
4.46828429507923e+003 1.73714355214523e+006 2.57219642856285e-003 9.53306680501724e-001 1.56034444578387e+000 1.08572729602255e+003 9.31878627549994e-004 144944 510
4.46618751836265e+003 1.73712755692855e+006 2.57101308414796e-003 2.71492660298471e-001 1.55593412015137e+000 1.30029582706819e+003 9.31884472922105e-004 145524 511
4.46407898637190e+003 1.73711713302842e+006 2.56981470888905e-003 3.04605243079928e-001 1.56005681585131e+000 1.30056292363419e+003 9.31887219703433e-004 145663 512
4.46375500139592e+003 1.73711032637474e+006 2.56963827157810e-003 9.20285653248695e-001 1.56772694738609e+000 1.30057454595656e+003 9.31887254334010e-004 145875 513
4.46421013469239e+003 1.73710388904505e+006 2.56990979927992e-003 2.25012970366527e-001 1.55727639316996e+000 1.30129892263288e+003 9.31894888168962e-004 146206 514
4.46385302775640e+003 1.73710673840054e+006 2.56970000956234e-003 4.68764305551317e-002 1.25804538666951e+000 1.30130549267538e+003 9.55318371196818e-004 146410 515
4.46388583770732e+003 1.73714339864835e+006 2.56966466665960e-003 1.80700094607379e-001 1.54145674687948e+000 1.30130935427362e+003 9.55359143259773e-004 146552 516
4.46430558671688e+003 1.73711206583966e+006 2.56995265078240e-003 4.81368449964904e-001 1.56533003128147e+000 1.30131026791833e+003 9.55359495956212e-004 146792 517
4.46716738330240e+003 1.73713817476557e+006 2.57156143430090e-003 8.47193823053682e-002 1.47242556306650e+000 1.30132560797677e+003 9.56699168802687e-004 146884 518
4.46372038527874e+003 1.73709704245200e+006 2.56963799458575e-003 2.11066011535997e-001 1.55708463988159e+000 1.30187390339012e+003 9.56708149839033e-004 147194 519
4.46382115919900e+003 1.73710181468753e+006 2.56968894749497e-003 7.87316507461776e-001 1.56935685033723e+000 1.30187456011992e+003 9.56708164907451e-004 147347 520
4.46501811249981e+003 1.73714078783065e+006 2.57032032808810e-003 4.38520462660604e-001 1.55833103625599e+000 1.30320391076306e+003 9.56709716309634e-004 147970 521
4.46376161674862e+003 1.73710703362366e+006 2.56964695063511e-003 9.38688314462722e-001 1.56849396053957e+000 1.30320421610943e+003 9.56709737528856e-004 148006 522
4.46381317811906e+003 1.73712876189757e+006 2.56964449099185e-003 4.77919858394116e-002 1.26609902478103e+000 1.30320510140426e+003 9.78503139435418e-004 148181 523
4.46377393280260e+003 1.73709749867151e+006 2.56966814537262e-003 5.40513321329386e-001 1.56916509704886e+000 1.30328312428284e+003 9.78503181291118e-004 148978 524
4.46374827179599e+003 1.73710607716208e+006 2.56964068325346e-003 4.25916318247017e-001 1.56590529114658e+000 1.30328786909896e+003 9.78503569858850e-004 149335 525
4.46399001129020e+003 1.73710100855850e+006 2.56978734273341e-003 3.43333231604968e-001 1.56513827799310e+000 1.30332383891100e+003 9.78504352365355e-004 149854 526
4.46415497772298e+003 1.73711348712314e+006 2.56986384794049e-003 3.94909512619404e-002 1.08489216727195e+000 1.30332435314990e+003 1.02980383503952e-003 149908 527
4.46379091739063e+003 1.73710558968409e+006 2.56966595399755e-003 6.91824091311380e-001 1.56820633060701e+000 1.30351147123415e+003 1.02980388488678e-003 150271 528
4.46384252692490e+003 1.73710230088733e+006 2.56970052897065e-003 9.35087130344554e-001 1.56954860362560e+000 1.30352291926362e+003 1.02980389315301e-003 150399 529
4.46486957461128e+003 1.73713319154312e+006 2.57024606084042e-003 7.03970458082827e-001 1.56207022537919e+000 1.30355140189566e+003 1.02980420859019e-003 150671 530
4.46575563139040e+003 1.73712452843663e+006 2.57076894629100e-003 1.12949003570666e-001 1.51499479308451e+000 1.30355236254084e+003 1.03010946875488e-003 150696 531
4.46369403857229e+003 1.73709524003582e+006 2.56962549383434e-003 2.73720511490219e-001 1.56331662175359e+000 1.30382588578926e+003 1.03011145398692e-003 150959 532
4.46597003156259e+003 1.73712199225177e+006 2.57089612139597e-003 3.70586260567034e-001 1.56120733558153e+000 1.30384956442687e+003 1.03011295145894e-003 151665 533
4.46425279405478e+003 1.73712549246284e+006 2.56990239652747e-003 5.57939390240181e-001 1.56302899182104e+000 1.30385147901780e+003 1.03011339077400e-003 151721 534
4.46387811635053e+003 1.73710602559045e+006 2.56971550667541e-003 9.17416913357952e-001 1.56868571382794e+000 1.30442293283824e+003 1.03011341027263e-003 152171 535
4.46517780174151e+003 1.73714040406254e+006 2.57041282181451e-003 9.35209204382458e-001 1.56101558229316e+000 1.30442359574570e+003 1.03011361174777e-003 152305 536
4.46398531913198e+003 1.73712604547267e+006 2.56974760388469e-003 6.42872402111881e-001 1.56341249839778e+000 1.30448892736613e+003 1.03011390914353e-003 152580 537
4.46409781379203e+003 1.73711039041821e+006 2.56983552188896e-003 7.54325998718223e-001 1.56734344080935e+000 1.30448894859366e+003 1.03011397353054e-003 152622 538
4.46367821763791e+003 1.73709541749993e+006 2.56961612368458e-003 5.97247230445265e-001 1.57002798684652e+000 1.30453348345952e+003 1.03011398396830e-003 153060 539
4.46522591891176e+003 1.73712656775897e+006 2.57046099430197e-003 9.79949339274270e-001 1.56417951155126e+000 1.30738468345665e+003 1.03011408322743e-003 153471 540
4.46480651433168e+003 1.73712587176038e+006 2.57022058985767e-003 4.75234229560228e-001 1.56216610202338e+000 1.30738589840324e+003 1.03011481927860e-003 153532 541
4.46409257846449e+003 1.73710142552187e+006 2.56984577052178e-003 1.47373882259590e-001 1.54097736365856e+000 1.30738721958451e+003 1.03018027310945e-003 153580 542
4.46395462737639e+003 1.73711286197228e+006 2.56974943828852e-003 8.18781090731529e-001 1.56695993423261e+000 1.30740354209354e+003 1.03018033641204e-003 154303 543
4.46535618816620e+003 1.73713178096411e+006 2.57052827078239e-003 2.51319925534837e-001 1.55353720404675e+000 1.30746524296864e+003 1.03018906149410e-003 154907 544
4.46445971711533e+003 1.73713758534558e+006 2.57000362299560e-003 2.29163487655263e-001 1.55018152150029e+000 1.30746679011269e+003 1.03020311682431e-003 154973 545
4.46489562375254e+003 1.73711764275592e+006 2.57028406229789e-003 5.53544724875637e-001 1.56475477141636e+000 1.30757390632682e+003 1.03020341970545e-003 155361 546
4.46411822501305e+003 1.73710460201372e+006 2.56985583515516e-003 2.79885250404370e-001 1.56159084215827e+000 1.30757426349821e+003 1.03020602662215e-003 155457 547
4.46423504389601e+003 1.73710334793642e+006 2.56992493921582e-003 4.41969054231391e-001 1.56676818094424e+000 1.30776402217758e+003 1.03020629170796e-003 155680 548
4.46370603066503e+003 1.73710259995168e+006 2.56962151011420e-003 9.17172765282144e-001 1.56945272698141e+000 1.30776432230628e+003 1.03020630138448e-003 155698 549
4.46628666299061e+003 1.73713336118834e+006 2.57106156701772e-003 1.18198187200537e-001 1.51739170918912e+000 1.30780556618935e+003 1.03046478631766e-003 155860 550
4.46420886091345e+003 1.73710789420234e+006 2.56990314073083e-003 1.38676107058931e-001 1.53570414822840e+000 1.30780820506409e+003 1.03056079282694e-003 156055 551
4.46385106728721e+003 1.73709894867353e+006 2.56971040431689e-003 4.33912167729728e-001 1.56763107074190e+000 1.30792134473828e+003 1.03056098273098e-003 156286 552
4.46716439731002e+003 1.73713270159443e+006 2.57156781755597e-003 6.75130466628010e-001 1.56207022537919e+000 1.30794611391631e+003 1.03056132857453e-003 156678 553
4.46366609594442e+003 1.73709612982217e+006 2.56960809188952e-003 4.71358378856777e-001 1.56878159047212e+000 1.30798338570522e+003 1.03056140708616e-003 156847 554
4.46505254004057e+003 1.73712116300003e+006 2.57036918431875e-003 5.99627674184393e-001 1.56427538819544e+000 1.30798630342542e+003 1.03056169301434e-003 157023 555
4.46544227791259e+003 1.73714118941635e+006 2.57056390668348e-003 5.29709768974883e-001 1.55928980269784e+000 1.30807151653774e+003 1.03056259768574e-003 157432 556
4.46551848868183e+003 1.73714322472938e+006 2.57060476594337e-003 4.13586840418714e-001 1.55737226981414e+000 1.30807229978383e+003 1.03056457637805e-003 157586 557
4.46660305855596e+003 1.73712925001150e+006 2.57124978762127e-003 1.41148106326487e-001 1.53206083574938e+000 1.30808600828482e+003 1.03067195770722e-003 157853 558
4.46579999773832e+003 1.73713324801372e+006 2.57078158212966e-003 5.77105014191107e-002 1.36561898144475e+000 1.30813186811381e+003 1.03946872218919e-003 158563 559
4.46423878221415e+003 1.73711059720447e+006 2.56991636653237e-003 9.59471419415876e-001 1.56772694738609e+000 1.30813641934833e+003 1.03946875378424e-003 158841 560
4.46388768938511e+003 1.73713675498124e+006 2.56967556021014e-003 1.56132694479202e-001 1.53627940809351e+000 1.30813704639160e+003 1.03954087184282e-003 158865 561
4.46741953397752e+003 1.73713772263802e+006 2.57170725559814e-003 4.57411420026246e-001 1.55928980269784e+000 1.30814405520514e+003 1.03954212123566e-003 159384 562
4.46598971861543e+003 1.73713866145323e+006 2.57088278470942e-003 3.43211157567064e-001 1.55670113330485e+000 1.30814436604527e+003 1.03954533721972e-003 159480 563
4.46484212308856e+003 1.73711586082508e+006 2.57025590052505e-003 3.08999908444472e-001 1.56053619907224e+000 1.30817345669310e+003 1.03954781728222e-003 159790 564
4.46438851548040e+003 1.73713549049069e+006 2.56996573452688e-003 4.08124027222510e-001 1.55900217276528e+000 1.30918671038978e+003 1.03954948533074e-003 160387 565
4.46612158775394e+003 1.73712344347409e+006 2.57098121855172e-003 4.12518692587054e-001 1.56178259544664e+000 1.30920875861570e+003 1.03955056020522e-003 161508 566
4.46415838073704e+003 1.73710175921731e+006 2.56988315710296e-003 7.49046296578875e-001 1.56926097369304e+000 1.30921568996051e+003 1.03955057879018e-003 161861 567
