1.97294948244580e+004 1.73700952815620e+006 6.27182217718546e+000 8.96420178838465e-001 -1.56974035691397e+000 1.49771384918684e-001 7.00024582113516e-012 486 1
1.97280778778462e+004 1.73701945562471e+006 6.27182305772170e+000 8.99380474257637e-001 -1.57021974013489e+000 1.76523690132614e-001 9.71534759717571e-012 1116 2
1.97229864466325e+004 1.73702767309107e+006 1.13539578169312e-002 3.38724936674093e-001 1.54979801492355e+000 3.64499193598497e-001 6.13069148287636e-009 2538 3
1.97228244259871e+004 1.73702517871922e+006 1.13538808570790e-002 2.49763481551561e-001 1.52918453642384e+000 7.88654429675441e+001 4.02555515254259e-008 3010 4
1.97220887336033e+004 1.73700912397859e+006 1.13535623040003e-002 4.28022095400861e-001 1.55996093920713e+000 7.88654541337254e+001 4.15731722210224e-008 3018 5
1.97213939942689e+004 1.73700701257895e+006 1.13531761916043e-002 4.99649037141026e-001 1.56417951155126e+000 7.88676274302559e+001 4.20100453489063e-008 3185 6
1.97233228213582e+004 1.73703049976494e+006 1.13541329665249e-002 6.41224402600177e-001 1.56743931745354e+000 7.97525387201166e+001 4.20981565440895e-008 5441 7
1.97203689865958e+004 1.73699011225630e+006 1.13526966150621e-002 3.52031006805628e-001 1.55353720404675e+000 1.10696833208254e+002 4.62552590208931e-008 7487 8
1.97280576001941e+004 1.73700827178910e+006 6.27182299627800e+000 8.54701376384777e-001 -1.57002798684652e+000 1.10701635462224e+002 4.62600031287951e-008 8120 9
1.97249516056925e+004 1.73703434384623e+006 1.13550454020773e-002 1.51219214453566e-001 1.24975205694754e-001 1.10722903449243e+002 1.26449637077967e-007 8823 10
1.97223731419380e+004 1.73702133237603e+006 1.13536462262771e-002 1.24607074190497e-001 1.38843762276070e+000 1.13554878442922e+002 1.50691385362952e-006 12378 11
1.97211824138033e+004 1.73701573850842e+006 1.13529973724427e-002 7.56340220343638e-001 1.57012386349071e+000 1.13567018825005e+002 1.50691890088566e-006 12919 12
1.97207488852551e+004 1.73701165312691e+006 1.13527745211262e-002 7.55149998474074e-001 1.57031561677908e+000 1.13890759387073e+002 1.50692190762784e-006 16907 13
1.97219564192615e+004 1.73701520399651e+006 1.13534464033353e-002 4.60982085634938e-001 1.56178259544664e+000 1.14382109771054e+002 1.50776374623553e-006 17664 14
1.97249696332552e+004 1.73703710433133e+006 1.13550377352860e-002 7.17825861384930e-001 1.56849396053957e+000 1.15404936030864e+002 1.50780203175452e-006 18908 15
1.97236786195106e+004 1.73703306215289e+006 1.13543210234477e-002 3.34757530442213e-001 1.54893512512589e+000 1.17139394293937e+002 1.51448537918644e-006 20708 16
1.97228350174602e+004 1.73703396276278e+006 1.13538295429957e-002 7.84569841608936e-001 1.56954860362560e+000 1.17860823852496e+002 1.51449754083371e-006 22779 17
1.97219993455447e+004 1.73701846756185e+006 1.13534497833914e-002 6.83645130771813e-001 1.56887746711631e+000 1.17926206628022e+002 1.51452966300762e-006 23637 18
1.97211440050273e+004 1.73702545596995e+006 1.13529117567362e-002 1.01138340403455e-001 2.92663456373791e-001 1.19689246028638e+002 2.78189136064501e-006 24567 19
1.97280501890496e+004 1.73702624800222e+006 6.27182311806577e+000 9.19553209021271e-001 -1.57041149342326e+000 1.19689807902851e+002 2.78189274044528e-006 24717 20
1.97236257562382e+004 1.73703247885385e+006 1.13542944067536e-002 6.32679219946898e-001 1.56715168752098e+000 1.19998439017561e+002 2.78199583621078e-006 27675 21
1.97219193269558e+004 1.73701754094432e+006 1.13534097786870e-002 8.03857539597766e-002 5.31108670461135e-001 1.20106784063311e+002 9.45930699586384e-006 28666 22
1.97214736147127e+004 1.73701059156790e+006 1.13531986329072e-002 6.99514755699332e-001 1.56954860362560e+000 1.20129265639138e+002 9.45932264998928e-006 28881 23
1.97223913295647e+004 1.73701614531498e+006 1.13536905967786e-002 1.42185735648671e-001 1.43330789223914e+000 1.20622309126518e+002 1.01556898451587e-005 29968 24
1.97203614130575e+004 1.73699114813835e+006 1.13526854856983e-002 7.50144962920011e-002 7.96495221564379e-001 1.22364072042425e+002 2.32537848151501e-005 30829 25
1.97213216303516e+004 1.73700150189836e+006 1.13531705518632e-002 4.29303872798853e-001 1.56044032242805e+000 1.22763153144058e+002 2.32550053132279e-005 31715 26
1.97283375382833e+004 1.73703341492437e+006 6.27182299951578e+000 9.92004150517289e-001 -1.57031561677908e+000 1.22822085842354e+002 2.32550069630594e-005 33932 27
1.97213373420123e+004 1.73703259041325e+006 1.13529764200719e-002 3.41776787621693e-001 1.54998976821192e+000 1.22929253831469e+002 2.32609241836272e-005 34781 28
1.97241874277219e+004 1.73702933809829e+006 1.13546382449715e-002 8.35596789452803e-002 1.10320460631123e+000 1.23312790709103e+002 3.28681632714202e-005 36277 29
1.97246823381114e+004 1.73703359566212e+006 1.13548952967881e-002 2.53944517349773e-001 1.53023917950987e+000 1.23576363344370e+002 3.28998022017297e-005 37830 30
1.97236355031533e+004 1.73703513481355e+006 1.13542826578271e-002 3.46171452986236e-001 1.55046915143284e+000 1.45798570321992e+002 3.29053526074145e-005 39262 31
1.97207769667464e+004 1.73699525671798e+006 1.13528978413315e-002 4.42915128025147e-001 1.56168671880245e+000 1.45803662913145e+002 3.29062870243765e-005 39907 32
1.97296644184648e+004 1.73702694207593e+006 6.27182219341726e+000 9.82360301522874e-001 -1.57002798684652e+000 1.45809445512589e+002 3.29062905169896e-005 40485 33
1.97213716494844e+004 1.73700386416250e+006 1.13531839057787e-002 4.49781792657247e-001 1.56168671880245e+000 1.45907027683994e+002 3.29071938372024e-005 40559 34
1.97247463147292e+004 1.73703585251845e+006 1.13549173712920e-002 5.46159245582446e-001 1.56456301812799e+000 1.45946587080360e+002 3.29075212801053e-005 41193 35
1.97276836771957e+004 1.73701663237123e+006 6.27182326617626e+000 9.18393505661183e-001 -1.56993211020234e+000 1.46175118649552e+002 3.29075261420048e-005 43792 36
1.97225424156401e+004 1.73703659672288e+006 1.13536439009270e-002 1.78899502548296e-001 1.48517715674306e+000 1.46424419625844e+002 3.31183011083995e-005 44547 37
1.97217492404298e+004 1.73703055069199e+006 1.13532268475881e-002 4.21948912015137e-001 1.55842691290017e+000 1.46505549628324e+002 3.31199696923214e-005 45058 38
1.97206990289276e+004 1.73700328919298e+006 1.13528004829627e-002 2.42072817163610e-001 1.52736288018433e+000 4.64703151350051e+002 3.31589893421655e-005 46474 39
1.97209006717265e+004 1.73700293885543e+006 1.13529188441795e-002 3.25632496108890e-001 1.54903100177007e+000 4.64704954250093e+002 3.31660437831716e-005 46711 40
1.97212778715081e+004 1.73701552328504e+006 1.13530537269317e-002 5.28366954557939e-001 1.56494652470473e+000 4.69227238882506e+002 3.31663629662255e-005 52529 41
1.97283885740710e+004 1.73701044540972e+006 6.27182281997077e+000 8.45851008636738e-001 -1.57021974013489e+000 4.73654779490113e+002 3.31663660737545e-005 57712 42
1.97212782306802e+004 1.73700520474536e+006 1.13531213697890e-002 5.81865901669362e-001 1.56724756416517e+000 4.73655044961293e+002 3.31664849985561e-005 57788 43
1.97202841903799e+004 1.73699019879768e+006 1.13526472378802e-002 4.12884914700766e-001 1.55976918591876e+000 4.74497606446386e+002 3.31679504586758e-005 63062 44
1.97207820389814e+004 1.73699535913890e+006 1.13529000917157e-002 1.64830469679861e-001 1.47127504333628e+000 4.86494737922301e+002 3.34830839151905e-005 66519 45
1.97212339832584e+004 1.73700275596390e+006 1.13531119036010e-002 1.12552262947478e-001 1.34452611972411e+000 4.87889140676223e+002 3.57833324215704e-005 68586 46
1.97219176711587e+004 1.73702346480277e+006 1.13533701097947e-002 7.84020508438368e-002 5.81635661946471e-001 4.87897179680849e+002 4.39503227591610e-005 69268 47
1.97211808623884e+004 1.73699890486866e+006 1.13531064943489e-002 6.42475661488693e-001 1.56906922040468e+000 5.66099192541972e+002 4.39503540312430e-005 71282 48
1.97206405668367e+004 1.73701562222041e+006 1.13526862312983e-002 4.53230384228034e-001 1.56130321222571e+000 5.67237388874421e+002 4.39513008351697e-005 73487 49
1.97235063172255e+004 1.73702323876160e+006 1.13542860488317e-002 1.66112247077853e-001 1.47146679662465e+000 5.68287777033939e+002 4.42602334459276e-005 74947 50
1.97227318396567e+004 1.73703623095897e+006 1.13537553275009e-002 6.75130466628010e-001 1.56782282403027e+000 5.70628391958644e+002 4.42602986161523e-005 76963 51
1.97287623671112e+004 1.73700653525029e+006 6.27182257924088e+000 9.14029358806116e-001 -1.56945272698141e+000 5.70802759722689e+002 4.42603083660303e-005 78902 52
1.97217869228492e+004 1.73702006675809e+006 1.13533170559959e-002 3.36741233558153e-001 1.54989389156774e+000 5.70869635798847e+002 4.42664654230523e-005 81189 53
1.97222750733623e+004 1.73702968276384e+006 1.13535352004618e-002 7.05984679708243e-001 1.56868571382794e+000 5.71298293983068e+002 4.42665001208103e-005 82703 54
1.97202932013366e+004 1.73698862058494e+006 1.13526627389307e-002 4.36414685506760e-001 1.56159084215827e+000 5.71825431151059e+002 4.42674812012084e-005 83573 55
1.97212512205744e+004 1.73703410169402e+006 1.13529169702321e-002 6.85079500717185e-001 1.56811045396283e+000 5.72037517812660e+002 4.42675350905594e-005 86067 56
1.97292798948860e+004 1.73699769630459e+006 6.27182222354668e+000 8.48567155980102e-001 -1.56954860362560e+000 5.72038920919053e+002 4.42675453251922e-005 86175 57
1.97204075164007e+004 1.73699491004446e+006 1.13526874392642e-002 9.55534531693472e-002 3.33411030152287e-001 5.73370622875267e+002 4.61524922056781e-005 87802 58
1.97225181866522e+004 1.73703122768188e+006 1.13536650445171e-002 8.06329538865322e-001 1.56993211020234e+000 5.73370686343742e+002 4.61524986792159e-005 87852 59
1.97207842668824e+004 1.73702394275298e+006 1.13527145724427e-002 4.55458235419782e-001 1.56101558229316e+000 5.74606465887148e+002 4.61534795999771e-005 91260 60
1.97209673243261e+004 1.73700587819545e+006 1.13529380017357e-002 2.13660084841456e-001 1.51346076677755e+000 5.90977418974264e+002 4.62317160592465e-005 95537 61
1.97219495782891e+004 1.73701032095334e+006 1.13534743792854e-002 5.42008728293710e-001 1.56571353785821e+000 5.91678633651506e+002 4.62319587547890e-005 96289 62
1.97221198474894e+004 1.73703479844303e+006 1.13534124154043e-002 9.66521195104831e-002 1.24922473540452e+000 5.93738414657888e+002 5.11496291648041e-005 100690 63
1.97202953059817e+004 1.73698968472504e+006 1.13526569959998e-002 2.10669270912809e-001 1.51250200033570e+000 6.04185241523617e+002 5.12323753840471e-005 103433 64
1.97215303107570e+004 1.73700584906018e+006 1.13532622635175e-002 6.50135807367168e-001 1.56887746711631e+000 6.11614495936301e+002 5.12324112616596e-005 104317 65
1.97206712299834e+004 1.73701625414853e+006 1.13526997520293e-002 2.46467482528153e-001 1.52841752327036e+000 6.11885828620311e+002 5.12685392281800e-005 105285 66
1.97292761682921e+004 1.73699964300744e+006 6.27182223841969e+000 8.81801812799463e-001 -1.56935685033723e+000 6.11885831256715e+002 5.12685509712069e-005 105303 67
1.97221636692366e+004 1.73701988366836e+006 1.13535351170137e-002 1.04556413464766e-001 1.30320328608051e+000 6.12138048252450e+002 5.46083285773647e-005 106897 68
1.97229436938064e+004 1.73702024378856e+006 1.13539817645065e-002 6.72780541398358e-001 1.56858983718375e+000 6.86689612271308e+002 5.46083699087447e-005 109347 69
1.97205958014854e+004 1.73699765067627e+006 1.13527779114394e-002 7.06289864803003e-001 1.57031561677908e+000 6.94858534088907e+002 5.46083733921719e-005 110359 70
1.97292268322054e+004 1.73699057725218e+006 6.27182220754554e+000 9.21536912137211e-001 -1.56858983718375e+000 6.95433105786034e+002 5.46083940780240e-005 112102 71
1.97288103733176e+004 1.73700469783036e+006 6.27182253959414e+000 9.70458082827235e-001 -1.56897334376049e+000 6.95833079967273e+002 5.46084078033493e-005 112379 72
1.97230780357208e+004 1.73701759810426e+006 1.13540763870748e-002 7.71385845515305e-001 1.57021974013489e+000 6.95967730918664e+002 5.46084116093078e-005 113994 73
1.97208870127023e+004 1.73699863337380e+006 1.13529391195667e-002 7.74864955595569e-002 9.66196881771294e-001 6.95996023868966e+002 6.74439267472308e-005 114656 74
1.97240062666949e+004 1.73702502436801e+006 1.13545621602677e-002 7.86858729819636e-001 1.57002798684652e+000 6.98410493897294e+002 6.74439324380312e-005 116822 75
1.97222207398580e+004 1.73702730485863e+006 1.13535194659997e-002 7.52891628772851e-002 7.34558909421064e-001 7.05805025327372e+002 7.95464539751595e-005 117014 76
1.97208943382184e+004 1.73700863077433e+006 1.13528779998040e-002 1.65135654774621e-001 1.47098741340373e+000 7.06363411415485e+002 7.98616398792507e-005 120211 77
1.97207031576485e+004 1.73699959919199e+006 1.13528269748712e-002 6.14581743827631e-001 1.56839808389538e+000 7.06364622226732e+002 7.98616972783728e-005 120311 78
1.97218636129855e+004 1.73703590622786e+006 1.13532576819681e-002 7.61436811426130e-002 9.04356446272164e-001 7.06409629713250e+002 9.32794935565244e-005 121305 79
1.97224635216894e+004 1.73703362060575e+006 1.13536179389016e-002 8.53297524948882e-002 1.13014594332713e+000 7.06518261614358e+002 1.02051204971799e-004 123199 80
1.97214747229260e+004 1.73701883127886e+006 1.13531454204925e-002 4.65895565660573e-001 1.56187847209082e+000 7.06518341870827e+002 1.02052013900824e-004 123245 81
1.97210866043784e+004 1.73700209268791e+006 1.13530314026702e-002 2.71431623279519e-001 1.53733405117954e+000 7.07961369811183e+002 1.02072387447370e-004 123753 82
1.97289928442251e+004 1.73700652555767e+006 6.27182244650824e+000 8.66359447004608e-001 -1.56983623355815e+000 7.08701099996149e+002 1.02072393956153e-004 127936 83
1.97203604111660e+004 1.73699035022119e+006 1.13526901235835e-002 3.46354564043092e-001 1.55277019089328e+000 7.08723858113778e+002 1.02077001155040e-004 128111 84
1.97246412524225e+004 1.73703400645165e+006 1.13548689619767e-002 6.19434186834315e-001 1.56676818094424e+000 7.08749546908552e+002 1.02077127296891e-004 129518 85
1.97208123675193e+004 1.73700608363315e+006 1.13528474614906e-002 5.00717184972686e-001 1.56427538819544e+000 7.08760769519327e+002 1.02077552398879e-004 129804 86
1.97272738199554e+004 1.73703033682969e+006 6.27182359169095e+000 9.79796746726890e-001 -1.57021974013489e+000 7.25887263184108e+002 1.02077554647739e-004 129979 87
1.97202929846015e+004 1.73699061855887e+006 1.13526495568891e-002 4.25641651661733e-001 1.56072795236061e+000 7.25927092089260e+002 1.02078745337605e-004 131310 88
1.97291598594519e+004 1.73700561029630e+006 6.27182234438542e+000 7.94000061037019e-001 -1.57050737006745e+000 7.25930875494246e+002 1.02078746558717e-004 131620 89
1.97208974111665e+004 1.73699820651020e+006 1.13529478949725e-002 1.74260689107944e-001 1.48230085741752e+000 7.28085510634120e+002 1.02313263662155e-004 136202 90
1.97204130436392e+004 1.73699892428088e+006 1.13526643869012e-002 1.90099795525987e-001 1.49735349055452e+000 7.28087881636468e+002 1.02460024258762e-004 136391 91
1.97286109158987e+004 1.73701188860053e+006 6.27182270142007e+000 8.05444502090518e-001 -1.57069912335582e+000 7.28106710785479e+002 1.02460024476516e-004 137183 92
1.97211029117351e+004 1.73701181422217e+006 1.13529772555742e-002 9.59196752830592e-002 1.24471853312784e+000 7.28218496293487e+002 1.07537865551036e-004 137435 93
1.97235449254888e+004 1.73703370940914e+006 1.13542398360133e-002 6.31183812982574e-001 1.56705581087680e+000 7.28233207866809e+002 1.07537973444843e-004 137773 94
1.97228907295341e+004 1.73702978601548e+006 1.13538889103679e-002 3.38145084994049e-001 1.54960626163518e+000 7.28332725731807e+002 1.07544204110406e-004 138233 95
1.97277969433626e+004 1.73701281427035e+006 6.27182317601631e+000 9.75493636890774e-001 -1.56935685033723e+000 9.82412783507460e+002 1.07544213514186e-004 140407 96
1.97218281658122e+004 1.73701442261931e+006 1.13533776840692e-002 4.95315408795435e-001 1.56360425168615e+000 9.84411530709309e+002 1.07544720234822e-004 144601 97
1.97293703474062e+004 1.73701123475062e+006 6.27182225999582e+000 8.83297219763787e-001 -1.56993211020234e+000 9.84412749084997e+002 1.07544725531875e-004 144769 98
1.97220624348656e+004 1.73701442428945e+006 1.13535125245713e-002 8.45362712485122e-002 1.11969538911100e+000 1.06867601014577e+003 1.16664034793570e-004 146780 99
1.97219165724706e+004 1.73703587691717e+006 1.13532883580198e-002 2.33527634510330e-001 1.52208966475417e+000 1.07019443293657e+003 1.16714296688998e-004 147762 100
1.97211238370649e+004 1.73700374577773e+006 1.13530420312712e-002 2.54249702444533e-001 1.53186908246101e+000 1.07019667305751e+003 1.16743939029197e-004 147872 101
1.97206149917596e+004 1.73701691953360e+006 1.13526630314637e-002 2.16650898770104e-001 1.51461128650777e+000 1.07582782913543e+003 1.16817531365733e-004 149573 102
1.97207340502531e+004 1.73699824852069e+006 1.13528535847099e-002 7.51670888393811e-002 7.44146573839534e-001 1.07589086500306e+003 1.29120464013224e-004 150293 103
1.97236068371424e+004 1.73702347179916e+006 1.13543423872821e-002 3.74462111270486e-001 1.55449597048860e+000 1.07597029384404e+003 1.29123786684281e-004 150554 104
1.97207247307442e+004 1.73699489651759e+006 1.13528701266254e-002 4.54878383739738e-001 1.56245373195593e+000 1.07868419170079e+003 1.29124555717276e-004 155742 105
1.97292058062630e+004 1.73698880120560e+006 6.27182220803662e+000 9.79857783745842e-001 -1.56811045396283e+000 1.07872469062138e+003 1.29124580240320e-004 156511 106
1.97238460464982e+004 1.73703523356469e+006 1.13544032052095e-002 2.33466597491379e-001 1.52208966475417e+000 1.08025960566930e+003 1.29174871049086e-004 159221 107
1.97214366163737e+004 1.73700543791531e+006 1.13532110173495e-002 9.75676747947630e-002 1.25794951002533e+000 1.08055691119941e+003 1.33846067078492e-004 160788 108
1.97286000414667e+004 1.73701917382585e+006 6.27182275530916e+000 9.36552018799402e-001 -1.56993211020234e+000 1.08055748234587e+003 1.33846071735416e-004 161115 109
1.97210402308795e+004 1.73699913189834e+006 1.13530240586979e-002 2.65999328592792e-001 1.53589590151677e+000 1.08452937100224e+003 1.33868787620067e-004 161595 110
1.97211836433343e+004 1.73702847655007e+006 1.13529148331194e-002 3.79558702352977e-001 1.55478360042116e+000 1.08465545332674e+003 1.33871925542950e-004 161985 111
1.97204892876844e+004 1.73699959897286e+006 1.13527038660846e-002 4.12854396191290e-001 1.55928980269784e+000 1.08503738960828e+003 1.33873490928100e-004 163750 112
1.97212654195408e+004 1.73701473091090e+006 1.13530517377320e-002 1.23233741264077e-001 1.38441080370495e+000 1.08645318630116e+003 1.35330640534270e-004 166919 113
1.97225575970559e+004 1.73701650298146e+006 1.13537839669758e-002 7.99432355723746e-001 1.57060324671163e+000 1.08654652295828e+003 1.35330641177268e-004 167630 114
1.97220406604696e+004 1.73702280492259e+006 1.13534452180074e-002 6.07928708761864e-001 1.56705581087680e+000 1.08781025284786e+003 1.35330758359983e-004 169056 115
1.97287554994991e+004 1.73700179255269e+006 6.27182255218653e+000 7.85454878383740e-001 -1.57041149342326e+000 1.08834397196657e+003 1.35330760311708e-004 170247 116
1.97292236499929e+004 1.73698854199642e+006 6.27182219607038e+000 8.30133976256600e-001 -1.56926097369304e+000 1.08834520267705e+003 1.35330775135342e-004 170525 117
1.97218606189526e+004 1.73701160441827e+006 1.13534147835960e-002 7.34031189916684e-001 1.57002798684652e+000 1.08839359361622e+003 1.35330781766270e-004 170637 118
1.97210411107232e+004 1.73699986241778e+006 1.13530197909015e-002 4.42091128269295e-001 1.56139908886990e+000 1.09024292187773e+003 1.35331766261840e-004 172201 119
1.97209774653734e+004 1.73702923154725e+006 1.13527912185788e-002 3.54045228431043e-001 1.55181142445143e+000 1.09024401741110e+003 1.35336521123193e-004 172360 120
1.97229789966028e+004 1.73703798316239e+006 1.13538861437004e-002 4.54573198644978e-001 1.56024856913968e+000 1.09158425926567e+003 1.35337628297803e-004 174338 121
1.97227894147377e+004 1.73702137474226e+006 1.13538855659751e-002 8.84121219519639e-002 1.17098939374981e+000 1.09161252943012e+003 1.42801839504347e-004 174987 122
1.97208151976817e+004 1.73700035541806e+006 1.13528865264003e-002 5.38590655232398e-001 1.56609704443495e+000 1.29023022918936e+003 1.42802057414402e-004 179146 123
1.97208712972181e+004 1.73700087959057e+006 1.13529153933669e-002 3.17697683645131e-001 1.54778460539567e+000 1.29040686983211e+003 1.42810171404079e-004 180805 124
1.97212970652589e+004 1.73703127915799e+006 1.13529618053716e-002 4.63484603411969e-001 1.56111145893735e+000 1.31227462784292e+003 1.42811101062415e-004 182125 125
1.97291922437264e+004 1.73699017447783e+006 6.27182222482243e+000 9.93163853877377e-001 -1.56811045396283e+000 1.31228902019315e+003 1.42811124868451e-004 182413 126
1.97204513271692e+004 1.73699168824958e+006 1.13527337135270e-002 1.14627521591845e-001 1.35401790749840e+000 1.32670821695245e+003 1.44901001480213e-004 184190 127
1.97243190076865e+004 1.73703546911893e+006 1.13546739111764e-002 4.99801629688406e-001 1.56274136188849e+000 1.32676997270195e+003 1.44901593541607e-004 184695 128
1.97219782361116e+004 1.73703488564867e+006 1.13533303312027e-002 3.65062410351878e-001 1.55286606753746e+000 1.39177281975383e+003 1.44905663641656e-004 185114 129
1.97220587966140e+004 1.73701852348455e+006 1.13534836394181e-002 1.33060701315348e-001 1.41240678380688e+000 1.40267921445032e+003 1.45889404648310e-004 186170 130
1.97230240033493e+004 1.73702270374391e+006 1.13540119145457e-002 5.54734946745201e-001 1.56552178456984e+000 1.40268651284007e+003 1.45889648891130e-004 186276 131
1.97292302735746e+004 1.73698943332926e+006 6.27182219808536e+000 8.88882106997894e-001 -1.56878159047212e+000 1.72331668134916e+003 1.45889668337993e-004 192400 132
1.97229222766624e+004 1.73703376470679e+006 1.13538810655721e-002 1.07119968260750e-001 2.57572604602191e-001 1.72334520089437e+003 1.46740164934409e-004 192976 133
1.97223897084018e+004 1.73702518761692e+006 1.13536305656226e-002 3.01126132999664e-001 1.54337427976318e+000 1.72364280016856e+003 1.46752115881093e-004 194420 134
1.97206296102111e+004 1.73700251199085e+006 1.13527656026982e-002 4.18378246406445e-001 1.55957743263039e+000 1.72366775091513e+003 1.46753577800837e-004 195084 135
1.97230502766862e+004 1.73703659214194e+006 1.13539362652845e-002 2.65327921384320e-001 1.53378661534471e+000 1.72435466569295e+003 1.46778562899979e-004 198468 136
1.97292625011831e+004 1.73699000616565e+006 6.27182218327937e+000 9.74059266945402e-001 -1.56820633060701e+000 1.73660517144546e+003 1.46778586382456e-004 206989 137
1.97293050592040e+004 1.73699386493158e+006 6.27182218401101e+000 7.75841547898801e-001 -1.57012386349071e+000 1.73675521230073e+003 1.46778591154809e-004 208486 138
1.97292414228129e+004 1.73698875159102e+006 6.27182218721011e+000 9.21842097231971e-001 -1.56849396053957e+000 1.73677021637588e+003 1.46778613236492e-004 209509 139
1.97293849117816e+004 1.73701609168784e+006 6.27182228336727e+000 9.73509933774834e-001 -1.56954860362560e+000 1.73682922919196e+003 1.46778620801913e-004 210344 140
1.97215171799863e+004 1.73702772356703e+006 1.13531117450496e-002 7.24326303903317e-001 1.56906922040468e+000 1.73682949925513e+003 1.46778644822639e-004 210367 141
1.97209947648402e+004 1.73701065458984e+006 1.13529225818691e-002 5.50767540513321e-001 1.56600116779077e+000 1.73698231780913e+003 1.46778858873992e-004 211308 142
1.97216479283949e+004 1.73701482255216e+006 1.13532713209097e-002 1.28208258308664e-001 1.39955931348613e+000 1.73730496802387e+003 1.47968347973122e-004 213323 143
1.97226762457205e+004 1.73701309795782e+006 1.13538745189418e-002 4.64156010620441e-001 1.56207022537919e+000 1.92613294084449e+003 1.47969136600561e-004 214072 144
1.97212529258667e+004 1.73702438451032e+006 1.13529814563580e-002 2.29529709768975e-001 1.52084326837977e+000 1.92629609522684e+003 1.48023384333917e-004 215552 145
1.97249042207067e+004 1.73703659866442e+006 1.13550033878568e-002 7.28934598834193e-001 1.56868571382794e+000 1.92673534869407e+003 1.48023416673631e-004 215721 146
1.97209464370010e+004 1.73700485475314e+006 1.13529326669468e-002 3.02621539963988e-001 1.54471655278176e+000 1.92677267299315e+003 1.48034361582397e-004 216134 147
1.97203425600209e+004 1.73699184473667e+006 1.13526700807964e-002 2.61391033661916e-001 1.53484125843074e+000 1.93222274567034e+003 1.48059066684024e-004 218798 148
1.97206490950382e+004 1.73700276763894e+006 1.13527751480211e-002 5.80889309366131e-001 1.56734344080935e+000 1.93422154868780e+003 1.48059181083176e-004 221494 149
1.97213406333730e+004 1.73700864082069e+006 1.13531348342134e-002 7.36930448316904e-001 1.57021974013489e+000 1.93439979723797e+003 1.48059185291638e-004 221992 150
1.97221304564275e+004 1.73702971321131e+006 1.13534517568973e-002 7.00186162907804e-001 1.56858983718375e+000 1.93462760958990e+003 1.48059223147373e-004 222489 151
1.97208987677176e+004 1.73701536800012e+006 1.13528365198013e-002 5.16098513748589e-001 1.56446714148381e+000 1.93470985372411e+003 1.48059602898579e-004 223090 152
1.97291976424097e+004 1.73700950221690e+006 6.27182234808212e+000 9.35331278420362e-001 -1.56945272698141e+000 1.93549940278546e+003 1.48059612166610e-004 224047 153
1.97215970652561e+004 1.73700287852029e+006 1.13533201035572e-002 2.35816522721030e-001 1.52477421079134e+000 1.93551679143743e+003 1.48104749273055e-004 225121 154
1.97207919937286e+004 1.73700219541281e+006 1.13528611444984e-002 3.53068636127812e-001 1.55305782082583e+000 1.93555521667234e+003 1.48109057752794e-004 225494 155
1.97250027448393e+004 1.73703756063765e+006 1.13550538123044e-002 7.07052827539903e-001 1.56830220725120e+000 1.93556106589193e+003 1.48109102566512e-004 225670 156
1.97209489951914e+004 1.73699730526329e+006 1.13529834783935e-002 8.11181981872005e-002 1.06101888286996e+000 1.93601358730669e+003 1.58951783398783e-004 226777 157
1.97244698828001e+004 1.73703498922399e+006 1.13547638945362e-002 7.57774590289010e-001 1.56916509704886e+000 2.00276328123486e+003 1.58951803302794e-004 230186 158
1.97203174390103e+004 1.73699016972367e+006 1.13526665669383e-002 6.78426465651418e-001 1.57021974013489e+000 2.00313000801325e+003 1.58951808351215e-004 231641 159
1.97207580538307e+004 1.73699908657385e+006 1.13528619249599e-002 1.78228095339824e-001 1.48642355311747e+000 2.00319625315389e+003 1.59159761422938e-004 232436 160
1.97211049340186e+004 1.73700693360724e+006 1.13530103163357e-002 2.20648823511460e-001 1.51729583254494e+000 2.04300757736477e+003 1.59225408317616e-004 238417 161
1.97212982236138e+004 1.73700581147863e+006 1.13531289130177e-002 2.69417401654103e-001 1.53656703802606e+000 2.04322418962573e+003 1.59246848929717e-004 239316 162
1.97202872554730e+004 1.73699020205988e+006 1.13526489809335e-002 5.34989471114231e-001 1.56648055101169e+000 2.05509136204096e+003 1.59247042727496e-004 242538 163
1.97288254027934e+004 1.73700875639722e+006 6.27182255747748e+000 8.08526871547594e-001 -1.57050737006745e+000 2.05509181167505e+003 1.59247043900860e-004 242677 164
1.97211784813355e+004 1.73701187163887e+006 1.13530203802456e-002 1.34342478713340e-001 1.41595421964171e+000 2.05510257988900e+003 1.60180222295967e-004 242931 165
1.97207528367018e+004 1.73700951933081e+006 1.13527907405895e-002 6.27765739921262e-001 1.56820633060701e+000 2.15837654959653e+003 1.60180284023228e-004 245023 166
1.97216964080246e+004 1.73700469955225e+006 1.13533653866711e-002 6.47328104495376e-001 1.56887746711631e+000 2.15849483630781e+003 1.60180320244084e-004 245323 167
1.97208404272158e+004 1.73701515909468e+006 1.13528043027438e-002 2.60597552415540e-001 1.53340310876797e+000 2.15851827563486e+003 1.60206726367456e-004 245959 168
1.97220271898708e+004 1.73701518412953e+006 1.13534872705811e-002 3.04269539475692e-001 1.54452479949339e+000 2.15851829418773e+003 1.60217663617413e-004 245987 169
1.97203106427031e+004 1.73699163118414e+006 1.13526531037306e-002 2.05816827906125e-001 1.50933807107761e+000 2.16049482206713e+003 1.60311985863871e-004 247225 170
1.97202964201569e+004 1.73699105365902e+006 1.13526486910226e-002 3.59263893551439e-001 1.55440009384442e+000 2.16057229563455e+003 1.60315658720621e-004 247488 171
1.97218925992266e+004 1.73701031695263e+006 1.13534416067109e-002 6.76656392101810e-001 1.56916509704886e+000 2.16285907527490e+003 1.60315684254611e-004 248210 172
1.97290344361711e+004 1.73699976262572e+006 6.27182237835029e+000 9.47325052644429e-001 -1.56887746711631e+000 2.16289768499558e+003 1.60315699926981e-004 249500 173
1.97216690012437e+004 1.73703587055580e+006 1.13531458928552e-002 3.33780938138981e-001 1.54864749519333e+000 2.16611848880394e+003 1.60322563014615e-004 250306 174
1.97221271221197e+004 1.73703786005408e+006 1.13533965936113e-002 8.37733085116123e-002 1.10617678228095e+000 2.16620581088438e+003 1.69832323033073e-004 251540 175
1.97209388149614e+004 1.73700873009746e+006 1.13529029527610e-002 5.84765160069582e-001 1.56715168752098e+000 2.16699936120605e+003 1.69832445631643e-004 254342 176
1.97290668621583e+004 1.73699339741371e+006 6.27182231806840e+000 8.25952940458388e-001 -1.56954860362560e+000 2.16712838163631e+003 1.69832456492905e-004 254649 177
1.97226531783353e+004 1.73703350654684e+006 1.13537278544953e-002 3.87859736930448e-001 1.55535886028626e+000 2.16908433091271e+003 1.69835284318492e-004 256405 178
1.97235312748579e+004 1.73703113347299e+006 1.13542488147884e-002 6.82058168279061e-001 1.56820633060701e+000 2.16908481176057e+003 1.69835335749453e-004 256565 179
1.97227249476683e+004 1.73703650801872e+006 1.13537495495577e-002 8.04498428296762e-001 1.56964448026978e+000 2.16910668912461e+003 1.69835345914298e-004 256971 180
1.97216326528538e+004 1.73700319820145e+006 1.13533384995395e-002 1.08249153111362e-001 1.32410439451277e+000 2.17462814901733e+003 1.72633389661648e-004 257752 181
1.97292245970073e+004 1.73700544662473e+006 6.27182230605049e+000 7.93267616809595e-001 -1.57050737006745e+000 2.18417965428031e+003 1.72633390885242e-004 258839 182
1.97239738836350e+004 1.73702626879510e+006 1.13545353860063e-002 6.15070039979247e-001 1.56705581087680e+000 2.18499865299018e+003 1.72633505095558e-004 260245 183
1.97222870619163e+004 1.73701047637980e+006 1.13536676283488e-002 6.66829432050539e-001 1.56897334376049e+000 2.18568507413282e+003 1.72633536431235e-004 262383 184
1.97203024971896e+004 1.73698889390502e+006 1.13526663037266e-002 4.39466536454360e-001 1.56178259544664e+000 2.18576033709885e+003 1.72634471615007e-004 263489 185
1.97208155664060e+004 1.73699687617800e+006 1.13529094767585e-002 2.38013855403302e-001 1.52602060716575e+000 2.18927720035378e+003 1.72676889281199e-004 264828 186
1.97216092373862e+004 1.73702285123565e+006 1.13531965780753e-002 3.89202551347392e-001 1.55602999679556e+000 2.18940766603918e+003 1.72679509601477e-004 265552 187
1.97235813560472e+004 1.73702753412884e+006 1.13543011680575e-002 3.86730552079836e-001 1.55555061357463e+000 2.19266511276341e+003 1.72682301247407e-004 268393 188
1.97208501217706e+004 1.73701133114830e+006 1.13528348998369e-002 3.61430707724235e-001 1.55363308069094e+000 2.19275173929706e+003 1.72686190650623e-004 268636 189
1.97203022356665e+004 1.73698908668243e+006 1.13526648933326e-002 5.58244575334941e-001 1.56734344080935e+000 2.19286960012780e+003 1.72686315508034e-004 270434 190
1.97289811164025e+004 1.73702014019025e+006 6.27182254227105e+000 8.79879146702475e-001 -1.57041149342326e+000 2.19291100591737e+003 1.72686317028423e-004 270991 191
1.97210098061587e+004 1.73700336396020e+006 1.13529788870116e-002 4.57258827478866e-001 1.56216610202338e+000 2.19342795356276e+003 1.72687118242113e-004 273735 192
1.97234779863265e+004 1.73703637214405e+006 1.13541839009350e-002 3.75194555497909e-001 1.55392071062349e+000 2.19382197174034e+003 1.72690608474472e-004 275574 193
1.97224697350534e+004 1.73701589718403e+006 1.13537373507215e-002 6.87154759361553e-001 1.56906922040468e+000 2.21177791855257e+003 1.72690635446988e-004 277245 194
1.97204019829723e+004 1.73699301702113e+006 1.13526966254499e-002 3.20352793969543e-001 1.54864749519333e+000 2.21178582144491e+003 1.72698147388143e-004 277961 195
1.97294251453471e+004 1.73701142151414e+006 6.27182222967371e+000 9.08719138157292e-001 -1.56974035691397e+000 2.21965461495523e+003 1.72698154181643e-004 278782 196
1.97246032875085e+004 1.73703490582405e+006 1.13548412300082e-002 8.41395306253243e-002 1.11212113422040e+000 2.21969966755156e+003 1.82028671563398e-004 279533 197
1.97208668270770e+004 1.73702037930881e+006 1.13527853838416e-002 1.62388988921781e-001 1.46676884105960e+000 2.21970416185016e+003 1.82376157408222e-004 279609 198
1.97229394204007e+004 1.73702016997226e+006 1.13539797870869e-002 4.16364024781030e-001 1.55852278954436e+000 2.21972081495975e+003 1.82377855088322e-004 280538 199
1.97203485702731e+004 1.73699479955896e+006 1.13526542299931e-002 7.03268532364879e-001 1.57041149342326e+000 2.21972086288266e+003 1.82377857577286e-004 280575 200
1.97285100340210e+004 1.73700410734812e+006 6.27182270861778e+000 9.23368022705771e-001 -1.56926097369304e+000 2.21988542804562e+003 1.82377869306154e-004 281549 201
1.97217214195821e+004 1.73702331289777e+006 1.13532581355947e-002 5.94195379497665e-001 1.56667230430006e+000 2.21988546541949e+003 1.82378012673458e-004 281610 202
1.97203146193836e+004 1.73699216810245e+006 1.13526518839464e-002 2.14270455030976e-001 1.51451540986358e+000 2.21994796293856e+003 1.82453610141837e-004 282578 203
1.97206511071792e+004 1.73699612666748e+006 1.13528197070494e-002 3.59019745475631e-001 1.55411246391186e+000 2.21994835076992e+003 1.82457388503865e-004 282638 204
1.97217725165709e+004 1.73703172164333e+006 1.13532325931408e-002 4.74379711294900e-001 1.56168671880245e+000 2.21995113801566e+003 1.82458191971542e-004 282741 205
1.97209270755195e+004 1.73700092747318e+006 1.13529471881410e-002 2.77504806665242e-001 1.53905983077486e+000 2.22007865928102e+003 1.82476086843222e-004 283659 206
1.97209691216646e+004 1.73702230569343e+006 1.13528316776925e-002 1.92022461622974e-001 1.49773699713126e+000 2.22103000226744e+003 1.82618514920833e-004 284916 207
1.97202881468900e+004 1.73698878382262e+006 1.13526587626136e-002 2.68745994445631e-001 1.53723817453536e+000 2.22103040724814e+003 1.82639430411257e-004 285041 208
1.97206761177386e+004 1.73700373880459e+006 1.13527843562568e-002 3.30057679982910e-001 1.54970213827937e+000 2.22116037296329e+003 1.82645956187203e-004 287166 209
1.97224511313715e+004 1.73701593505288e+006 1.13537263944606e-002 3.61796929837947e-001 1.55344132740257e+000 2.22122624408288e+003 1.82649903993735e-004 287472 210
1.97208486164242e+004 1.73700442259368e+006 1.13528791828494e-002 4.94705038605914e-001 1.56408363490707e+000 2.22507606762685e+003 1.82650360594507e-004 287830 211
1.97229765767722e+004 1.73703222095400e+006 1.13539224114888e-002 1.40293588061159e-001 1.42851406002991e+000 2.22508714960216e+003 1.83403334085616e-004 288052 212
1.97226821232919e+004 1.73702930208418e+006 1.13537719950564e-002 3.47514267403180e-001 1.55094853465377e+000 2.22533904652997e+003 1.83408638825924e-004 289131 213
1.97216649172085e+004 1.73702947238977e+006 1.13531853565274e-002 6.62068544572283e-001 1.56791870067446e+000 2.22681444970633e+003 1.83408703484532e-004 291065 214
1.97209349232140e+004 1.73702613468166e+006 1.13527869690003e-002 5.48478652302622e-001 1.56513827799310e+000 2.22820957318217e+003 1.83408982681954e-004 292251 215
1.97208372087909e+004 1.73703152268906e+006 1.13526955109742e-002 3.58806115909299e-001 1.55229080767235e+000 2.22830104667338e+003 1.83413421424886e-004 292526 216
