5.12270315894847e+004 1.73636280971199e+006 2.94939378108528e-002 2.88430433057650e-001 1.49649060075686e+000 5.64056156825302e-004 5.96841472718732e-008 255 1
5.12283547187862e+004 1.73636690140853e+006 2.94946296970896e-002 1.43253883480331e-001 1.18891832621235e+000 4.06284481402857e-002 2.53255698273601e-006 916 2
5.12333087289634e+004 1.73638211817320e+006 6.25368277804583e+000 9.12350840784936e-001 -1.56561766121403e+000 3.67586307275395e+002 2.53263643427830e-006 8896 3
5.12291781556894e+004 1.73637348620027e+006 2.94949917259947e-002 1.20578630939665e-001 8.32832469710379e-001 3.69393033285408e+002 7.27678361966370e-006 13257 4
5.12288779724225e+004 1.73637198578271e+006 2.94948444689217e-002 4.99557481612598e-001 1.55555061357463e+000 3.81636578371034e+002 7.27837315786320e-006 20596 5
5.12275147894704e+004 1.73636689614215e+006 2.94941464791595e-002 2.84920804467910e-001 1.49418956129643e+000 6.64927838158782e+002 7.34254248307008e-006 33832 6
5.12265380446721e+004 1.73634825045713e+006 2.94939009779005e-002 2.96823023163549e-001 1.50176381618702e+000 7.84054708055188e+002 7.39273230599001e-006 46268 7
5.12295098359230e+004 1.73639015655250e+006 2.94948995721584e-002 3.32804345835749e-001 1.51815872234260e+000 7.84055134673568e+002 7.41866539567506e-006 46309 8
5.12272058626431e+004 1.73635879103364e+006 2.94941063126209e-002 5.38956877346110e-001 1.55996093920713e+000 7.89042045054248e+002 7.41945898749589e-006 47191 9
5.12282620122233e+004 1.73636298445612e+006 2.94946428487942e-002 4.49781792657247e-001 1.54883924848170e+000 8.00618486822042e+002 7.42297233336483e-006 51130 10
5.12306928357531e+004 1.73638191635159e+006 2.94957201715304e-002 7.19199194311350e-001 1.57060324671163e+000 8.02023670001131e+002 7.42297314481281e-006 53882 11
5.12280734999163e+004 1.73636171040953e+006 2.94945560047909e-002 5.70757164220099e-001 1.56264548524430e+000 8.24446634240456e+002 7.42342342786117e-006 57149 12
5.12265878608032e+004 1.73635144929070e+006 2.94938753387551e-002 6.23126926480911e-001 1.56648055101169e+000 8.24558564229046e+002 7.42356198853001e-006 59245 13
5.12358912298398e+004 1.73638467893289e+006 6.25368133552969e+000 7.72179326761681e-001 -1.56916509704886e+000 8.25562767119913e+002 7.42358108480771e-006 60259 14
5.12268122064645e+004 1.73635234251865e+006 2.94939892678686e-002 1.25827814569536e-001 5.83457318185980e-001 8.25649987025339e+002 1.03220130213088e-005 61014 15
5.12355269626684e+004 1.73635965289666e+006 6.25368112021936e+000 7.81060213019196e-001 -1.56839808389538e+000 1.21289117208981e+003 1.03220468959386e-005 70081 16
5.12349312520414e+004 1.73637066477654e+006 6.25368164996922e+000 7.44163335062715e-001 -1.56983623355815e+000 1.22210009002833e+003 1.03220559901588e-005 76056 17
5.12267661789032e+004 1.73635778807879e+006 2.94938703374840e-002 1.90984832300790e-001 1.37856232840968e+000 1.57854334013776e+003 1.09015466171132e-005 83689 18
5.12346036341773e+004 1.73636940663508e+006 6.25368181712334e+000 7.97021393475143e-001 -1.56811045396283e+000 1.57992963785410e+003 1.09015852448390e-005 87486 19
5.12323086355921e+004 1.73639224601689e+006 2.94964745461512e-002 1.33060701315348e-001 1.10013655369732e+000 1.58050232778490e+003 1.43697121958946e-005 88832 20
5.12271350407071e+004 1.73636364679744e+006 2.94939831277576e-002 2.24433118686483e-001 1.43743058793908e+000 1.58827428597505e+003 1.46139855914140e-005 91460 21
5.12286824855537e+004 1.73639064441116e+006 2.94944152273261e-002 3.25663014618366e-001 1.51518654637288e+000 1.58827431857690e+003 1.46435426866236e-005 91484 22
5.12285001876560e+004 1.73638807451283e+006 2.94943539589591e-002 5.27085177159947e-001 1.55823515961180e+000 1.59160458343149e+003 1.46445900725362e-005 92346 23
5.12272043394707e+004 1.73636067326328e+006 2.94940734828405e-002 1.23325296792505e-001 9.48267949308756e-001 1.59183404244843e+003 1.92836940495351e-005 92826 24
5.12358312723420e+004 1.73639366707333e+006 2.94984773642969e-002 2.12347788933988e-001 1.41892639561144e+000 1.59328501235295e+003 1.96153759021309e-005 95080 25
5.12347948334626e+004 1.73637735923699e+006 6.25368184212844e+000 9.12564470351268e-001 -1.56552178456984e+000 1.59438115405935e+003 1.96154576036516e-005 98660 26
5.12277172807247e+004 1.73639150115133e+006 2.94938452983469e-002 1.54637287514878e-001 1.25545671727653e+000 2.08956521557122e+003 2.13265660020705e-005 112300 27
5.12263765589772e+004 1.73634508948511e+006 2.94938617173166e-002 5.63158055360576e-001 1.56235785531175e+000 2.10437536755329e+003 2.13270553426460e-005 118112 28
5.12280704429999e+004 1.73637917774192e+006 2.94942577135259e-002 3.34910122989593e-001 1.51921336542863e+000 2.11622616453884e+003 2.13518590850590e-005 119903 29
5.12281568314473e+004 1.73637478105393e+006 2.94943820617813e-002 3.17026276436659e-001 1.51163911053804e+000 2.27306314460276e+003 2.13862851442570e-005 123945 30
5.12356969947927e+004 1.73636085672031e+006 6.25368104281992e+000 9.47386089663381e-001 -1.56456301812799e+000 2.27306882340831e+003 2.13863826159729e-005 124013 31
5.12272107223924e+004 1.73635460326708e+006 2.94941802020999e-002 5.90594195379498e-001 1.56427538819544e+000 2.27307705865583e+003 2.13866782541024e-005 124978 32
5.12267876762285e+004 1.73635490314155e+006 2.94939316828107e-002 6.86361278115177e-001 1.56974035691397e+000 2.27321150328995e+003 2.13866908498156e-005 125101 33
5.12299761309658e+004 1.73639086023252e+006 2.94951559352722e-002 5.46830652790918e-001 1.56005681585131e+000 2.27726109169502e+003 2.13874490258243e-005 126927 34
5.12274633413826e+004 1.73635731425371e+006 2.94942795407163e-002 5.70879238258003e-001 1.56274136188849e+000 2.29134885621179e+003 2.13878909260927e-005 131323 35
5.12264457404600e+004 1.73634648093956e+006 2.94938779040345e-002 3.66801965392010e-001 1.53081443937498e+000 2.29167640738008e+003 2.14016769966903e-005 132590 36
5.12296676168306e+004 1.73638986037711e+006 2.94949953883616e-002 2.38502151554918e-001 1.45420900067141e+000 2.38288621216699e+003 2.15777766191416e-005 143511 37
5.12298848033207e+004 1.73638153937553e+006 2.94952616220064e-002 6.21784112063967e-001 1.56580941450240e+000 2.41768535607236e+003 2.15779508180603e-005 146632 38
5.12331250639081e+004 1.73637996610598e+006 6.25368284719090e+000 8.68923001800592e-001 -1.56648055101169e+000 2.41804947692290e+003 2.15780174909786e-005 150775 39
5.12344845059599e+004 1.73636877839632e+006 6.25368187500473e+000 8.03277687917722e-001 -1.56791870067446e+000 2.42229293468091e+003 2.15780597489164e-005 156637 40
5.12290243196257e+004 1.73637702408961e+006 2.94948431454865e-002 2.19367046113468e-001 1.43004808633686e+000 2.42577399655625e+003 2.18553974980345e-005 158613 41
5.12293876793302e+004 1.73637503769273e+006 2.94950859491274e-002 1.89001129184851e-001 1.37357674291208e+000 2.44535044200657e+003 2.24691013119034e-005 163798 42
5.12348984882980e+004 1.73637033102978e+006 6.25368166315533e+000 7.43980224005859e-001 -1.56983623355815e+000 2.44541773747767e+003 2.24691104110486e-005 164563 43
5.12274458084193e+004 1.73637962199760e+006 2.94938907507062e-002 4.93606372264779e-001 1.55468772377697e+000 2.45061117004416e+003 2.24708871284573e-005 168496 44
5.12353281226250e+004 1.73634745824098e+006 6.25368102758066e+000 9.43327127903073e-001 -1.56437126483963e+000 2.45070769576385e+003 2.24709902553173e-005 169005 45
5.12295103019478e+004 1.73638568618275e+006 2.94949757316604e-002 7.09128086184271e-001 1.57012386349071e+000 2.45615830077743e+003 2.24709960715111e-005 177655 46
5.12329808247046e+004 1.73638808974506e+006 6.25368306810868e+000 8.71730704672384e-001 -1.56657642765587e+000 2.46707816446352e+003 2.24710600058932e-005 179748 47
5.12357840528524e+004 1.73638507403075e+006 6.25368140390845e+000 9.64110232856227e-001 -1.56475477141636e+000 2.46905302941224e+003 2.24711493630794e-005 185062 48
5.12265569877644e+004 1.73634828029668e+006 2.94939113715781e-002 2.91573839533677e-001 1.49869576357311e+000 2.51782747559158e+003 2.25268606677492e-005 191657 49
5.12330286622998e+004 1.73638143040811e+006 6.25368292752201e+000 8.33918271431623e-001 -1.56734344080935e+000 2.51803292588573e+003 2.25269123042226e-005 193023 50
5.12351712238041e+004 1.73637571084514e+006 6.25368159756199e+000 7.97967467268899e-001 -1.56820633060701e+000 2.51817974726556e+003 2.25269487178836e-005 193652 51
5.12272707226270e+004 1.73637359347172e+006 2.94938923448659e-002 5.22415845210120e-001 1.55804340632344e+000 2.52047326018870e+003 2.25280421100622e-005 195135 52
5.12299521492446e+004 1.73638662013798e+006 2.94952141186651e-002 1.80333872493667e-001 1.35104573152867e+000 2.52047552001729e+003 2.33131101808210e-005 195522 53
5.12270241453051e+004 1.73635486351430e+006 2.94940684241667e-002 1.20853297524949e-001 7.28422804193243e-001 2.53201198325919e+003 2.75494226597860e-005 199498 54
5.12279868578780e+004 1.73638424563970e+006 2.94941235844327e-002 1.77373577074496e-001 1.34260858684042e+000 2.53349243799785e+003 2.84043475666450e-005 203791 55
5.12266296657181e+004 1.73634901106439e+006 2.94939407861997e-002 2.27027191991943e-001 1.44116977706229e+000 2.62217802609565e+003 2.86330256229092e-005 207437 56
5.12285334821217e+004 1.73638915059739e+006 2.94943548490218e-002 5.59678945280312e-001 1.56120733558153e+000 2.93488986253792e+003 2.86336301969209e-005 214465 57
5.12267056500083e+004 1.73635772986467e+006 2.94938364963626e-002 3.14279610583819e-001 1.51068034409619e+000 3.13640335579903e+003 2.86695825926293e-005 219852 58
5.12284516464448e+004 1.73637564441883e+006 2.94945370449256e-002 1.59123508407849e-001 1.27683720892972e+000 3.18651609086516e+003 3.01524903066632e-005 235554 59
5.12295951600014e+004 1.73637854240170e+006 2.94951458372629e-002 4.44074831385235e-001 1.54759285210730e+000 3.18685192471333e+003 3.01564240290545e-005 239566 60
5.12268131782699e+004 1.73635217978194e+006 2.94939925897361e-002 6.00939970091861e-001 1.56504240134892e+000 3.19688275734462e+003 3.01566584226951e-005 242130 61
5.12360528823845e+004 1.73637172989309e+006 6.25368102265329e+000 9.59990234076968e-001 -1.56456301812799e+000 3.19717104622714e+003 3.01567531011205e-005 244172 62
5.12282931551219e+004 1.73638507505600e+006 2.94942857501598e-002 6.19769890438551e-001 1.56561766121403e+000 3.19718794619491e+003 3.01569391175991e-005 244527 63
5.12281220341467e+004 1.73638749391294e+006 2.94941462229804e-002 2.85103915524766e-001 1.49390193136387e+000 3.19881992115287e+003 3.02213769764622e-005 248393 64
5.12278553518924e+004 1.73637617243289e+006 2.94941849665651e-002 6.97897274697104e-001 1.56983623355815e+000 3.19933584981146e+003 3.02213874500229e-005 249950 65
5.12266978715445e+004 1.73635283777708e+006 2.94939150697194e-002 2.52296517838069e-001 1.46906988052004e+000 3.22620726830884e+003 3.03489527477809e-005 254569 66
5.12275865937208e+004 1.73636032551421e+006 2.94942993417274e-002 4.71022675252541e-001 1.55209905438398e+000 3.61780264392399e+003 3.03514310764892e-005 259783 67
5.12291464202732e+004 1.73638980012727e+006 2.94946965112099e-002 3.42509231849116e-001 1.52189791146580e+000 3.61918521021488e+003 3.03732028092396e-005 267087 68
5.12268319545158e+004 1.73635158749900e+006 2.94940134487472e-002 5.36454359569079e-001 1.55986506256294e+000 3.85508346402502e+003 3.03740155663501e-005 267561 69
5.12296033743591e+004 1.73639004471152e+006 2.94949552934590e-002 1.69408246101260e-001 1.31691364619892e+000 3.85509317624481e+003 3.14567635030177e-005 268107 70
5.12264849078743e+004 1.73634789247047e+006 2.94938764791885e-002 4.93240150151067e-001 1.55526298364208e+000 3.85511827286770e+003 3.14584460150927e-005 269344 71
5.12283166918602e+004 1.73636350597793e+006 2.94946654586352e-002 4.93392742698447e-001 1.55497535370952e+000 3.87011365994525e+003 3.14601756676764e-005 271537 72
5.12293136549380e+004 1.73638505218547e+006 2.94948733424496e-002 6.07715079195532e-001 1.56485064806055e+000 3.87038935308765e+003 3.14604162706279e-005 272824 73
5.12311354008179e+004 1.73639371122499e+006 2.94957745852300e-002 6.14825891903439e-001 1.56513827799310e+000 4.25220503726398e+003 3.14606334447531e-005 276725 74
5.12346344424780e+004 1.73636191676840e+006 6.25368167222797e+000 8.70357371745964e-001 -1.56609704443495e+000 4.27052532033254e+003 3.14607092522078e-005 278676 75
5.12297478247622e+004 1.73637533809033e+006 2.94952880811697e-002 6.46259956663716e-001 1.56734344080935e+000 4.27347535027417e+003 3.14607997279817e-005 283784 76
5.12269247506197e+004 1.73636032990343e+006 2.94939184317863e-002 5.07553331095309e-001 1.55670113330485e+000 4.27423950205010e+003 3.14621595725212e-005 285491 77
5.12290023140630e+004 1.73638544273228e+006 2.94946875642542e-002 4.83870967741935e-001 1.55334545075838e+000 4.28241292315286e+003 3.14642597828307e-005 287290 78
5.12337547351344e+004 1.73637490650045e+006 6.25368239896920e+000 7.28171636097293e-001 -1.57050737006745e+000 4.67944270814098e+003 3.14642612600548e-005 290202 79
5.12355146114347e+004 1.73636415643627e+006 6.25368120379216e+000 8.94833216345714e-001 -1.56561766121403e+000 4.67944288688534e+003 3.14643441736693e-005 290235 80
5.12348307407318e+004 1.73636630288460e+006 6.25368163374562e+000 8.69899594103824e-001 -1.56619292107913e+000 4.68851533819227e+003 3.14644176812221e-005 296049 81
5.12265216379377e+004 1.73634900208224e+006 2.94938787773122e-002 1.27170628986480e-001 1.02487338801233e+000 4.69587030133275e+003 3.56394278219503e-005 305852 82
5.12343766842589e+004 1.73636631925226e+006 6.25368189529414e+000 9.26511429181799e-001 -1.56504240134892e+000 4.70159345226955e+003 3.56395182498631e-005 310387 83
5.12273295000844e+004 1.73636508835739e+006 2.94940705503715e-002 5.75273903622547e-001 1.56293311517685e+000 4.71008626862058e+003 3.56399368449774e-005 317864 84
5.12281525136351e+004 1.73636388312654e+006 2.94945645852721e-002 4.44074831385235e-001 1.54788048203986e+000 4.71858847739414e+003 3.56437958320158e-005 328901 85
5.12277133390229e+004 1.73636707157227e+006 2.94942577492500e-002 1.24057741019929e-001 9.65621621906186e-001 4.71943373377111e+003 4.02022771582711e-005 331236 86
5.12265631367025e+004 1.73634962753706e+006 2.94938920386296e-002 4.15265358439894e-001 1.54279901989807e+000 4.72363065716346e+003 4.02083608325262e-005 341855 87
5.12277949708023e+004 1.73639270909214e+006 2.94938694958416e-002 6.35151219214454e-001 1.56638467436750e+000 4.72373606470613e+003 4.02084982931078e-005 342948 88
5.12354027720064e+004 1.73634764391768e+006 6.25368098777853e+000 8.93154698324534e-001 -1.56533003128147e+000 4.72373629949853e+003 4.02085888274044e-005 343005 89
5.12272644372634e+004 1.73636203680764e+006 2.94940849161532e-002 2.37495040742210e-001 1.45363374080630e+000 4.74228542123743e+003 4.03876071990581e-005 348619 90
5.12347400759602e+004 1.73638740484754e+006 6.25368204419453e+000 8.62666707358013e-001 -1.56676818094424e+000 4.74228769823984e+003 4.03876680677392e-005 348823 91
5.12353330917099e+004 1.73639313191626e+006 2.94981997946075e-002 6.55354472487564e-001 1.71139809869686e-002 4.75848275684055e+003 4.03877023233989e-005 352480 92
5.12277339732587e+004 1.73635908624580e+006 2.94944051847687e-002 1.56895657216102e-001 1.26705779122288e+000 4.82823706526212e+003 4.19762390471354e-005 364783 93
5.12353686162482e+004 1.73638431834931e+006 6.25368163012369e+000 8.28669087801752e-001 -1.56753519409772e+000 4.82828146050325e+003 4.19762869640628e-005 366003 94
5.12336824195628e+004 1.73637854466903e+006 6.25368250234970e+000 7.86828211310160e-001 -1.56858983718375e+000 4.83391519671471e+003 4.19763162504367e-005 371998 95
5.12340586710444e+004 1.73637281019304e+006 6.25368218848923e+000 7.27103488265633e-001 -1.57050737006745e+000 4.83648331266984e+003 4.19763177324393e-005 373679 96
5.12272596734450e+004 1.73637008349510e+006 2.94939455727318e-002 6.90816980498672e-001 1.56964448026978e+000 4.92813114538229e+003 4.19763319445172e-005 377574 97
5.12270688463218e+004 1.73635949632050e+006 2.94940154979539e-002 4.14807580797754e-001 1.54251138996551e+000 4.92838593503311e+003 4.19825267674834e-005 379522 98
5.12279548339530e+004 1.73637326276567e+006 2.94942916049542e-002 3.01156651509140e-001 1.50368134907071e+000 4.92843087667301e+003 4.20291301705101e-005 380071 99
5.12272085433936e+004 1.73636095943142e+006 2.94940710437721e-002 2.60200811792352e-001 1.47597299890133e+000 4.92900482167745e+003 4.21366321619318e-005 382021 100
5.12273217674296e+004 1.73635771024942e+006 2.94941913540096e-002 4.87105929746391e-001 1.55430421720023e+000 4.92901130814647e+003 4.21385290792956e-005 382461 101
5.12307515425695e+004 1.73638589235911e+006 2.94956864512372e-002 5.45762504959258e-001 1.56005681585131e+000 4.93122037969245e+003 4.21392905236663e-005 385435 102
5.12263754495110e+004 1.73634599498279e+006 2.94938457068903e-002 6.18274483474227e-001 1.56628879772332e+000 4.93270043124249e+003 4.21394413196369e-005 386486 103
5.12300026095680e+004 1.73638905395992e+006 2.94952018356836e-002 1.32084109012116e-001 4.95250805536058e-001 4.93313234306945e+003 4.41250796581792e-005 388860 104
5.12347601707462e+004 1.73638055512909e+006 6.25368191633499e+000 8.33277382732627e-001 -1.56734344080935e+000 5.34186216675310e+003 4.41251313820649e-005 398272 105
5.12270765739602e+004 1.73635287299393e+006 2.94941323844164e-002 6.17358928189947e-001 1.56609704443495e+000 5.34186286285725e+003 4.41252927672439e-005 398483 106
5.12286351188784e+004 1.73637371307804e+006 2.94946754044510e-002 3.89446699423200e-001 1.53647116138188e+000 5.34202364969634e+003 4.41348657108886e-005 399447 107
5.12349969557111e+004 1.73635317972672e+006 6.25368131528646e+000 7.42667928098392e-001 -1.56954860362560e+000 5.34206675907739e+003 4.41348794334023e-005 400810 108
5.12279155176362e+004 1.73637467231494e+006 2.94942450529758e-002 6.04632709738456e-001 1.56485064806055e+000 5.34282141631723e+003 4.41351227430750e-005 402730 109
5.12292966940298e+004 1.73637747996069e+006 2.94949921335231e-002 6.63533433027131e-001 1.56820633060701e+000 5.34469386453078e+003 4.41351773859537e-005 405573 110
5.12335748082560e+004 1.73637778840612e+006 6.25368255143048e+000 8.27417828913236e-001 -1.56743931745354e+000 5.36143280734679e+003 4.41352276732700e-005 408891 111
5.12354448298709e+004 1.73635028184676e+006 6.25368100836763e+000 7.54753257850887e-001 -1.56906922040468e+000 5.36215748612156e+003 4.41352496149815e-005 409529 112
5.12285063772804e+004 1.73637021660372e+006 2.94946606829031e-002 1.71391949217200e-001 1.32410439451277e+000 5.36221802490286e+003 4.51533942964628e-005 412119 113
5.12277900925462e+004 1.73635865536221e+006 2.94944447916600e-002 3.50779747917112e-001 1.52544534730064e+000 5.46707543048848e+003 4.51718200281159e-005 419549 114
5.12348596606350e+004 1.73638847615074e+006 6.25368199357352e+000 8.17194128238777e-001 -1.56791870067446e+000 5.46726255799937e+003 4.51718607190187e-005 420485 115
5.12277323542308e+004 1.73637197759727e+006 2.94941854047328e-002 2.27973265785699e-001 1.44193679021577e+000 5.87633932779580e+003 4.53965364564017e-005 426775 116
5.12319478180756e+004 1.73639029923107e+006 2.94962999807519e-002 1.98156682027650e-001 1.39332733161412e+000 5.87650271827823e+003 4.58759181135597e-005 427218 117
5.12269086902290e+004 1.73635104246877e+006 2.94940668566042e-002 5.23728141117588e-001 1.55861866618854e+000 5.87650625551544e+003 4.58769306247359e-005 427677 118
5.12266865763006e+004 1.73635205233792e+006 2.94939219040608e-002 4.06903286843471e-001 1.54097736365856e+000 5.87659607526978e+003 4.58839383906715e-005 429352 119
5.12269311633440e+004 1.73635862010372e+006 2.94939511477242e-002 6.25446333201086e-001 1.56648055101169e+000 5.87663580813215e+003 4.58840758234098e-005 429896 120
5.12309074162242e+004 1.73638871231528e+006 2.94957282677815e-002 3.27158421582690e-001 1.51585768288217e+000 5.87664027263722e+003 4.59128043785380e-005 429940 121
5.12343821044784e+004 1.73637559378766e+006 6.25368204964268e+000 8.48750267036958e-001 -1.56686405758843e+000 5.92620167737107e+003 4.59128651506601e-005 434594 122
5.12300493504539e+004 1.73637592022271e+006 2.94954516996802e-002 1.95196386608478e-001 1.38747885631886e+000 5.92621948828274e+003 4.64308071172392e-005 435334 123
5.12299355981015e+004 1.73639382379499e+006 2.94950823012494e-002 2.09265419476913e-001 1.41384493346965e+000 5.93026390860790e+003 4.67894995688647e-005 442918 124
5.12279608392234e+004 1.73637109220867e+006 2.94943319085323e-002 1.98431348612934e-001 1.39428609805597e+000 6.00467029813183e+003 4.72638894760155e-005 448127 125
5.12263853972122e+004 1.73634528220778e+006 2.94938635313043e-002 6.46015808587909e-001 1.56791870067446e+000 6.02055280256657e+003 4.72639577221296e-005 452004 126
5.12269147803386e+004 1.73635893332751e+006 2.94939364033024e-002 4.95010223700674e-001 1.55526298364208e+000 6.02264357177893e+003 4.72656270265574e-005 455705 127
5.12277543753474e+004 1.73639308190422e+006 2.94938398081820e-002 1.51860103152562e-001 1.24107522064882e+000 6.02311802616195e+003 4.91361657962787e-005 456127 128
5.12280136983527e+004 1.73638324160468e+006 2.94941560732829e-002 2.60719626453444e-001 1.47597299890133e+000 6.02405470432696e+003 4.92431977215983e-005 459046 129
5.12324137170797e+004 1.73639061594000e+006 6.25368343731485e+000 8.61171300393689e-001 -1.56686405758843e+000 6.10984779296283e+003 4.92432565820010e-005 461408 130
5.12280149782181e+004 1.73638864058041e+006 2.94940651563388e-002 2.74452955717643e-001 1.48661530640584e+000 6.11020672084231e+003 4.93234275519332e-005 465298 131
5.12352380763816e+004 1.73636515807357e+006 6.25368137992126e+000 8.18109683523057e-001 -1.56743931745354e+000 6.13984859198694e+003 4.93234791065794e-005 479839 132
5.12353307680091e+004 1.73634555049339e+006 6.25368099366631e+000 9.69786675618763e-001 -1.56389188161870e+000 6.22228113513074e+003 4.93235875896474e-005 487218 133
5.12281956068399e+004 1.73636427915723e+006 2.94945826585235e-002 3.95367290261544e-001 1.53810106433302e+000 6.25122817390486e+003 4.93321838353000e-005 495377 134
5.12267921481812e+004 1.73635272478081e+006 2.94939712365446e-002 1.51005584887234e-001 1.23733603152562e+000 6.30712558660225e+003 5.12493615258424e-005 498120 135
5.12280189905495e+004 1.73637892351387e+006 2.94942324230873e-002 2.18085268715476e-001 1.42813055345317e+000 6.31921939462283e+003 5.15357407412895e-005 503408 136
5.12343027710046e+004 1.73636328105607e+006 6.25368188624068e+000 8.71547593615528e-001 -1.56609704443495e+000 6.31979951558017e+003 5.15358163211740e-005 503975 137
5.12282023166462e+004 1.73636534564223e+006 2.94945684142173e-002 2.74483474227119e-001 1.48709468962676e+000 6.41673490278907e+003 5.16152911298443e-005 508429 138
5.12348653377684e+004 1.73635741979717e+006 6.25368146301377e+000 8.53999450666829e-001 -1.56638467436750e+000 6.42853812876872e+003 5.16153627938658e-005 515745 139
5.12355079646327e+004 1.73635345917646e+006 6.25368102598721e+000 8.13226722006897e-001 -1.56734344080935e+000 6.42927268950055e+003 5.16154173649574e-005 516934 140
5.12299292269444e+004 1.73638013902588e+006 2.94953109572375e-002 5.65691091647084e-001 1.56187847209082e+000 6.81437649945372e+003 5.16159451666036e-005 522659 141
5.12354176122747e+004 1.73638696743930e+006 6.25368164690860e+000 9.84618671224097e-001 -1.56446714148381e+000 6.88909733711978e+003 5.16160368564305e-005 530116 142
5.12303821237854e+004 1.73638246593273e+006 2.94955320547838e-002 3.88988921781060e-001 1.53618353144932e+000 6.89116070666620e+003 5.16257578449380e-005 532844 143
5.12269461810182e+004 1.73635766158103e+006 2.94939760612801e-002 4.13708914456618e-001 1.54231963667714e+000 6.89116151832188e+003 5.16320538254781e-005 533025 144
5.12309198703377e+004 1.73638531800215e+006 2.94957930592536e-002 2.28186895352031e-001 1.44193679021577e+000 6.89385828281061e+003 5.18562670694929e-005 537321 145
5.12353254246468e+004 1.73634666991185e+006 6.25368101574790e+000 8.37488937040315e-001 -1.56657642765587e+000 6.89927148285338e+003 5.18563368962149e-005 543155 146
5.12269947330995e+004 1.73635526503225e+006 2.94940446835421e-002 4.72365489669485e-001 1.55238668431654e+000 6.92474462166994e+003 5.18587416075925e-005 547049 147
5.12283095688323e+004 1.73638564774980e+006 2.94942854725922e-002 4.89913632618183e-001 1.55411246391186e+000 6.94270134935114e+003 5.18606483891829e-005 549107 148
5.12284401122805e+004 1.73636897627142e+006 2.94946436096868e-002 1.88665425580615e-001 1.37290560640278e+000 6.94702294743646e+003 5.24795658269339e-005 550019 149
5.12278111280057e+004 1.73636931121687e+006 2.94942759974342e-002 2.45948667867061e-001 1.46255026871548e+000 6.94999499457213e+003 5.26273135098846e-005 554689 150
5.12293833208877e+004 1.73637470745095e+006 2.94950890476576e-002 1.37882625812555e-001 1.14702023270363e+000 6.95034358109288e+003 5.55829298346942e-005 555746 151
5.12300713737517e+004 1.73638280678451e+006 2.94953474598090e-002 4.18469801934874e-001 1.54279901989807e+000 6.95052903360945e+003 5.55889114906260e-005 557597 152
5.12352428684916e+004 1.73635092157959e+006 6.25368113544229e+000 9.58616901150548e-001 -1.56417951155126e+000 6.95053902539368e+003 5.55890156742051e-005 558400 153
5.12342755092456e+004 1.73638655266355e+006 6.25368229704116e+000 8.34101382488479e-001 -1.56743931745354e+000 7.03590865646548e+003 5.55890650792995e-005 564763 154
5.12265903706450e+004 1.73634862176679e+006 2.94939247838616e-002 2.44331186864834e-001 1.46130387234107e+000 7.03592530079793e+003 5.57414956973153e-005 565220 155
5.12297784667694e+004 1.73638942325305e+006 2.94950665930270e-002 2.08594012268441e-001 1.41279029038362e+000 7.15942118971186e+003 5.61061290116023e-005 568160 156
5.12349400547699e+004 1.73639358779611e+006 6.25368203410103e+000 9.80315561387982e-001 -1.56465889477218e+000 7.15947476482447e+003 5.61062172790344e-005 568835 157
5.12300049157290e+004 1.73637880930097e+006 2.94953770838581e-002 4.72243415631581e-001 1.55190730109561e+000 7.15960659368382e+003 5.61087205862271e-005 570723 158
5.12269139461336e+004 1.73635728777961e+006 2.94939638585182e-002 5.69658497878964e-001 1.56264548524430e+000 7.38710512250694e+003 5.61091727820415e-005 588900 159
5.12276670527798e+004 1.73637934679588e+006 2.94940227287908e-002 3.04971465193640e-001 1.50559888195441e+000 7.47548453610106e+003 5.61525724984025e-005 591701 160
5.12277074487342e+004 1.73638077964567e+006 2.94940216488571e-002 1.47038178655354e-001 3.71282304605243e-001 7.50802236514028e+003 5.70612161167533e-005 599731 161
5.12313476812689e+004 1.73638750568799e+006 2.94960020844454e-002 3.92101809747612e-001 1.53685466795862e+000 7.50977248121504e+003 5.70704863677233e-005 602397 162
5.12288983033276e+004 1.73638678497605e+006 2.94946049292184e-002 2.81289101840266e-001 1.49140913861507e+000 7.50977496847081e+003 5.71400942363851e-005 602508 163
5.12274145841997e+004 1.73637656227110e+006 2.94939247259678e-002 5.13016144291513e-001 1.55698876323740e+000 7.51059051312366e+003 5.71413808033152e-005 605967 164
5.12349057287329e+004 1.73636871806771e+006 6.25368163160314e+000 9.45188756981109e-001 -1.56475477141636e+000 7.51437995760368e+003 5.71414741432308e-005 607643 165
5.12353565795764e+004 1.73634752219634e+006 6.25368101229186e+000 8.12494277779473e-001 -1.56724756416517e+000 7.51440704250551e+003 5.71415311961864e-005 608752 166
5.12272414531165e+004 1.73635886709197e+006 2.94941255007917e-002 6.71681875057222e-001 1.56897334376049e+000 7.51440718247817e+003 5.71415620359884e-005 608768 167
5.12284969989061e+004 1.73639337176881e+006 2.94942621971911e-002 1.60893581957457e-001 1.28412383388775e+000 7.51769831665179e+003 5.85468489788526e-005 612052 168
5.12302941517279e+004 1.73639000782981e+006 2.94953533974461e-002 1.63396099734489e-001 1.29447851145970e+000 7.51872557052038e+003 5.98470273593411e-005 615622 169
5.12269747533257e+004 1.73635411756257e+006 2.94940526666485e-002 3.87157811212500e-001 1.53627940809351e+000 7.62327646824993e+003 5.98568082150086e-005 620081 170
5.12359266488900e+004 1.73637369336040e+006 6.25368112862723e+000 9.93194372386852e-001 -1.56408363490707e+000 7.63664461934091e+003 5.98569067574291e-005 622114 171
5.12339962175152e+004 1.73637572366530e+006 6.25368227389149e+000 8.82686849574267e-001 -1.56609704443495e+000 7.63666692253236e+003 5.98569802548360e-005 622366 172
5.12340681167154e+004 1.73636627006795e+006 6.25368207201326e+000 8.22504348887600e-001 -1.56734344080935e+000 7.65538188165758e+003 5.98570334808819e-005 632373 173
5.12358929844833e+004 1.73639284980964e+006 2.94985267497277e-002 1.20731223487045e-001 7.40790891293069e-001 7.72660451635061e+003 6.41756715702027e-005 636533 174
5.12347307614843e+004 1.73636969877753e+006 6.25368174893277e+000 7.60277108066042e-001 -1.56926097369304e+000 7.72851027764289e+003 6.41756895565307e-005 639609 175
5.12277344809063e+004 1.73639041309068e+006 2.94938736662236e-002 6.66646320993683e-001 1.56811045396283e+000 7.72869644234417e+003 6.41757467785292e-005 641534 176
5.12266610266150e+004 1.73635506717663e+006 2.94938560216105e-002 3.93810846278268e-001 1.53790931104465e+000 7.82404554422051e+003 6.41844958920195e-005 645679 177
5.12337345687051e+004 1.73638192356135e+006 6.25368252970962e+000 9.84130375072481e-001 -1.56437126483963e+000 7.83354620297641e+003 6.41845898455506e-005 649822 178
5.12349593580950e+004 1.73636129846288e+006 6.25368147476827e+000 7.47123630481887e-001 -1.56954860362560e+000 7.83384551779591e+003 6.41846033886637e-005 650876 179
5.12272560366891e+004 1.73636539229880e+006 2.94940231186617e-002 1.25370036927396e-001 5.92182092806787e-001 8.24072789728761e+003 6.71731858533285e-005 664677 180
5.12350567622581e+004 1.73636619454306e+006 6.25368150185008e+000 8.15301980651265e-001 -1.56753519409772e+000 8.24682734836012e+003 6.71732355156220e-005 667592 181
5.12273698138671e+004 1.73637013086491e+006 2.94940081448327e-002 1.38889736625263e-001 1.15564913068026e+000 8.24691095506127e+003 7.00309843660451e-005 669002 182
5.12353488751097e+004 1.73634678613063e+006 6.25368100422732e+000 9.77111117893002e-001 -1.56379600497452e+000 8.25662695510525e+003 7.00310933722943e-005 673403 183
5.12266515532181e+004 1.73635002388981e+006 2.94939361866511e-002 2.44636371959594e-001 1.46159150227363e+000 8.26077559630094e+003 7.01825244666226e-005 673739 184
5.12298728331388e+004 1.73637453146953e+006 2.94953737063432e-002 5.16220587786492e-001 1.55737226981414e+000 8.30662478030479e+003 7.01837394975353e-005 680881 185
5.12270650929236e+004 1.73635839855334e+006 2.94940319741919e-002 4.73494674520096e-001 1.55248256096072e+000 8.31131580593743e+003 7.01861124370137e-005 686904 186
5.12350050727957e+004 1.73635307885693e+006 6.25368130890307e+000 8.42524491103855e-001 -1.56657642765587e+000 8.31384704985514e+003 7.01861813488865e-005 688557 187
5.12269350804756e+004 1.73635848538042e+006 2.94939556888046e-002 3.82305368205817e-001 1.53493713507492e+000 8.31384730333741e+003 7.01968412098325e-005 688568 188
5.12267402505174e+004 1.73635137868431e+006 2.94939642253944e-002 2.70729697561571e-001 1.48460189687796e+000 8.31606341350856e+003 7.02824051829862e-005 695579 189
5.12280927246758e+004 1.73636816697947e+006 2.94944574570267e-002 6.10003967406232e-001 1.56533003128147e+000 8.33669880375628e+003 7.02826146520985e-005 700267 190
5.12355799830128e+004 1.73638544540748e+006 6.25368152763734e+000 9.36490981780450e-001 -1.56523415463729e+000 8.35690885205554e+003 7.02826984531898e-005 703720 191
5.12281557224016e+004 1.73637114713105e+006 2.94944431144432e-002 2.67494735557115e-001 1.48172559755242e+000 8.35702745593191e+003 7.03749306465362e-005 704299 192
5.12353561104880e+004 1.73637104928662e+006 6.25368141202871e+000 7.63969847712638e-001 -1.56916509704886e+000 8.35938096520323e+003 7.03749501971778e-005 706930 193
5.12267288975279e+004 1.73635186201339e+006 2.94939494875167e-002 1.46885586107974e-001 1.21327099383526e+000 8.58879675695233e+003 7.25672340934025e-005 716622 194
5.12350146632483e+004 1.73635935706074e+006 6.25368140998195e+000 9.45677053132725e-001 -1.56456301812799e+000 8.60316824230414e+003 7.25673319530726e-005 729768 195
5.12319667096394e+004 1.73639361345855e+006 2.94962545845793e-002 4.42426831873531e-001 1.54701759224219e+000 8.60316857082544e+003 7.25714501586749e-005 729853 196
5.12274354426689e+004 1.73637727607930e+006 2.94939246105157e-002 1.50914029358806e-001 1.23628138843959e+000 8.60319174601715e+003 7.44977309610863e-005 730230 197
5.12281521574589e+004 1.73637033499716e+006 2.94944548502490e-002 3.86150700399792e-001 1.53570414822840e+000 8.61052204690943e+003 7.45078197554868e-005 731517 198
5.12309648771685e+004 1.73638434825978e+006 2.94958354199322e-002 4.74410229804376e-001 1.55209905438398e+000 9.00423374008175e+003 7.45102593182773e-005 735572 199
5.12349477675244e+004 1.73638963404487e+006 6.25368196253528e+000 9.35697500534074e-001 -1.56533003128147e+000 9.00632988538545e+003 7.45103410430668e-005 738507 200
