6.33309094458402e+004 1.73599011212407e+006 3.64649753835524e-002 6.47875129543379e-001 1.56667230430006e+000 5.21018447628743e-005 9.68826751629598e-008 848 1
6.33285478047938e+004 1.73595262255628e+006 3.64644035606001e-002 6.65517649059196e-001 1.56839808389538e+000 1.83542685701588e-004 1.88205297923171e-007 2992 2
6.33287114730489e+004 1.73595618506160e+006 3.64644229511929e-002 6.87707939403063e-001 1.56964448026978e+000 7.11147546317877e-004 2.73170583678817e-007 11517 3
6.33363566239995e+004 1.73596471119070e+006 6.24671135785932e+000 8.03224857556780e-001 -1.56695993423261e+000 8.28231682397509e-004 3.33549566178484e-007 13406 4
6.33354025702430e+004 1.73598612850747e+006 6.24671235622769e+000 7.66329518348677e-001 -1.56868571382794e+000 1.13185329388010e-003 4.00509575770083e-007 18312 5
6.33307871587057e+004 1.73597566732672e+006 3.64652081850717e-002 5.16626817358005e-001 1.55449597048860e+000 1.24607373994705e-003 5.59907886414344e-007 20170 6
6.33369205472604e+004 1.73594828501282e+006 6.24671068866716e+000 7.10747618851001e-001 -1.57060324671163e+000 1.27156014217503e-003 6.38931480300870e-007 20600 7
6.33305294418660e+004 1.73597564899193e+006 3.64650603106964e-002 6.51661989299031e-001 1.56715168752098e+000 1.51846216883497e-003 7.34580065920401e-007 24534 8
6.33346166930533e+004 1.73598760535938e+006 6.24671283931992e+000 8.22371503611058e-001 -1.56667230430006e+000 1.70887118674505e-003 7.91909451168890e-007 27641 9
6.33314602374651e+004 1.73597606520979e+006 3.64655870428963e-002 6.68455119710777e-001 1.56820633060701e+000 1.81407182437139e-003 8.82351476499308e-007 29292 10
6.33375746200038e+004 1.73598969830296e+006 6.24671118162641e+000 8.78590444936787e-001 -1.56504240134892e+000 1.86410049914000e-003 9.31918547720087e-007 30091 11
6.33343813325808e+004 1.73599120820980e+006 6.24671305033302e+000 7.73142326787583e-001 -1.56849396053957e+000 1.86964221676418e-003 9.97587298295623e-007 30187 12
6.33283583110942e+004 1.73595826459960e+006 3.64641761396504e-002 4.44004048959896e-001 1.54270314325388e+000 2.13462165936603e-003 1.21997360701579e-006 34454 13
6.33318148727085e+004 1.73598817278575e+006 3.64655369534457e-002 5.80667216683725e-001 1.56139908886990e+000 2.38415346327224e-003 1.34324759396199e-006 38353 14
6.33368028929248e+004 1.73594892623324e+006 6.24671076981129e+000 8.94339534574778e-001 -1.56398775826289e+000 2.38859058584987e-003 1.39091431561304e-006 38420 15
6.33355696056585e+004 1.73597216527210e+006 6.24671196706919e+000 9.96797095253397e-001 -1.56216610202338e+000 2.75225860613863e-003 1.42846169585124e-006 44211 16
6.33308099358819e+004 1.73599256972103e+006 3.64648665613746e-002 6.80948217783161e-001 1.56868571382794e+000 2.75483137112428e-003 1.51529348197584e-006 44255 17
6.33374983373281e+004 1.73598773003655e+006 6.24671118419817e+000 8.34475298344076e-001 -1.56628879772332e+000 2.83050517836239e-003 1.57080928350358e-006 45474 18
6.33294764912539e+004 1.73596614272228e+006 3.64646540748664e-002 4.56143234905584e-001 1.54500418271432e+000 2.95352370479548e-003 1.78039587777892e-006 47365 19
6.33374015386710e+004 1.73598753190278e+006 6.24671123572543e+000 8.53391901516001e-001 -1.56571353785821e+000 3.01908989284757e-003 1.83324020178302e-006 48432 20
6.33306450175543e+004 1.73597950870027e+006 3.64650457957268e-002 6.97971391077260e-001 1.56983623355815e+000 3.06410292645761e-003 1.91548107752913e-006 49184 21
6.33296865613387e+004 1.73596895479243e+006 3.64647159081104e-002 5.35720376593278e-001 1.55698876323740e+000 3.25709823448088e-003 2.06265312446680e-006 52234 22
6.33368354840988e+004 1.73595098170322e+006 6.24671079420547e+000 9.72695679425370e-001 -1.56226197866756e+000 3.44653007028414e-003 2.10227778068937e-006 55214 23
6.33374556488620e+004 1.73599355300385e+006 6.24671133097303e+000 9.49408261488744e-001 -1.56341249839778e+000 4.11110239345698e-003 2.14407257969139e-006 65851 24
6.33310887057768e+004 1.73597516725304e+006 3.64653921539509e-002 6.24198408267387e-001 1.56523415463729e+000 4.68204999512223e-003 2.24922375499958e-006 74842 25
6.33338869527560e+004 1.73599403402469e+006 3.64666059560104e-002 4.50091337539075e-001 1.54337427976318e+000 4.69351925895450e-003 2.46505084044218e-006 75035 26
6.33293245755617e+004 1.73597963390069e+006 3.64642835469171e-002 6.80718174900809e-001 1.56887746711631e+000 4.74623969176941e-003 2.55194723015792e-006 75914 27
6.33369821738301e+004 1.73597183917523e+006 6.24671114760202e+000 9.37976899796449e-001 -1.56331662175359e+000 4.77300964723814e-003 2.59487079976794e-006 76341 28
6.33366491894101e+004 1.73595402611009e+006 6.24671096527896e+000 9.01364690289703e-001 -1.56389188161870e+000 4.92242382343829e-003 2.64172398835536e-006 78677 29
6.33295982985635e+004 1.73596081801518e+006 3.64648358974886e-002 5.84294815982364e-001 1.56216610202338e+000 4.93899885121747e-003 2.76332132090857e-006 78938 30
6.33289906001377e+004 1.73597288016729e+006 3.64642331545713e-002 6.06520497538900e-001 1.56389188161870e+000 5.07567942925251e-003 2.87533221943386e-006 81124 31
6.33369538681325e+004 1.73595554182009e+006 6.24671082181550e+000 7.20798723249180e-001 -1.57021974013489e+000 5.60205110177918e-003 2.95195180580604e-006 89581 32
6.33292871733987e+004 1.73597674810166e+006 3.64643225928822e-002 4.93038574113687e-001 1.55114028794214e+000 6.49454968954248e-003 3.12859984247604e-006 103803 33
6.33292130087742e+004 1.73596396911291e+006 3.64645481149379e-002 6.32232213543396e-001 1.56600116779077e+000 6.70704671135381e-003 3.23083426233373e-006 107243 34
6.33281244089589e+004 1.73595371917810e+006 3.64641369720744e-002 6.07511451493650e-001 1.56427538819544e+000 7.73655913834554e-003 3.34244388234623e-006 123753 35
6.33367326514100e+004 1.73596218463801e+006 6.24671108850679e+000 9.48665046022682e-001 -1.56293311517685e+000 7.77974611846343e-003 3.38431059773310e-006 124441 36
6.33360436385842e+004 1.73597052993381e+006 6.24671166004354e+000 7.84626775298883e-001 -1.56772694738609e+000 7.86596675271038e-003 3.44788316869620e-006 125842 37
6.33295998544592e+004 1.73596861739083e+006 3.64646731082073e-002 6.63411871905353e-001 1.56801457731864e+000 8.38898749562905e-003 3.53984463518482e-006 134162 38
6.33280232811992e+004 1.73594882776195e+006 3.64641814491058e-002 5.62458437765194e-001 1.56024856913968e+000 8.40463756090260e-003 3.67206780837881e-006 134402 39
6.33366155824875e+004 1.73595268472623e+006 6.24671095645766e+000 9.55230115972901e-001 -1.56264548524430e+000 9.47059222927408e-003 3.71330400998363e-006 151300 40
6.33366593120965e+004 1.73595633214485e+006 6.24671100785785e+000 7.19082249434702e-001 -1.57031561677908e+000 9.77692980816973e-003 3.79032654246345e-006 156253 41
6.33283187450157e+004 1.73595800275104e+006 3.64641588731828e-002 6.96980437122510e-001 1.57012386349071e+000 9.82190352084295e-003 3.87282489988465e-006 156953 42
6.33285415399867e+004 1.73596187514603e+006 3.64642057753495e-002 6.77532965760541e-001 1.56897334376049e+000 1.00692102286424e-002 3.96062257679982e-006 160889 43
6.33279078177390e+004 1.73594646539442e+006 3.64641646026511e-002 6.01459554127141e-001 1.56389188161870e+000 1.01605178156442e-002 4.07471746866515e-006 162352 44
6.33284590660910e+004 1.73595188315340e+006 3.64643680280646e-002 6.53236898262830e-001 1.56763107074190e+000 1.06792798936306e-002 4.16985961867182e-006 170578 45
6.33372933349860e+004 1.73598404319980e+006 6.24671122474833e+000 8.54789854416452e-001 -1.56561766121403e+000 1.07189892558181e-002 4.22251397176388e-006 171194 46
6.33281919334810e+004 1.73595538054499e+006 3.64641409515284e-002 5.91903926706337e-001 1.56293311517685e+000 1.10768906671900e-002 4.34069957647916e-006 176842 47
6.33360089111676e+004 1.73596602001551e+006 6.24671158536340e+000 8.61549576036354e-001 -1.56513827799310e+000 1.16676656498212e-002 4.39244919373577e-006 186295 48
6.33293203003976e+004 1.73597112538647e+006 3.64644596514841e-002 5.25757750226773e-001 1.55574236686300e+000 1.16974614263144e-002 4.54582362981111e-006 186772 49
6.33376517360087e+004 1.73597038929775e+006 6.24671073198401e+000 8.08586626276232e-001 -1.56686405758843e+000 1.21248384424840e-002 4.60532526734098e-006 193621 50
6.33296270164527e+004 1.73596507144469e+006 3.64647631521103e-002 5.89302672575118e-001 1.56254960860012e+000 1.22460664765608e-002 4.72466125256953e-006 195571 51
6.33381509471889e+004 1.73598439469150e+006 6.24671073876183e+000 9.38313116316811e-001 -1.56350837504196e+000 1.24145571292637e-002 4.76755105334345e-006 198218 52
6.33294321408108e+004 1.73598559355702e+006 3.64642203553059e-002 6.63093350991326e-001 1.56772694738609e+000 1.27825530705849e-002 4.85960965372317e-006 204249 53
6.33368224337486e+004 1.73594623873174e+006 6.24671070215996e+000 7.42422754190332e-001 -1.56906922040468e+000 1.42741949435439e-002 4.93140515698908e-006 228081 54
6.33359279698070e+004 1.73598532618054e+006 6.24671203713848e+000 7.96182006235521e-001 -1.56753519409772e+000 1.44547660693757e-002 4.99296552351246e-006 230984 55
6.33357027763754e+004 1.73596753610661e+006 6.24671179329831e+000 8.83439041072528e-001 -1.56456301812799e+000 1.45257461179330e-002 5.04193593623797e-006 232125 56
6.33366183126489e+004 1.73598262370750e+006 6.24671158327941e+000 7.89758501135981e-001 -1.56772694738609e+000 1.46461101881364e-002 5.10460326282644e-006 234010 57
6.33367830541528e+004 1.73594503707606e+006 6.24671069959222e+000 9.53956032316793e-001 -1.56254960860012e+000 1.48357978973525e-002 5.14596069227509e-006 237042 58
6.33284311441821e+004 1.73595442718314e+006 3.64642985740371e-002 6.38213328484566e-001 1.56657642765587e+000 1.49545778151331e-002 5.24609938420233e-006 238940 59
6.33317702029958e+004 1.73598739239911e+006 3.64655276340561e-002 7.09562013226568e-001 1.57031561677908e+000 1.54211724130778e-002 5.32541375043436e-006 246534 60
6.33316386382529e+004 1.73597858763720e+006 3.64656367344017e-002 5.16255209624974e-001 1.55440009384442e+000 1.65396045052867e-002 5.48506434154195e-006 264649 61
6.33368294771849e+004 1.73594578625251e+006 6.24671068861054e+000 8.11240967226455e-001 -1.56638467436750e+000 1.66863025387078e-002 5.54413839137270e-006 266943 62
6.33299625213988e+004 1.73596893876180e+006 3.64648749992739e-002 6.98431476841965e-001 1.57002798684652e+000 1.68209349930239e-002 5.62626014179087e-006 269133 63
6.33301509842990e+004 1.73597164032939e+006 3.64649267209676e-002 4.99585948457571e-001 1.55219493102817e+000 1.69316167315841e-002 5.79785848174971e-006 270910 64
6.33363412580580e+004 1.73597858332499e+006 6.24671165786013e+000 8.72096157411907e-001 -1.56504240134892e+000 1.70131125743787e-002 5.84824123363076e-006 272237 65
6.33303927499822e+004 1.73596702687956e+006 3.64651626265829e-002 5.65307430385100e-001 1.56024856913968e+000 1.74791981814584e-002 5.97900282845904e-006 279820 66
6.33358423053939e+004 1.73598481557588e+006 6.24671207570238e+000 9.34225431253467e-001 -1.56360425168615e+000 1.75627047547257e-002 6.02230660314601e-006 281226 67
6.33294924199721e+004 1.73596338387208e+006 3.64647211378662e-002 4.61505003625035e-001 1.54605882580035e+000 1.77740428948023e-002 6.22657900160557e-006 284607 68
6.33372060547556e+004 1.73597125599473e+006 6.24671100656722e+000 8.29272790081638e-001 -1.56619292107913e+000 1.82022652880261e-002 6.28286388599957e-006 291577 69
6.33291906835238e+004 1.73596747198114e+006 3.64644617579680e-002 5.34711727032193e-001 1.55689288659322e+000 1.85365565892915e-002 6.43064718516670e-006 296922 70
6.33365136190858e+004 1.73596116706224e+006 6.24671119315439e+000 9.81012614402736e-001 -1.56226197866756e+000 1.87317072750814e-002 6.46953654340307e-006 300055 71
6.33293387708288e+004 1.73597446582036e+006 3.64644001729085e-002 5.52619680643033e-001 1.55881041947691e+000 1.89293417653794e-002 6.60699185711156e-006 303227 72
6.33296928327038e+004 1.73596509354155e+006 3.64648005513258e-002 4.59593878140874e-001 1.54567531922361e+000 1.90051610818876e-002 6.81313568139871e-006 304470 73
6.33359425421465e+004 1.73598032585473e+006 6.24671192380596e+000 9.53124338819057e-001 -1.56312486846522e+000 1.94659859129984e-002 6.85457273655947e-006 311925 74
6.33306664663356e+004 1.73597241153831e+006 3.64652070824217e-002 6.40938451860129e-001 1.56648055101169e+000 1.98412378323373e-002 6.95377708988286e-006 317850 75
6.33286430950911e+004 1.73595622386190e+006 3.64643828000330e-002 4.90915101353509e-001 1.55114028794214e+000 2.00059384148570e-002 7.13211050640039e-006 320433 76
6.33373240885574e+004 1.73595980392372e+006 6.24671069829270e+000 7.72770719054552e-001 -1.56801457731864e+000 2.00592267034893e-002 7.19784866982587e-006 321275 77
6.33365039860738e+004 1.73595397788182e+006 6.24671104780017e+000 8.29732875846344e-001 -1.56590529114658e+000 2.03453150031328e-002 7.25406483853807e-006 325845 78
6.33371350880562e+004 1.73596777331285e+006 6.24671097429417e+000 8.59178364787487e-001 -1.56523415463729e+000 2.09640107941120e-002 7.30612921183357e-006 335763 79
6.33357813285016e+004 1.73596621586486e+006 6.24671172039835e+000 7.22285154181305e-001 -1.57031561677908e+000 2.13687027564419e-002 7.38240233495903e-006 342323 80
6.33368674401896e+004 1.73595748532980e+006 6.24671091232948e+000 7.57676366850949e-001 -1.56858983718375e+000 2.13707103863073e-002 7.45105626558255e-006 342360 81
6.33369664290412e+004 1.73599248897902e+006 6.24671159007570e+000 7.73690890583963e-001 -1.56849396053957e+000 2.14742423140090e-002 7.51662262644935e-006 343986 82
6.33284754064668e+004 1.73596163612066e+006 3.64641727461177e-002 4.36182590959905e-001 1.54097736365856e+000 2.16061267668125e-002 7.74786491749725e-006 346090 83
6.33353328899854e+004 1.73599415429823e+006 6.24671256475944e+000 7.35769206208439e-001 -1.57012386349071e+000 2.18024100469431e-002 7.82109660800178e-006 349230 84
6.33372766547803e+004 1.73596293658430e+006 6.24671079133350e+000 9.67935561321303e-001 -1.56254960860012e+000 2.18495880629014e-002 7.86115133219277e-006 350020 85
6.33284860730796e+004 1.73595542690294e+006 3.64643091930413e-002 6.45415440262839e-001 1.56705581087680e+000 2.18629556472407e-002 7.95884829991476e-006 350246 86
6.33366838472872e+004 1.73595168236099e+006 6.24671089614668e+000 8.96056008389256e-001 -1.56398775826289e+000 2.20447885623830e-002 8.00631437089777e-006 353226 87
6.33361119672117e+004 1.73597923465877e+006 6.24671180343679e+000 7.93527665285298e-001 -1.56753519409772e+000 2.21621137812841e-002 8.06832866801999e-006 355107 88
6.33354953422384e+004 1.73598560052989e+006 6.24671229177687e+000 8.62292791502416e-001 -1.56542590792566e+000 2.23230250296751e-002 8.11998029065266e-006 357709 89
6.33367654106676e+004 1.73596413295143e+006 6.24671111055459e+000 8.31767870574848e-001 -1.56600116779077e+000 2.25584839789082e-002 8.17589434605206e-006 361429 90
6.33291386908179e+004 1.73596375751323e+006 3.64645098018490e-002 4.66265121729102e-001 1.54692171559801e+000 2.27145795530366e-002 8.37561108385077e-006 363884 91
6.33296448020257e+004 1.73596226002802e+006 3.64648323867516e-002 4.64017779724579e-001 1.54653820902127e+000 2.27437792980624e-002 8.57746014445171e-006 364345 92
6.33371883743722e+004 1.73595700058975e+006 6.24671071752633e+000 8.70185031927746e-001 -1.56475477141636e+000 2.32367926089906e-002 8.62808656579906e-006 372168 93
6.33307047815193e+004 1.73598604478695e+006 3.64649430051851e-002 4.84757030348991e-001 1.54970213827937e+000 2.33017537264354e-002 8.81143660560459e-006 373257 94
6.33315945711067e+004 1.73597695624722e+006 3.64656456218337e-002 5.16786077815018e-001 1.55449597048860e+000 2.33020015623205e-002 8.97072686663018e-006 373261 95
6.33292041184704e+004 1.73595882643027e+006 3.64646509289683e-002 4.89941843005094e-001 1.55094853465377e+000 2.36321421066654e-002 9.14983989532541e-006 378502 96
6.33310291340035e+004 1.73598240189221e+006 3.64652060502518e-002 6.84858946783157e-001 1.56906922040468e+000 2.37425970841296e-002 9.23558464815622e-006 380291 97
6.33298676099885e+004 1.73596447599913e+006 3.64649140580227e-002 5.60211095760671e-001 1.55976918591876e+000 2.37713180671624e-002 9.36897687885961e-006 380724 98
6.33288431997302e+004 1.73595515163501e+006 3.64645204200224e-002 6.70897113384982e-001 1.56868571382794e+000 2.37786133440786e-002 9.45869634814378e-006 380838 99
6.33368161530334e+004 1.73595471729714e+006 6.24671088373474e+000 7.85653120466302e-001 -1.56743931745354e+000 2.41979782193505e-002 9.52208629677113e-006 387552 100
6.33294839992502e+004 1.73596578929995e+006 3.64646658112840e-002 4.42287575145418e-001 1.54222376003296e+000 2.42798053682570e-002 9.74637271055632e-006 388889 101
6.33349849998200e+004 1.73598397680559e+006 6.24671255128560e+000 9.12866834407337e-001 -1.56408363490707e+000 2.46089372457475e-002 9.79193699623258e-006 394124 102
6.33371587893814e+004 1.73596633594753e+006 6.24671093048995e+000 8.61744227706037e-001 -1.56513827799310e+000 2.48130675610898e-002 9.84366090060991e-006 397406 103
6.33364823724299e+004 1.73596246018455e+006 6.24671123827169e+000 7.94164707113352e-001 -1.56724756416517e+000 2.55898749848040e-002 9.90556575083506e-006 409875 104
6.33301074875199e+004 1.73596798296563e+006 3.64649784548378e-002 6.75922665584072e-001 1.56878159047212e+000 2.60755074574678e-002 9.99382422022342e-006 417574 105
6.33322060722085e+004 1.73598982580484e+006 3.64657273086680e-002 5.00913118932683e-001 1.55209905438398e+000 2.63083452399527e-002 1.01644236144526e-005 421276 106
6.33356942685283e+004 1.73597778828950e+006 6.24671201337248e+000 9.33535302606409e-001 -1.56350837504196e+000 2.65314137638087e-002 1.02077978186590e-005 424839 107
6.33296290188817e+004 1.73596672814418e+006 3.64647295351931e-002 6.95989483167760e-001 1.56993211020234e+000 2.69224675705445e-002 1.02905548003001e-005 431062 108
6.33356598780137e+004 1.73597391768745e+006 6.24671195191813e+000 9.66785346909539e-001 -1.56274136188849e+000 2.69718725782362e-002 1.03307145016602e-005 431861 109
6.33349523528822e+004 1.73598280381558e+006 6.24671254544770e+000 7.69797857190302e-001 -1.56849396053957e+000 2.71739460467579e-002 1.03970125597913e-005 435061 110
6.33286017383122e+004 1.73596135737675e+006 3.64642512726946e-002 4.41951358625057e-001 1.54222376003296e+000 2.72133312640838e-002 1.06216745241446e-005 435665 111
6.33311651481259e+004 1.73598755996205e+006 3.64651760442513e-002 6.56032804063732e-001 1.56724756416517e+000 2.74588123919779e-002 1.07159267762082e-005 439494 112
6.33315186943421e+004 1.73598107381545e+006 3.64655155555390e-002 5.15104995213210e-001 1.55420834055605e+000 2.74753775045603e-002 1.08763622000756e-005 439763 113
6.33293448369426e+004 1.73595924253990e+006 3.64647231493274e-002 4.86915894321839e-001 1.55046915143284e+000 2.74912853962263e-002 1.10579314382182e-005 440024 114
6.33354331011239e+004 1.73598567420336e+006 6.24671232912896e+000 9.66466825995513e-001 -1.56293311517685e+000 2.75433536608539e-002 1.10981203248486e-005 440837 115
6.33368458160696e+004 1.73594696514843e+006 6.24671070395562e+000 7.49253258235574e-001 -1.56878159047212e+000 2.75692580024644e-002 1.11684837228909e-005 441286 116
6.33367419727918e+004 1.73597268736787e+006 6.24671130358772e+000 8.09630667049986e-001 -1.56686405758843e+000 2.82161915820680e-002 1.12278166872586e-005 451628 117
6.33318353745072e+004 1.73598035540588e+006 3.64657128119227e-002 6.58757927439295e-001 1.56753519409772e+000 2.82291542963632e-002 1.13212133815962e-005 451838 118
6.33365464063272e+004 1.73596044346784e+006 6.24671115910471e+000 8.01313732072620e-001 -1.56695993423261e+000 2.83291802444517e-002 1.13819096247509e-005 453458 119
6.33370407713919e+004 1.73595356037990e+006 6.24671073023173e+000 8.68220819624581e-001 -1.56475477141636e+000 2.84779413801881e-002 1.14327883635814e-005 455882 120
6.33374272806352e+004 1.73597358478944e+006 6.24671092817993e+000 7.22727544339676e-001 -1.57041149342326e+000 2.86710765052660e-002 1.15089588146725e-005 458984 121
6.33282577278777e+004 1.73595042682924e+006 3.64642827642568e-002 6.37310852561490e-001 1.56657642765587e+000 2.87586499137234e-002 1.16094097388635e-005 460387 122
6.33304605169202e+004 1.73598595579519e+006 3.64648043532894e-002 6.64739042380464e-001 1.56782282403027e+000 2.90734898715293e-002 1.17009677105138e-005 465347 123
6.33377481909506e+004 1.73597329160042e+006 6.24671073741285e+000 7.56773890927873e-001 -1.56887746711631e+000 2.92962207877861e-002 1.17698019290529e-005 468966 124
6.33359137753832e+004 1.73598223637046e+006 6.24671198045378e+000 7.86997986547749e-001 -1.56782282403027e+000 2.97685318286169e-002 1.18329538852382e-005 476552 125
6.33364321229286e+004 1.73598809889970e+006 6.24671180530674e+000 8.56984109601969e-001 -1.56561766121403e+000 2.98868954394721e-002 1.18853120937855e-005 478494 126
6.33364029601861e+004 1.73595622782528e+006 6.24671115314380e+000 9.26970232656190e-001 -1.56331662175359e+000 3.00170644434971e-002 1.19293649236729e-005 480571 127
6.33372308626442e+004 1.73596629076335e+006 6.24671088807909e+000 9.90302807728518e-001 -1.56216610202338e+000 3.02651902275997e-002 1.19674561450347e-005 484578 128
6.33368780302318e+004 1.73594951788646e+006 6.24671073900428e+000 7.35061381955047e-001 -1.56945272698141e+000 3.03157995281523e-002 1.20408430154552e-005 485340 129
6.33363800780261e+004 1.73595963821816e+006 6.24671123788920e+000 8.82359609086104e-001 -1.56446714148381e+000 3.03891328290590e-002 1.20899452925350e-005 486541 130
6.33315527813679e+004 1.73597910113729e+006 3.64655765658891e-002 5.50655468339867e-001 1.55852278954436e+000 3.10301027272438e-002 1.22284811121984e-005 496744 131
6.33368306594869e+004 1.73594615431451e+006 6.24671069565589e+000 7.77070751393914e-001 -1.56763107074190e+000 3.14160183199158e-002 1.22934215603218e-005 502909 132
6.33279074941573e+004 1.73594708215465e+006 3.64641514727185e-002 5.13937085195112e-001 1.55459184713279e+000 3.14388781097859e-002 1.24546611806189e-005 503257 133
6.33317097683820e+004 1.73598220457468e+006 3.64656017447288e-002 5.14521040204161e-001 1.55411246391186e+000 3.20116467575530e-002 1.26154972099017e-005 512429 134
6.33278680445506e+004 1.73594637250919e+006 3.64641436709289e-002 6.86646203022974e-001 1.56974035691397e+000 3.21009214629052e-002 1.27007518061597e-005 513888 135
6.33289096025265e+004 1.73595700358439e+006 3.64645197540739e-002 5.44886700674716e-001 1.55823515961180e+000 3.21378565123544e-002 1.28425343531812e-005 514479 136
6.33314310609096e+004 1.73598385288335e+006 3.64654068176115e-002 4.84544683072973e-001 1.54970213827937e+000 3.25382607702273e-002 1.30260612127216e-005 520777 137
6.33361788739738e+004 1.73597719688361e+006 6.24671172217654e+000 9.94585144461545e-001 -1.56226197866756e+000 3.26595505115239e-002 1.30637925804638e-005 522734 138
6.33321361452872e+004 1.73599417011514e+006 3.64655959072979e-002 4.98099517525446e-001 1.55161967116306e+000 3.29560650039352e-002 1.32365176469887e-005 527522 139
6.33300535271587e+004 1.73599517181821e+006 3.64643768109142e-002 4.45437393073016e-001 1.54241551332133e+000 3.30939835675576e-002 1.34573308752499e-005 529705 140
6.33340009193863e+004 1.73599375531812e+006 3.64666773673374e-002 5.90116670466520e-001 1.56216610202338e+000 3.31008453396249e-002 1.35763046326333e-005 529828 141
6.33368327985541e+004 1.73595582471682e+006 6.24671089740296e+000 8.43022276203795e-001 -1.56552178456984e+000 3.31459521352569e-002 1.36305894950887e-005 530562 142
6.33372972150966e+004 1.73598935002994e+006 6.24671133390055e+000 7.84892209393905e-001 -1.56801457731864e+000 3.37707583036872e-002 1.36941148314996e-005 540521 143
6.33294474680681e+004 1.73596903295844e+006 3.64645767217154e-002 4.89127845113692e-001 1.55066090472121e+000 3.38579560137008e-002 1.38738832500182e-005 541931 144
6.33297985792335e+004 1.73597831686469e+006 3.64645838708896e-002 5.74933840231243e-001 1.56101558229316e+000 3.46082481575149e-002 1.39998774645693e-005 554005 145
6.33368075093351e+004 1.73598546593180e+006 6.24671153409372e+000 8.76095364443577e-001 -1.56504240134892e+000 3.46136112576262e-002 1.40497556291459e-005 554095 146
6.33383350821987e+004 1.73599243092006e+006 6.24671080150709e+000 9.18547124040815e-001 -1.56408363490707e+000 3.46338894409601e-002 1.40947023215562e-005 554400 147
6.33368059079184e+004 1.73595018655940e+006 6.24671079453054e+000 7.99455693407463e-001 -1.56686405758843e+000 3.48672606945265e-002 1.41557093198888e-005 558162 148
6.33353163714032e+004 1.73597611371051e+006 6.24671219562175e+000 9.68501820724017e-001 -1.56274136188849e+000 3.48955931036166e-002 1.41957126028322e-005 558612 149
6.33314104452903e+004 1.73598237365010e+006 3.64654260026096e-002 5.97973519679181e-001 1.56302899182104e+000 3.52303681877678e-002 1.43112752012397e-005 563952 150
6.33293922651567e+004 1.73598447461510e+006 3.64642208982426e-002 5.26677921756184e-001 1.55564649021882e+000 3.52583083786204e-002 1.44640605129061e-005 564404 151
6.33300282086537e+004 1.73598124475762e+006 3.64646545251339e-002 6.94910051181336e-001 1.56964448026978e+000 3.53783984509916e-002 1.45471005435900e-005 566302 152
6.33367341680579e+004 1.73596237547948e+006 6.24671109163991e+000 9.35552601728579e-001 -1.56322074510941e+000 3.59406488412605e-002 1.45902691638888e-005 575490 153
6.33278685420026e+004 1.73594565258841e+006 3.64641590658936e-002 6.07122148154284e-001 1.56437126483963e+000 3.60734625380181e-002 1.47020363615597e-005 577668 154
6.33365064962084e+004 1.73595815842038e+006 6.24671113410290e+000 9.04001335633591e-001 -1.56389188161870e+000 3.63466929779903e-002 1.47485894377390e-005 582039 155
6.33297880611794e+004 1.73598861338097e+006 3.64643617326092e-002 6.83195559787684e-001 1.56887746711631e+000 3.69839159021408e-002 1.48347941124979e-005 592368 156
6.33355936365825e+004 1.73596913634023e+006 6.24671188967136e+000 8.40456413285246e-001 -1.56580941450240e+000 3.72841036826870e-002 1.48894443261353e-005 597182 157
6.33288895607967e+004 1.73596893207394e+006 3.64642578851764e-002 5.63697130208631e-001 1.56005681585131e+000 3.76162885546150e-002 1.50210288570054e-005 602469 158
6.33301543958005e+004 1.73598371630311e+006 3.64646752483986e-002 6.37983285602214e-001 1.56609704443495e+000 3.84177390037106e-002 1.51212467890967e-005 615144 159
6.33294429482787e+004 1.73597368476602e+006 3.64644764957415e-002 7.10942270520684e-001 1.57060324671163e+000 3.85048593917399e-002 1.52002227912079e-005 616525 160
6.33308738625522e+004 1.73598021932804e+006 3.64651625313470e-002 6.98183738353278e-001 1.56983623355815e+000 3.85640226363057e-002 1.52824086485341e-005 617522 161
6.33278397106718e+004 1.73594587699083e+006 3.64641377700644e-002 5.66740774498221e-001 1.56072795236061e+000 3.86210379733639e-002 1.54124444296751e-005 618444 162
6.33278428623517e+004 1.73594585487151e+006 3.64641400474040e-002 6.41787840964200e-001 1.56695993423261e+000 3.86985783692619e-002 1.55113603581314e-005 619643 163
6.33363282561347e+004 1.73597831935561e+006 6.24671165979947e+000 9.21289943022712e-001 -1.56379600497452e+000 3.90117729883647e-002 1.55560130994713e-005 624730 164
6.33291963110015e+004 1.73595925493051e+006 3.64646374445753e-002 5.46921695403220e-001 1.55842691290017e+000 3.97624520337386e-002 1.56966379702890e-005 636677 165
6.33308027614688e+004 1.73599036843827e+006 3.64649086315780e-002 5.85214987511775e-001 1.56178259544664e+000 3.99488050150573e-002 1.58178146598021e-005 639598 166
6.33315528254830e+004 1.73597646318564e+006 3.64656319544459e-002 5.38374717543501e-001 1.55718051652577e+000 4.00500879621040e-002 1.59633954897769e-005 641213 167
6.33297230123763e+004 1.73596915585847e+006 3.64647326579889e-002 6.84540425869130e-001 1.56926097369304e+000 4.07679438471600e-002 1.60492280686075e-005 652818 168
6.33364479031696e+004 1.73596419281890e+006 6.24671129446781e+000 9.93735755357473e-001 -1.56207022537919e+000 4.13033871275292e-002 1.60870303615841e-005 661465 169
6.33363957282856e+004 1.73595740252246e+006 6.24671118196027e+000 8.99648216475225e-001 -1.56398775826289e+000 4.17375460435026e-002 1.61340804709096e-005 668469 170
6.33368412230150e+004 1.73594712943834e+006 6.24671071004635e+000 8.97011571131336e-001 -1.56389188161870e+000 4.17376104089866e-002 1.61814353402839e-005 668471 171
6.33315427251505e+004 1.73597949105643e+006 3.64655625974774e-002 6.37045418466468e-001 1.56609704443495e+000 4.19362967500938e-002 1.62819781520428e-005 671688 172
6.33305665796640e+004 1.73597830208679e+006 3.64650259951248e-002 6.73816888430228e-001 1.56849396053957e+000 4.33278041030509e-002 1.63708445099222e-005 694143 173
6.33367907017175e+004 1.73595439530069e+006 6.24671089161799e+000 8.42279060737732e-001 -1.56552178456984e+000 4.36115013919047e-002 1.64252348086489e-005 698715 174
6.33379685813897e+004 1.73597789140752e+006 6.24671070717365e+000 9.42365410167485e-001 -1.56331662175359e+000 4.38919467865215e-002 1.64677198460442e-005 703215 175
6.33333759154139e+004 1.73599303414587e+006 3.64663329548036e-002 6.03423766430306e-001 1.56331662175359e+000 4.38927973510010e-002 1.65809988028770e-005 703230 176
6.33355198004158e+004 1.73597859620791e+006 6.24671213069721e+000 9.21466899086060e-001 -1.56379600497452e+000 4.40037016386530e-002 1.66256326814033e-005 704984 177
6.33279284796874e+004 1.73594847030854e+006 3.64641344126743e-002 6.85531379823880e-001 1.56964448026978e+000 4.42601434795839e-002 1.67111925798048e-005 709115 178
6.33373710666051e+004 1.73598225463190e+006 6.24671114249095e+000 7.19613117624747e-001 -1.57069912335582e+000 4.42952602815113e-002 1.67880901709265e-005 709687 179
6.33300716068822e+004 1.73599047170490e+006 3.64644858498271e-002 5.91673883823985e-001 1.56235785531175e+000 4.43228258804336e-002 1.69063763358574e-005 710152 180
6.33368312059275e+004 1.73594857226468e+006 6.24671074609349e+000 8.48791043868947e-001 -1.56523415463729e+000 4.45139944424779e-002 1.69598527455585e-005 713146 181
6.33355846765874e+004 1.73597251975480e+006 6.24671196583930e+000 9.34101562009123e-001 -1.56341249839778e+000 4.45322284196040e-002 1.70031690940450e-005 713431 182
6.33363126663460e+004 1.73595855589321e+006 6.24671125395295e+000 7.72257546470842e-001 -1.56801457731864e+000 4.45832659710551e-002 1.70690033998046e-005 714258 183
6.33328104969399e+004 1.73599229655889e+006 3.64660231644486e-002 6.27861398778695e-001 1.56523415463729e+000 4.46803624154971e-002 1.71728096858520e-005 715792 184
6.33289053929753e+004 1.73595650466966e+006 3.64645278030125e-002 4.92826226837670e-001 1.55142791787469e+000 4.47374014524703e-002 1.73496262079855e-005 716747 185
6.33367778643756e+004 1.73595621505166e+006 6.24671093719871e+000 8.27839445968518e-001 -1.56600116779077e+000 4.49642796911224e-002 1.74061256612731e-005 720368 186
6.33291833218627e+004 1.73596541644358e+006 3.64645006618360e-002 6.62597874013951e-001 1.56801457731864e+000 4.54611599735286e-002 1.74983358541343e-005 728295 187
6.33368259683400e+004 1.73594607257157e+006 6.24671069663889e+000 7.84573688479878e-001 -1.56734344080935e+000 4.55509595497956e-002 1.75619178093227e-005 729696 188
6.33353756132603e+004 1.73598688915482e+006 6.24671238770004e+000 7.99544171439138e-001 -1.56743931745354e+000 4.60811257534696e-002 1.76229100841639e-005 738352 189
6.33283653600370e+004 1.73595355111841e+006 3.64642791150267e-002 6.01654205796824e-001 1.56379600497452e+000 4.63620831422382e-002 1.77369237075608e-005 742922 190
6.33297282642192e+004 1.73596271076891e+006 3.64648709415194e-002 6.72896716900817e-001 1.56868571382794e+000 4.64956185613007e-002 1.78260576726879e-005 745088 191
6.33287453524206e+004 1.73595731435486e+006 3.64644187413023e-002 6.82930125692661e-001 1.56935685033723e+000 4.65022600395743e-002 1.79123361453650e-005 745195 192
6.33358935852871e+004 1.73597748107319e+006 6.24671189226179e+000 9.46435399624494e-001 -1.56322074510941e+000 4.68255503004930e-002 1.79544202493912e-005 750349 193
6.33373625951455e+004 1.73596634997065e+006 6.24671081353845e+000 8.58399758108755e-001 -1.56523415463729e+000 4.68403505876424e-002 1.80065885735664e-005 750568 194
6.33361851365736e+004 1.73596992555017e+006 6.24671156595711e+000 8.70609726479782e-001 -1.56494652470473e+000 4.68590167648554e-002 1.80571607367997e-005 750877 195
6.33300550024422e+004 1.73596742616113e+006 3.64649599467431e-002 6.84062644498090e-001 1.56926097369304e+000 4.74665470675278e-002 1.81431252597830e-005 760681 196
6.33279927551872e+004 1.73594987403727e+006 3.64641419299892e-002 4.74316622611446e-001 1.54855161854915e+000 4.77146795204563e-002 1.83354667056610e-005 764604 197
6.33334157935349e+004 1.73599292676507e+006 3.64663581492774e-002 6.29312438498151e-001 1.56533003128147e+000 4.78270404922548e-002 1.84387472008023e-005 766431 198
6.33283199764866e+004 1.73595072984602e+006 3.64643122157721e-002 4.50480640878441e-001 1.54414129291665e+000 4.79015433419199e-002 1.86541686307016e-005 767698 199
6.33321566430468e+004 1.73599147984243e+006 3.64656641599188e-002 6.46778001950620e-001 1.56657642765587e+000 4.85694211647089e-002 1.87514131869319e-005 778288 200
6.33371882172229e+004 1.73595734049015e+006 6.24671072475109e+000 9.77827405262468e-001 -1.56226197866756e+000 4.89396745980382e-002 1.87905817850031e-005 784158 201
6.33286561484442e+004 1.73595845168655e+006 3.64643435547071e-002 6.81567564004880e-001 1.56926097369304e+000 4.91279827949284e-002 1.88772401661298e-005 787180 202
6.33284202521213e+004 1.73595975729047e+006 3.64641804468914e-002 5.24324406113652e-001 1.55574236686300e+000 4.92886149115337e-002 1.90315385297970e-005 789765 203
6.33332179300501e+004 1.73599227715396e+006 3.64662579572832e-002 5.12857653208688e-001 1.55372895733512e+000 4.93055058770204e-002 1.91935233759888e-005 790033 204
6.33316427356663e+004 1.73598850395863e+006 3.64654309769710e-002 4.78528176919133e-001 1.54864749519333e+000 4.95145568117098e-002 1.93821606997008e-005 793393 205
6.33368076613010e+004 1.73597598221408e+006 6.24671133495397e+000 9.07664326144899e-001 -1.56408363490707e+000 4.96188194432110e-002 1.94283015212380e-005 795031 206
6.33337184938104e+004 1.73599411478708e+006 3.64665073510986e-002 5.41630709109108e-001 1.55727639316996e+000 4.98168158782114e-002 1.95719641423026e-005 798257 207
6.33366331153235e+004 1.73595866281838e+006 6.24671107184780e+000 8.23097023470786e-001 -1.56619292107913e+000 4.98937724167580e-002 1.96291822939266e-005 799505 208
6.33289458356965e+004 1.73595956320597e+006 3.64644868802413e-002 6.76913619538822e-001 1.56897334376049e+000 4.99845617327883e-002 1.97171567961042e-005 800947 209
6.33303688544872e+004 1.73598651986826e+006 3.64647397841295e-002 7.01864424470921e-001 1.56993211020234e+000 5.03740756181254e-002 1.97983974530661e-005 807177 210
6.33323572106004e+004 1.73598335248704e+006 3.64659501118053e-002 6.05051762213110e-001 1.56360425168615e+000 5.04938427711064e-002 1.99110071775428e-005 809123 211
6.33376176195156e+004 1.73598907752554e+006 6.24671114386045e+000 8.47729307488858e-001 -1.56590529114658e+000 5.06692971796221e-002 1.99646312341429e-005 812043 212
6.33367804512855e+004 1.73594507896116e+006 6.24671070196878e+000 7.27363793199399e-001 -1.56974035691397e+000 5.08372873759707e-002 2.00397376017855e-005 814723 213
6.33367918871873e+004 1.73594811703962e+006 6.24671075915809e+000 7.16445604090814e-001 -1.57031561677908e+000 5.12676101127404e-002 2.01173851156967e-005 821651 214
6.33327644842818e+004 1.73599358680692e+006 3.64659696158557e-002 5.27084920701885e-001 1.55555061357463e+000 5.20023766376367e-002 2.02699107777652e-005 833603 215
6.33378193483429e+004 1.73598656633157e+006 6.24671097510347e+000 8.07648759140486e-001 -1.56715168752098e+000 5.21962276320160e-002 2.03295645955971e-005 836656 216
6.33359922856485e+004 1.73596743092264e+006 6.24671162454118e+000 9.81083396828076e-001 -1.56235785531175e+000 5.22075726993898e-002 2.03684478130700e-005 836826 217
6.33343996364404e+004 1.73599362161910e+006 6.24671309045537e+000 8.34333733493397e-001 -1.56638467436750e+000 5.25654475149698e-002 2.04239843635631e-005 842551 218
6.33289978282615e+004 1.73597035009968e+006 3.64642904100048e-002 4.93003182901018e-001 1.55123616458632e+000 5.26916265604758e-002 2.06006606318875e-005 844567 219
6.33367865190022e+004 1.73594622914369e+006 6.24671072262006e+000 9.41409847425405e-001 -1.56283723853267e+000 5.29138468889149e-002 2.06432404417343e-005 848198 220
6.33286668810937e+004 1.73595500542333e+006 3.64644220548674e-002 6.67694208638380e-001 1.56849396053957e+000 5.30121218633060e-002 2.07339094369382e-005 849769 221
6.33363308853141e+004 1.73596759875321e+006 6.24671143327352e+000 8.72768590452631e-001 -1.56485064806055e+000 5.30255773794019e-002 2.07842067725375e-005 849979 222
6.33361886494091e+004 1.73599091809852e+006 6.24671200454156e+000 8.36067902914210e-001 -1.56628879772332e+000 5.34683915695854e-002 2.08394901885176e-005 856977 223
6.33315381434264e+004 1.73597998978300e+006 3.64655494948717e-002 6.77532965760541e-001 1.56868571382794e+000 5.37974098395164e-002 2.09272878157647e-005 862234 224
6.33306987057069e+004 1.73598653728322e+006 3.64649291740470e-002 5.83498513697297e-001 1.56168671880245e+000 5.38636659855209e-002 2.10492500060593e-005 863302 225
6.33359501980802e+004 1.73597985606892e+006 6.24671190954154e+000 7.78415617475360e-001 -1.56811045396283e+000 5.42730917028426e-002 2.11139439664842e-005 869838 226
6.33334674199405e+004 1.73598920488509e+006 3.64664659615262e-002 6.62509395982277e-001 1.56763107074190e+000 5.49711434983590e-002 2.12061811485792e-005 880873 227
6.33311635514070e+004 1.73598707509805e+006 3.64651853014545e-002 5.74385276434864e-001 1.56082382900479e+000 5.53008240868163e-002 2.13324400020320e-005 886155 228
6.33369451874790e+004 1.73595151172878e+006 6.24671074221954e+000 7.94695575303396e-001 -1.56705581087680e+000 5.56432820719338e-002 2.13942538681734e-005 891604 229
6.33300955176511e+004 1.73598176457976e+006 3.64646823371781e-002 5.70545329860207e-001 1.56053619907224e+000 5.56687327009974e-002 2.15223893759532e-005 892015 230
6.33363477434828e+004 1.73595852178407e+006 6.24671123305768e+000 9.41480629850744e-001 -1.56302899182104e+000 5.57070813452034e-002 2.15649622075897e-005 892648 231
6.33369514511291e+004 1.73597216755103e+006 6.24671117216851e+000 7.63285874059088e-001 -1.56858983718375e+000 5.63718417480734e-002 2.16325110237485e-005 903302 232
6.33305953878365e+004 1.73598249609168e+006 3.64649545490822e-002 7.13720480715251e-001 1.57060324671163e+000 5.70522994634118e-002 2.17108122810836e-005 914185 233
6.33345890802377e+004 1.73598638348606e+006 6.24671282956025e+000 9.02585687126805e-001 -1.56437126483963e+000 5.78535433897053e-002 2.17575262919132e-005 927177 234
6.33311206296032e+004 1.73598628579307e+006 3.64651771745983e-002 5.56176497516332e-001 1.55900217276528e+000 5.81865909835993e-002 2.18930554360944e-005 932558 235
6.33302890316799e+004 1.73598210739815e+006 3.64647864667920e-002 4.66282817335437e-001 1.54663408566546e+000 5.82345779029067e-002 2.20927541198867e-005 933326 236
6.33311671028400e+004 1.73599176878138e+006 3.64650888392256e-002 5.68262596643015e-001 1.56015269249550e+000 5.83991834561030e-002 2.22220242353742e-005 936012 237
6.33374072294965e+004 1.73598262869135e+006 6.24671112953841e+000 7.48970128534217e-001 -1.56935685033723e+000 5.95476687713277e-002 2.22924462347837e-005 954424 238
6.33364623067211e+004 1.73596088925858e+006 6.24671121684269e+000 7.85688511678972e-001 -1.56753519409772e+000 5.99259831620445e-002 2.23558299218321e-005 960520 239
6.33305557494339e+004 1.73597522467760e+006 3.64650843499436e-002 6.19137464855628e-001 1.56485064806055e+000 6.03284850977250e-002 2.24628810952307e-005 967020 240
6.33351846329629e+004 1.73599177481670e+006 6.24671260010711e+000 8.87048944764832e-001 -1.56485064806055e+000 6.07609061431370e-002 2.25114142289616e-005 973929 241
6.33375483313063e+004 1.73597034451192e+006 6.24671079053074e+000 8.41111150719634e-001 -1.56580941450240e+000 6.08551107630667e-002 2.25659708965495e-005 975448 242
6.33374704547232e+004 1.73596990770301e+006 6.24671082616332e+000 7.55499807271766e-001 -1.56887746711631e+000 6.08771770888064e-002 2.26350607557430e-005 975795 243
6.33314392538038e+004 1.73597539002054e+006 3.64655891417630e-002 6.63606523575036e-001 1.56791870067446e+000 6.10294787590984e-002 2.27269628638463e-005 978277 244
6.33279081302949e+004 1.73594661017955e+006 3.64641617438940e-002 7.00802688090831e-001 1.57050737006745e+000 6.14846962117002e-002 2.28084745743023e-005 985530 245
6.33317169501997e+004 1.73599177410333e+006 3.64654050404074e-002 4.60832570584311e-001 1.54548356593524e+000 6.21225435955744e-002 2.30134003461105e-005 995773 246
6.33295931304418e+004 1.73596614886643e+006 3.64647210464019e-002 5.59538662719948e-001 1.55967330927457e+000 6.22187413484993e-002 2.31471453620680e-005 997363 247
6.33358882874480e+004 1.73599319365456e+006 6.24671222509202e+000 8.43482361968500e-001 -1.56609704443495e+000 6.26133382691189e-002 2.32013652589189e-005 1003527 248
6.33372275991631e+004 1.73598290491214e+006 6.24671123867316e+000 9.78959924067897e-001 -1.56264548524430e+000 6.26580174969624e-002 2.32404343635639e-005 1004215 249
6.33377394674865e+004 1.73597233730738e+006 6.24671072240129e+000 9.90338198941187e-001 -1.56226197866756e+000 6.29764323147410e-002 2.32785226215887e-005 1009231 250
6.33364805004498e+004 1.73596166314177e+006 6.24671122261932e+000 7.13030352068193e-001 -1.57069912335582e+000 6.41633914840781e-002 2.33569907067335e-005 1028012 251
6.33366761372253e+004 1.73597439848620e+006 6.24671137737625e+000 8.95065054434506e-001 -1.56437126483963e+000 6.42713103309058e-002 2.34045725877784e-005 1029751 252
6.33294130933907e+004 1.73596830778773e+006 3.64645721655366e-002 7.00041777018434e-001 1.57012386349071e+000 6.42726985822016e-002 2.34862793286084e-005 1029783 253
6.33287277727377e+004 1.73596306318775e+006 3.64642879790747e-002 6.05794977679173e-001 1.56398775826289e+000 6.44336187692490e-002 2.35985856384571e-005 1032354 254
6.33361388675985e+004 1.73597954767793e+006 6.24671179453144e+000 9.61848272742124e-001 -1.56293311517685e+000 6.45392842633146e-002 2.36392002978404e-005 1034078 255
6.33367883015026e+004 1.73598572144576e+006 6.24671155050644e+000 9.71333117737589e-001 -1.56283723853267e+000 6.48461373872383e-002 2.36789475313995e-005 1038944 256
6.33284292988761e+004 1.73595566166842e+006 3.64642716046836e-002 6.16359254661061e-001 1.56494652470473e+000 6.52242606788892e-002 2.37870631995835e-005 1044949 257
6.33368278323067e+004 1.73595100348378e+006 6.24671079906462e+000 9.72713375031705e-001 -1.56226197866756e+000 6.57501640194493e-002 2.38266862699492e-005 1053410 258
6.33351061419266e+004 1.73598924646573e+006 6.24671259219579e+000 9.16352868855297e-001 -1.56408363490707e+000 6.58394800959792e-002 2.38718700824895e-005 1054802 259
6.33376617520089e+004 1.73599401366383e+006 6.24671122207611e+000 8.47127656873474e-001 -1.56600116779077e+000 6.59254749434241e-002 2.39255779869682e-005 1056207 260
6.33369767202153e+004 1.73598980940195e+006 6.24671152791474e+000 9.00939995737667e-001 -1.56446714148381e+000 6.65037128981355e-002 2.39724799573535e-005 1065492 261
6.33371396300606e+004 1.73597136524757e+006 6.24671104707318e+000 8.29325876900643e-001 -1.56619292107913e+000 6.68879051371629e-002 2.40287569156526e-005 1071668 262
6.33281687965134e+004 1.73595133515544e+006 3.64642125403521e-002 4.70016590272084e-001 1.54778460539567e+000 6.69796248199645e-002 2.42249874939038e-005 1073143 263
6.33289485713759e+004 1.73596440149504e+006 3.64643869142880e-002 7.08057886688108e-001 1.57060324671163e+000 6.80174671979062e-002 2.43046730126890e-005 1089548 264
6.33370755049568e+004 1.73595395536848e+006 6.24671071854063e+000 8.75440627009189e-001 -1.56456301812799e+000 6.81384948304235e-002 2.43546331385015e-005 1091485 265
6.33368550580874e+004 1.73594848628543e+006 6.24671073056695e+000 8.90322631936774e-001 -1.56408363490707e+000 6.85288697591676e-002 2.44027743040223e-005 1097716 266
6.33377891890946e+004 1.73597539181481e+006 6.24671075790953e+000 8.88216854782930e-001 -1.56456301812799e+000 6.85406354737041e-002 2.44511670688257e-005 1097920 267
6.33302624569000e+004 1.73596555319965e+006 3.64651185994685e-002 5.44391223697340e-001 1.55804340632344e+000 6.90779907752115e-002 2.45932333211200e-005 1106602 268
6.33361256959237e+004 1.73596257549978e+006 6.24671144588217e+000 8.95259706104189e-001 -1.56417951155126e+000 6.95323666177219e-002 2.46407923856059e-005 1113845 269
6.33285893969395e+004 1.73595641738674e+006 3.64643478467974e-002 5.73323540054774e-001 1.56120733558153e+000 6.98072890897005e-002 2.47675666868183e-005 1118201 270
6.33290707293934e+004 1.73595855872771e+006 3.64645798104716e-002 5.18944941787867e-001 1.55507123035371e+000 6.98199981637184e-002 2.49254041795073e-005 1118420 271
6.33287085006384e+004 1.73595468926310e+006 3.64644526332077e-002 4.60761788158972e-001 1.54605882580035e+000 7.01375073600094e-002 2.51304021671645e-005 1123444 272
6.33313042453026e+004 1.73597568326594e+006 3.64655053197684e-002 6.98643824117983e-001 1.56993211020234e+000 7.01506580989584e-002 2.52124690086066e-005 1123669 273
6.33356757359613e+004 1.73598139207691e+006 6.24671209967197e+000 8.73706457588376e-001 -1.56504240134892e+000 7.05685990327893e-002 2.52626476969584e-005 1130409 274
6.33364871014769e+004 1.73595986778366e+006 6.24671118113868e+000 9.96443183126701e-001 -1.56197434873501e+000 7.08234804902868e-002 2.53002243595664e-005 1134454 275
6.33313344224721e+004 1.73599107045757e+006 3.64651997494257e-002 5.61502875023113e-001 1.55948155598621e+000 7.17183408555078e-002 2.54329419622734e-005 1148799 276
6.33288798752623e+004 1.73596507666180e+006 3.64643332251110e-002 6.56457498615768e-001 1.56763107074190e+000 7.19191293579132e-002 2.55270602394887e-005 1152021 277
6.33318045090857e+004 1.73598358441220e+006 3.64656272880388e-002 5.88294023014034e-001 1.56216610202338e+000 7.24482031613214e-002 2.56468464322534e-005 1160477 278
6.33368600583812e+004 1.73594668720602e+006 6.24671068992826e+000 8.08852060371254e-001 -1.56648055101169e+000 7.30167939928095e-002 2.57063050266807e-005 1169690 279
6.33279875718560e+004 1.73594979814953e+006 3.64641405407134e-002 7.01758250832912e-001 1.57050737006745e+000 7.30244984256619e-002 2.57875727542104e-005 1169802 280
6.33321189409717e+004 1.73599470440785e+006 3.64655747969321e-002 6.88327285624782e-001 1.56906922040468e+000 7.37192722089121e-002 2.58723698695602e-005 1180776 281
6.33350464034120e+004 1.73598055463738e+006 6.24671244413630e+000 7.81193827669927e-001 -1.56801457731864e+000 7.41785947583966e-002 2.59365587272648e-005 1188105 282
6.33290682275499e+004 1.73597596091867e+006 3.64642131580715e-002 4.43508571982521e-001 1.54231963667714e+000 7.45366842022401e-002 2.61594895615470e-005 1193779 283
6.33380658046250e+004 1.73598180326869e+006 6.24671073335041e+000 7.53146291629235e-001 -1.56916509704886e+000 7.45490473433964e-002 2.62290553263616e-005 1193986 284
6.33311112644428e+004 1.73597679603640e+006 3.64653709480780e-002 6.83301733425692e-001 1.56906922040468e+000 7.46241021006797e-002 2.63152305655157e-005 1195113 285
6.33359170547719e+004 1.73596530976703e+006 6.24671162329941e+000 9.79331531800928e-001 -1.56235785531175e+000 7.51668748796816e-002 2.63542669699194e-005 1203901 286
6.33362825230838e+004 1.73596811464747e+006 6.24671147192353e+000 9.31040222113199e-001 -1.56341249839778e+000 7.58673337917819e-002 2.63978972780075e-005 1215280 287
6.33322235671633e+004 1.73598665528992e+006 3.64658039131554e-002 5.30871780457537e-001 1.55612587343974e+000 7.72055198922478e-002 2.65480408519970e-005 1236556 288
6.33373266564165e+004 1.73596706320334e+006 6.24671084918366e+000 7.85741598497976e-001 -1.56763107074190e+000 7.73014266799862e-002 2.66114151377312e-005 1238089 289
6.33299834842069e+004 1.73598701670439e+006 3.64645076631323e-002 5.79428524240288e-001 1.56130321222571e+000 7.73246033141637e-002 2.67352695289493e-005 1238453 290
6.33369664790645e+004 1.73597153864199e+006 6.24671115032299e+000 7.92837536638240e-001 -1.56743931745354e+000 7.73903526916941e-002 2.67974026256980e-005 1239501 291
6.33293909246615e+004 1.73597077064563e+006 3.64645077250868e-002 5.11742830009594e-001 1.55392071062349e+000 7.74285292288310e-002 2.69601653553311e-005 1240119 292
6.33369424046472e+004 1.73596565404351e+006 6.24671104065959e+000 8.58010454769389e-001 -1.56523415463729e+000 7.76964260975988e-002 2.70123857681841e-005 1244413 293
6.33305198568245e+004 1.73598964736597e+006 3.64647610165827e-002 4.44092526991570e-001 1.54222376003296e+000 7.76985632964284e-002 2.72346715936925e-005 1244446 294
6.33366574911834e+004 1.73595687425987e+006 6.24671102028405e+000 7.64418392864516e-001 -1.56830220725120e+000 7.77845006506183e-002 2.73020003917662e-005 1245818 295
6.33316123815684e+004 1.73598300756163e+006 3.64655288679649e-002 6.91919493710751e-001 1.56945272698141e+000 7.77989728010198e-002 2.73858320499520e-005 1246057 296
6.33283533957085e+004 1.73595315076027e+006 3.64642806343111e-002 4.96294565679295e-001 1.55200317773980e+000 7.84297668409420e-002 2.75599433882957e-005 1256025 297
6.33366959553558e+004 1.73597916743324e+006 6.24671146607027e+000 8.58753670235452e-001 -1.56542590792566e+000 7.84619106022603e-002 2.76120644793151e-005 1256538 298
6.33287484068024e+004 1.73595973937416e+006 3.64643696052358e-002 4.49755121018713e-001 1.54385366298410e+000 7.86151700965322e-002 2.78282494952843e-005 1258931 299
6.33365772814357e+004 1.73595461651257e+006 6.24671101903884e+000 7.80539090235539e-001 -1.56763107074190e+000 7.88909475136213e-002 2.78925567946710e-005 1263413 300
