2.71188152341221e+004 1.73692486264398e+006 6.26756814910214e+000 9.46470790837164e-001 -1.56868571382794e+000 4.46051380600256e-004 4.20817558788748e-008 7238 1
2.71180614852239e+004 1.73689806910264e+006 6.26756834216839e+000 9.75526976438941e-001 -1.56743931745354e+000 6.47557320472961e-004 8.14550565739718e-008 10399 2
2.71103603837288e+004 1.73691566879018e+006 1.56070669691544e-002 4.85730288697406e-001 1.56111145893735e+000 6.59847077329849e-004 2.64029892102687e-007 10592 3
2.71183403111499e+004 1.73693161147930e+006 6.26756848311179e+000 8.94640359882470e-001 -1.56945272698141e+000 7.05686107151505e-004 3.11662420162164e-007 11316 4
2.71100427654836e+004 1.73690924840620e+006 1.56069418308982e-002 6.17420991041150e-001 1.56763107074190e+000 7.33943717249895e-004 4.19370791702904e-007 11775 5
2.71103046389612e+004 1.73690364449376e+006 1.56071429102331e-002 6.88539632900800e-001 1.56983623355815e+000 7.79472442433833e-004 5.04110471433027e-007 12496 6
2.71169795460943e+004 1.73693662405055e+006 6.26756931139451e+000 8.30865394651772e-001 -1.57041149342326e+000 7.91040796584980e-004 5.60158867113000e-007 12690 7
2.71119447650025e+004 1.73693212528157e+006 1.56078310747215e-002 6.22747368547932e-001 1.56695993423261e+000 9.30499518313036e-004 6.65850672433454e-007 14919 8
2.71185242821654e+004 1.73692589054043e+006 6.26756832580847e+000 8.59726928583867e-001 -1.56964448026978e+000 1.09456142942432e-003 7.17842758191425e-007 17506 9
2.71127695901955e+004 1.73693171337442e+006 1.56083095346395e-002 7.41626451905265e-001 1.56993211020234e+000 1.13738707618872e-003 7.89808046038099e-007 18192 10
2.71110108701034e+004 1.73692033493149e+006 1.56073994628056e-002 5.19794330891938e-001 1.56302899182104e+000 1.19382596204677e-003 9.47093372696313e-007 19100 11
2.71109320225432e+004 1.73692930004313e+006 1.56072735349899e-002 6.92078754167764e-001 1.56897334376049e+000 1.21204034886720e-003 1.03088253238307e-006 19413 12
2.71133776385748e+004 1.73693208846709e+006 1.56086561495982e-002 5.79959392430333e-001 1.56542590792566e+000 1.21944458543579e-003 1.15449143246790e-006 19558 13
2.71184545191139e+004 1.73690215533346e+006 6.26756815266109e+000 8.51020690267134e-001 -1.56887746711631e+000 1.26596361237886e-003 1.20766081702611e-006 20256 14
2.71112099475507e+004 1.73690988659276e+006 1.56076079214453e-002 4.98630385715491e-001 1.56216610202338e+000 1.33178256914697e-003 1.38000685049942e-006 21306 15
2.71185186155138e+004 1.73691263406091e+006 6.26756820993797e+000 8.51250733149487e-001 -1.56926097369304e+000 1.38341690557416e-003 1.43314466456990e-006 22145 16
2.71108630303292e+004 1.73691729188095e+006 1.56073417068190e-002 6.09174838489123e-001 1.56705581087680e+000 1.39205813809710e-003 1.54408650118580e-006 22273 17
2.71098249504121e+004 1.73689338990246e+006 1.56069589307017e-002 4.71449934385205e-001 1.56091970564898e+000 1.45504866796438e-003 1.73904906923400e-006 23295 18
2.71135722924209e+004 1.73692913753437e+006 1.56087947039204e-002 7.79618918706128e-001 1.57069912335582e+000 1.70069643795615e-003 1.80352379144884e-006 27184 19
2.71115155290931e+004 1.73693801760131e+006 1.56075310739457e-002 6.73852279642898e-001 1.56820633060701e+000 1.72396602071909e-003 1.89237981901608e-006 27556 20
2.71107237986011e+004 1.73690522549535e+006 1.56073699730744e-002 4.87128241597857e-001 1.56159084215827e+000 1.79321676083573e-003 2.07380476963129e-006 28721 21
2.71102595346525e+004 1.73690507047780e+006 1.56071041371031e-002 5.86276723891864e-001 1.56667230430006e+000 1.81152225646134e-003 2.19450307322004e-006 28988 22
2.71169535136423e+004 1.73692012816795e+006 6.26756917814477e+000 8.90924282552158e-001 -1.56906922040468e+000 1.87168182269857e-003 2.24257375653312e-006 29997 23
2.71112818391091e+004 1.73692396487787e+006 1.56075228177629e-002 4.22999364240462e-001 1.55555061357463e+000 1.95836324696721e-003 2.49004962009874e-006 31370 24
2.71182621687745e+004 1.73691766004691e+006 6.26756840271402e+000 9.00214475877939e-001 -1.56887746711631e+000 2.04182626042028e-003 2.53703564579121e-006 32698 25
2.71103995466527e+004 1.73690339550874e+006 1.56071997757383e-002 6.10997485941610e-001 1.56763107074190e+000 2.11124394216152e-003 2.64725092056863e-006 33813 26
2.71103785095612e+004 1.73690547255790e+006 1.56071690062889e-002 5.58901620891894e-001 1.56552178456984e+000 2.15691576305536e-003 2.78133797211877e-006 34582 27
2.71116915369947e+004 1.73691265713407e+006 1.56078602298360e-002 7.44988617108882e-001 1.57069912335582e+000 2.19191557272091e-003 2.85259069918622e-006 35144 28
2.71162229375623e+004 1.73693043897588e+006 6.26756969130988e+000 8.35271600629143e-001 -1.57012386349071e+000 2.29936842711975e-003 2.90799068098167e-006 36868 29
2.71107339135551e+004 1.73690603504469e+006 1.56073685219918e-002 7.22816022371350e-001 1.57050737006745e+000 2.34641909601522e-003 2.98414062361946e-006 37613 30
2.71115025657799e+004 1.73691595939636e+006 1.56077217901715e-002 6.72029632190411e-001 1.56897334376049e+000 2.50410060987334e-003 3.07352784597111e-006 40169 31
2.71185060766954e+004 1.73688848073132e+006 6.26756800009164e+000 9.67864778895963e-001 -1.56715168752098e+000 2.83267846381438e-003 3.11359011111738e-006 45315 32
2.71102874923074e+004 1.73690345277098e+006 1.56071347631373e-002 4.81961124548089e-001 1.56130321222571e+000 3.06465281909462e-003 3.29932124288915e-006 49043 33
2.71130265284106e+004 1.73693129721666e+006 1.56084611641767e-002 5.94151268710860e-001 1.56600116779077e+000 3.26666265291314e-003 3.41652788882434e-006 52203 34
2.71184543329651e+004 1.73689547131276e+006 6.26756809269959e+000 8.86801206276144e-001 -1.56820633060701e+000 3.28525433783693e-003 3.46509155134072e-006 52488 35
2.71185558381921e+004 1.73691537563766e+006 6.26756821315077e+000 7.84361341203860e-001 -1.57031561677908e+000 3.33291490867694e-003 3.52871175386515e-006 53244 36
2.71185428078238e+004 1.73689622015978e+006 6.26756804850336e+000 7.38795154891694e-001 -1.57041149342326e+000 3.33344361767495e-003 3.60128520524646e-006 53256 37
2.71178424269027e+004 1.73692112243108e+006 6.26756867542885e+000 9.63370094886919e-001 -1.56839808389538e+000 3.45709916778900e-003 3.64175998478817e-006 55303 38
2.71096246328155e+004 1.73689025480893e+006 1.56068717936609e-002 5.97247999819453e-001 1.56763107074190e+000 3.64626948414599e-003 3.75763456402933e-006 58367 39
2.71097665829750e+004 1.73689568643684e+006 1.56069047021606e-002 4.89021671475683e-001 1.56207022537919e+000 3.98357358377515e-003 3.93751847737361e-006 63712 40
2.71136236415558e+004 1.73692672416646e+006 1.56088459440045e-002 4.44145613810574e-001 1.55746814645833e+000 4.03819970771982e-003 4.15981685265806e-006 64559 41
2.71132115512833e+004 1.73692426917852e+006 1.56086308070618e-002 4.84792421561660e-001 1.56072795236061e+000 4.07770829857563e-003 4.34316894597659e-006 65206 42
2.71100903174806e+004 1.73689585402298e+006 1.56070895379872e-002 5.55274021593256e-001 1.56571353785821e+000 4.12629097777937e-003 4.47919086645188e-006 65997 43
2.71187763488739e+004 1.73691821720806e+006 6.26756811176306e+000 8.03472596045468e-001 -1.57012386349071e+000 4.20691732719646e-003 4.53952932965418e-006 67296 44
2.71182947020685e+004 1.73690068103353e+006 6.26756823140209e+000 9.53602120190097e-001 -1.56772694738609e+000 4.24524187999707e-003 4.58092174708590e-006 67936 45
2.71101605070139e+004 1.73689815582825e+006 1.56071092592301e-002 6.25507883136164e-001 1.56830220725120e+000 4.27077734726140e-003 4.68559053896850e-006 68345 46
2.71100397647776e+004 1.73689897664718e+006 1.56070323858134e-002 4.29068957213306e-001 1.55708463988159e+000 4.47666523641945e-003 4.92543531221698e-006 71674 47
2.71189099676471e+004 1.73691208306997e+006 6.26756797972637e+000 8.90181067086095e-001 -1.56878159047212e+000 4.48670917750355e-003 4.97359430950849e-006 71822 48
2.71120033511388e+004 1.73691991469299e+006 1.56079745020133e-002 4.32094905896561e-001 1.55660525666066e+000 4.48960266994389e-003 5.20975784435289e-006 71865 49
2.71100749579547e+004 1.73691283895593e+006 1.56069281032253e-002 4.51471594833191e-001 1.55861866618854e+000 4.59061581346437e-003 5.42420068097407e-006 73458 50
2.71104405820495e+004 1.73690012165252e+006 1.56072528086282e-002 7.12446397059144e-001 1.57050737006745e+000 4.71125700626584e-003 5.50281032839613e-006 75410 51
2.71100056065310e+004 1.73690803964099e+006 1.56069313019370e-002 5.46390827213175e-001 1.56485064806055e+000 4.79183571180400e-003 5.64374425056403e-006 76721 52
2.71108322340182e+004 1.73692069631910e+006 1.56072933946470e-002 6.01813466253837e-001 1.56667230430006e+000 4.93267807267109e-003 5.75769332931480e-006 79008 53
2.71136454016475e+004 1.73693112188013e+006 1.56088189554296e-002 6.53537723570522e-001 1.56791870067446e+000 4.99785929767165e-003 5.85273924127445e-006 80011 54
2.71181395010153e+004 1.73690944721518e+006 6.26756839951482e+000 9.57565936009097e-001 -1.56801457731864e+000 5.00512061975962e-003 5.89375567528784e-006 80138 55
2.71178917741220e+004 1.73690805118345e+006 6.26756852955957e+000 8.30971568289781e-001 -1.56935685033723e+000 5.37378459414060e-003 5.94978826334513e-006 86137 56
2.71098722320317e+004 1.73689737090146e+006 1.56069503803431e-002 4.51524681652195e-001 1.55919392605365e+000 5.38018748779650e-003 6.16417710272510e-006 86232 57
2.71099514827305e+004 1.73690877852135e+006 1.56068935104297e-002 5.53115157620408e-001 1.56513827799310e+000 5.41845175649355e-003 6.30136933120605e-006 86876 58
2.71177177500501e+004 1.73690577002217e+006 6.26756860922720e+000 9.22847156380177e-001 -1.56820633060701e+000 5.76922435201540e-003 6.34585741760305e-006 92622 59
2.71185443854113e+004 1.73691923161208e+006 6.26756825439555e+000 8.12515050882562e-001 -1.57002798684652e+000 5.77647535047218e-003 6.40472842321718e-006 92720 60
2.71163126576486e+004 1.73692043350347e+006 6.26756954975972e+000 8.58877539479796e-001 -1.56945272698141e+000 5.94525240707836e-003 6.45683368258360e-006 95419 61
2.71113664284740e+004 1.73690714339749e+006 1.56077226371755e-002 5.04770761113674e-001 1.56264548524430e+000 6.02088000964348e-003 6.62460165233864e-006 96611 62
2.71151536819391e+004 1.73693600567142e+006 6.26757035677989e+000 8.74803585181135e-001 -1.56983623355815e+000 6.10755944501304e-003 6.67464280156931e-006 97989 63
2.71169857046347e+004 1.73691425950031e+006 6.26756910687874e+000 8.40934194656286e-001 -1.56945272698141e+000 6.13065804547963e-003 6.72922535833784e-006 98339 64
2.71183150238763e+004 1.73690777688784e+006 6.26756828347393e+000 7.67497428366775e-001 -1.57031561677908e+000 6.16489424705667e-003 6.79596154704759e-006 98907 65
2.71184342973384e+004 1.73689360381783e+006 6.26756808744903e+000 8.72396982719599e-001 -1.56830220725120e+000 6.23373826911645e-003 6.84630676241203e-006 100035 66
2.71098837285275e+004 1.73689329869049e+006 1.56069935828647e-002 6.88610415326139e-001 1.57021974013489e+000 6.25675015279143e-003 6.93102730538284e-006 100404 67
2.71175259319093e+004 1.73691205931895e+006 6.26756877615570e+000 9.47320179941235e-001 -1.56820633060701e+000 6.39973919253823e-003 6.97302604935730e-006 102689 68
2.71185647222395e+004 1.73688985357965e+006 6.26756797867299e+000 7.73761673009302e-001 -1.56954860362560e+000 6.45816173166573e-003 7.03857933828409e-006 103630 69
2.71101337799347e+004 1.73689763129598e+006 1.56070985876360e-002 5.38516282394180e-001 1.56485064806055e+000 6.46940027810111e-003 7.18408690299865e-006 103804 70
2.71108281525412e+004 1.73692714683703e+006 1.56072330931766e-002 4.68884071466655e-001 1.55948155598621e+000 6.66644319505188e-003 7.38140132921223e-006 106924 71
2.71126415173912e+004 1.73692728208896e+006 1.56082756311111e-002 4.62743696068472e-001 1.55900217276528e+000 6.75930904750406e-003 7.58452070991542e-006 108403 72
2.71127023306729e+004 1.73692433457398e+006 1.56083371171645e-002 5.22501758661166e-001 1.56302899182104e+000 6.90202944817369e-003 7.74001861022113e-006 110668 73
2.71171374592587e+004 1.73691759472880e+006 6.26756904950111e+000 9.96071575393670e-001 -1.56801457731864e+000 6.90329170990311e-003 7.77762743918529e-006 110691 74
2.71187104110830e+004 1.73693011640767e+006 6.26756825665117e+000 8.72750894846296e-001 -1.56964448026978e+000 6.95560163626214e-003 7.82792787411598e-006 111527 75
2.71124316577527e+004 1.73692604096949e+006 1.56081659891781e-002 6.24729276457432e-001 1.56724756416517e+000 7.03729813950253e-003 7.93288353577571e-006 112789 76
2.71107832896342e+004 1.73692905888623e+006 1.56071900926111e-002 5.70156026520841e-001 1.56513827799310e+000 7.04731969228649e-003 8.06121630348611e-006 112958 77
2.71104001064083e+004 1.73692448822021e+006 1.56070105993579e-002 5.75340839176944e-001 1.56552178456984e+000 7.18851152118391e-003 8.18701878498906e-006 115234 78
2.71102824136573e+004 1.73691704241413e+006 1.56070097494723e-002 5.82843776262909e-001 1.56609704443495e+000 7.32993826072634e-003 8.30928631525587e-006 117540 79
2.71136355754688e+004 1.73693487809906e+006 1.56087795501503e-002 5.92558664140726e-001 1.56580941450240e+000 7.47601836861507e-003 8.42718699758120e-006 119831 80
2.71161893272172e+004 1.73692994617736e+006 6.26756970622739e+000 8.26848492013768e-001 -1.57021974013489e+000 7.52904875827633e-003 8.48383616836917e-006 120712 81
2.71111153567736e+004 1.73693453015469e+006 1.56073320720547e-002 5.52938201557060e-001 1.56417951155126e+000 7.83970218764573e-003 8.62112419950706e-006 125632 82
2.71167542739249e+004 1.73691513812598e+006 6.26756924798421e+000 9.38702419656177e-001 -1.56839808389538e+000 8.03679131696096e-003 8.66397589236389e-006 128757 83
2.71113397189928e+004 1.73693157293472e+006 1.56074877801979e-002 6.16253081023052e-001 1.56676818094424e+000 8.05119184607974e-003 8.77213351760731e-006 128977 84
2.71113908605629e+004 1.73691438538435e+006 1.56076716349903e-002 6.48600649403107e-001 1.56839808389538e+000 8.07612733170823e-003 8.86877847776570e-006 129393 85
2.71160713124820e+004 1.73692261161671e+006 6.26756970824817e+000 9.80481746212691e-001 -1.56830220725120e+000 8.37018773903319e-003 8.90771547135373e-006 134142 86
2.71138061335916e+004 1.73693309709341e+006 1.56088937234493e-002 6.78116920769590e-001 1.56849396053957e+000 8.50586298895017e-003 8.99534681375395e-006 136257 87
2.71117134304154e+004 1.73693391316693e+006 1.56076818584979e-002 6.34019469783213e-001 1.56724756416517e+000 8.77596399179562e-003 9.09694881250375e-006 140557 88
2.71103493801708e+004 1.73690293712983e+006 1.56071750182158e-002 4.56302495362597e-001 1.55938567934202e+000 8.97305278729754e-003 9.30643054852322e-006 143683 89
2.71171909374305e+004 1.73690859631577e+006 6.26756893785673e+000 8.05348330316959e-001 -1.56974035691397e+000 9.03985948924643e-003 9.36646024874572e-006 144746 90
2.71187349327074e+004 1.73693049291087e+006 6.26756824592032e+000 8.90871195733154e-001 -1.56945272698141e+000 9.17488708296838e-003 9.41453726253997e-006 146879 91
2.71175736488311e+004 1.73690688292775e+006 6.26756870217247e+000 8.90127980267091e-001 -1.56858983718375e+000 9.64892823205646e-003 9.46270255936071e-006 154340 92
2.71105329071550e+004 1.73691393849494e+006 1.56071818175934e-002 6.11156746398624e-001 1.56724756416517e+000 9.67155102366204e-003 9.57285451635549e-006 154679 93
2.71185774282423e+004 1.73689411938386e+006 6.26756800969624e+000 8.65920390801054e-001 -1.56839808389538e+000 9.96037263785345e-003 9.62403188108541e-006 159322 94
2.71101383148818e+004 1.73691878906605e+006 1.56069111154616e-002 4.54090544570744e-001 1.55861866618854e+000 1.00205772128730e-002 9.83576319005776e-006 160270 95
2.71099795489529e+004 1.73689418340839e+006 1.56070407887013e-002 4.65504210656704e-001 1.56044032242805e+000 1.00419331011584e-002 1.00362452221027e-005 160622 96
2.71187660948825e+004 1.73692437439995e+006 6.26756817299846e+000 8.79315964796515e-001 -1.56935685033723e+000 1.05642003704591e-002 1.00857231309748e-005 168983 97
2.71097937927303e+004 1.73689999731662e+006 1.56068816349504e-002 7.21294200226555e-001 1.57069912335582e+000 1.08196659929816e-002 1.01622269867658e-005 173139 98
2.71118649815170e+004 1.73691809296452e+006 1.56079112249694e-002 6.30639608973262e-001 1.56772694738609e+000 1.09011337120123e-002 1.02650309627068e-005 174435 99
2.71097459624160e+004 1.73689926456972e+006 1.56068606869147e-002 5.11158875000545e-001 1.56331662175359e+000 1.09966689913304e-002 1.04282217183676e-005 175986 100
2.71115971312270e+004 1.73693670429658e+006 1.56075898419901e-002 5.11849003647603e-001 1.56197434873501e+000 1.10694283112842e-002 1.05909270173847e-005 177181 101
2.71116688817953e+004 1.73691678806379e+006 1.56078100753412e-002 6.69499160484531e-001 1.56887746711631e+000 1.10702092088147e-002 1.06810591846634e-005 177196 102
2.71185219396823e+004 1.73689135537470e+006 6.26756801679534e+000 8.21115115561285e-001 -1.56887746711631e+000 1.11524171662041e-002 1.07385821136565e-005 178503 103
2.71102999967997e+004 1.73693218286284e+006 1.56068838493918e-002 6.22782759760602e-001 1.56695993423261e+000 1.11781735860184e-002 1.08442607057756e-005 178901 104
2.71183218430581e+004 1.73690594876153e+006 6.26756826311988e+000 7.69160815362248e-001 -1.57021974013489e+000 1.12870971060106e-002 1.09106797909858e-005 180607 105
2.71114717302478e+004 1.73692091934932e+006 1.56076594793232e-002 4.81589516815058e-001 1.56063207571642e+000 1.13083661558724e-002 1.10967251350306e-005 180959 106
2.71155956289477e+004 1.73693377732892e+006 6.26757008237835e+000 8.67831516285215e-001 -1.56983623355815e+000 1.13231651962884e-002 1.11476550058678e-005 181197 107
2.71101533354869e+004 1.73690662899344e+006 1.56070290074078e-002 6.00698643054744e-001 1.56715168752098e+000 1.14179793316070e-002 1.12620700620100e-005 182774 108
2.71116334988758e+004 1.73692006870816e+006 1.56077602344409e-002 6.06608975570574e-001 1.56686405758843e+000 1.15245634754566e-002 1.13740468243861e-005 184445 109
2.71096970783781e+004 1.73689119947659e+006 1.56069050064523e-002 6.81443694760536e-001 1.57012386349071e+000 1.16135637678757e-002 1.14607399469407e-005 185888 110
2.71096531285570e+004 1.73689117406533e+006 1.56068799371843e-002 5.47417172380595e-001 1.56552178456984e+000 1.16813247792133e-002 1.16010937341319e-005 187027 111
2.71096167002255e+004 1.73689137574857e+006 1.56068571570642e-002 5.28394395570661e-001 1.56456301812799e+000 1.17967866254899e-002 1.17528037352694e-005 188848 112
2.71097850634112e+004 1.73689651518542e+006 1.56069078939657e-002 4.83801467606910e-001 1.56168671880245e+000 1.18048446354030e-002 1.19369847558177e-005 188979 113
2.71134814578990e+004 1.73692534213245e+006 1.56087765221570e-002 7.44422357706167e-001 1.57021974013489e+000 1.18767825441606e-002 1.20083567652943e-005 190098 114
2.71183123973088e+004 1.73689793228811e+006 6.26756819651418e+000 7.92165103597517e-001 -1.56954860362560e+000 1.20065378715419e-002 1.20706062557796e-005 192182 115
2.71118067276753e+004 1.73691832581208e+006 1.56078756024966e-002 5.03673633520915e-001 1.56216610202338e+000 1.21639594353632e-002 1.22391785680164e-005 194722 116
2.71163532007676e+004 1.73692937947588e+006 6.26756960681140e+000 8.95825965506904e-001 -1.56935685033723e+000 1.25075097559915e-002 1.22866725105734e-005 200324 117
2.71185775455079e+004 1.73689173057303e+006 6.26756798816049e+000 9.00550692398301e-001 -1.56791870067446e+000 1.25512641396285e-002 1.23336198445182e-005 201030 118
2.71109823528641e+004 1.73690397331966e+006 1.56075300459893e-002 6.11634527769664e-001 1.56763107074190e+000 1.25975403082500e-002 1.24435827311478e-005 201768 119
2.71160500416343e+004 1.73692343568983e+006 6.26756972789647e+000 8.44809532443612e-001 -1.56974035691397e+000 1.26000061125150e-002 1.24976159798654e-005 201812 120
2.71122093362772e+004 1.73692050856012e+006 1.56080877296503e-002 7.55517502878101e-001 1.57060324671163e+000 1.28894715137131e-002 1.25667024049452e-005 206346 121
2.71183807208477e+004 1.73691283451793e+006 6.26756829111075e+000 9.61069666063392e-001 -1.56811045396283e+000 1.30291031594212e-002 1.26073905989942e-005 208593 122
2.71185953333416e+004 1.73691666630954e+006 6.26756820201661e+000 9.55584028099597e-001 -1.56830220725120e+000 1.31113308499414e-002 1.26485944494990e-005 209895 123
2.71157049661283e+004 1.73692878505804e+006 6.26756997458647e+000 8.03791116959495e-001 -1.57050737006745e+000 1.31625366238805e-002 1.27088803331812e-005 210705 124
2.71166324741535e+004 1.73693254216421e+006 6.26756947448470e+000 9.56557286448012e-001 -1.56887746711631e+000 1.34200953124380e-002 1.27499920610175e-005 214885 125
2.71181278474156e+004 1.73690122254393e+006 6.26756833230970e+000 7.93793099380320e-001 -1.56964448026978e+000 1.34347164406226e-002 1.28119610347986e-005 215107 126
2.71141029993843e+004 1.73693269506946e+006 1.56090682078152e-002 5.87904719674668e-001 1.56571353785821e+000 1.36012969046250e-002 1.29319247208970e-005 217833 127
2.71096397070567e+004 1.73689245885945e+006 1.56068606690926e-002 4.50516032091110e-001 1.55928980269784e+000 1.36948684189693e-002 1.31473711957841e-005 219366 128
2.71104081189921e+004 1.73690004092519e+006 1.56072348482261e-002 5.29013741792380e-001 1.56427538819544e+000 1.38459476126161e-002 1.32986904398261e-005 221834 129
2.71103969158903e+004 1.73690045741079e+006 1.56072246579436e-002 5.91886231100002e-001 1.56705581087680e+000 1.39498321071800e-002 1.34168866453174e-005 223462 130
2.71184114755767e+004 1.73689256673863e+006 6.26756809126506e+000 7.57375541543257e-001 -1.56993211020234e+000 1.39598166397947e-002 1.34856007235503e-005 223628 131
2.71101199905855e+004 1.73690715566052e+006 1.56070050826094e-002 6.26905836036615e-001 1.56801457731864e+000 1.39891178711112e-002 1.35897566355384e-005 224056 132
2.71114014745059e+004 1.73691734732749e+006 1.56076511330526e-002 4.45632044742699e-001 1.55794752967925e+000 1.40887881509448e-002 1.38104283840666e-005 225643 133
2.71102522847675e+004 1.73690813975974e+006 1.56070723893427e-002 4.64725603977972e-001 1.55986506256294e+000 1.41158995984705e-002 1.40116488847742e-005 226120 134
2.71175207398289e+004 1.73690524998730e+006 6.26756871795222e+000 9.40666631959342e-001 -1.56801457731864e+000 1.41399215667537e-002 1.40543039282630e-005 226554 135
2.71173616013446e+004 1.73691150312969e+006 6.26756886574525e+000 9.34809386262516e-001 -1.56830220725120e+000 1.41588623289187e-002 1.40975491971684e-005 226853 136
2.71096490396295e+004 1.73689107873015e+006 1.56068784400907e-002 5.66493036009533e-001 1.56638467436750e+000 1.42692548771756e-002 1.42277154498824e-005 228632 137
2.71106907348139e+004 1.73690108508071e+006 1.56073881403472e-002 6.11316006855637e-001 1.56772694738609e+000 1.42714797222875e-002 1.43378044582855e-005 228668 138
2.71095697879970e+004 1.73688941769139e+006 1.56068477456152e-002 6.30498044122584e-001 1.56878159047212e+000 1.46590866743020e-002 1.44406594981734e-005 234811 139
2.71185851490601e+004 1.73689107703432e+006 6.26756797791051e+000 9.79101488918575e-001 -1.56715168752098e+000 1.49158373126644e-002 1.44797172144078e-005 238890 140
2.71110981482283e+004 1.73690492238632e+006 1.56075881706321e-002 5.91178406846610e-001 1.56686405758843e+000 1.49238723691745e-002 1.45982248950876e-005 239014 141
2.71168369509698e+004 1.73693644902095e+006 6.26756939189745e+000 8.93366276226363e-001 -1.56964448026978e+000 1.49869296342569e-002 1.46460070120563e-005 239993 142
2.71117707587057e+004 1.73691156149697e+006 1.56079156731813e-002 6.03140636728949e-001 1.56705581087680e+000 1.50877997838212e-002 1.47594053679423e-005 241621 143
2.71099448135584e+004 1.73691268004277e+006 1.56068546205702e-002 4.51400812407851e-001 1.55861866618854e+000 1.50900739889222e-002 1.49739221886279e-005 241655 144
2.71109608797941e+004 1.73693244616697e+006 1.56072618798332e-002 6.69569942909871e-001 1.56830220725120e+000 1.50948993986135e-002 1.50640332808928e-005 241749 145
2.71135564095978e+004 1.73693780349561e+006 1.56087076989657e-002 4.52197114692918e-001 1.55775577639088e+000 1.53267269404012e-002 1.52777175909817e-005 245409 146
2.71187503662719e+004 1.73692747095931e+006 6.26756820987961e+000 9.67793996470624e-001 -1.56858983718375e+000 1.53622649809071e-002 1.53177864711511e-005 245993 147
2.71177265884303e+004 1.73691473836927e+006 6.26756868473430e+000 7.88873720819240e-001 -1.57021974013489e+000 1.53682599458561e-002 1.53806088165969e-005 246091 148
2.71185488243148e+004 1.73689121105403e+006 6.26756800002351e+000 7.54597331348690e-001 -1.56993211020234e+000 1.53895225940213e-002 1.54498806926163e-005 246457 149
2.71101639405137e+004 1.73690264764165e+006 1.56070708804667e-002 5.81534301394132e-001 1.56657642765587e+000 1.55461251447553e-002 1.55727550013452e-005 248930 150
2.71122056789722e+004 1.73693819791960e+006 1.56079266941847e-002 6.70383940801273e-001 1.56811045396283e+000 1.57227376206309e-002 1.56626255107396e-005 251666 151
2.71096089493298e+004 1.73689063893693e+006 1.56068593151959e-002 7.05191198461867e-001 1.57069912335582e+000 1.59286743462228e-002 1.57430254182922e-005 255007 152
2.71133570295576e+004 1.73692639949958e+006 1.56086954021073e-002 6.44052878575057e-001 1.56782282403027e+000 1.59995522880452e-002 1.58411779301149e-005 256125 153
2.71192132179451e+004 1.73693080697467e+006 6.26756797344753e+000 9.29129096629038e-001 -1.56906922040468e+000 1.65755926769159e-002 1.58850070463097e-005 265379 154
2.71163847975159e+004 1.73693310995208e+006 6.26756962214630e+000 8.14691610461745e-001 -1.57050737006745e+000 1.65935333837455e-002 1.59435326011226e-005 265664 155
2.71185511511127e+004 1.73689005333543e+006 6.26756798827976e+000 7.41944972819292e-001 -1.57012386349071e+000 1.67016623604089e-002 1.60154299478933e-005 267415 156
2.71099799965257e+004 1.73690623730163e+006 1.56069327531676e-002 6.16960905276445e-001 1.56772694738609e+000 1.67889238843475e-002 1.61233151375598e-005 268851 157
2.71102821931599e+004 1.73690154994758e+006 1.56071488082294e-002 5.55681020538957e-001 1.56552178456984e+000 1.69750326536250e-002 1.62591178403109e-005 271800 158
2.71182293010187e+004 1.73689689837144e+006 6.26756823505266e+000 9.49054349362048e-001 -1.56763107074190e+000 1.70300732839691e-002 1.63009478663089e-005 272620 159
2.71111910807569e+004 1.73690615260572e+006 1.56076306094549e-002 4.84810117167995e-001 1.56139908886990e+000 1.72453987541666e-002 1.64842864343551e-005 276022 160
2.71173356489353e+004 1.73692254965800e+006 6.26756897995121e+000 8.42332147556737e-001 -1.56974035691397e+000 1.73024250550568e-002 1.65386699182193e-005 276938 161
2.71170160077276e+004 1.73691055479592e+006 6.26756905614495e+000 9.51726385918606e-001 -1.56811045396283e+000 1.73417350856366e-002 1.65802420682590e-005 277563 162
2.71170643685860e+004 1.73691917770706e+006 6.26756910579656e+000 9.76818755701383e-001 -1.56820633060701e+000 1.74498339665982e-002 1.66195009983927e-005 279306 163
2.71117766983255e+004 1.73691456634136e+006 1.56078920948375e-002 5.82985341113587e-001 1.56619292107913e+000 1.74498431106794e-002 1.67417032748622e-005 279307 164
2.71174548378892e+004 1.73690551884952e+006 6.26756875830127e+000 8.17328255805634e-001 -1.56945272698141e+000 1.75333971605825e-002 1.67998142246195e-005 280634 165
2.71172002574513e+004 1.73691532489330e+006 6.26756899295753e+000 9.49921434072454e-001 -1.56830220725120e+000 1.75679086617592e-002 1.68415603748621e-005 281183 166
2.71185079536077e+004 1.73689456057837e+006 6.26756805365084e+000 9.50098390135802e-001 -1.56753519409772e+000 1.76009547305482e-002 1.68832893294046e-005 281708 167
2.71098599030485e+004 1.73689636824438e+006 1.56069522917397e-002 5.09336227548058e-001 1.56331662175359e+000 1.76388325636363e-002 1.70477675874127e-005 282305 168
2.71102335670391e+004 1.73691079586250e+006 1.56070377528913e-002 6.43982096149718e-001 1.56839808389538e+000 1.76407087355863e-002 1.71459439867535e-005 282341 169
2.71168753126723e+004 1.73691292259513e+006 6.26756915840589e+000 8.67707647040871e-001 -1.56906922040468e+000 1.77045631365365e-002 1.71968898014975e-005 283398 170
2.71101514532182e+004 1.73691954009274e+006 1.56069119306018e-002 6.08785535149757e-001 1.56695993423261e+000 1.78006066019535e-002 1.73079877356992e-005 284942 171
2.71171240739259e+004 1.73691202576729e+006 6.26756900716127e+000 7.76752230479887e-001 -1.57031561677908e+000 1.78175955671858e-002 1.73729871022769e-005 285210 172
2.71111209993888e+004 1.73691711611500e+006 1.56074917709855e-002 5.24642927027679e-001 1.56341249839778e+000 1.79374171380584e-002 1.75270927113377e-005 287097 173
2.71106576133620e+004 1.73693109419282e+006 1.56070994696030e-002 5.99141429697279e-001 1.56619292107913e+000 1.80248219597392e-002 1.76421625541136e-005 288490 174
2.71104050903867e+004 1.73690863560904e+006 1.56071558887848e-002 4.31740993769864e-001 1.55698876323740e+000 1.81347603250612e-002 1.78787534687776e-005 290242 175
2.71189496078356e+004 1.73692134495201e+006 6.26756804014515e+000 8.86411902936778e-001 -1.56916509704886e+000 1.81616338677118e-002 1.79273641651235e-005 290690 176
2.71102161631117e+004 1.73690062221755e+006 1.56071191363555e-002 5.50761641977876e-001 1.56533003128147e+000 1.81737693398715e-002 1.80658495992409e-005 290851 177
2.71182458197008e+004 1.73691084391840e+006 6.26756835087010e+000 8.61390315579340e-001 -1.56906922040468e+000 1.81818868942076e-002 1.81176210196164e-005 290985 178
2.71111798280120e+004 1.73692430203576e+006 1.56074610720699e-002 6.88344981231117e-001 1.56906922040468e+000 1.82153866404705e-002 1.82024133392181e-005 291566 179
2.71163300477054e+004 1.73692802018685e+006 6.26756960792361e+000 9.09239235108698e-001 -1.56916509704886e+000 1.84105669902919e-002 1.82483794910418e-005 294666 180
2.71101653829480e+004 1.73689632776373e+006 1.56071284894603e-002 7.01722859620242e-001 1.57041149342326e+000 1.84215812128670e-002 1.83296562333965e-005 294853 181
2.71115511731424e+004 1.73692646157001e+006 1.56076554126557e-002 6.31312042013986e-001 1.56743931745354e+000 1.88185392159448e-002 1.84322193680677e-005 301164 182
2.71107671541617e+004 1.73690568980389e+006 1.56073907568983e-002 5.86878374507248e-001 1.56667230430006e+000 1.88597998917107e-002 1.85526456190407e-005 301824 183
2.71155759815889e+004 1.73693328768770e+006 6.26757008928739e+000 9.28421272375645e-001 -1.56916509704886e+000 1.89728283781110e-002 1.85965482892046e-005 303586 184
2.71105765114906e+004 1.73691517860349e+006 1.56071957746701e-002 5.96186263439364e-001 1.56667230430006e+000 1.90796619598287e-002 1.87128769363728e-005 305303 185
2.71178485938033e+004 1.73690819685412e+006 6.26756855572305e+000 7.91828887077155e-001 -1.56993211020234e+000 1.91269409913618e-002 1.87751846164332e-005 306042 186
2.71165297977178e+004 1.73693166719119e+006 6.26756952572152e+000 9.74606804909531e-001 -1.56868571382794e+000 1.91778083770700e-002 1.88146398810552e-005 306836 187
2.71101912508151e+004 1.73690972926130e+006 1.56070229782977e-002 5.16219818412304e-001 1.56322074510941e+000 1.91949836517407e-002 1.89743314361916e-005 307114 188
2.71172191021374e+004 1.73690998060042e+006 6.26756893408497e+000 8.43553144393840e-001 -1.56926097369304e+000 1.92790346152478e-002 1.90285418591374e-005 308433 189
2.71106914979816e+004 1.73691962309764e+006 1.56072220301497e-002 6.48636040615776e-001 1.56820633060701e+000 1.92998716904572e-002 1.91251751724378e-005 308757 190
2.71095866950496e+004 1.73688997749080e+006 1.56068524480715e-002 6.07741494376003e-001 1.56801457731864e+000 1.96035197618557e-002 1.92366938106456e-005 313642 191
2.71182849132640e+004 1.73691491250774e+006 6.26756836493126e+000 8.28441096583902e-001 -1.56964448026978e+000 1.98412455376263e-002 1.92931036430844e-005 317307 192
2.71173843244877e+004 1.73690585733712e+006 6.26756880193033e+000 9.87418423895942e-001 -1.56763107074190e+000 1.99158043469979e-002 1.93314413224638e-005 318517 193
2.71192151947083e+004 1.73693488194433e+006 6.26756800893068e+000 9.66112913868816e-001 -1.56887746711631e+000 1.99271523578039e-002 1.93716637745391e-005 318687 194
2.71104880599065e+004 1.73692430910704e+006 1.56070628336683e-002 7.09367361556885e-001 1.56954860362560e+000 1.99668283495154e-002 1.94510259768558e-005 319354 195
2.71116374244808e+004 1.73691792013592e+006 1.56077817976955e-002 4.66937554769825e-001 1.55967330927457e+000 2.01939398397637e-002 1.96501549516511e-005 322979 196
2.71130265068605e+004 1.73693098077239e+006 1.56084639949518e-002 4.31369386036833e-001 1.55612587343974e+000 2.02189960869318e-002 1.98871915757354e-005 323362 197
2.71185783786446e+004 1.73689082322374e+006 6.26756797952657e+000 7.87705810801142e-001 -1.56935685033723e+000 2.04074338411797e-002 1.99502189676422e-005 326322 198
2.71123136760225e+004 1.73692093074143e+006 1.56081439935562e-002 4.90083407855772e-001 1.56120733558153e+000 2.05502541199611e-002 2.01292452235530e-005 328572 199
2.71096842316557e+004 1.73689144219766e+006 1.56068954312406e-002 5.30270129842152e-001 1.56465889477218e+000 2.08540700842191e-002 2.02797771966505e-005 333404 200
2.71163709749497e+004 1.73692044611722e+006 6.26756951630614e+000 9.00780735280654e-001 -1.56897334376049e+000 2.09035773341344e-002 2.03266982740677e-005 334244 201
2.71102220121284e+004 1.73690697988878e+006 1.56070653849288e-002 5.75960185398663e-001 1.56619292107913e+000 2.11440172481760e-002 2.04522037498958e-005 338100 202
2.71104072449752e+004 1.73691805004394e+006 1.56070725488537e-002 7.30478219914328e-001 1.57021974013489e+000 2.15174936407552e-002 2.05266074656751e-005 344035 203
2.71100491901138e+004 1.73690704999518e+006 1.56069652794570e-002 6.66720950289964e-001 1.56916509704886e+000 2.15390045759344e-002 2.06175680186733e-005 344387 204
2.71117437570558e+004 1.73693046525945e+006 1.56077302912700e-002 7.44227706036484e-001 1.57002798684652e+000 2.15982829694935e-002 2.06889810933250e-005 345294 205
2.71170583159096e+004 1.73690994158677e+006 6.26756902628209e+000 9.49160523000057e-001 -1.56811045396283e+000 2.16543843299325e-002 2.07308008845777e-005 346204 206
2.71107232174344e+004 1.73690591216385e+006 1.56073634693403e-002 6.47715869086366e-001 1.56868571382794e+000 2.16963877658017e-002 2.08277365832362e-005 346878 207
2.71173513517735e+004 1.73693204712769e+006 6.26756905625937e+000 9.54221466411816e-001 -1.56887746711631e+000 2.17712162925597e-002 2.08690700368080e-005 348097 208
2.71101372779763e+004 1.73691110978874e+006 1.56069795091082e-002 6.31577476109008e-001 1.56801457731864e+000 2.18541809638507e-002 2.09715385466925e-005 349401 209
2.71104185002930e+004 1.73690574441257e+006 1.56071895824191e-002 6.50865687013964e-001 1.56878159047212e+000 2.18629261150389e-002 2.10674452106347e-005 349546 210
2.71113709577957e+004 1.73693179408539e+006 1.56075037740027e-002 5.22254020172478e-001 1.56274136188849e+000 2.20661170811622e-002 2.12231050806417e-005 352782 211
2.71107403086180e+004 1.73691165354794e+006 1.56073217249622e-002 6.88875849421161e-001 1.56954860362560e+000 2.20946437785586e-002 2.13077537714116e-005 353266 212
2.71181964691175e+004 1.73691058653222e+006 6.26756837696297e+000 8.17009734891607e-001 -1.56964448026978e+000 2.22923624384922e-002 2.13659145882746e-005 356465 213
2.71098837720743e+004 1.73690174992254e+006 1.56069176814092e-002 6.32816168552446e-001 1.56839808389538e+000 2.24629869511184e-002 2.14679424531465e-005 359183 214
2.71107385251913e+004 1.73690494441750e+006 1.56073809749296e-002 5.46019219480144e-001 1.56494652470473e+000 2.26320071791318e-002 2.16090875571259e-005 361931 215
2.71169951430536e+004 1.73693520966268e+006 6.26756928970738e+000 8.41358889208322e-001 -1.57021974013489e+000 2.27195057548402e-002 2.16636095585394e-005 363387 216
2.71174996332786e+004 1.73692764077382e+006 6.26756893131373e+000 9.17290735991042e-001 -1.56906922040468e+000 2.27560387804378e-002 2.17086927477138e-005 363998 217
2.71189364045911e+004 1.73692138976778e+006 6.26756804814757e+000 9.64290266416329e-001 -1.56839808389538e+000 2.28672903939249e-002 2.17490826054006e-005 365768 218
2.71110586023758e+004 1.73692366068780e+006 1.56073970577879e-002 4.28591175842266e-001 1.55612587343974e+000 2.28899731474737e-002 2.19895127194357e-005 366105 219
2.71099681545379e+004 1.73690897798876e+006 1.56069013146301e-002 6.76966706357826e-001 1.56935685033723e+000 2.30691471980703e-002 2.20774720999009e-005 368943 220
2.71114764684184e+004 1.73691468230022e+006 1.56077182426855e-002 6.62898699321643e-001 1.56878159047212e+000 2.30725738921868e-002 2.21695904277350e-005 369007 221
2.71098195419678e+004 1.73690017912453e+006 1.56068948227966e-002 6.95334745733371e-001 1.57012386349071e+000 2.31063064415920e-002 2.22525189538791e-005 369568 222
2.71096903960235e+004 1.73689161261145e+006 1.56068974484466e-002 6.30020262751544e-001 1.56868571382794e+000 2.32149148741966e-002 2.23555456537178e-005 371265 223
2.71180048021546e+004 1.73690214799192e+006 6.26756841145101e+000 9.60202581352986e-001 -1.56772694738609e+000 2.32944111745249e-002 2.23963146797703e-005 372528 224
2.71178082749951e+004 1.73691450161032e+006 6.26756863558843e+000 9.79915486809977e-001 -1.56801457731864e+000 2.34271084356803e-002 2.24353011617048e-005 374626 225
2.71183651513960e+004 1.73693524402418e+006 6.26756850145797e+000 8.13559091656316e-001 -1.57060324671163e+000 2.35806121275739e-002 2.24940061033013e-005 377101 226
2.71185092216121e+004 1.73688849600206e+006 6.26756799841865e+000 8.56754066719617e-001 -1.56830220725120e+000 2.36049931420157e-002 2.25463957849789e-005 377470 227
2.71097739903332e+004 1.73689620889637e+006 1.56069042720266e-002 5.55557151294613e-001 1.56571353785821e+000 2.39059989364115e-002 2.26822652456149e-005 382325 228
2.71179671742906e+004 1.73689892349718e+006 6.26756840413187e+000 8.34457602737741e-001 -1.56897334376049e+000 2.39860389396747e-002 2.27377841089387e-005 383626 229
2.71096246797471e+004 1.73689069366164e+006 1.56068678779938e-002 7.00997339760514e-001 1.57060324671163e+000 2.41258076826681e-002 2.28192460347206e-005 385846 230
2.71144009011020e+004 1.73693784288153e+006 1.56091934222227e-002 4.80952474987004e-001 1.55996093920713e+000 2.41534591078215e-002 2.30058326295404e-005 386290 231
2.71116611854549e+004 1.73693559516802e+006 1.56076366754123e-002 7.88378243841865e-001 1.57060324671163e+000 2.44365273108727e-002 2.30687418781964e-005 390865 232
2.71100031189247e+004 1.73689645740317e+006 1.56070339256927e-002 4.62885260919151e-001 1.56015269249550e+000 2.44673906542583e-002 2.32717272394865e-005 391334 233
2.71110797812854e+004 1.73693562155977e+006 1.56073017900006e-002 7.82450215719700e-001 1.57050737006745e+000 2.47055744602041e-002 2.33356898093264e-005 395135 234
2.71126180633782e+004 1.73692202803163e+006 1.56083093373778e-002 7.01298165068206e-001 1.56945272698141e+000 2.47461569497738e-002 2.34170748072609e-005 395777 235
2.71183202594394e+004 1.73689490107488e+006 6.26756816474759e+000 7.85104556669923e-001 -1.56954860362560e+000 2.49497740404518e-002 2.34805625462815e-005 398982 236
2.71101187198276e+004 1.73689575622675e+006 1.56071067649831e-002 5.04151414891955e-001 1.56302899182104e+000 2.50449360866500e-002 2.36487847874820e-005 400445 237
2.71104018039977e+004 1.73691767621270e+006 1.56070727755840e-002 7.29788091267270e-001 1.57021974013489e+000 2.51727455663966e-002 2.37233433838357e-005 402476 238
2.71171683059536e+004 1.73691037693243e+006 6.26756896688457e+000 9.61423578190088e-001 -1.56801457731864e+000 2.52128988219985e-002 2.37639986232656e-005 403090 239
2.71099702142564e+004 1.73690144842835e+006 1.56069701459630e-002 6.55484240267352e-001 1.56906922040468e+000 2.53497931654156e-002 2.38584249481200e-005 405261 240
2.71108228206770e+004 1.73690228238812e+006 1.56074534116551e-002 5.14768778692849e-001 1.56341249839778e+000 2.54246254057300e-002 2.40191087202382e-005 406447 241
2.71115310468541e+004 1.73692899754410e+006 1.56076210441996e-002 7.51624469484440e-001 1.57021974013489e+000 2.54877620603302e-002 2.40889848141095e-005 407479 242
2.71170870915918e+004 1.73692778152401e+006 6.26756917003296e+000 9.17680039330409e-001 -1.56906922040468e+000 2.56197776893952e-002 2.41340259380217e-005 409610 243
2.71095658010437e+004 1.73688922041056e+006 1.56068472231004e-002 6.18270380145222e-001 1.56839808389538e+000 2.59488250048274e-002 2.42414092699708e-005 414820 244
2.71105660173701e+004 1.73691237685673e+006 1.56072149055979e-002 5.35985810688300e-001 1.56417951155126e+000 2.61026784323558e-002 2.43884318174000e-005 417291 245
2.71174976138502e+004 1.73690808225010e+006 6.26756875671559e+000 7.85493860009289e-001 -1.57002798684652e+000 2.62740780360826e-002 2.44518503834621e-005 420108 246
2.71133428888085e+004 1.73692469512082e+006 1.56087025765714e-002 6.17314817403142e-001 1.56705581087680e+000 2.63004661041508e-002 2.45595993003015e-005 420544 247
2.71112290150365e+004 1.73690992746014e+006 1.56076185294237e-002 7.34742861041020e-001 1.57060324671163e+000 2.63307627962595e-002 2.46330562450932e-005 421036 248
2.71176924762353e+004 1.73692849234012e+006 6.26756882796793e+000 8.23026241045446e-001 -1.57021974013489e+000 2.64286326203637e-002 2.46902858201536e-005 422563 249
2.71159956079890e+004 1.73692387094866e+006 6.26756976313911e+000 7.85883163348655e-001 -1.57060324671163e+000 2.64299514026208e-002 2.47536353097640e-005 422582 250
2.71096489573509e+004 1.73689083692714e+006 1.56068805651056e-002 6.69516856090866e-001 1.56983623355815e+000 2.64367044240570e-002 2.48437623606055e-005 422683 251
2.71176513377619e+004 1.73690759930906e+006 6.26756866389285e+000 8.67353734914175e-001 -1.56887746711631e+000 2.66398854151136e-002 2.48947539017944e-005 425880 252
2.71115448386486e+004 1.73692928155645e+006 1.56076264309462e-002 6.19509072588660e-001 1.56695993423261e+000 2.67018283835749e-002 2.50016649585932e-005 426825 253
2.71103251396758e+004 1.73691696564703e+006 1.56070350319259e-002 5.73252757629435e-001 1.56571353785821e+000 2.67572146024655e-002 2.51284778920507e-005 427713 254
2.71116016925434e+004 1.73692497387581e+006 1.56076978570586e-002 7.48775476864533e-001 1.57031561677908e+000 2.69119438099096e-002 2.51989402377891e-005 430267 255
2.71187030383511e+004 1.73691861293532e+006 6.26756815751633e+000 8.85969512778408e-001 -1.56906922040468e+000 2.70500762035138e-002 2.52476043422928e-005 432478 256
2.71171454049604e+004 1.73691838893515e+006 6.26756905206458e+000 8.03844203778499e-001 -1.57012386349071e+000 2.72541189619020e-002 2.53078814562378e-005 435729 257
2.71108149884373e+004 1.73690744311710e+006 1.56074025378507e-002 4.88349238434960e-001 1.56159084215827e+000 2.72610246356730e-002 2.54883099652989e-005 435827 258
2.71169058137211e+004 1.73691198494786e+006 6.26756913242374e+000 8.64823263208296e-001 -1.56906922040468e+000 2.73841280289831e-002 2.55396303434006e-005 437869 259
2.71180342219510e+004 1.73691204943563e+006 6.26756848349814e+000 9.36897467810025e-001 -1.56830220725120e+000 2.74330916629796e-002 2.55826638563577e-005 438616 260
2.71183582431706e+004 1.73690097316405e+006 6.26756819745330e+000 9.77048798583736e-001 -1.56753519409772e+000 2.74817777052989e-002 2.56219023768756e-005 439355 261
2.71183086470049e+004 1.73691103104030e+006 6.26756831638866e+000 8.25008148954946e-001 -1.56954860362560e+000 2.76392121323868e-002 2.56788298926354e-005 441908 262
2.71118409646568e+004 1.73692737416111e+006 1.56078140144697e-002 6.32409169606745e-001 1.56743931745354e+000 2.77128403871961e-002 2.57810019877384e-005 443072 263
2.71185132247623e+004 1.73688925323984e+006 6.26756800291975e+000 8.22424590430062e-001 -1.56878159047212e+000 2.77848836656378e-002 2.58383236031735e-005 444226 264
2.71170641599159e+004 1.73693793259591e+006 6.26756927445063e+000 8.20478073733232e-001 -1.57060324671163e+000 2.82167477486432e-002 2.58959449402085e-005 451059 265
2.71114954807745e+004 1.73692250894584e+006 1.56076588684090e-002 7.49040910959556e-001 1.57041149342326e+000 2.83321263970749e-002 2.59663523678476e-005 452913 266
2.71185113712040e+004 1.73689080104607e+006 6.26756801789681e+000 8.97277005226359e-001 -1.56791870067446e+000 2.84339592508913e-002 2.60136773558466e-005 454495 267
2.71178466313461e+004 1.73690133113463e+006 6.26756849515288e+000 8.13258266348625e-001 -1.56935685033723e+000 2.84758668431716e-002 2.60724300213488e-005 455145 268
2.71183066463723e+004 1.73689927535469e+006 6.26756821189436e+000 9.18104733882444e-001 -1.56801457731864e+000 2.86324624608504e-002 2.61174252139821e-005 457734 269
2.71104539048496e+004 1.73692731105055e+006 1.56070162049747e-002 4.40093319959900e-001 1.55708463988159e+000 2.86703768228341e-002 2.63442504433770e-005 458335 270
2.71124004296011e+004 1.73692432868931e+006 1.56081633987765e-002 5.04169110498290e-001 1.56197434873501e+000 2.87073567514070e-002 2.65124582237595e-005 458948 271
2.71176649785867e+004 1.73691690590766e+006 6.26756873967502e+000 8.80342309963934e-001 -1.56906922040468e+000 2.88963736042794e-002 2.65618092947533e-005 462000 272
2.71100206228395e+004 1.73691336005113e+006 1.56068921467651e-002 7.36282378792149e-001 1.57050737006745e+000 2.88965106839689e-002 2.66349287557718e-005 462003 273
2.71189650243009e+004 1.73691742525080e+006 6.26756799604577e+000 8.65637261099697e-001 -1.56926097369304e+000 2.89951620394051e-002 2.66861430402679e-005 463549 274
2.71183108331014e+004 1.73691371312232e+006 6.26756833923346e+000 7.92589798149553e-001 -1.57012386349071e+000 2.90704602738246e-002 2.67483192071662e-005 464750 275
2.71101125351189e+004 1.73689756684455e+006 1.56070869381840e-002 6.64367434647433e-001 1.56945272698141e+000 2.91639471209360e-002 2.68399902057649e-005 466230 276
2.71116339434230e+004 1.73691830870265e+006 1.56077763029697e-002 4.94471918226808e-001 1.56159084215827e+000 2.92223001050846e-002 2.70155401523350e-005 467150 277
2.71096385549428e+004 1.73689169545041e+006 1.56068668644419e-002 5.85905116158833e-001 1.56715168752098e+000 2.93077389324694e-002 2.71364071602873e-005 468527 278
2.71116511757675e+004 1.73692923558358e+006 1.56076880503986e-002 7.46917438199377e-001 1.57012386349071e+000 2.95001706133123e-002 2.72072556959637e-005 471593 279
2.71105588401744e+004 1.73690495632589e+006 1.56072774418727e-002 5.25209186430394e-001 1.56389188161870e+000 2.96313986356249e-002 2.73609965369832e-005 473631 280
2.71100992910868e+004 1.73690787122471e+006 1.56069867394040e-002 6.83071690543340e-001 1.56954860362560e+000 2.97187736293228e-002 2.74472356985891e-005 475048 281
2.71117613491528e+004 1.73692976336458e+006 1.56077467231484e-002 7.32955604801203e-001 1.56983623355815e+000 2.97374242623215e-002 2.75210872494719e-005 475359 282
2.71110160714123e+004 1.73692087385362e+006 1.56073976148428e-002 4.95940653552598e-001 1.56159084215827e+000 3.07863755402735e-002 2.76954954619276e-005 492184 283
2.71179473937471e+004 1.73690060914502e+006 6.26756843066597e+000 9.42984756389204e-001 -1.56782282403027e+000 3.09164082074299e-002 2.77379201341359e-005 494328 284
2.71109789942706e+004 1.73690854830573e+006 1.56074870095191e-002 5.08840750570683e-001 1.56283723853267e+000 3.09831891565945e-002 2.79027503368199e-005 495399 285
2.71161188090688e+004 1.73692382837814e+006 6.26756969184325e+000 9.42223845316807e-001 -1.56868571382794e+000 3.11654806950177e-002 2.79452505126771e-005 498333 286
2.71105615335571e+004 1.73691757040738e+006 1.56071656652531e-002 5.71483196995953e-001 1.56561766121403e+000 3.12338463656661e-002 2.80729288582496e-005 499421 287
2.71098679672397e+004 1.73689407267412e+006 1.56069775571062e-002 5.19599679222255e-001 1.56398775826289e+000 3.14552784351743e-002 2.82303449423934e-005 502948 288
2.71114859360768e+004 1.73691407175350e+006 1.56077291776226e-002 5.97708085584159e-001 1.56676818094424e+000 3.14963992976703e-002 2.83460230254505e-005 503588 289
2.71180533342649e+004 1.73692102285207e+006 6.26756855313759e+000 8.68680905389287e-001 -1.56935685033723e+000 3.15551656035790e-002 2.83968433739413e-005 504523 290
2.71188590121866e+004 1.73693722033680e+006 6.26756823495885e+000 9.76323278724008e-001 -1.56887746711631e+000 3.18235814050299e-002 2.84361462088571e-005 508882 291
2.71101352077510e+004 1.73690020878663e+006 1.56070762529332e-002 6.53838548878214e-001 1.56906922040468e+000 3.18238383364184e-002 2.85310961933734e-005 508887 292
2.71101167933941e+004 1.73689638727109e+006 1.56070999867195e-002 4.31033169516471e-001 1.55737226981414e+000 3.18618401375575e-002 2.87685439331494e-005 509489 293
2.71115971640134e+004 1.73692257885106e+006 1.56077167682789e-002 5.49646818778783e-001 1.56446714148381e+000 3.18869379042777e-002 2.89076473553653e-005 509896 294
2.71098671304149e+004 1.73690752392872e+006 1.56068562288497e-002 4.85535637027723e-001 1.56139908886990e+000 3.20421637816310e-002 2.90903837588369e-005 512398 295
2.71123980144940e+004 1.73693073808553e+006 1.56081044228061e-002 7.15985518326109e-001 1.56945272698141e+000 3.22302082593978e-002 2.91681410241560e-005 515416 296
2.71135271681100e+004 1.73693189769769e+006 1.56087439309779e-002 4.87535240543558e-001 1.56063207571642e+000 3.25018690290351e-002 2.93492312585658e-005 519811 297
2.71178615185665e+004 1.73691028835036e+006 6.26756856707905e+000 8.67636864615532e-001 -1.56897334376049e+000 3.25425026303431e-002 2.94001862087154e-005 520430 298
2.71121796000434e+004 1.73693766863476e+006 1.56079164388490e-002 7.43077491624721e-001 1.56974035691397e+000 3.27928646831557e-002 2.94718426801144e-005 524491 299
2.71176410156743e+004 1.73693616963300e+006 6.26756892657840e+000 9.29571486787409e-001 -1.56926097369304e+000 3.29348230788560e-002 2.95156259341640e-005 526798 300
