3.81284571115710e+005 1.69474072050288e+006 2.21296419061490e-001 4.93339399421379e-001 1.45171620792260e+000 8.94623610405121e-004 1.75195708569693e-007 14291 1
3.81298605743702e+005 1.69478333915181e+006 2.21298916151312e-001 5.88240936195029e-001 1.52141852824488e+000 3.75192060378482e-003 2.94864113087241e-007 60068 2
3.81289366824748e+005 1.69475993769917e+006 2.21296684263627e-001 6.12890915819436e-001 1.53426599856563e+000 4.85158062842465e-003 4.04259207911359e-007 77671 3
3.81297934689546e+005 1.69476920048663e+006 6.06187967422368e+000 9.16706780981993e-001 -1.52582885387738e+000 9.18134718465396e-003 4.49360032490070e-007 146940 4
3.81296448947031e+005 1.69475994613532e+006 6.06187933929873e+000 9.61175839701401e-001 -1.51988450193793e+000 1.10629842118833e-002 4.89985777827479e-007 177246 5
3.81293843383059e+005 1.69477335466080e+006 2.21297503104009e-001 4.62920652131820e-001 1.41854288903470e+000 1.24701802755018e-002 6.90600586463753e-007 199718 6
3.81293974048792e+005 1.69474200361958e+006 6.06187846208235e+000 9.83189173981919e-001 -1.51719995590075e+000 1.42934159263464e-002 7.29246629352473e-007 228997 7
3.81287515901931e+005 1.69475296801928e+006 2.21296525392957e-001 5.15582776584250e-001 1.47185030320139e+000 1.49241886220521e-002 8.88593960576192e-007 239086 8
3.81303433900039e+005 1.69478412633318e+006 6.06187847173555e+000 7.59074319751400e-001 -1.55593412015137e+000 1.61632903446577e-002 9.56962652408366e-007 258816 9
3.81296475438631e+005 1.69475456181270e+006 6.06187864406823e+000 7.67638993217454e-001 -1.55372895733512e+000 1.71368894606454e-002 1.02366206016278e-006 274502 10
3.81294354228483e+005 1.69477778868921e+006 2.21297229745376e-001 4.48781862670298e-001 1.40042220328379e+000 1.97267681025241e-002 1.23781256472686e-006 316128 11
3.81297533843919e+005 1.69475757772281e+006 6.06187843072505e+000 8.18283818547714e-001 -1.54251138996551e+000 2.23045213965378e-002 1.29575119534427e-006 357369 12
3.81291258028595e+005 1.69476301909560e+006 2.21297357061097e-001 5.84701814928065e-001 1.51950099536119e+000 2.63069702917147e-002 1.41700721593284e-006 421578 13
3.81296720568968e+005 1.69475404757603e+006 6.06187844141825e+000 8.43163841054474e-001 -1.53771755775628e+000 2.67960030867731e-002 1.47124309773378e-006 429322 14
3.81301923625046e+005 1.69478104215670e+006 6.06187893022787e+000 7.72292937683512e-001 -1.55267431424909e+000 2.95069008381426e-002 1.53706021222526e-006 472732 15
3.81297300049050e+005 1.69476390526162e+006 6.06187936156380e+000 8.63867700466215e-001 -1.53407424527726e+000 3.15546996100374e-002 1.58847095556699e-006 505547 16
3.81294911256169e+005 1.69478589469327e+006 2.21296518357232e-001 4.65504210656704e-001 1.42161094164861e+000 3.18821424566305e-002 1.78673676190210e-006 510780 17
3.81297703577027e+005 1.69476576569116e+006 6.06187937001156e+000 9.58220673443486e-001 -1.52026800851466e+000 3.52471864861368e-002 1.82763945251680e-006 564789 18
3.81291954328513e+005 1.69477140939303e+006 2.21296687962852e-001 4.63628476385213e-001 1.41940577883236e+000 3.59045552382882e-002 2.02760746115803e-006 575365 19
3.81288626136579e+005 1.69475416734922e+006 2.21296997389900e-001 5.62564611403203e-001 1.50627001846370e+000 3.62909000843141e-002 2.15950802212745e-006 581591 20
3.81297314719522e+005 1.69478324558086e+006 2.21298202911726e-001 4.97993343887437e-001 2.25262175511948e-001 3.71456484884605e-002 2.19811342135415e-006 595371 21
3.81294938390608e+005 1.69477836080148e+006 2.21297485533716e-001 6.59837359425719e-001 1.55459184713279e+000 3.74758709309301e-002 2.29116258834071e-006 600684 22
3.81294302111574e+005 1.69478131122110e+006 2.21296755388875e-001 4.69503417688374e-001 1.42630889721366e+000 3.87473239956940e-002 2.48586721220967e-006 621004 23
3.81295654289715e+005 1.69477526524130e+006 2.21298278736419e-001 6.50370210036589e-001 1.55085265800958e+000 3.88372345062120e-002 2.58191578361425e-006 622495 24
3.81303506581313e+005 1.69478529119094e+006 6.06187857810348e+000 8.49958953887045e-001 -1.53656703802606e+000 3.96308240492022e-002 2.63520026315723e-006 635198 25
3.81285975256436e+005 1.69474530261526e+006 2.21296628691625e-001 6.03193723547954e-001 1.52947216635640e+000 4.00980888115990e-002 2.74848066448800e-006 642776 26
3.81293042431926e+005 1.69473769473060e+006 6.06187844083874e+000 8.83775257592890e-001 -1.53071856273080e+000 4.13240805557237e-002 2.79737175991823e-006 662348 27
3.81293941820228e+005 1.69474311420267e+006 6.06187862051542e+000 8.29768267059013e-001 -1.54021035050508e+000 4.30605316924087e-002 2.85355703515100e-006 689973 28
3.81293849691981e+005 1.69474225897390e+006 6.06187856419141e+000 8.49852780249036e-001 -1.53647116138188e+000 4.42099286561912e-002 2.90685598579910e-006 708395 29
3.81286573256511e+005 1.69474952631673e+006 2.21296430855399e-001 6.48777605466455e-001 1.55027739814447e+000 4.48587351735883e-002 3.00342290857712e-006 718897 30
3.81292205811558e+005 1.69476835138568e+006 2.21297215595668e-001 5.55681020538957e-001 1.50176381618702e+000 4.61071707881712e-002 3.13890404135981e-006 738912 31
3.81289102501008e+005 1.69475520709646e+006 2.21297133551172e-001 6.95352441339706e-001 1.56734344080935e+000 4.94877264891393e-002 3.22182744912178e-006 793004 32
3.81301740883301e+005 1.69477964298139e+006 6.06187885606440e+000 8.42491408013750e-001 -1.53790931104465e+000 4.98816949380462e-002 3.27615895448197e-006 799332 33
3.81285867924851e+005 1.69474562521281e+006 2.21296527648555e-001 5.42887097158881e-001 1.49303904156621e+000 5.18798374297105e-002 3.41867229200700e-006 831488 34
3.81298519948031e+005 1.69477923876411e+006 6.06188061392785e+000 9.29217574660712e-001 -1.52410307428205e+000 5.29479665543331e-002 3.46244453198219e-006 848502 35
3.81286172506845e+005 1.69474719604032e+006 2.21296500227143e-001 5.58512317552528e-001 1.50368134907071e+000 5.32526698106007e-002 3.59643681120349e-006 853424 36
3.81300243560390e+005 1.69477480705182e+006 6.06187908593919e+000 7.89599240678968e-001 -1.54864749519333e+000 5.42261880146734e-002 3.65911686654379e-006 869011 37
3.81293432316332e+005 1.69473932648591e+006 6.06187842805513e+000 7.72629154203873e-001 -1.55248256096072e+000 5.87403789720126e-002 3.72487075776032e-006 941175 38
3.81299211410787e+005 1.69476819613843e+006 6.06187883028187e+000 9.89648070294129e-001 -1.51652881939146e+000 5.96537713897559e-002 3.76296270456102e-006 955924 39
3.81299314828221e+005 1.69478130766719e+006 6.06188042892521e+000 8.46702962321438e-001 -1.53714229789117e+000 6.15939931346044e-002 3.81670006548747e-006 987050 40
3.81294093963034e+005 1.69478124102044e+006 2.21296647358750e-001 6.59855055032053e-001 1.55459184713279e+000 6.19500022469616e-002 3.90974374281865e-006 992703 41
3.81289780017187e+005 1.69475853556690e+006 2.21297093490815e-001 6.28038354842044e-001 1.54136087023530e+000 6.27271156543894e-002 4.01344235708039e-006 1005173 42
3.81290520965199e+005 1.69475930512798e+006 2.21297412388411e-001 6.70100811099915e-001 1.55852278954436e+000 6.72749798240590e-002 4.10338997505863e-006 1077876 43
3.81287939695289e+005 1.69475331518251e+006 2.21296719541337e-001 5.12096742136291e-001 1.46887812723167e+000 6.73259762437917e-002 4.26508504275359e-006 1078737 44
3.81284183486510e+005 1.69473904410331e+006 2.21296413180603e-001 5.21209979398724e-001 1.47654825876644e+000 6.90268492892453e-002 4.42074287910451e-006 1105710 45
3.81295543144396e+005 1.69475362783825e+006 6.06187904965467e+000 8.43677013638183e-001 -1.53762168111209e+000 6.99520357277773e-002 4.47490603870241e-006 1120488 46
3.81296700510413e+005 1.69475723474623e+006 6.06187885540902e+000 8.29962918728696e-001 -1.54021035050508e+000 7.30185067210292e-002 4.53106232825333e-006 1169813 47
3.81295685342755e+005 1.69477886117521e+006 2.21297841812466e-001 6.80895130964157e-001 1.56235785531175e+000 7.52715287355555e-002 4.61790611032466e-006 1205977 48
3.81285199285940e+005 1.69474267984800e+006 2.21296524285914e-001 4.67840030692901e-001 1.42448724097415e+000 7.56611280411510e-002 4.81408462901922e-006 1212297 49
3.81293516217984e+005 1.69474023147288e+006 6.06187849528704e+000 7.34088123606631e-001 -1.56245373195593e+000 7.57985056375246e-002 4.88768322773725e-006 1214454 50
3.81293519166178e+005 1.69477798221146e+006 2.21296736304964e-001 5.10185616652130e-001 1.46715234763634e+000 8.25564154330413e-002 5.05068481409169e-006 1322882 51
3.81289884994920e+005 1.69476029921321e+006 2.21296929602356e-001 6.08024624077360e-001 1.53186908246101e+000 8.30045525418892e-002 5.16200527406452e-006 1330124 52
3.81294309019282e+005 1.69478085466705e+006 2.21296816955786e-001 4.32767338937284e-001 3.04072777031770e-001 8.48967645772266e-002 5.23248028320853e-006 1360326 53
3.81295991657690e+005 1.69477816193464e+006 2.21298102197434e-001 6.06591279964240e-001 1.53110206930754e+000 8.60302547544654e-002 5.34437688608404e-006 1378673 54
3.81290621173910e+005 1.69476094257762e+006 2.21297261766981e-001 6.26569619516253e-001 1.54068973372600e+000 8.74481621761799e-002 5.44860894281457e-006 1401503 55
3.81297533721105e+005 1.69476174315018e+006 6.06187895712892e+000 8.90871195733153e-001 -1.52966391964476e+000 8.80956624833065e-002 5.49664533555478e-006 1411859 56
3.81296727630182e+005 1.69475653407865e+006 6.06187875164281e+000 7.63374352090762e-001 -1.55478360042116e+000 9.11543472164835e-002 5.56416843549705e-006 1460865 57
3.81299814278405e+005 1.69477272536480e+006 6.06187906399778e+000 7.73000761936905e-001 -1.55248256096072e+000 9.27206934870352e-002 5.62985280448609e-006 1485869 58
3.81298915469899e+005 1.69477391809356e+006 6.06187971949664e+000 9.53071252000052e-001 -1.52093914502396e+000 9.28115069470697e-002 5.67124465907490e-006 1487351 59
3.81296152762930e+005 1.69475411768488e+006 6.06187876917241e+000 9.56451112810003e-001 -1.52045976180303e+000 9.34434323747050e-002 5.71231441784092e-006 1497389 60
3.81297031749198e+005 1.69476079609114e+006 6.06187911938070e+000 9.14547917009145e-001 -1.52611648380993e+000 9.44679321756235e-002 5.75765038017682e-006 1513800 61
3.81288708434043e+005 1.69475892564394e+006 2.21296442372554e-001 5.60635790312707e-001 1.50502362208930e+000 9.45172415702495e-002 5.89054054030411e-006 1514605 62
3.81286090996231e+005 1.69474678629989e+006 2.21296506221575e-001 6.84770468751483e-001 1.56379600497452e+000 9.46781913260022e-002 5.97630769506866e-006 1517194 63
3.81295363210666e+005 1.69474929384334e+006 6.06187860307343e+000 8.76838579909640e-001 -1.53186908246101e+000 9.80459374010226e-002 6.02605600501803e-006 1570856 64
3.81288740562495e+005 1.69475461945743e+006 2.21297004528112e-001 6.29294742891816e-001 1.54193613010041e+000 9.93936915317066e-002 6.12930142065267e-006 1592478 65
3.81284272738646e+005 1.69473932528352e+006 2.21296427778529e-001 6.65075258900826e-001 1.55670113330485e+000 9.97982584572638e-002 6.22074891463754e-006 1598947 66
3.81292507668700e+005 1.69477567828934e+006 2.21296459337029e-001 6.26233402995892e-001 1.54049798043764e+000 1.00215777629354e-001 6.32510352030162e-006 1605645 67
3.81290877685579e+005 1.69476775418441e+006 2.21296545147980e-001 5.87639285579645e-001 1.52113089831233e+000 1.03456458782065e-001 6.44503992840177e-006 1657599 68
3.81288015633023e+005 1.69475403326007e+006 2.21296671456766e-001 6.12660872937083e-001 1.53417012192145e+000 1.04307851358777e-001 6.55452502630719e-006 1671410 69
3.81294204983071e+005 1.69474532685459e+006 6.06187875230388e+000 8.06923239280758e-001 -1.54481242942595e+000 1.06085183204415e-001 6.61427712682429e-006 1699966 70
3.81284747997378e+005 1.69474137326910e+006 2.21296435922617e-001 4.90614276045817e-001 1.44903166188543e+000 1.07895431597058e-001 6.79156325099731e-006 1729060 71
3.81297071900703e+005 1.69475780293702e+006 6.06187871862203e+000 9.90249720909513e-001 -1.51643294274728e+000 1.08448333017908e-001 6.82960410192034e-006 1737817 72
3.81286796957449e+005 1.69474969164460e+006 2.21296535602347e-001 6.38903457131624e-001 1.54615470244453e+000 1.09015601310178e-001 6.92947553997637e-006 1746999 73
3.81293188348282e+005 1.69477042082249e+006 2.21297505927078e-001 4.76900181136330e-001 1.43465016525773e+000 1.09301869962810e-001 7.11781994915428e-006 1751505 74
3.81292925238958e+005 1.69473697417089e+006 6.06187841560839e+000 7.90006239624669e-001 -1.54845574190497e+000 1.09794181034839e-001 7.18042871741120e-006 1759254 75
3.81295156263381e+005 1.69475022421605e+006 6.06187883686162e+000 7.71549722217449e-001 -1.55277019089328e+000 1.09971248318857e-001 7.24638550695865e-006 1762126 76
3.81298982435075e+005 1.69476438191492e+006 6.06187847692425e+000 7.71708982674463e-001 -1.55277019089328e+000 1.10654184468300e-001 7.31231235436778e-006 1773130 77
3.81294550643176e+005 1.69474443676712e+006 6.06187844570005e+000 9.93346452018107e-001 -1.51604943617054e+000 1.11550083725749e-001 7.35009200102443e-006 1787466 78
3.81288844396473e+005 1.69475773071009e+006 2.21296669719220e-001 4.51967071810566e-001 1.40473665227210e+000 1.12110399485729e-001 7.56109081188444e-006 1796340 79
3.81297962075082e+005 1.69476986918314e+006 6.06187974333762e+000 8.56205502923237e-001 -1.53541651829585e+000 1.12448713827739e-001 7.61352169772714e-006 1801766 80
3.81294839672485e+005 1.69474550215443e+006 6.06187841799395e+000 9.10300971488788e-001 -1.52669174367504e+000 1.13290687260157e-001 7.65932545935811e-006 1815134 81
3.81293691546455e+005 1.69474121974368e+006 6.06187852169440e+000 8.96109095208261e-001 -1.52880102984710e+000 1.14114417730806e-001 7.70674459924637e-006 1828365 82
3.81287467193180e+005 1.69474987697077e+006 2.21296888609591e-001 5.49345993471091e-001 1.49754524384289e+000 1.15127079815421e-001 7.84564496339177e-006 1844658 83
3.81290346698270e+005 1.69476173805475e+006 2.21297007101366e-001 5.15158082032215e-001 1.47146679662465e+000 1.15481997230792e-001 8.00527535221477e-006 1850310 84
3.81285195036552e+005 1.69474308442733e+006 2.21296470778034e-001 5.07460493276567e-001 1.46485130817591e+000 1.15697204273656e-001 8.17016897630706e-006 1853705 85
3.81287857924437e+005 1.69475413132753e+006 2.21296570491744e-001 6.77993051525246e-001 1.56139908886990e+000 1.16753835304179e-001 8.25783190662664e-006 1870557 86
3.81294834656518e+005 1.69474588036914e+006 6.06187846860195e+000 9.83277652013593e-001 -1.51719995590075e+000 1.18205170502679e-001 8.29647029947814e-006 1893775 87
3.81286034273132e+005 1.69474557193559e+006 2.21296627806866e-001 4.77537222964383e-001 1.43541717841121e+000 1.20969795172896e-001 8.48428206883990e-006 1937870 88
3.81298536115828e+005 1.69476565879217e+006 6.06187888893076e+000 9.38897071325860e-001 -1.52276080126347e+000 1.21434903401116e-001 8.52706493617920e-006 1945326 89
3.81293641968773e+005 1.69474060192246e+006 6.06187847147124e+000 7.22373632212979e-001 -1.56580941450240e+000 1.21819301832456e-001 8.60331656880569e-006 1951492 90
3.81296617875870e+005 1.69475754060776e+006 6.06187894046680e+000 8.50613691321433e-001 -1.53637528473769e+000 1.22173178109923e-001 8.65651050825189e-006 1957130 91
3.81299039866628e+005 1.69477876825382e+006 6.06188026247988e+000 7.47873000941458e-001 -1.55881041947691e+000 1.23031187073634e-001 8.72715498568783e-006 1970859 92
3.81287108436176e+005 1.69475034577330e+006 2.21296627884881e-001 5.08893837389688e-001 1.46609770455031e+000 1.24937810465432e-001 8.89105016747135e-006 2001231 93
3.81300347066045e+005 1.69477363396196e+006 6.06187887958050e+000 9.68519516330352e-001 -1.51902161214026e+000 1.26253322444308e-001 8.93099953578049e-006 2022082 94
3.81292844408361e+005 1.69473664346776e+006 6.06187841921793e+000 9.10796448466163e-001 -1.52659586703085e+000 1.30823655906259e-001 8.97674830316150e-006 2095163 95
3.81293960324867e+005 1.69477057128048e+006 2.21297920475489e-001 4.62283610303767e-001 1.41777587588122e+000 1.31801559782547e-001 9.17794807147598e-006 2110764 96
3.81290436123993e+005 1.69476279463440e+006 2.21296923820545e-001 6.10165792443874e-001 1.53292372554704e+000 1.33384591535982e-001 9.28841540588921e-006 2136130 97
3.81303269718851e+005 1.69478524937430e+006 6.06187870584565e+000 9.32155045312293e-001 -1.52371956770531e+000 1.37181881722742e-001 9.33188397358569e-006 2197155 98
3.81291151427434e+005 1.69476565102282e+006 2.21296964633021e-001 4.51984767416901e-001 1.40473665227210e+000 1.39758897444074e-001 9.54286461113146e-006 2238570 99
3.81293727135746e+005 1.69474110970792e+006 6.06187848780228e+000 9.31995784855279e-001 -1.52362369106113e+000 1.43359381105082e-001 9.58634932539047e-006 2296040 100
3.81294939689989e+005 1.69474750325452e+006 6.06187861467822e+000 8.13895308176678e-001 -1.54337427976318e+000 1.43881140972074e-001 9.64497887895227e-006 2304431 101
3.81292997745266e+005 1.69473726753782e+006 6.06187841195625e+000 8.00057344022847e-001 -1.54625057908872e+000 1.45707556627046e-001 9.70586711548295e-006 2333683 102
3.81294839672485e+005 1.69474550215443e+006 6.06187841799395e+000 9.10300971488788e-001 -1.52669174367504e+000 1.46725417673085e-001 9.75167087711392e-006 2350093 103
3.81295344680574e+005 1.69474973439132e+006 6.06187866914755e+000 7.67585906398449e-001 -1.55372895733512e+000 1.47134776183794e-001 9.81838043384819e-006 2356548 104
3.81291984126007e+005 1.69476443207996e+006 2.21297586317051e-001 6.77267531665518e-001 1.56111145893735e+000 1.47546454395610e-001 9.90624985458246e-006 2363171 105
3.81284201609485e+005 1.69473909969631e+006 2.21296416334514e-001 6.78417746077282e-001 1.56159084215827e+000 1.54327143661541e-001 9.99379225556801e-006 2471844 106
3.81298121930028e+005 1.69478616631855e+006 2.21298287207323e-001 5.47134042679238e-001 1.49591534089175e+000 1.56182783776009e-001 1.01339140701525e-005 2501307 107
3.81295345821920e+005 1.69475401730676e+006 6.06187920968891e+000 7.66064084253654e-001 -1.55411246391186e+000 1.60311304141315e-001 1.02009159557488e-005 2567475 108
3.81290220040248e+005 1.69476321330932e+006 2.21296749560622e-001 4.82969774109174e-001 1.44116977706229e+000 1.61520317178838e-001 1.03842519767569e-005 2586834 109
3.81295034332055e+005 1.69475030225208e+006 6.06187891520225e+000 7.48315391099828e-001 -1.55861866618854e+000 1.61667630094196e-001 1.04548044431776e-005 2589141 110
3.81299163937375e+005 1.69477332933912e+006 6.06187950555918e+000 7.30991392498037e-001 -1.56341249839778e+000 1.62990571181022e-001 1.05290912817451e-005 2610528 111
3.81286103805818e+005 1.69474578794156e+006 2.21296639564831e-001 5.35649594167938e-001 1.48776582613605e+000 1.63575172835930e-001 1.06758129403362e-005 2619938 112
3.81296498036238e+005 1.69476002818624e+006 6.06187932209674e+000 7.34618991796676e-001 -1.56235785531175e+000 1.65154589740397e-001 1.07492945223418e-005 2645244 113
3.81292932542454e+005 1.69473700530336e+006 6.06187841544040e+000 7.50739689167699e-001 -1.55794752967925e+000 1.65737417867937e-001 1.08193461477445e-005 2654517 114
3.81295717590395e+005 1.69475633203882e+006 6.06187929337859e+000 7.76044406226494e-001 -1.55171554780725e+000 1.66209749213917e-001 1.08844641654239e-005 2662064 115
3.81285651997746e+005 1.69474437423906e+006 2.21296564445785e-001 5.26500965692836e-001 1.48076683111057e+000 1.68628247109430e-001 1.10367607231659e-005 2700724 116
3.81294113474923e+005 1.69477162806818e+006 2.21297872957284e-001 5.05620150217746e-001 1.46312552858058e+000 1.72992863939083e-001 1.12029468651961e-005 2770462 117
3.81296026234702e+005 1.69478652069901e+006 2.21297065450867e-001 4.57983577964405e-001 1.41240678380688e+000 1.73891103167410e-001 1.14081530019013e-005 2784924 118
3.81291225865622e+005 1.69476725174610e+006 2.21296804179773e-001 5.23563495041255e-001 1.47836991500595e+000 1.74969810839233e-001 1.15623019084078e-005 2801892 119
3.81297030263474e+005 1.69476133427443e+006 6.06187918821867e+000 9.38808593294186e-001 -1.52276080126347e+000 1.75576863344025e-001 1.16050936468072e-005 2811478 120
3.81294073097821e+005 1.69474419528169e+006 6.06187868339015e+000 9.55477854461588e-001 -1.52055563844722e+000 1.75659708740338e-001 1.16462556953132e-005 2812797 121
3.81285490764675e+005 1.69474359450072e+006 2.21296572417257e-001 4.45561262317360e-001 1.39610775429548e+000 1.77316359303847e-001 1.18636628801138e-005 2839362 122
3.81293191174425e+005 1.69473835929731e+006 6.06187844127458e+000 7.49288649448243e-001 -1.55833103625599e+000 1.77567269798275e-001 1.19340136434738e-005 2843403 123
3.81300357818125e+005 1.69477548208622e+006 6.06187910706477e+000 8.86217251267095e-001 -1.53043093279824e+000 1.79300433271517e-001 1.19826082809534e-005 2871037 124
3.81298944479252e+005 1.69478611578256e+006 2.21298755550647e-001 5.17989379045786e-001 1.47376783608509e+000 1.79404162897916e-001 1.21403611472497e-005 2872771 125
3.81296539868691e+005 1.69478556796765e+006 2.21297474298043e-001 7.38405851552328e-001 1.01101921292764e-001 1.80749950872888e-001 1.21476944683538e-005 2894462 126
3.81290381412740e+005 1.69476312184042e+006 2.21296851749084e-001 6.64739042380464e-001 1.55650938001648e+000 1.80882879549817e-001 1.22392435006258e-005 2896612 127
3.81284428770059e+005 1.69474013400810e+006 2.21296413223072e-001 5.77251964661105e-001 1.51528242301706e+000 1.81449315319299e-001 1.23639408506203e-005 2905620 128
3.81300352710771e+005 1.69478180473747e+006 6.06187990883876e+000 8.17646776719660e-001 -1.54270314325388e+000 1.83509732455516e-001 1.24219791514971e-005 2938817 129
3.81287748632005e+005 1.69475407890381e+006 2.21296515734053e-001 7.03633985104403e-001 1.57002798684652e+000 1.85680014098557e-001 1.25027710083809e-005 2973483 130
3.81300119646580e+005 1.69477019691225e+006 6.06187857300874e+000 9.83843911416308e-001 -1.51719995590075e+000 1.89200818984378e-001 1.25413604931133e-005 3029905 131
3.81294281763115e+005 1.69474315613770e+006 6.06187843489191e+000 8.28777313104263e-001 -1.54040210379345e+000 1.90211115463876e-001 1.25976939992086e-005 3046298 132
3.81301621159124e+005 1.69478269134622e+006 6.06187930848333e+000 7.15029955584028e-001 -1.56811045396283e+000 1.90322748578588e-001 1.26756798487471e-005 3048113 133
3.81294854024829e+005 1.69474984505635e+006 6.06187895869736e+000 9.15680435814574e-001 -1.52592473052156e+000 1.92425809434684e-001 1.27208921562569e-005 3081879 134
3.81294879687446e+005 1.69474744813204e+006 6.06187864141220e+000 9.40702023172012e-001 -1.52247317133091e+000 1.93087105684385e-001 1.27634940454852e-005 3092411 135
3.81303511661489e+005 1.69478504621809e+006 2.21301455703448e-001 4.26361529444078e-001 1.36705713110752e+000 1.93461759643404e-001 1.30016943447524e-005 3098427 136
3.81292269580718e+005 1.69476957974142e+006 2.21297096200965e-001 6.63270307054674e-001 1.55593412015137e+000 1.93785413414796e-001 1.30936891927342e-005 3103737 137
3.81297890619996e+005 1.69478584770446e+006 2.21298197557861e-001 7.44776269832864e-001 9.93761416974395e-002 1.96327623122024e-001 1.31007627999685e-005 3144502 138
3.81288665778778e+005 1.69475492649771e+006 2.21296923731092e-001 4.91233622267536e-001 1.44960692175054e+000 1.97417675816956e-001 1.32775699639815e-005 3162070 139
3.81296044493496e+005 1.69478183090150e+006 2.21297668280150e-001 5.89798149552494e-001 1.52228141804254e+000 1.99612401900285e-001 1.33965493991177e-005 3197286 140
3.81298740011062e+005 1.69476396947902e+006 6.06187856096089e+000 8.95879052325908e-001 -1.52889690649129e+000 2.00252754481324e-001 1.34439955217836e-005 3207402 141
3.81296859635887e+005 1.69475647693646e+006 6.06187867028454e+000 8.82288826660765e-001 -1.53100619266335e+000 2.00312869833548e-001 1.34930685761416e-005 3208414 142
3.81297310704245e+005 1.69476662246022e+006 6.06187969891691e+000 7.38494329584002e-001 -1.56130321222571e+000 2.00353697374408e-001 1.35657038138322e-005 3209058 143
3.81300859459663e+005 1.69477922351357e+006 6.06187929808620e+000 9.41339065000065e-001 -1.52247317133091e+000 2.04150221699846e-001 1.36082423019250e-005 3269638 144
3.81295315688443e+005 1.69475224872015e+006 6.06187900313724e+000 9.45179011574722e-001 -1.52189791146580e+000 2.06017175484095e-001 1.36504003334373e-005 3299680 145
3.81294272344235e+005 1.69474432805197e+006 6.06187858826404e+000 8.86907379914153e-001 -1.53023917950987e+000 2.08835696901242e-001 1.36989114447610e-005 3344948 146
3.81289021225459e+005 1.69475940154592e+006 2.21296557911781e-001 4.31528646493846e-001 1.37539839915159e+000 2.10412800240800e-001 1.39312736275580e-005 3370120 147
3.81300235418576e+005 1.69477506193250e+006 6.06187912271766e+000 9.79827008778303e-001 -1.51767933912168e+000 2.10625303565018e-001 1.39702130090907e-005 3373582 148
3.81291211638713e+005 1.69476745811158e+006 2.21296770114295e-001 4.90667362864821e-001 2.32357047181616e-001 2.11674854778780e-001 1.40113317489847e-005 3390098 149
3.81293578098152e+005 1.69474005784198e+006 6.06187843859325e+000 8.43482361968500e-001 -1.53762168111209e+000 2.12775015054145e-001 1.40655224108772e-005 3407768 150
3.81293912590928e+005 1.69474310918031e+006 6.06187863629688e+000 9.44258840045311e-001 -1.52199378810999e+000 2.13252159500927e-001 1.41077710750206e-005 3415489 151
3.81284127594001e+005 1.69473869893624e+006 2.21296425403739e-001 4.77431049326374e-001 1.43532130176702e+000 2.14624324873779e-001 1.42956722882973e-005 3437440 152
3.81293719994599e+005 1.69477706869512e+006 2.21296964521009e-001 4.68335507670276e-001 1.42496662419507e+000 2.15351396216674e-001 1.44914082958521e-005 3449035 153
3.81284840366789e+005 1.69474187504485e+006 2.21296424397559e-001 6.54687937982285e-001 1.55267431424909e+000 2.15482061226702e-001 1.45860720733829e-005 3451131 154
3.81296063727146e+005 1.69475404349316e+006 6.06187880980259e+000 8.33926734547697e-001 -1.53944333735160e+000 2.18324922803823e-001 1.46416414888292e-005 3496731 155
3.81287092068710e+005 1.69475130307242e+006 2.21296497731859e-001 5.06947320692857e-001 1.46437192495499e+000 2.18359794384112e-001 1.48068941128214e-005 3497312 156
3.81292807739078e+005 1.69476641409227e+006 2.21297798439871e-001 5.83870121430328e-001 1.51902161214026e+000 2.19204675835726e-001 1.49285274413218e-005 3510912 157
3.81294726684578e+005 1.69478341937144e+006 2.21296727464270e-001 5.32092777294639e-001 1.48498540345470e+000 2.20808660166642e-001 1.50773804307594e-005 3536546 158
3.81295542280954e+005 1.69475450094365e+006 6.06187916046359e+000 8.02056947538682e-001 -1.54586707251198e+000 2.21952829161351e-001 1.51379346319271e-005 3554895 159
3.81285523882184e+005 1.69474366156560e+006 2.21296582543014e-001 6.10059618805865e-001 1.53292372554704e+000 2.22205748087135e-001 1.52484442669204e-005 3558984 160
3.81299601431050e+005 1.69476758401346e+006 6.06187853389117e+000 9.23466502601895e-001 -1.52487008743553e+000 2.23542441834495e-001 1.52928200468936e-005 3580418 161
3.81303620082417e+005 1.69478474759130e+006 6.06187844567218e+000 7.30088916574962e-001 -1.56370012833033e+000 2.26648505538028e-001 1.53673092104554e-005 3630194 162
3.81293653366854e+005 1.69474113066249e+006 6.06187853188102e+000 7.42829753136033e-001 -1.56005681585131e+000 2.28274465791731e-001 1.54390141724003e-005 3656297 163
3.81294175361772e+005 1.69478033915338e+006 2.21296807028328e-001 5.90665234262900e-001 1.52276080126347e+000 2.29094497204261e-001 1.55576124419585e-005 3669402 164
3.81293307078828e+005 1.69473891907438e+006 6.06187844691216e+000 8.59585363733188e-001 -1.53474538178655e+000 2.30158385593465e-001 1.56095896068161e-005 3686533 165
3.81294013617764e+005 1.69474303064022e+006 6.06187856963282e+000 9.32739000321342e-001 -1.52352781441694e+000 2.30228247933338e-001 1.56529979329544e-005 3687636 166
3.81288087009401e+005 1.69475579754321e+006 2.21296488616356e-001 6.71374894756023e-001 1.55900217276528e+000 2.32876938858921e-001 1.57425709647426e-005 3730281 167
3.81294158995675e+005 1.69474451555176e+006 6.06187867561634e+000 9.29252965873382e-001 -1.52400719763787e+000 2.34541614862404e-001 1.57863393409068e-005 3756867 168
3.81297833810532e+005 1.69477292742769e+006 6.06188020180256e+000 9.79773921959299e-001 -1.51767933912168e+000 2.35108802214629e-001 1.58252833642422e-005 3765981 169
3.81295922091134e+005 1.69475656733614e+006 6.06187920825722e+000 9.61105057276062e-001 -1.51988450193793e+000 2.35282417018201e-001 1.58659156921845e-005 3768758 170
3.81294922880115e+005 1.69474903109830e+006 6.06187881717564e+000 7.17277297588551e-001 -1.56734344080935e+000 2.36599891527124e-001 1.59433648176054e-005 3789751 171
3.81300465666268e+005 1.69478539337653e+006 6.06188029884494e+000 7.16958776674524e-001 -1.56753519409772e+000 2.38490285060226e-001 1.60208897108583e-005 3819746 172
3.81293818206665e+005 1.69477263411122e+006 2.21297580009405e-001 5.76101750249341e-001 1.51451540986358e+000 2.38616584879589e-001 1.61461300629496e-005 3821818 173
3.81300780424932e+005 1.69478401722555e+006 6.06187994818698e+000 8.88181463570260e-001 -1.53014330286569e+000 2.38728157140038e-001 1.61944880229670e-005 3823592 174
3.81287154392870e+005 1.69474914561196e+006 2.21296805343417e-001 6.63376480692683e-001 1.55602999679556e+000 2.40316036194276e-001 1.62864506123104e-005 3848993 175
3.81284666875513e+005 1.69474093293005e+006 2.21296446001730e-001 6.13970347805860e-001 1.53484125843074e+000 2.40656737942273e-001 1.63954253016687e-005 3854440 176
3.81296705468948e+005 1.69476203351834e+006 6.06187945898604e+000 8.47481569000170e-001 -1.53695054460280e+000 2.40677837652168e-001 1.64490537609984e-005 3854783 177
3.81298180647983e+005 1.69476376729388e+006 6.06187884956497e+000 9.77933578900477e-001 -1.51787109241005e+000 2.42069285770145e-001 1.64881595969924e-005 3877170 178
3.81295138198736e+005 1.69477620448611e+006 2.21297870210648e-001 5.41400666226756e-001 1.49188852183599e+000 2.42713815474909e-001 1.66315222091576e-005 3887448 179
3.81299587316722e+005 1.69478428652343e+006 6.06188065228483e+000 7.43608359814765e-001 -1.55996093920713e+000 2.45860770972718e-001 1.67030620253249e-005 3937660 180
3.81287202551341e+005 1.69475174712942e+006 2.21296503672872e-001 5.57503667991444e-001 1.50301021256142e+000 2.46106208837211e-001 1.68375821134393e-005 3941584 181
3.81298293596437e+005 1.69476492265053e+006 6.06187893211841e+000 9.23413415782891e-001 -1.52487008743553e+000 2.51333598824806e-001 1.68819635061429e-005 4025625 182
3.81288420398116e+005 1.69475706119171e+006 2.21296516187567e-001 5.77004226172417e-001 1.51509066972869e+000 2.55877363471456e-001 1.70067773403616e-005 4098124 183
3.81285756073670e+005 1.69474572642344e+006 2.21296452040826e-001 6.41133103529812e-001 1.54711346888638e+000 2.58439167139136e-001 1.71058885660761e-005 4139019 184
3.81293026343326e+005 1.69477423430936e+006 2.21296933088997e-001 5.17370032824067e-001 1.47328845286416e+000 2.59267042649160e-001 1.72640497952481e-005 4152094 185
3.81296710251224e+005 1.69476374815930e+006 6.06187967295752e+000 7.59994491280811e-001 -1.55564649021882e+000 2.59569757090417e-001 1.73322362131496e-005 4156945 186
3.81293562832186e+005 1.69477511516862e+006 2.21297123092082e-001 5.37312981163412e-001 1.48891634586627e+000 2.61706042271892e-001 1.74779743137945e-005 4191006 187
3.81297531467898e+005 1.69476080811656e+006 6.06187884024566e+000 8.93950231235412e-001 -1.52918453642384e+000 2.65347445100312e-001 1.75256465183830e-005 4249327 188
3.81299653604593e+005 1.69477311380002e+006 6.06187920331698e+000 7.15897040294434e-001 -1.56782282403027e+000 2.66535425786269e-001 1.76034246537482e-005 4268437 189
3.81293471950139e+005 1.69473997430841e+006 6.06187848765409e+000 9.12176705760279e-001 -1.52640411374248e+000 2.66790395548531e-001 1.76490208777077e-005 4272534 190
3.81287521182776e+005 1.69475269332919e+006 2.21296563067553e-001 7.05438936950555e-001 1.57060324671163e+000 2.69051994379068e-001 1.77293586799713e-005 4308713 191
3.81298786030878e+005 1.69477220194304e+006 6.06187957534564e+000 8.98533393276131e-001 -1.52851339991455e+000 2.69384788328063e-001 1.77764962363270e-005 4314112 192
3.81293413530626e+005 1.69473914092967e+006 6.06187841515897e+000 9.36932859022695e-001 -1.52295255455184e+000 2.72981959303964e-001 1.78194770679528e-005 4371684 193
3.81287238303734e+005 1.69475005455994e+006 2.21296737618969e-001 6.55714283149705e-001 1.55305782082583e+000 2.75342540057537e-001 1.79138158246017e-005 4409263 194
3.81297784566782e+005 1.69476476293839e+006 6.06187919782074e+000 9.13291528959373e-001 -1.52630823709830e+000 2.75854301561112e-001 1.79592894973592e-005 4417487 195
3.81298281826104e+005 1.69476456964553e+006 6.06187889412409e+000 7.40582411131511e-001 -1.56072795236061e+000 2.76417956924881e-001 1.80314745397935e-005 4426565 196
3.81289187067926e+005 1.69475996152291e+006 2.21296580297181e-001 6.44424486308089e-001 1.54845574190497e+000 2.77729860818042e-001 1.81294785466555e-005 4447622 197
3.81290649277417e+005 1.69476698436611e+006 2.21296514138735e-001 4.43473180769851e-001 2.88253130741295e-001 2.77904684093739e-001 1.81928896839697e-005 4450388 198
3.81299770327935e+005 1.69477370670228e+006 6.06187921267986e+000 8.63460701520514e-001 -1.53417012192145e+000 2.79774133847885e-001 1.82443539357105e-005 4480351 199
3.81302480579058e+005 1.69478032239545e+006 6.06187852648583e+000 9.14247091701453e-001 -1.52621236045412e+000 2.82587623807350e-001 1.82897229171120e-005 4525638 200
3.81300182245080e+005 1.69478153952373e+006 2.21300028935826e-001 8.03897290597504e-001 8.52822750022889e-002 2.83086296784448e-001 1.82948565127698e-005 4533645 201
3.81299300805033e+005 1.69477290672318e+006 6.06187937529112e+000 9.76517930393691e-001 -1.51806284569842e+000 2.83785442713387e-001 1.83340875760119e-005 4544847 202
3.81293790717822e+005 1.69477033705521e+006 2.21297854815940e-001 6.19774506683682e-001 1.53752580446791e+000 2.84066377896507e-001 1.84408396018682e-005 4549355 203
3.81294776143969e+005 1.69474578671742e+006 6.06187848963060e+000 8.82111870597416e-001 -1.53100619266335e+000 2.84147124673234e-001 1.84899343162946e-005 4550643 204
3.81294271643882e+005 1.69474424316262e+006 6.06187857793083e+000 7.34813643466359e-001 -1.56226197866756e+000 2.84308346103947e-001 1.85633730218575e-005 4553222 205
3.81294515909820e+005 1.69474478229731e+006 6.06187850886827e+000 7.58278017466333e-001 -1.55602999679556e+000 2.84385743757469e-001 1.86318998641302e-005 4554441 206
3.81293507229531e+005 1.69476794589565e+006 2.21297997738410e-001 6.60262053977754e-001 1.55478360042116e+000 2.85038393166624e-001 1.87248176963340e-005 4565016 207
3.81293791534730e+005 1.69474234546420e+006 6.06187860778319e+000 7.88360548235530e-001 -1.54883924848170e+000 2.86723951791649e-001 1.87877148879180e-005 4591988 208
3.81293841911205e+005 1.69474249822091e+006 6.06187859879242e+000 9.10902622104172e-001 -1.52659586703085e+000 2.86887493531335e-001 1.88334519248010e-005 4594547 209
3.81293312359980e+005 1.69473895193414e+006 6.06187844809824e+000 9.94921360981906e-001 -1.51585768288217e+000 2.88693923467041e-001 1.88710997329974e-005 4623301 210
3.81291795455609e+005 1.69476402992221e+006 2.21297531169968e-001 6.28498440606749e-001 1.54155262352367e+000 2.88767793448213e-001 1.89746319979533e-005 4624476 211
3.81287572680951e+005 1.69475046786903e+006 2.21296873190928e-001 6.21296328828477e-001 1.53829281762139e+000 2.88958370568213e-001 1.90808122887553e-005 4627602 212
3.81285096059760e+005 1.69474271219114e+006 2.21296462223996e-001 4.26219964593400e-001 1.36696125446333e+000 2.90103725821941e-001 1.93191819547838e-005 4645833 213
3.81290292971553e+005 1.69476309959734e+006 2.21296804888801e-001 4.61558090444039e-001 1.41691298608356e+000 2.92250386020633e-001 1.95210512177008e-005 4680324 214
3.81300006487304e+005 1.69477090880060e+006 6.06187872651365e+000 8.34669950013759e-001 -1.53934746070742e+000 2.92720670289499e-001 1.95765116667480e-005 4687836 215
3.81298736671463e+005 1.69477953974089e+006 6.06188053024186e+000 9.67847083289629e-001 -1.51911748878445e+000 2.93834749866960e-001 1.96165223216625e-005 4705742 216
3.81289069277722e+005 1.69475847147630e+006 2.21296702418647e-001 7.05792849077251e-001 1.57069912335582e+000 2.95482032902693e-001 1.96967715257738e-005 4732047 217
3.81295967798949e+005 1.69477820841170e+006 2.21298082925284e-001 6.23738322502682e-001 1.53934746070742e+000 2.96888789788252e-001 1.98020429629991e-005 4754612 218
3.81293379648937e+005 1.69476769014274e+006 2.21297958401956e-001 6.49609298964192e-001 1.55056502807703e+000 2.97655089389135e-001 1.98983386633498e-005 4766936 219
3.81299926323026e+005 1.69477691960167e+006 6.06187953104033e+000 9.22953330018185e-001 -1.52496596407971e+000 3.01448205286659e-001 1.99427689385708e-005 4827569 220
3.81295608895275e+005 1.69478593867279e+006 2.21296904606825e-001 6.85708335887228e-001 1.17305074159978e-001 3.03776093571477e-001 1.99527768689372e-005 4865088 221
3.81289064381886e+005 1.69475667101085e+006 2.21296927168117e-001 6.71905762946067e-001 1.55919392605365e+000 3.04755051300065e-001 2.00421944788193e-005 4880774 222
3.81286783438914e+005 1.69474885652353e+006 2.21296633532669e-001 6.43433532353339e-001 1.54807223532823e+000 3.04984066598038e-001 2.01405300024591e-005 4884434 223
3.81295346518544e+005 1.69477485041398e+006 2.21298158301225e-001 6.61306094751509e-001 1.55516710699789e+000 3.06693242797990e-001 2.02331259741743e-005 4911731 224
3.81290330158218e+005 1.69475854636232e+006 2.21297401100679e-001 5.82312908072864e-001 1.51815872234260e+000 3.07382014164122e-001 2.03554705289939e-005 4922726 225
3.81294289774025e+005 1.69474407245159e+006 6.06187854617748e+000 7.91811191470820e-001 -1.54807223532823e+000 3.08613829251158e-001 2.04177652083357e-005 4942272 226
3.81299557758492e+005 1.69477436009612e+006 6.06187941462386e+000 9.27041015081529e-001 -1.52439070421461e+000 3.08667591577935e-001 2.04617644524895e-005 4943145 227
3.81285209667443e+005 1.69474355866937e+006 2.21296419071608e-001 5.48762038462042e-001 1.49716173726615e+000 3.08994040713146e-001 2.06009862740299e-005 4948443 228
3.81292950983154e+005 1.69477558427167e+006 2.21296720191388e-001 6.03919243407681e-001 1.52975979628895e+000 3.11483953008493e-001 2.07139688328343e-005 4988511 229
3.81294417305548e+005 1.69474577204222e+006 6.06187868931066e+000 9.32792087140346e-001 -1.52352781441694e+000 3.11768866363208e-001 2.07573717241830e-005 4993082 230
3.81285363816564e+005 1.69474366593321e+006 2.21296492093182e-001 5.33720773077443e-001 1.48632767647328e+000 3.13760671681670e-001 2.09052445863933e-005 5024803 231
3.81296636001847e+005 1.69477748579008e+006 2.21298549508322e-001 5.54566197339863e-001 1.50099680303354e+000 3.14055557596432e-001 2.10413183607215e-005 5029495 232
3.81286742940575e+005 1.69474777628395e+006 2.21296747282697e-001 5.84967249023087e-001 1.51969274864956e+000 3.16006310939848e-001 2.11624545583769e-005 5060710 233
3.81290219625737e+005 1.69476474065510e+006 2.21296556339810e-001 4.39279322068498e-001 1.38709534974212e+000 3.20091315419797e-001 2.13863945052835e-005 5126146 234
3.81288577350994e+005 1.69475465955423e+006 2.21296907797470e-001 6.64172782977750e-001 1.55631762672811e+000 3.20291559419438e-001 2.14781150884332e-005 5129354 235
3.81295315897656e+005 1.69477808621321e+006 2.21297732244775e-001 6.60580574891781e-001 1.55487947706534e+000 3.22485338187743e-001 2.15709345237018e-005 5164576 236
3.81286590029905e+005 1.69474768386855e+006 2.21296673080679e-001 5.68510335131703e-001 1.51000920758690e+000 3.22526413167189e-001 2.16998495149163e-005 5165225 237
3.81293806201469e+005 1.69474189239312e+006 6.06187854229613e+000 7.75478146823780e-001 -1.55181142445143e+000 3.22829771155697e-001 2.17650723066229e-005 5170165 238
3.81294785356176e+005 1.69474622678273e+006 6.06187854006299e+000 7.09084231855528e-001 -1.56983623355815e+000 3.24138964497330e-001 2.18445042655038e-005 5191193 239
3.81294521548785e+005 1.69474413823616e+006 6.06187842431820e+000 7.09066536249193e-001 -1.56983623355815e+000 3.24431743133012e-001 2.19239405855538e-005 5195877 240
3.81298872766029e+005 1.69476474132150e+006 6.06187858393077e+000 7.17418862439229e-001 -1.56734344080935e+000 3.25706893097951e-001 2.20013560930869e-005 5216209 241
3.81294144958438e+005 1.69474254851892e+006 6.06187843494732e+000 9.44984359905039e-001 -1.52189791146580e+000 3.28597758378922e-001 2.20435332314973e-005 5262487 242
3.81294919968688e+005 1.69474590666666e+006 6.06187842401102e+000 9.18971818592851e-001 -1.52544534730064e+000 3.29215145776891e-001 2.20883890831299e-005 5272400 243
3.81301993487663e+005 1.69478464312880e+006 2.21300654003812e-001 7.95014096217423e-001 8.71998078859828e-002 3.29847981862984e-001 2.20937677057890e-005 5282469 244
3.81297512075013e+005 1.69478459211980e+006 2.21298143608921e-001 6.92414970688126e-001 1.56628879772332e+000 3.33303890468768e-001 2.21774666720733e-005 5337733 245
3.81295906083823e+005 1.69477776713183e+006 2.21298104022692e-001 4.43579354407860e-001 1.39323145496994e+000 3.34098059729165e-001 2.23969042498109e-005 5350446 246
3.81285470757564e+005 1.69474440397640e+006 2.21296458898057e-001 4.43508571982521e-001 1.39323145496994e+000 3.35402734263136e-001 2.26164188821695e-005 5371293 247
3.81293096468073e+005 1.69473788819768e+006 6.06187843493673e+000 8.64026960923229e-001 -1.53397836863308e+000 3.36091163300595e-001 2.26678085989104e-005 5382181 248
3.81295101447304e+005 1.69474670112989e+006 6.06187842247489e+000 8.37890550366697e-001 -1.53867632419813e+000 3.36444963335175e-001 2.27227999744014e-005 5387793 249
3.81297586021373e+005 1.69476742458617e+006 6.06187964564656e+000 9.88780985583723e-001 -1.51662469603565e+000 3.39779921780536e-001 2.27609656466074e-005 5441142 250
3.81293410797069e+005 1.69477675341023e+006 2.21296830706863e-001 4.33015077425971e-001 3.03689270455031e-001 3.40323770762395e-001 2.28312659554538e-005 5449804 251
3.81298906689365e+005 1.69478198038876e+006 2.21299256854493e-001 4.60620223308294e-001 2.65626242713706e-001 3.40908659171427e-001 2.28851335890010e-005 5459144 252
3.81296169818220e+005 1.69478294058821e+006 2.21297598451174e-001 6.54971067683643e-001 1.55267431424909e+000 3.43818546902446e-001 2.29797073634929e-005 5505519 253
3.81289398747282e+005 1.69475619924529e+006 2.21297174567299e-001 6.09935749561521e-001 1.53282784890286e+000 3.45002145774677e-001 2.30902659767966e-005 5524471 254
3.81286792017568e+005 1.69475018285897e+006 2.21296470760020e-001 4.43402398344512e-001 2.88349007385479e-001 3.48390128579183e-001 2.31537198968454e-005 5578590 255
3.81291512541586e+005 1.69476687938296e+006 2.21297012233849e-001 5.04646891869331e-001 1.46226263878292e+000 3.49123562746662e-001 2.33205963388259e-005 5590295 256
3.81293472548356e+005 1.69473947095207e+006 6.06187842371422e+000 8.65177175334992e-001 -1.53378661534471e+000 3.50332351187578e-001 2.33718355078626e-005 5609488 257
3.81295908020808e+005 1.69475085876954e+006 6.06187849483463e+000 7.15383867710725e-001 -1.56791870067446e+000 3.51956957041420e-001 2.34497364631092e-005 5635586 258
3.81284561862574e+005 1.69474073998302e+006 2.21296411403177e-001 5.36534374484680e-001 1.48843696264534e+000 3.55236798290927e-001 2.35959344825994e-005 5688099 259
3.81294443503934e+005 1.69474408029029e+006 6.06187846082857e+000 7.72682241022878e-001 -1.55248256096072e+000 3.57283558003044e-001 2.36616784355181e-005 5721184 260
3.81297572941197e+005 1.69476034623484e+006 6.06187875859084e+000 8.39624719787509e-001 -1.53838869426557e+000 3.58058418961605e-001 2.37164197370038e-005 5733542 261
3.81289798395222e+005 1.69476263859042e+006 2.21296585372785e-001 6.61465355208522e-001 1.55526298364208e+000 3.58648308824995e-001 2.38089668067105e-005 5742954 262
3.81300297836587e+005 1.69477428067144e+006 6.06187898894490e+000 9.56114896289642e-001 -1.52055563844722e+000 3.59616441509968e-001 2.38500685431955e-005 5758468 263
3.81297239337189e+005 1.69477985471672e+006 2.21298589027458e-001 6.69994637461906e-001 1.55842691290017e+000 3.59648801858955e-001 2.39400474165303e-005 5758999 264
3.81295398745433e+005 1.69475033545610e+006 6.06187871473293e+000 9.24510543375650e-001 -1.52467833414716e+000 3.61128706349111e-001 2.39843126313844e-005 5782724 265
3.81295379444845e+005 1.69475119200469e+006 6.06187883380495e+000 8.57568064611019e-001 -1.53512888836329e+000 3.61636015440214e-001 2.40365598852926e-005 5790894 266
3.81291806733498e+005 1.69476964771694e+006 2.21296827666202e-001 4.93817180792420e-001 1.45209971449934e+000 3.62143270586790e-001 2.42113909048394e-005 5799055 267
3.81299296911348e+005 1.69476771274922e+006 6.06187872118307e+000 7.53641768606609e-001 -1.55727639316996e+000 3.62313275172450e-001 2.42808498348781e-005 5801798 268
3.81292681386139e+005 1.69477526553488e+006 2.21296609053723e-001 4.36129504140900e-001 1.38239739417707e+000 3.62447916502137e-001 2.45081622603153e-005 5803936 269
3.81293501096332e+005 1.69474022529618e+006 6.06187850299936e+000 8.48224784466233e-001 -1.53675879131443e+000 3.62470969075052e-001 2.45616870490021e-005 5804293 270
3.81295940323208e+005 1.69475140091326e+006 6.06187854519726e+000 9.71209248493245e-001 -1.51863810556352e+000 3.62910099216706e-001 2.46013926250408e-005 5811309 271
3.81291674423423e+005 1.69476938187830e+006 2.21296786947782e-001 6.82186910226599e-001 1.56283723853267e+000 3.63224095654048e-001 2.46878753765296e-005 5816270 272
3.81292927820447e+005 1.69473713458572e+006 6.06187843442852e+000 8.96038312782921e-001 -1.52880102984710e+000 3.66513856908975e-001 2.47353027577193e-005 5868956 273
3.81293401869157e+005 1.69477895950110e+006 2.21296546944052e-001 5.48903603312720e-001 1.49716173726615e+000 3.67019642924482e-001 2.48744455983489e-005 5877136 274
3.81288743726150e+005 1.69475535231025e+006 2.21296913704566e-001 5.29739261652108e-001 1.48325962385937e+000 3.69309122497900e-001 2.50247348356113e-005 5913765 275
3.81292378557945e+005 1.69476727432065e+006 2.21297448706929e-001 6.78364659258277e-001 1.56149496551408e+000 3.71378108005899e-001 2.51122922314052e-005 5946931 276
3.81296363617885e+005 1.69478445908175e+006 2.21297515424638e-001 5.17635466919090e-001 1.47348020615253e+000 3.71543328641537e-001 2.52702780509693e-005 5949606 277
3.81289152284844e+005 1.69475513345082e+006 2.21297170816738e-001 4.82491992738133e-001 1.44069039384136e+000 3.73137372451639e-001 2.54540022077224e-005 5975136 278
3.81286966055583e+005 1.69474967562522e+006 2.21296632597059e-001 5.94593658869230e-001 1.52496596407971e+000 3.78116673999529e-001 2.55708955651262e-005 6054508 279
3.81287499711479e+005 1.69475317172787e+006 2.21296490560153e-001 5.37489937226760e-001 1.48910809915464e+000 3.81005435491597e-001 2.57165304176720e-005 6100633 280
3.81287865741133e+005 1.69475531665357e+006 2.21296425109047e-001 6.14448129176900e-001 1.53503301171911e+000 3.81273177142899e-001 2.58253195224489e-005 6104915 281
3.81287515836593e+005 1.69475048643556e+006 2.21296838919461e-001 4.84314640190620e-001 1.44260792672506e+000 3.82260556197323e-001 2.60075713716935e-005 6120735 282
3.81295650372501e+005 1.69477611226638e+006 2.21298169510476e-001 5.21103805760715e-001 1.47635650547807e+000 3.82888984415489e-001 2.61632961637758e-005 6130699 283
3.81294998311102e+005 1.69477483655238e+006 2.21297964492041e-001 6.73356802665523e-001 1.55967330927457e+000 3.83056579006119e-001 2.62522908904894e-005 6133440 284
3.81296208792500e+005 1.69477854981860e+006 2.21298175133652e-001 4.66866772344486e-001 1.42324084459975e+000 3.83145705123079e-001 2.64493339077593e-005 6134885 285
3.81296888826368e+005 1.69475768338929e+006 6.06187880633552e+000 8.01649948592981e-001 -1.54596294915616e+000 3.83736754125375e-001 2.65099559097966e-005 6144423 286
3.81295803361913e+005 1.69475773940854e+006 6.06187942303918e+000 9.16494433705975e-001 -1.52582885387738e+000 3.84850277435208e-001 2.65550797267801e-005 6162322 287
3.81292869346333e+005 1.69476615377868e+006 2.21297865932069e-001 4.28573480235931e-001 1.37070044358654e+000 3.85365388051886e-001 2.67907594308229e-005 6170614 288
3.81290188841458e+005 1.69476496449619e+006 2.21296510767147e-001 6.33028515828463e-001 1.54356603305155e+000 3.89035583991153e-001 2.68926745131298e-005 6229665 289
3.81296246080625e+005 1.69478110463542e+006 2.21297873262268e-001 4.30714648602445e-001 1.37405612613300e+000 3.89784033127001e-001 2.71259416927340e-005 6241643 290
3.81288776908586e+005 1.69475616228358e+006 2.21296829995849e-001 6.53820853271879e-001 1.55229080767235e+000 3.90164297531296e-001 2.72208812140124e-005 6247766 291
3.81284185494369e+005 1.69473887603797e+006 2.21296435544499e-001 5.56282671154341e-001 1.50224319940794e+000 3.91387963332131e-001 2.73560446535633e-005 6267139 292
3.81301024420866e+005 1.69477440903443e+006 6.06187859709979e+000 8.07294847013790e-001 -1.54481242942595e+000 3.92210993281417e-001 2.74157362606155e-005 6280452 293
3.81300852218091e+005 1.69478294464797e+006 2.21300227659472e-001 4.25034358968967e-001 3.16440864131596e-001 3.92326330239870e-001 2.74919473242582e-005 6282320 294
3.81287086779412e+005 1.69475105515176e+006 2.21296526087505e-001 4.67450727353535e-001 1.42400785775323e+000 3.94788873698012e-001 2.76884715559765e-005 6321708 295
3.81294924479142e+005 1.69477237748563e+006 2.21298233742311e-001 5.19334245127233e-001 1.47491835581530e+000 3.94980244938968e-001 2.78453445443189e-005 6324811 296
3.81299710391411e+005 1.69478038694063e+006 6.06188009043060e+000 8.58559018565769e-001 -1.53503301171911e+000 3.95099209562832e-001 2.78974590425615e-005 6326728 297
3.81297487080446e+005 1.69478056538830e+006 2.21298638367937e-001 5.03319721394219e-001 1.46101624240852e+000 3.98906563350269e-001 2.80652821468788e-005 6387483 298
3.81289845759453e+005 1.69476359840202e+006 2.21296490696596e-001 5.23191887308224e-001 1.47808228507340e+000 4.00161155577613e-001 2.82196679058396e-005 6407517 299
3.81289633130883e+005 1.69475717563710e+006 2.21297182830609e-001 4.95268220511875e-001 1.45353786416211e+000 4.00556018053325e-001 2.83934036325045e-005 6413879 300
