4.69353181637821e+005 1.67250512675241e+006 2.73591735419396e-001 5.09194662697380e-001 1.44001925733207e+000 1.06854485816922e-003 3.91695514207544e-008 16874 1
4.69360249226546e+005 1.67250050464649e+006 6.00958362839374e+000 9.53088947606387e-001 -1.50905044114505e+000 3.11180107402938e-003 4.24296599280687e-008 49432 2
4.69366849050862e+005 1.67252800107318e+006 6.00958424726849e+000 7.22462110244653e-001 -1.56465889477218e+000 8.97571765781729e-003 4.26024076381845e-008 142829 3
4.69359214916959e+005 1.67251969162320e+006 2.73592813968374e-001 4.25388271095663e-001 1.30809299493393e+000 1.11655234057056e-002 1.91597975531388e-007 177638 4
4.69359423091086e+005 1.67249640045284e+006 6.00958344790512e+000 7.55305155602083e-001 -1.55344132740257e+000 1.19923750942253e-002 1.92379799900445e-007 190916 5
4.69358002873894e+005 1.67249029755578e+006 6.00958328580439e+000 8.44703358805603e-001 -1.52947216635640e+000 1.59477502450627e-002 1.94693443153372e-007 254298 6
4.69359431162873e+005 1.67249599933353e+006 6.00958338103972e+000 8.84819298366644e-001 -1.52103502166814e+000 1.69494929090255e-002 1.97464302279880e-007 270210 7
4.69359115063575e+005 1.67251840441811e+006 2.73592958835889e-001 5.58123014213162e-001 1.48680705969420e+000 1.79333825878586e-002 2.14228037769362e-007 286061 8
4.69365793950112e+005 1.67252010898163e+006 6.00958360451466e+000 9.62662270633526e-001 -1.50761229148228e+000 1.93445066432312e-002 2.17529698477610e-007 308715 9
4.69364338545404e+005 1.67251374081106e+006 6.00958342065836e+000 9.86728295248884e-001 -1.50406485564745e+000 1.95601933421658e-002 2.20924316877239e-007 312241 10
4.69362320868897e+005 1.67252802750353e+006 2.73593238884997e-001 5.60388051824020e-001 1.48862871593371e+000 1.97504531652193e-002 2.37006966907263e-007 315302 11
4.69361593874937e+005 1.67253502379834e+006 2.73591747758947e-001 4.76563964615968e-001 3.08578979308451e-001 2.13674934957001e-002 2.83801972227610e-007 341428 12
4.69358231720190e+005 1.67249087696006e+006 6.00958324908711e+000 7.35804597421109e-001 -1.55986506256294e+000 2.16123464045098e-002 2.84207532492436e-007 345348 13
4.69358817558449e+005 1.67249320040763e+006 6.00958328577944e+000 8.55993155647219e-001 -1.52697937360759e+000 2.21502029102070e-002 2.86664158780536e-007 354003 14
4.69367669187813e+005 1.67252696563159e+006 6.00958363165646e+000 7.15950127113439e-001 -1.56705581087680e+000 2.33226412025055e-002 2.86745929401957e-007 372690 15
4.69352505256884e+005 1.67250209838363e+006 2.73591831564591e-001 5.79198481357935e-001 1.50310608920560e+000 2.42801801461079e-002 2.97942946213727e-007 388151 16
4.69370605140197e+005 1.67253708453954e+006 6.00958357831357e+000 7.82397128900695e-001 -1.54538768929105e+000 2.48871471127891e-002 2.99243903961996e-007 397782 17
4.69354285656085e+005 1.67250808716258e+006 2.73591886865121e-001 6.16076124959704e-001 1.52736288018433e+000 2.62231792497540e-002 3.04241590214105e-007 419092 18
4.69362023940247e+005 1.67250801228647e+006 6.00958381250816e+000 9.16352868855297e-001 -1.51518654637288e+000 2.75586800189359e-002 3.07276978678803e-007 440409 19
4.69364627645322e+005 1.67251998031439e+006 6.00958423092615e+000 9.55194724760231e-001 -1.50876281121250e+000 2.76304157690439e-002 3.10544077026602e-007 441579 20
4.69367613739254e+005 1.67253531207579e+006 6.00958496059404e+000 7.12428701452809e-001 -1.56839808389538e+000 3.26059175212882e-002 3.10585548493357e-007 521494 21
4.69353441980166e+005 1.67250424956959e+006 2.73592016153233e-001 7.01616685982233e-001 1.56906922040468e+000 3.36788694014239e-002 3.10611312991785e-007 538411 22
4.69354505889434e+005 1.67251082640021e+006 2.73591582869725e-001 5.53256722471086e-001 1.48278024063845e+000 3.38929450137145e-002 3.28929543052525e-007 541889 23
4.69359967284170e+005 1.67252033047732e+006 2.73593131601605e-001 4.31033169516471e-001 1.32036520538957e+000 3.43278595104490e-002 4.65340926557830e-007 548953 24
4.69359073611000e+005 1.67249451793473e+006 6.00958334879343e+000 7.78397921869025e-001 -1.54644233237709e+000 3.43905896274978e-002 4.66573668507754e-007 549936 25
4.69366824944392e+005 1.67252445150304e+006 6.00958370852733e+000 8.98126394330431e-001 -1.51854222891934e+000 3.67100873190040e-002 4.69461151575725e-007 587493 26
4.69352030549890e+005 1.67250056496217e+006 2.73591806964109e-001 6.92609622357809e-001 1.56542590792566e+000 3.68635729022473e-002 4.69615273248640e-007 589958 27
4.69368760509757e+005 1.67253438305808e+006 2.73595819497131e-001 4.94914308385178e-001 2.84322188329722e-001 3.85617130714110e-002 5.05852958042418e-007 617014 28
4.69359036401508e+005 1.67249476613257e+006 6.00958340802273e+000 8.52931815751295e-001 -1.52765051011689e+000 4.05005460353150e-002 5.08271545100384e-007 647808 29
4.69368187255639e+005 1.67252997314411e+006 6.00958381230874e+000 9.46842398570195e-001 -1.51010508423109e+000 4.11788338975018e-002 5.11494434123743e-007 658734 30
4.69350310548583e+005 1.67249560508943e+006 2.73591625101814e-001 6.51679684905366e-001 1.54682583895383e+000 4.58546593258360e-002 5.13272901453020e-007 733963 31
4.69360606897034e+005 1.67250016408632e+006 6.00958337718073e+000 9.69368905434423e-001 -1.50655764839625e+000 4.99576182716555e-002 5.16606482907332e-007 799454 32
4.69354764401384e+005 1.67250811929422e+006 2.73592147214486e-001 5.83763947792319e-001 1.50636589510788e+000 5.25131912914492e-002 5.26825544918401e-007 840645 33
4.69364168158131e+005 1.67251641235370e+006 6.00958393063220e+000 9.68324864660669e-001 -1.50674940168462e+000 5.36797731048818e-002 5.30152053544266e-007 859288 34
4.69369950317983e+005 1.67253265901387e+006 2.73596747100919e-001 4.54426761091106e-001 3.42902817926572e-001 5.44149195690209e-002 5.94781945466353e-007 871059 35
4.69350275498232e+005 1.67249508818121e+006 2.73591686075343e-001 4.98984297842188e-001 1.42822643009735e+000 5.48794078282936e-002 6.41096194696480e-007 878437 36
4.69364535076444e+005 1.67252510437608e+006 6.00958507923179e+000 8.82218044235426e-001 -1.52161028153325e+000 5.52398372321733e-002 6.43836310145222e-007 884238 37
4.69360743425075e+005 1.67250015940500e+006 6.00958330078103e+000 7.81441566158615e-001 -1.54557944257942e+000 5.56510174260737e-002 6.45125678916748e-007 891025 38
4.69350753191234e+005 1.67249673806853e+006 2.73591694215812e-001 6.39752846235696e-001 1.54068973372600e+000 5.75555984637854e-002 6.47753662211256e-007 921701 39
4.69352670271053e+005 1.67250418294399e+006 2.73591598791289e-001 7.60843880384882e-001 1.17688580736717e-001 5.91932890076342e-002 6.49755830259981e-007 948344 40
4.69361119216566e+005 1.67253211785565e+006 2.73591936664759e-001 4.80315433158950e-001 1.40416139240699e+000 5.94708742533705e-002 7.12427903807016e-007 952787 41
4.69350788983951e+005 1.67249685002284e+006 2.73591696640759e-001 7.01333556280876e-001 1.56897334376049e+000 6.04816956986596e-002 7.12455947642045e-007 969096 42
4.69367887499451e+005 1.67253190027799e+006 6.00958427819413e+000 7.41148670534225e-001 -1.55813928296762e+000 6.29093346987480e-002 7.12956622558637e-007 1007950 43
4.69365323157949e+005 1.67253821771667e+006 2.73593317922978e-001 4.68866375860321e-001 1.38767060960723e+000 6.45766277742481e-002 7.88186886122459e-007 1034704 44
4.69355470707194e+005 1.67251097464539e+006 2.73592094566224e-001 6.86716985448313e-001 1.56293311517685e+000 6.58399385130962e-002 7.88470421529323e-007 1054803 45
4.69360043442564e+005 1.67252616312395e+006 2.73592266607579e-001 5.42303142149832e-001 1.47319257621998e+000 6.72328567544437e-002 8.10766693425915e-007 1077021 46
4.69365826544925e+005 1.67253543849449e+006 2.73594029198525e-001 6.67464165756027e-001 1.53162939085055e-001 6.94382832984180e-002 8.15598678290571e-007 1112667 47
4.69363181178689e+005 1.67250933960432e+006 6.00958337755858e+000 9.77968970113147e-001 -1.50531125202185e+000 7.19313368900295e-002 8.18963903857770e-007 1152789 48
4.69349294846164e+005 1.67249230371490e+006 2.73591575638543e-001 6.02362030050217e-001 1.51892573549608e+000 7.29562104614050e-002 8.25839818782432e-007 1169196 49
4.69353297245995e+005 1.67250346436244e+006 2.73592058064940e-001 4.42836138941798e-001 1.34395085985900e+000 7.39074967150428e-002 9.39195596323446e-007 1184450 50
4.69354892437183e+005 1.67251044279843e+006 2.73591856780929e-001 6.68313554860098e-001 1.55478360042116e+000 7.61145629901861e-002 9.40099452582831e-007 1219546 51
4.69354762533968e+005 1.67250950098017e+006 2.73591931271833e-001 5.53822981873801e-001 1.48325962385937e+000 7.66047918440995e-002 9.58229329373447e-007 1227452 52
4.69367329584509e+005 1.67253082509495e+006 6.00958442018267e+000 7.88820634000235e-001 -1.54356603305155e+000 7.75980139356500e-002 9.59650414374577e-007 1243369 53
4.69366587087105e+005 1.67252377587383e+006 6.00958373527146e+000 8.14479263185727e-001 -1.53675879131443e+000 7.79787181651409e-002 9.61514674246625e-007 1249438 54
4.69358109526324e+005 1.67252136746825e+006 2.73591940644774e-001 6.91795624466407e-001 1.56504240134892e+000 7.86753037334588e-002 9.61686632506288e-007 1260389 55
4.69361234359367e+005 1.67250572306101e+006 6.00958389406520e+000 7.18144382298957e-001 -1.56619292107913e+000 7.96199151606261e-002 9.61798704773553e-007 1275268 56
4.69361304358428e+005 1.67252589207341e+006 2.73593007628052e-001 6.46884175588629e-001 1.54433304620502e+000 8.05801670380603e-002 9.63903003742868e-007 1290650 57
4.69365178524726e+005 1.67252344253510e+006 6.00958446411795e+000 9.78836054823553e-001 -1.50521537537767e+000 8.19713166697520e-002 9.67269064276811e-007 1312729 58
4.69361375931912e+005 1.67250622320894e+006 6.00958389339219e+000 7.86909508516075e-001 -1.54404541627247e+000 8.66448458531531e-002 9.68659332005552e-007 1387075 59
4.69361711521240e+005 1.67250769224141e+006 6.00958393588713e+000 9.14724873072493e-001 -1.51547417630543e+000 8.71676240827702e-002 9.71682828387900e-007 1395595 60
4.69358244045374e+005 1.67252356036407e+006 2.73591674121756e-001 4.76794007498321e-001 1.39927168355358e+000 8.94672774405310e-002 1.03797346853634e-006 1432692 61
4.69351101024101e+005 1.67249737481231e+006 2.73591787965513e-001 6.09086360457449e-001 1.52314430784020e+000 9.10236489342438e-002 1.04387358500031e-006 1457541 62
4.69365312324895e+005 1.67251696066037e+006 6.00958338176099e+000 7.88714460362227e-001 -1.54356603305155e+000 9.11226786497347e-002 1.04529509089735e-006 1459144 63
4.69350780063676e+005 1.67249757845072e+006 2.73591578396203e-001 4.52781069701968e-001 1.36187979232154e+000 9.53315016613474e-002 1.14223734090144e-006 1526910 64
4.69360454416743e+005 1.67252216843608e+006 2.73593115719873e-001 6.35028119344298e-001 1.53810106433302e+000 9.57779540002718e-002 1.14526820129880e-006 1534021 65
4.69355803192809e+005 1.67251546619874e+006 2.73591580233053e-001 6.23773713715352e-001 1.75693950468459e-001 9.59930562453995e-002 1.15288720695251e-006 1537425 66
4.69355949392623e+005 1.67251475589067e+006 2.73591771745623e-001 6.58793318651964e-001 1.55027739814447e+000 9.82958610369131e-002 1.15425429261324e-006 1574261 67
4.69358956033580e+005 1.67249432613905e+006 6.00958338412907e+000 9.54840812633534e-001 -1.50876281121250e+000 9.93436688998162e-002 1.15752405564638e-006 1590829 68
4.69351291207272e+005 1.67249892434032e+006 2.73591652361099e-001 4.23335580760824e-001 4.04072116916410e-001 9.97530876385693e-002 1.26238393820177e-006 1597448 69
4.69358434350723e+005 1.67252117703864e+006 2.73592150298231e-001 6.72135805828420e-001 1.55650938001648e+000 1.00086047472067e-001 1.26313246177189e-006 1602804 70
4.69358415640618e+005 1.67251968856200e+006 2.73592371444562e-001 5.58476926339859e-001 1.48709468962676e+000 1.02451618663386e-001 1.27978780623365e-006 1640731 71
4.69359915974579e+005 1.67252625114833e+006 2.73592182267353e-001 4.35970243683887e-001 1.33052812967315e+000 1.02584836760138e-001 1.40606400038260e-006 1642868 72
4.69364765851004e+005 1.67251806115593e+006 6.00958385581738e+000 9.73509677316772e-001 -1.50598238853114e+000 1.03867025012534e-001 1.40941102086352e-006 1663448 73
4.69367485073080e+005 1.67253739800886e+006 6.00958535635060e+000 8.47286917330487e-001 -1.52899278313547e+000 1.04089347590966e-001 1.41174990497932e-006 1666943 74
4.69359954561570e+005 1.67252459969600e+006 2.73592460518990e-001 6.26038751326209e-001 1.53311547883541e+000 1.10711586970134e-001 1.41563495666409e-006 1772288 75
4.69363942032998e+005 1.67251216991511e+006 6.00958339608584e+000 8.86960466733158e-001 -1.52065151509140e+000 1.12458850812788e-001 1.41842339145782e-006 1800294 76
4.69362344314415e+005 1.67250859711730e+006 6.00958372590546e+000 8.36510293072581e-001 -1.53138969924009e+000 1.14153584126294e-001 1.42062204183208e-006 1827551 77
4.69356176885670e+005 1.67251098754024e+006 2.73592483962997e-001 6.22464238846575e-001 1.53110206930754e+000 1.17295170101720e-001 1.42488153215755e-006 1877824 78
4.69365950067305e+005 1.67253015718260e+006 6.00958508088886e+000 7.78663355964048e-001 -1.54644233237709e+000 1.20305162086852e-001 1.42611334980739e-006 1925892 79
4.69357304724996e+005 1.67251687933942e+006 2.73592192662269e-001 5.73783625819480e-001 1.49907927014985e+000 1.23937443226685e-001 1.43857796182713e-006 1984668 80
4.69349150071350e+005 1.67249178574861e+006 2.73591575960779e-001 6.84593512688135e-001 1.56207022537919e+000 1.24611351051184e-001 1.43891337531454e-006 1995373 81
4.69369075253397e+005 1.67253737799934e+006 6.00958447188940e+000 9.90497459398201e-001 -1.50358547242653e+000 1.24939175488676e-001 1.44231599971553e-006 2000637 82
4.69351979336956e+005 1.67249982766869e+006 2.73591893258184e-001 5.00683076050330e-001 1.43023983962523e+000 1.27507530319415e-001 1.48736729274482e-006 2041587 83
4.69364218988097e+005 1.67251224492390e+006 6.00958325424981e+000 8.73034024547653e-001 -1.52343193777276e+000 1.27663476445060e-001 1.49001514296499e-006 2044089 84
4.69361236520837e+005 1.67250250081578e+006 6.00958339167020e+000 8.09400624167633e-001 -1.53800518768883e+000 1.31318972239927e-001 1.49180038373390e-006 2102746 85
4.69361871227233e+005 1.67253554624764e+006 2.73591820219969e-001 4.53170373041334e-001 1.36245505218665e+000 1.32076485060408e-001 1.58820762872235e-006 2114884 86
4.69364894798936e+005 1.67252290961473e+006 6.00958453848201e+000 8.75971495199233e-001 -1.52285667790765e+000 1.32372614535549e-001 1.59088459943267e-006 2119633 87
4.69365326188643e+005 1.67253006736692e+006 6.00958541270195e+000 9.78269795420839e-001 -1.50531125202185e+000 1.32891414106124e-001 1.59424754878922e-006 2127998 88
4.69351142952832e+005 1.67249842580140e+006 2.73591647732994e-001 4.61328047561687e-001 1.37606953566088e+000 1.38192214384137e-001 1.67896034397913e-006 2212448 89
4.69350054853919e+005 1.67249501169226e+006 2.73591575678264e-001 6.27277443769646e-001 1.53388249198889e+000 1.41384820375266e-001 1.68270896956799e-006 2263788 90
4.69364157444482e+005 1.67252125044705e+006 6.00958468909249e+000 8.50578300108764e-001 -1.52822576998199e+000 1.42209395923807e-001 1.68509309082778e-006 2276834 91
4.69359158049068e+005 1.67249486116023e+006 6.00958335537953e+000 7.94819444547740e-001 -1.54184025345622e+000 1.42979129129756e-001 1.68662883749874e-006 2289039 92
4.69353483334201e+005 1.67250639313828e+006 2.73591705662487e-001 6.74825537991313e-001 1.55775577639088e+000 1.45300362090151e-001 1.68727323965174e-006 2326494 93
4.69362470272018e+005 1.67252702614146e+006 2.73593477442378e-001 6.79691829733389e-001 1.55986506256294e+000 1.45692152175769e-001 1.68775612761779e-006 2332760 94
4.69358296454648e+005 1.67249150188135e+006 6.00958331041029e+000 7.58313408679003e-001 -1.55248256096072e+000 1.46417907185195e-001 1.68859812872239e-006 2344185 95
4.69359596648657e+005 1.67252860903032e+006 2.73591638540236e-001 5.13777824738099e-001 1.44500484282968e+000 1.48439397515708e-001 1.72491991002960e-006 2376714 96
4.69367276374438e+005 1.67253419311984e+006 6.00958497353541e+000 8.62664399235447e-001 -1.52563710058901e+000 1.49485915640144e-001 1.72744834110927e-006 2393509 97
4.69358323555692e+005 1.67251615785635e+006 2.73592869570836e-001 6.36779984371446e-001 1.53905983077486e+000 1.53733044675422e-001 1.73032671377452e-006 2461813 98
4.69361200879638e+005 1.67252358585856e+006 2.73593308981879e-001 7.04642634665488e-001 1.57021974013489e+000 1.57064542191406e-001 1.73033135817966e-006 2514904 99
4.69361542704159e+005 1.67252904779861e+006 2.73592648893109e-001 6.30851956249280e-001 1.53580002487259e+000 1.57218314850888e-001 1.73374366209825e-006 2517268 100
4.69351092609878e+005 1.67249769022391e+006 2.73591734242404e-001 5.52088812452988e-001 1.48182147419660e+000 1.58298197224390e-001 1.75244465075650e-006 2534726 101
4.69357779799615e+005 1.67248933620720e+006 6.00958325991322e+000 9.96673226009054e-001 -1.50262670598468e+000 1.62637097593555e-001 1.75587314685125e-006 2604300 102
4.69363842043288e+005 1.67253510336689e+006 2.73592981421952e-001 5.19387331946237e-001 1.45094919476913e+000 1.64681904667922e-001 1.78894726727888e-006 2637418 103
4.69353880355530e+005 1.67250676033957e+006 2.73591868599328e-001 6.68295859253763e-001 1.55478360042116e+000 1.68300353474817e-001 1.78985117619157e-006 2695556 104
4.69361041434838e+005 1.67250285493930e+006 6.00958355487916e+000 7.38972110955042e-001 -1.55881041947691e+000 1.68446754010638e-001 1.79031440633253e-006 2697904 105
4.69366382757448e+005 1.67253839194829e+006 2.73593878100833e-001 5.84542554471051e-001 1.50684527832881e+000 1.68521511074610e-001 1.80038978219673e-006 2699106 106
4.69361632636659e+005 1.67253033466643e+006 2.73592498580559e-001 5.28854481335367e-001 1.46053685918760e+000 1.69732366338843e-001 1.82855425989760e-006 2718572 107
4.69359552848517e+005 1.67252858543518e+006 2.73591617934011e-001 8.03490291651803e-001 1.05512246925260e-001 1.71214264969915e-001 1.82994130210149e-006 2742545 108
4.69360658243153e+005 1.67250102560963e+006 6.00958348272592e+000 7.89970848411999e-001 -1.54318252647481e+000 1.71961499026663e-001 1.83138856749379e-006 2754395 109
4.69356576696363e+005 1.67251158862200e+006 2.73592612067351e-001 6.69569942909871e-001 1.55535886028626e+000 1.72434967757971e-001 1.83223928597348e-006 2761932 110
4.69370573894000e+005 1.67253533466967e+006 6.00958332345702e+000 7.73779368615637e-001 -1.54788048203986e+000 1.74226578797372e-001 1.83337670149369e-006 2790245 111
4.69361532943267e+005 1.67253034031076e+006 2.73592442447805e-001 5.34021598385135e-001 1.46552244468520e+000 1.80739454299695e-001 1.85914561027964e-006 2894167 112
4.69349203648816e+005 1.67249195529543e+006 2.73591579285105e-001 4.86668155833152e-001 1.41279029038362e+000 1.88268982936341e-001 1.91569239842553e-006 3014750 113
4.69350053757247e+005 1.67249483917123e+006 2.73591601904550e-001 4.78864393439495e-001 1.40224385952330e+000 1.89367246926691e-001 1.97978945377697e-006 3032426 114
4.69362938611255e+005 1.67253024241864e+006 2.73593236762062e-001 5.92434794896382e-001 1.51231024704733e+000 1.89756226047394e-001 1.98834038426307e-006 3038537 115
4.69366352208832e+005 1.67252903023006e+006 6.00958468271708e+000 7.30248177031975e-001 -1.56187847209082e+000 1.93152668201143e-001 1.98864134526804e-006 3092525 116
4.69369786060831e+005 1.67253394123839e+006 2.73596456624674e-001 8.31148524353130e-001 9.86091285439619e-002 1.93753813495774e-001 1.98974581872126e-006 3102217 117
4.69359950285994e+005 1.67249861497819e+006 6.00958350015842e+000 9.71280030918584e-001 -1.50627001846370e+000 1.94403351037065e-001 1.99308735319591e-006 3112668 118
4.69365472488240e+005 1.67252291553710e+006 6.00958421921930e+000 7.93633838923307e-001 -1.54222376003296e+000 1.95630322279012e-001 1.99459696909465e-006 3132075 119
4.69355005396783e+005 1.67250808421570e+006 2.73592286243575e-001 5.61042789258408e-001 1.48920397579882e+000 1.95675824690985e-001 2.01047171143908e-006 3132788 120
4.69369935397727e+005 1.67253629743564e+006 6.00958382708873e+000 7.96571309574887e-001 -1.54145674687948e+000 1.97718370363549e-001 2.01203118088262e-006 3165656 121
4.69356068992340e+005 1.67251370534128e+006 2.73592001436156e-001 5.48337343910006e-001 1.47856166829432e+000 1.99597595967090e-001 2.03205131033921e-006 3195732 122
4.69355447541991e+005 1.67251227260187e+006 2.73591879842850e-001 6.50033993516227e-001 1.54596294915616e+000 2.02645734122833e-001 2.03393958430670e-006 3244747 123
4.69363412422915e+005 1.67250997922510e+006 6.00958334887885e+000 7.74894191814731e-001 -1.54749697546312e+000 2.03809356631129e-001 2.03510271247807e-006 3263336 124
4.69365472701608e+005 1.67253084402928e+006 6.00958545229917e+000 9.49249001031731e-001 -1.50972157765435e+000 2.03985154689994e-001 2.03833821114772e-006 3266075 125
4.69359179256090e+005 1.67249486151050e+006 6.00958334367984e+000 8.72379287113265e-001 -1.52352781441694e+000 2.04877308981095e-001 2.04098228748034e-006 3280310 126
4.69366642941266e+005 1.67252404108063e+006 6.00958374556486e+000 9.65882870986463e-001 -1.50713290826136e+000 2.06250238137617e-001 2.04429725204002e-006 3302364 127
4.69364645962996e+005 1.67253248509750e+006 2.73593834233270e-001 5.51734900326292e-001 1.48143796761986e+000 2.06615250941511e-001 2.06314414489536e-006 3308096 128
4.69349246366591e+005 1.67249204329301e+006 2.73591589274619e-001 6.09688011072833e-001 1.52352781441694e+000 2.14781524523180e-001 2.06895966963759e-006 3438799 129
4.69358665756672e+005 1.67249242959013e+006 6.00958325002087e+000 8.23875630149518e-001 -1.53436187520981e+000 2.15531056410025e-001 2.07097672410910e-006 3450941 130
4.69357652397677e+005 1.67251785334791e+006 2.73592233863881e-001 6.42212535516236e-001 1.54193613010041e+000 2.16842535688480e-001 2.07341907645830e-006 3471819 131
4.69367434324153e+005 1.67252769034711e+006 6.00958387455175e+000 9.12282879398288e-001 -1.51595355952635e+000 2.22968911437697e-001 2.07642065552972e-006 3569665 132
4.69360296018579e+005 1.67249837714126e+006 6.00958327153972e+000 8.55603852307853e-001 -1.52707525025178e+000 2.23538635733413e-001 2.07887155977857e-006 3578719 133
4.69364926050991e+005 1.67253849294890e+006 2.73593055019397e-001 4.84721639136321e-001 1.41010574434645e+000 2.25150353021857e-001 2.13727539007423e-006 3604379 134
4.69359639384750e+005 1.67249658577526e+006 6.00958335684841e+000 9.01913254086082e-001 -1.51777521576586e+000 2.26394929369532e-001 2.14020007955651e-006 3624303 135
4.69359932261116e+005 1.67252363961151e+006 2.73592597489519e-001 5.75995576611332e-001 1.50070917310099e+000 2.28786981331176e-001 2.15214147249847e-006 3662776 136
4.69357539132988e+005 1.67251504371491e+006 2.73592608095921e-001 4.60637918914628e-001 1.37491901593066e+000 2.32535811312867e-001 2.23780849336569e-006 3722413 137
4.69359878451995e+005 1.67249808183730e+006 6.00958345704638e+000 7.36689377737850e-001 -1.55957743263039e+000 2.34891199430740e-001 2.23822955904490e-006 3760363 138
4.69355410438756e+005 1.67251405075466e+006 2.73591582705106e-001 5.79340046208614e-001 2.04361067079684e-001 2.35086135543621e-001 2.25075729519146e-006 3763521 139
4.69358955388850e+005 1.67249404620482e+006 6.00958334094437e+000 8.88730027366640e-001 -1.52026800851466e+000 2.35213226166230e-001 2.25356577895696e-006 3765565 140
4.69359912954119e+005 1.67249825257050e+006 6.00958346447976e+000 9.03488163049881e-001 -1.51748758583331e+000 2.38036962496970e-001 2.25650321691647e-006 3811046 141
4.69367168132040e+005 1.67253106833085e+006 6.00958454750003e+000 8.05932285326008e-001 -1.53896395413068e+000 2.39247035230445e-001 2.25822537382143e-006 3830304 142
4.69365057489773e+005 1.67252815258659e+006 6.00958526380348e+000 8.80802395728640e-001 -1.52189791146580e+000 2.39848674459956e-001 2.26095083087306e-006 3840051 143
4.69366426550428e+005 1.67252862228843e+006 6.00958457806221e+000 8.21062028742281e-001 -1.53512888836329e+000 2.42376121009321e-001 2.26291812489411e-006 3880568 144
4.69349202641526e+005 1.67249193487086e+006 2.73591581903672e-001 6.90716192479983e-001 1.56465889477218e+000 2.43012245606851e-001 2.26310882294880e-006 3890873 145
4.69368840967201e+005 1.67253337357333e+006 2.73596021105361e-001 4.34908507303797e-001 3.79144189428388e-001 2.44694883049223e-001 2.35028941091051e-006 3917863 146
4.69368482167662e+005 1.67253016427142e+006 6.00958367858272e+000 7.57057020629230e-001 -1.55296194418165e+000 2.45520426716228e-001 2.35110063400739e-006 3931379 147
4.69362254471624e+005 1.67251009457682e+006 6.00958400861928e+000 7.84892209393905e-001 -1.54462067613758e+000 2.48437447112890e-001 2.35245288334563e-006 3978172 148
4.69349202641526e+005 1.67249193487086e+006 2.73591581903672e-001 6.90716192479983e-001 1.56465889477218e+000 2.54459974715681e-001 2.35264358140033e-006 4074861 149
4.69365892052855e+005 1.67252279667890e+006 6.00958396818864e+000 9.17078388715025e-001 -1.51509066972869e+000 2.55000291943403e-001 2.35568158764942e-006 4083587 150
4.69369224724348e+005 1.67253073607422e+006 6.00958335596169e+000 7.19595422018412e-001 -1.56571353785821e+000 2.56130355728842e-001 2.35581168880520e-006 4101575 151
4.69356808117843e+005 1.67251426577130e+006 2.73592323929789e-001 4.42393748783427e-001 1.34308797006134e+000 2.58121933163071e-001 2.46997493755339e-006 4133777 152
4.69361044848993e+005 1.67250521813331e+006 6.00958392056453e+000 7.49093997778560e-001 -1.55545473693045e+000 2.61221210022958e-001 2.47063317299313e-006 4183388 153
4.69366529589840e+005 1.67252157842315e+006 6.00958342534539e+000 7.68205252620168e-001 -1.54951038499100e+000 2.61275459306294e-001 2.47166481447182e-006 4184252 154
4.69349209727149e+005 1.67249200886847e+006 2.73591574321257e-001 4.40057928747231e-001 1.33867764442885e+000 2.63266978785965e-001 2.59004999576851e-006 4216363 155
4.69368168473664e+005 1.67253387156630e+006 6.00958442907898e+000 8.69530294493358e-001 -1.52419895092624e+000 2.63502362465572e-001 2.59265595177156e-006 4220110 156
4.69354931396024e+005 1.67251176223646e+006 2.73591673148925e-001 5.77128095416761e-001 1.50157206289865e+000 2.63709451843272e-001 2.60432719403294e-006 4223538 157
4.69360246325663e+005 1.67252232544513e+006 2.73592975964234e-001 6.66101604068246e-001 1.55372895733512e+000 2.63771187593249e-001 2.60533180352967e-006 4224428 158
4.69353010440627e+005 1.67250366628568e+006 2.73591867693845e-001 6.31789823385026e-001 1.53637528473769e+000 2.65760681176343e-001 2.60864787345227e-006 4256092 159
4.69361370335654e+005 1.67250351439143e+006 6.00958347515718e+000 8.40615673742259e-001 -1.53043093279824e+000 2.67276434672454e-001 2.61090416762441e-006 4280588 160
4.69357093200722e+005 1.67251605878884e+006 2.73592203052450e-001 5.28040483443965e-001 1.45976984603412e+000 2.68464647348594e-001 2.63945085494081e-006 4299443 161
4.69354575218361e+005 1.67250707603238e+006 2.73592204628053e-001 6.53466941145183e-001 1.54768872875149e+000 2.78123839230759e-001 2.64112175376532e-006 4453594 162
4.69364184995182e+005 1.67252084885477e+006 6.00958461135857e+000 9.26439364466145e-001 -1.51346076677755e+000 2.79466284601379e-001 2.64422490727237e-006 4475189 163
4.69355119438753e+005 1.67250891746675e+006 2.73592219847818e-001 6.62774830077299e-001 1.55219493102817e+000 2.80173132121163e-001 2.64538476580075e-006 4486578 164
4.69363778672135e+005 1.67253535450326e+006 2.73592907237456e-001 5.23298060946233e-001 1.45497601382488e+000 2.80957334338966e-001 2.67634749034439e-006 4499016 165
4.69350497711501e+005 1.67249581437854e+006 2.73591696285573e-001 6.68242772434759e-001 1.55478360042116e+000 2.81264441863409e-001 2.67725155724377e-006 4503866 166
4.69359541275745e+005 1.67252199687167e+006 2.73592636296112e-001 6.70667070502630e-001 1.55583824350719e+000 2.85518073245318e-001 2.67805893282658e-006 4571709 167
4.69355928656335e+005 1.67251130461356e+006 2.73592297063230e-001 5.14184823683800e-001 1.44548422605060e+000 2.86343669007525e-001 2.71411894298229e-006 4585010 168
4.69358375597553e+005 1.67249180074780e+006 6.00958331303152e+000 9.39817242855271e-001 -1.51115972731712e+000 2.86825515129984e-001 2.71730964758446e-006 4592691 169
4.69363500797965e+005 1.67251487196355e+006 6.00958406092298e+000 8.32475694828241e-001 -1.53234846568194e+000 2.91251090476413e-001 2.71944986531870e-006 4663723 170
4.69363259705983e+005 1.67251872262691e+006 6.00958479348535e+000 9.62007533199138e-001 -1.50770816812647e+000 2.95491977554196e-001 2.72274892603657e-006 4731573 171
4.69361709567253e+005 1.67250833751682e+006 6.00958403733772e+000 9.81932785932147e-001 -1.50473599215674e+000 2.96898031789924e-001 2.72612844347800e-006 4754009 172
4.69353445092811e+005 1.67250414848505e+006 2.73592033601184e-001 5.01992550919107e-001 1.43177386593219e+000 2.97004883444328e-001 2.77022877650087e-006 4755750 173
4.69356654164357e+005 1.67251307386206e+006 2.73592423989949e-001 5.97265695425788e-001 1.51557005294961e+000 2.99039217551850e-001 2.77793144510671e-006 4788222 174
4.69359506681583e+005 1.67249596154592e+006 6.00958333330525e+000 7.91669626620142e-001 -1.54270314325388e+000 3.01097160248303e-001 2.77941042847411e-006 4821194 175
4.69351885997389e+005 1.67250150987819e+006 2.73591579871876e-001 5.57839884511805e-001 1.48661530640584e+000 3.02298373421592e-001 2.79624978561357e-006 4840428 176
4.69363604083244e+005 1.67251376375744e+006 6.00958383130467e+000 8.50507517683425e-001 -1.52822576998199e+000 3.02820990224935e-001 2.79863434340929e-006 4848746 177
4.69350151205237e+005 1.67249531052817e+006 2.73591582600631e-001 6.21774110199517e-001 1.76844470198675e-001 3.03979001981410e-001 2.80641958931187e-006 4867361 178
4.69361634563467e+005 1.67252551335779e+006 2.73593249549008e-001 5.44444310516345e-001 1.47511010910367e+000 3.04400751288470e-001 2.82788756675411e-006 4873981 179
4.69358562888268e+005 1.67249204549604e+006 6.00958324729306e+000 8.51162255117813e-001 -1.52803401669362e+000 3.05983172456673e-001 2.83028443401436e-006 4899219 180
4.69366303768594e+005 1.67252944315450e+006 6.00958477379117e+000 8.68557036144943e-001 -1.52439070421461e+000 3.06137871458373e-001 2.83288050490369e-006 4901704 181
4.69359268995791e+005 1.67249455800320e+006 6.00958324673218e+000 7.38919024136038e-001 -1.55881041947691e+000 3.06667421282828e-001 2.83334380826437e-006 4910122 182
4.69361096577195e+005 1.67253183820384e+006 2.73591967613414e-001 4.42995399398811e-001 3.63324543137913e-001 3.07793343025235e-001 2.91021609974565e-006 4928112 183
4.69357025633479e+005 1.67251818097825e+006 2.73591835519167e-001 5.18431769204157e-001 1.44999042832728e+000 3.08180106585298e-001 2.94380887709542e-006 4934322 184
4.69350306302668e+005 1.67249577243390e+006 2.73591596719524e-001 5.36994460249385e-001 1.46839874401074e+000 3.09713497841286e-001 2.96825376239136e-006 4959036 185
4.69368900743221e+005 1.67253419610047e+006 6.00958407369978e+000 9.91824629873312e-001 -1.50339371913816e+000 3.11494933126107e-001 2.97166091252063e-006 4987620 186
4.69359368847294e+005 1.67249568991130e+006 6.00958336744995e+000 8.11966487086182e-001 -1.53733405117954e+000 3.11631827964892e-001 2.97348958438248e-006 4989760 187
4.69359036146776e+005 1.67249425638352e+006 6.00958332887561e+000 7.36105422728801e-001 -1.55976918591876e+000 3.13390865126381e-001 2.97390028920371e-006 5018017 188
4.69361441104197e+005 1.67250406531074e+006 6.00958352162491e+000 9.16848345832672e-001 -1.51509066972869e+000 3.19358628007429e-001 2.97693997266501e-006 5113637 189
4.69360100276484e+005 1.67250045799254e+006 6.00958370369358e+000 7.36423943642828e-001 -1.55967330927457e+000 3.20727401864361e-001 2.97735581661008e-006 5135694 190
4.69358486011544e+005 1.67249215800451e+006 6.00958330740271e+000 7.71514331004780e-001 -1.54845574190497e+000 3.21962870662319e-001 2.97845669005122e-006 5155435 191
4.69359192532438e+005 1.67249463644834e+006 6.00958330131429e+000 9.84410170819022e-001 -1.50435248558000e+000 3.25093333913496e-001 2.98184686401171e-006 5205742 192
4.69361869969035e+005 1.67253127247120e+006 2.73592484256883e-001 5.68280292249350e-001 1.49486069780572e+000 3.26506554007691e-001 2.99571382798472e-006 5228246 193
4.69350735526360e+005 1.67249732330417e+006 2.73591593396738e-001 7.09721273683582e-001 1.35329883266701e-001 3.26955730945306e-001 2.99891092206965e-006 5235447 194
4.69351323740786e+005 1.67249929694874e+006 2.73591612437248e-001 6.74790146778643e-001 1.55775577639088e+000 3.29292682375136e-001 2.99955539857933e-006 5272810 195
4.69359348808374e+005 1.67251935618290e+006 2.73592940352100e-001 6.65676909516210e-001 1.55353720404675e+000 3.29735407411752e-001 3.00057890145069e-006 5279858 196
4.69365072005714e+005 1.67253331845206e+006 2.73593940746956e-001 5.71040806837582e-001 1.49696998397778e+000 3.31043786011269e-001 3.01373362882356e-006 5300941 197
4.69353177103322e+005 1.67250389319252e+006 2.73591924774563e-001 6.55201110565995e-001 1.54855161854915e+000 3.36339967436656e-001 3.01530036780193e-006 5385446 198
4.69350749349727e+005 1.67249700376057e+006 2.73591650760598e-001 5.80773390321734e-001 1.50425660893582e+000 3.37260137338807e-001 3.02614799584445e-006 5400227 199
4.69362255657796e+005 1.67253348979423e+006 2.73592353145467e-001 6.65128345719830e-001 1.55324957411420e+000 3.37648860934081e-001 3.02719982374310e-006 5406492 200
