5.12346632951836e+004 1.73635920411417e+006 6.25368160956814e+000 7.45961875457297e-001 -1.56954860362560e+000 1.23754150323526e-004 1.35895587294724e-011 1999 1
5.12291305994214e+004 1.73637131173723e+006 2.94950012767577e-002 4.29192826457650e-001 1.54510005935850e+000 3.70541610079050e-004 4.97352813305917e-009 5955 2
5.12351015959224e+004 1.73637894464967e+006 6.25368169253207e+000 7.54278810434663e-001 -1.56964448026978e+000 5.05248128918788e-004 4.98524161449403e-009 8079 3
5.12352764996912e+004 1.73634450274887e+006 6.25368100710351e+000 8.35802468819188e-001 -1.56657642765587e+000 5.33268598140157e-004 5.05537868117716e-009 8525 4
5.12343819233878e+004 1.73636283415725e+006 6.25368183310746e+000 9.91435326533946e-001 -1.56389188161870e+000 9.66847298941510e-004 5.15871856524837e-009 15591 5
5.12357768379241e+004 1.73636026768484e+006 6.25368098687558e+000 7.72275242077177e-001 -1.56868571382794e+000 1.13449124367545e-003 5.18719937781694e-009 18336 6
5.12353079729501e+004 1.73634480618665e+006 6.25368099414528e+000 8.90481892393787e-001 -1.56533003128147e+000 1.38745633374412e-003 5.27833258188101e-009 22439 7
5.12283007322778e+004 1.73636772187230e+006 2.94945847038549e-002 6.71304112330683e-001 1.56878159047212e+000 1.54526974778972e-003 5.31439744050834e-009 25001 8
5.12353881806201e+004 1.73638032647811e+006 6.25368155108988e+000 9.88427073457026e-001 -1.56427538819544e+000 1.61655943052281e-003 5.40961530516161e-009 26107 9
5.12286221982541e+004 1.73637659764587e+006 2.94946189999557e-002 5.69589767118127e-001 1.56226197866756e+000 1.67798357907115e-003 5.89530314522218e-009 27108 10
5.12354988720952e+004 1.73637074040756e+006 6.25368132463745e+000 8.96427616122287e-001 -1.56571353785821e+000 1.70614245757685e-003 5.97553412881599e-009 27559 11
5.12281096217363e+004 1.73636705039267e+006 2.94944861355202e-002 6.23419801588655e-001 1.56619292107913e+000 1.71051723070050e-003 6.12851838626249e-009 27644 12
5.12299310716848e+004 1.73638723682733e+006 2.94951915211337e-002 6.40053671543388e-001 1.56676818094424e+000 1.74195513599674e-003 6.24589254972371e-009 28160 13
5.12350542116674e+004 1.73635316159510e+006 6.25368128203246e+000 9.44241144438976e-001 -1.56446714148381e+000 1.76618164004617e-003 6.34643014076998e-009 28556 14
5.12277478502659e+004 1.73637976390825e+006 2.94940621395429e-002 6.84398861018451e-001 1.56916509704886e+000 1.97695104010061e-003 6.37133294670606e-009 31905 15
5.12363604657355e+004 1.73638539827181e+006 6.25368107774103e+000 7.28549398823832e-001 -1.57069912335582e+000 2.19406174452566e-003 6.37160448712827e-009 35363 16
5.12290324833100e+004 1.73637501797730e+006 2.94948818999267e-002 5.92169360801360e-001 1.56398775826289e+000 2.25151132750365e-003 6.68584340045095e-009 36253 17
5.12281368329565e+004 1.73638440336402e+006 2.94942072038252e-002 6.72082719009415e-001 1.56849396053957e+000 2.25486447696837e-003 6.73009679167752e-009 36302 18
5.12279214966201e+004 1.73638367021476e+006 2.94940957434643e-002 5.83887817036663e-001 1.56322074510941e+000 2.31163878316081e-003 7.11250742891035e-009 37159 19
5.12312635710684e+004 1.73638774945349e+006 2.94959495483785e-002 6.87867199860076e-001 1.56916509704886e+000 2.35971639668804e-003 7.13713482943768e-009 37916 20
5.12356691609217e+004 1.73635842791283e+006 6.25368101759698e+000 7.27310706380394e-001 -1.57021974013489e+000 2.47887537327611e-003 7.14146672279644e-009 39810 21
5.12342406481079e+004 1.73636869686646e+006 6.25368201393959e+000 7.68417599896186e-001 -1.56897334376049e+000 2.52024657056436e-003 7.16440482574403e-009 40518 22
5.12273054214969e+004 1.73635538639851e+006 2.94942213989211e-002 6.30851956249280e-001 1.56686405758843e+000 2.78744781773823e-003 7.28113411343624e-009 44746 23
5.12282465725817e+004 1.73636622319347e+006 2.94945789819535e-002 6.70702461715299e-001 1.56878159047212e+000 2.97406126089325e-003 7.31727018437461e-009 47805 24
5.12276670462927e+004 1.73636769414514e+006 2.94942205427591e-002 6.04025417045690e-001 1.56494652470473e+000 2.98723314581072e-003 7.55505098250100e-009 48036 25
5.12345313811120e+004 1.73637107251310e+006 6.25368188698288e+000 8.29785962665348e-001 -1.56724756416517e+000 3.23890702650777e-003 7.60952099163293e-009 52082 26
5.12343537097083e+004 1.73637141295980e+006 6.25368199499754e+000 8.65796521556711e-001 -1.56638467436750e+000 3.76461199893698e-003 7.67905432282960e-009 60501 27
5.12344058606199e+004 1.73636517007471e+006 6.25368185899424e+000 7.84555992873543e-001 -1.56839808389538e+000 3.90513019500376e-003 7.71259777951292e-009 62750 28
5.12279001516192e+004 1.73639387596472e+006 2.94939102087905e-002 6.84133426923429e-001 1.56887746711631e+000 4.03716005549707e-003 7.74466953559551e-009 64816 29
5.12312639587833e+004 1.73638877291002e+006 2.94959323961492e-002 5.15246560063889e-001 1.55698876323740e+000 4.06697216360043e-003 9.01901574943353e-009 65303 30
5.12300574799519e+004 1.73639104116271e+006 2.94951996724054e-002 6.91424016733376e-001 1.56926097369304e+000 4.28917422773577e-003 9.04117948226506e-009 68843 31
5.12353825056850e+004 1.73635870768031e+006 6.25368118729344e+000 7.93173753158602e-001 -1.56801457731864e+000 4.42594243329491e-003 9.08240476862922e-009 70973 32
5.12356098413219e+004 1.73637605818780e+006 6.25368135107400e+000 9.95947706149326e-001 -1.56408363490707e+000 4.88551000600147e-003 9.18034884994213e-009 78173 33
5.12357283756521e+004 1.73637501009045e+006 6.25368126507257e+000 9.57990630561133e-001 -1.56465889477218e+000 4.91542607496791e-003 9.27320500346430e-009 78701 34
5.12354211747910e+004 1.73636121667437e+006 6.25368120764286e+000 7.16427908484479e-001 -1.57069912335582e+000 5.16120435430246e-003 9.27348675403739e-009 82567 35
5.12292740258996e+004 1.73639216472681e+006 2.94947297939820e-002 5.42887097158881e-001 1.55967330927457e+000 5.45041276685925e-003 1.00867868425602e-008 87050 36
5.12269594368581e+004 1.73635225905296e+006 2.94940754039987e-002 6.83142472968679e-001 1.56964448026978e+000 5.67189011934860e-003 1.01013525424459e-008 90588 37
5.12356091418233e+004 1.73635661164805e+006 6.25368102129437e+000 7.88572895511548e-001 -1.56811045396283e+000 5.67787171782557e-003 1.01408965820702e-008 90692 38
5.12267357253200e+004 1.73635142026151e+006 2.94939609156800e-002 5.62334568520850e-001 1.56216610202338e+000 5.98142520565742e-003 1.06491923081495e-008 95413 39
5.12265872512144e+004 1.73634849064347e+006 2.94939252148702e-002 5.57078973439408e-001 1.56178259544664e+000 6.21692202160444e-003 1.12042228210215e-008 99298 40
5.12305007925841e+004 1.73638252019634e+006 2.94955994166586e-002 5.77234269054770e-001 1.56274136188849e+000 6.23040704800545e-003 1.16354905671252e-008 99525 41
5.12268963730260e+004 1.73635604854116e+006 2.94939747842937e-002 4.38695367059449e-001 1.54711346888638e+000 6.37530889132425e-003 1.58051748361183e-008 101810 42
5.12354375246278e+004 1.73635008966203e+006 6.25368100930806e+000 9.00196780271605e-001 -1.56523415463729e+000 6.39366838752158e-003 1.58965893579241e-008 102105 43
5.12353135401333e+004 1.73634784675576e+006 6.25368104256841e+000 7.95757311683486e-001 -1.56772694738609e+000 6.41946582457621e-003 1.59442733018527e-008 102512 44
5.12271911986107e+004 1.73635556098107e+006 2.94941527092211e-002 4.20592761778927e-001 1.54375778633992e+000 6.63172154076159e-003 2.15517325747429e-008 105924 45
5.12330054480765e+004 1.73638431449204e+006 6.25368298984504e+000 7.74929583027400e-001 -1.56906922040468e+000 6.87571768043421e-003 2.15724370659660e-008 109760 46
5.12290064330069e+004 1.73636933793167e+006 2.94949633385229e-002 5.65448995235779e-001 1.56207022537919e+000 7.16691325366312e-003 2.20832561054062e-008 114473 47
5.12353015600620e+004 1.73635091286379e+006 6.25368110152204e+000 7.75584320461789e-001 -1.56839808389538e+000 7.36948593557066e-003 2.21176591316517e-008 117742 48
5.12350397327882e+004 1.73635988270159e+006 6.25368140448133e+000 9.14777959891498e-001 -1.56513827799310e+000 7.37888702094974e-003 2.22082674946337e-008 117893 49
5.12353872862819e+004 1.73636135955567e+006 6.25368122956884e+000 8.37448160208326e-001 -1.56686405758843e+000 7.44159205487420e-003 2.22708586231996e-008 118886 50
5.12312664407915e+004 1.73638714215019e+006 2.94959615098969e-002 6.11316006855637e-001 1.56504240134892e+000 7.53970649978542e-003 2.24965887555176e-008 120471 51
5.12270288087665e+004 1.73636077636630e+006 2.94939707292988e-002 4.37580543860356e-001 1.54682583895383e+000 7.61880700896297e-003 2.67682173536606e-008 121724 52
5.12344584272863e+004 1.73637480356922e+006 6.25368199230902e+000 7.84432123629200e-001 -1.56858983718375e+000 7.68158181659022e-003 2.67977008931554e-008 122730 53
5.12281582628727e+004 1.73637373605779e+006 2.94944006256560e-002 4.21424455276663e-001 1.54356603305155e+000 8.29975643291113e-003 3.24417244514397e-008 132711 54
5.12268297831609e+004 1.73635744334567e+006 2.94939127887453e-002 4.74051188516424e-001 1.55257843760491e+000 8.58101007067368e-003 3.47894688570516e-008 137204 55
5.12277310151251e+004 1.73635823067845e+006 2.94944180071555e-002 6.22163413538883e-001 1.56628879772332e+000 8.60765573394243e-003 3.49381989389607e-008 137701 56
5.12358334530684e+004 1.73637176051852e+006 6.25368114943565e+000 9.78075143751156e-001 -1.56427538819544e+000 8.70400025230798e-003 3.50356480182973e-008 139265 57
5.12352324324043e+004 1.73635002546568e+006 6.25368112623217e+000 8.64327786230921e-001 -1.56600116779077e+000 9.07143957745711e-003 3.51150727352222e-008 145173 58
5.12342144473957e+004 1.73638020883054e+006 6.25368222446994e+000 7.54986634688056e-001 -1.56964448026978e+000 9.31268275824802e-003 3.51267620703623e-008 149069 59
5.12267059990511e+004 1.73634965507652e+006 2.94939737769675e-002 4.33138946670315e-001 1.54625057908872e+000 9.47363410341344e-003 3.96575127437474e-008 151683 60
5.12353024802992e+004 1.73635041714948e+006 6.25368109257570e+000 9.52204167289646e-001 -1.56427538819544e+000 9.47934107858440e-003 3.97608817777870e-008 151769 61
5.12317608659259e+004 1.73639353289689e+006 2.94961375087074e-002 6.05883455710847e-001 1.56456301812799e+000 9.48936403935541e-003 4.00214863394440e-008 151923 62
5.12359934722473e+004 1.73639278891496e+006 6.25368141439515e+000 8.54825245629121e-001 -1.56705581087680e+000 9.78809276523170e-003 4.00768480175631e-008 156734 63
5.12347397288957e+004 1.73638005455992e+006 6.25368191959856e+000 8.18213036122375e-001 -1.56772694738609e+000 9.99436500078402e-003 4.01217001921108e-008 160113 64
5.12273156253684e+004 1.73637121464009e+006 2.94939585657372e-002 6.61093747475491e-001 1.56820633060701e+000 1.03929702032623e-002 4.01767876896618e-008 166544 65
5.12264102288158e+004 1.73634587012812e+006 2.94938678392140e-002 6.93122794941519e-001 1.57021974013489e+000 1.04025947232989e-002 4.01816036102174e-008 166711 66
5.12265914400975e+004 1.73634964763573e+006 2.94939079837688e-002 7.06005196353269e-001 1.57069912335582e+000 1.04335628747508e-002 4.01818945927527e-008 167192 67
5.12275584188354e+004 1.73638543997134e+006 2.94938567820379e-002 6.60899095805808e-001 1.56791870067446e+000 1.04638565346185e-002 4.02468051745434e-008 167674 68
5.12353583995077e+004 1.73635090171164e+006 6.25368106862616e+000 7.97810002018325e-001 -1.56772694738609e+000 1.06657271661674e-002 4.02942196251748e-008 170911 69
5.12348089806731e+004 1.73636930336385e+006 6.25368169721083e+000 9.62715357452530e-001 -1.56446714148381e+000 1.08035279402464e-002 4.03905615947153e-008 173101 70
5.12343234591071e+004 1.73638990218833e+006 6.25368232631905e+000 9.81862003506808e-001 -1.56456301812799e+000 1.08932096486586e-002 4.04806620574164e-008 174460 71
5.12269452306078e+004 1.73635182694025e+006 2.94940745651590e-002 4.42110619082070e-001 1.54778460539567e+000 1.11524314765960e-002 4.44025689142200e-008 178608 72
5.12354922973551e+004 1.73635225254517e+006 6.25368101451483e+000 9.02302557425448e-001 -1.56523415463729e+000 1.18687116138252e-002 4.44935147417673e-008 190017 73
5.12355825526349e+004 1.73636204547701e+006 6.25368112885575e+000 9.02267166212779e-001 -1.56542590792566e+000 1.18777666011776e-002 4.45796539989906e-008 190161 74
5.12361623151999e+004 1.73637812441285e+006 6.25368106825670e+000 9.79756226352964e-001 -1.56437126483963e+000 1.19634508521732e-002 4.46745328106569e-008 191537 75
5.12272965193745e+004 1.73636725603826e+006 2.94940147737553e-002 6.05334891914467e-001 1.56504240134892e+000 1.27460768095381e-002 4.49051988550080e-008 204063 76
5.12329909525776e+004 1.73639419344989e+006 6.25368316590737e+000 7.46262700764989e-001 -1.57021974013489e+000 1.29613100344104e-002 4.49092924030913e-008 207482 77
5.12354229521137e+004 1.73635997920086e+006 6.25368118560908e+000 8.56134720497898e-001 -1.56638467436750e+000 1.32605741734011e-002 4.49805637939662e-008 212147 78
5.12275928917971e+004 1.73637337731286e+006 2.94940813944515e-002 5.33897729140791e-001 1.55919392605365e+000 1.34013492663452e-002 4.58811767047509e-008 214375 79
5.12273133219393e+004 1.73637567139301e+006 2.94938815821112e-002 6.74507017077286e-001 1.56878159047212e+000 1.38317440958565e-002 4.59168658767466e-008 221228 80
5.12332101841042e+004 1.73639393098989e+006 6.25368303530447e+000 7.46121135914310e-001 -1.57021974013489e+000 1.41502327230310e-002 4.59209611337356e-008 226319 81
5.12357008554140e+004 1.73636797221291e+006 6.25368116141264e+000 7.59286667027418e-001 -1.56926097369304e+000 1.42994329811263e-002 4.59389991185818e-008 228731 82
5.12280159938805e+004 1.73637658749150e+006 2.94942703556268e-002 6.70914808991317e-001 1.56858983718375e+000 1.45245278977280e-002 4.59805837831077e-008 232364 83
5.12349745144266e+004 1.73639359194360e+006 6.25368201434317e+000 9.04249074122279e-001 -1.56600116779077e+000 1.47682733189291e-002 4.60524979676523e-008 236188 84
5.12352689365189e+004 1.73634898341407e+006 6.25368108753380e+000 7.96518222755883e-001 -1.56772694738609e+000 1.48508295763471e-002 4.61000817539476e-008 237550 85
5.12349259675398e+004 1.73636458026797e+006 6.25368154970286e+000 8.00411256149544e-001 -1.56791870067446e+000 1.49467859781620e-002 4.61426733422858e-008 239109 86
5.12349018675456e+004 1.73637274313663e+006 6.25368170216514e+000 8.27343968991143e-001 -1.56734344080935e+000 1.52108686189834e-002 4.61952168205149e-008 243385 87
5.12264509400112e+004 1.73634698008994e+006 2.94938724222300e-002 6.80912826570491e-001 1.56964448026978e+000 1.53969367024511e-002 4.62098876563213e-008 246368 88
5.12350308690892e+004 1.73638892033330e+006 6.25368190260046e+000 9.14300178520458e-001 -1.56571353785821e+000 1.55475680267899e-002 4.62867087076791e-008 248758 89
5.12351613026488e+004 1.73635583697704e+006 6.25368126583574e+000 9.88727898764719e-001 -1.56379600497452e+000 1.56587597326913e-002 4.63929171799097e-008 250545 90
5.12352045757572e+004 1.73634901056253e+006 6.25368112502923e+000 9.18724080104163e-001 -1.56485064806055e+000 1.57873842441369e-002 4.64898417223354e-008 252625 91
5.12336040415086e+004 1.73637403611004e+006 6.25368247090244e+000 8.81138612249001e-001 -1.56609704443495e+000 1.64379894092176e-002 4.65636235398518e-008 263044 92
5.12346045685934e+004 1.73636174221972e+006 6.25368168645426e+000 9.97858831633487e-001 -1.56379600497452e+000 1.68311445368670e-002 4.66677056443713e-008 269303 93
5.12293017692208e+004 1.73637198195757e+006 2.94950883918729e-002 4.69255679199687e-001 1.55161967116306e+000 1.69420667307210e-002 4.92660130062578e-008 271124 94
5.12263545787212e+004 1.73634467566163e+006 2.94938560946049e-002 4.46994606430481e-001 1.54874337183752e+000 1.72586266813132e-002 5.28516913373931e-008 276278 95
5.12263562991942e+004 1.73634541354698e+006 2.94938445580244e-002 4.50020555113735e-001 1.54922275505844e+000 1.72947490228800e-002 5.62670683720927e-008 276889 96
5.12270970529913e+004 1.73636472077941e+006 2.94939430369181e-002 4.25954530498378e-001 1.54462067613758e+000 1.76828791834151e-002 6.14555428662802e-008 283124 97
5.12285820509375e+004 1.73637239071209e+006 2.94946673176776e-002 5.95531526004976e-001 1.56427538819544e+000 1.77077560387468e-002 6.17458155470852e-008 283513 98
5.12352667776574e+004 1.73634443914485e+006 6.25368101161783e+000 9.68254082235330e-001 -1.56389188161870e+000 1.77775737679656e-002 6.18546767392847e-008 284646 99
5.12333022418397e+004 1.73638198331572e+006 6.25368277948899e+000 9.72129420022656e-001 -1.56456301812799e+000 1.79024158969720e-002 6.19467736429355e-008 286602 100
5.12307727028359e+004 1.73639180280491e+006 2.94955982858249e-002 6.93936792832920e-001 1.56935685033723e+000 1.80290167521418e-002 6.19666662824899e-008 288608 101
5.12321566989675e+004 1.73639311664092e+006 2.94963723400796e-002 5.57220538290086e-001 1.56091970564898e+000 1.80583188934282e-002 6.26056884915800e-008 289074 102
5.12353756935187e+004 1.73634776594685e+006 6.25368100543201e+000 9.32969043203695e-001 -1.56456301812799e+000 1.81908784797685e-002 6.27065046409258e-008 291222 103
5.12345281138500e+004 1.73638412352172e+006 6.25368211044799e+000 9.63016182760222e-001 -1.56475477141636e+000 1.88403663451863e-002 6.27960853137878e-008 301653 104
5.12270496296734e+004 1.73635632611136e+006 2.94940582587883e-002 5.50000730905479e-001 1.56101558229316e+000 1.88830634138284e-002 6.34438564166246e-008 302367 105
5.12272922797863e+004 1.73637677826573e+006 2.94938506839223e-002 5.96752522842079e-001 1.56427538819544e+000 1.93322750467671e-002 6.37328240818173e-008 309521 106
5.12339515694866e+004 1.73638474029107e+006 6.25368245266805e+000 9.05186941258024e-001 -1.56580941450240e+000 1.98709854873286e-002 6.38090720726798e-008 318138 107
5.12288672116825e+004 1.73637282229248e+006 2.94948240759509e-002 5.15901297498277e-001 1.55737226981414e+000 1.99240906523738e-002 6.50257579562830e-008 319024 108
5.12289455276326e+004 1.73637669651458e+006 2.94948033688086e-002 5.11300439851224e-001 1.55679700994903e+000 2.00608715477922e-002 6.63497450978074e-008 321296 109
5.12267320192835e+004 1.73635029328144e+006 2.94939779151412e-002 4.77236397656691e-001 1.55315369747002e+000 2.01863052533628e-002 6.85515131496443e-008 323352 110
5.12280751953577e+004 1.73638839995144e+006 2.94941038906354e-002 4.31510950887512e-001 1.54519593600269e+000 2.03789115299445e-002 7.34249611223901e-008 326431 111
5.12344342186161e+004 1.73636412874090e+006 6.25368182499623e+000 9.45497532488749e-001 -1.56465889477218e+000 2.04157335465693e-002 7.35205379442979e-008 327043 112
5.12356067166124e+004 1.73639017019828e+006 6.25368159247469e+000 9.30987135294195e-001 -1.56542590792566e+000 2.07017084483587e-002 7.36009391135808e-008 331562 113
5.12274497064712e+004 1.73636301262997e+006 2.94941749571116e-002 4.76245443701941e-001 1.55277019089328e+000 2.14601577175947e-002 7.58873545261534e-008 343624 114
5.12359601966057e+004 1.73638572883756e+006 6.25368131367167e+000 8.82890477276149e-001 -1.56628879772332e+000 2.16015099210304e-002 7.59562187435915e-008 345880 115
5.12356362860837e+004 1.73638692168606e+006 6.25368152030523e+000 8.05649155624651e-001 -1.56820633060701e+000 2.19752588164703e-002 7.59918729397699e-008 351947 116
5.12284305517967e+004 1.73637097512747e+006 2.94946041748358e-002 6.48211346063741e-001 1.56753519409772e+000 2.20328980738296e-002 7.60741257762040e-008 352858 117
5.12308581224069e+004 1.73638288386823e+006 2.94957988533962e-002 6.11510658525320e-001 1.56513827799310e+000 2.21708172834241e-002 7.62938985750265e-008 355059 118
5.12345631692155e+004 1.73637605870879e+006 6.25368195334962e+000 7.55429024846426e-001 -1.56954860362560e+000 2.22812613930120e-002 7.63071162746427e-008 356812 119
5.12340786545498e+004 1.73636620955895e+006 6.25368206492229e+000 7.72876892692561e-001 -1.56878159047212e+000 2.22981565988026e-002 7.63335686087959e-008 357095 120
5.12360053799625e+004 1.73637479412066e+006 6.25368110201418e+000 9.19980468153936e-001 -1.56533003128147e+000 2.23886953859194e-002 7.64183965463182e-008 358532 121
5.12263553456517e+004 1.73634557233368e+006 2.94938413137231e-002 5.80331000163364e-001 1.56370012833033e+000 2.24055414771023e-002 7.67686587475229e-008 358804 122
5.12264904897517e+004 1.73634776278920e+006 2.94938818926253e-002 5.72155630036676e-001 1.56302899182104e+000 2.27264410363213e-002 7.71843169502511e-008 363934 123
5.12278807163894e+004 1.73639437009283e+006 2.94938906374026e-002 6.25897186475530e-001 1.56580941450240e+000 2.29010093025155e-002 7.73560073539797e-008 366789 124
5.12361632412680e+004 1.73639119406756e+006 6.25368128963076e+000 9.65652828104111e-001 -1.56485064806055e+000 2.32518332439241e-002 7.74428703373767e-008 372418 125
5.12318959633290e+004 1.73638994055162e+006 2.94962762325938e-002 9.63936354289633e-001 7.90982314523759e-003 2.36302564988222e-002 7.74453795870149e-008 378501 126
5.12290732078105e+004 1.73637060335252e+006 2.94949802789334e-002 7.11296182647381e-001 1.57050737006745e+000 2.36534901229615e-002 7.74469350139075e-008 378898 127
5.12283300474587e+004 1.73636398051809e+006 2.94946650875702e-002 4.95834479914589e-001 1.55526298364208e+000 2.37391763522881e-002 7.91101405574729e-008 380262 128
5.12353216120547e+004 1.73634541301958e+006 6.25368099660064e+000 7.66258735923337e-001 -1.56858983718375e+000 2.38454863493114e-002 7.91411843997757e-008 381972 129
5.12283068758508e+004 1.73638515930386e+006 2.94942922149738e-002 6.78417746077282e-001 1.56878159047212e+000 2.39136006115419e-002 7.91764225312494e-008 383082 130
5.12279927061342e+004 1.73637658883278e+006 2.94942569328294e-002 4.93127052145361e-001 1.55468772377697e+000 2.42947911512104e-002 8.09569414933283e-008 389099 131
5.12353302954082e+004 1.73634859970930e+006 6.25368104571165e+000 8.58948321905135e-001 -1.56609704443495e+000 2.45896375825852e-002 8.10349818387957e-008 393803 132
5.12350182403362e+004 1.73635691208165e+006 6.25368136641051e+000 9.65511263253432e-001 -1.56417951155126e+000 2.48033937479459e-002 8.11375357657560e-008 397387 133
5.12288229524359e+004 1.73637603654807e+006 2.94947440416253e-002 6.59200317597665e-001 1.56801457731864e+000 2.51679875019714e-002 8.11994707055402e-008 403296 134
5.12349529728976e+004 1.73635453180329e+006 6.25368136355189e+000 9.34915559900525e-001 -1.56465889477218e+000 2.54116000942810e-002 8.12974436615495e-008 407205 135
5.12357248435577e+004 1.73636066239404e+006 6.25368102349580e+000 7.52279206918828e-001 -1.56935685033723e+000 2.54207578350584e-002 8.13140993388494e-008 407360 136
5.12344299899987e+004 1.73637900368894e+006 6.25368207998334e+000 8.90269545117770e-001 -1.56600116779077e+000 2.57969063929526e-002 8.13885212781633e-008 413336 137
5.12276805534567e+004 1.73637946459609e+006 2.94940284974311e-002 7.17949730629274e-001 1.57060324671163e+000 2.62376103739778e-002 8.13893358361814e-008 420335 138
5.12352482804147e+004 1.73634939944037e+006 6.25368110648352e+000 8.10338491303379e-001 -1.56734344080935e+000 2.64081047644074e-002 8.14443357513525e-008 423160 139
5.12361402658551e+004 1.73637624767020e+006 6.25368104907904e+000 8.19044729620111e-001 -1.56763107074190e+000 2.68024640903194e-002 8.14912755762109e-008 429439 140
5.12282108126939e+004 1.73638294755370e+006 2.94942744864914e-002 5.41966925629470e-001 1.55976918591876e+000 2.72927260650864e-002 8.22967610526891e-008 437303 141
5.12269527430370e+004 1.73635874392414e+006 2.94939614630410e-002 5.91726970642989e-001 1.56427538819544e+000 2.78431835133556e-002 8.25911555084648e-008 446014 142
5.12287429460122e+004 1.73637119742615e+006 2.94947801566316e-002 5.20130547412300e-001 1.55785165303507e+000 2.81272697110290e-002 8.37208981621840e-008 450596 143
5.12339962954482e+004 1.73636786152923e+006 6.25368214036074e+000 7.45307138022908e-001 -1.56974035691397e+000 2.81487335767731e-002 8.37314057068976e-008 450926 144
5.12287676874543e+004 1.73636667658026e+006 2.94948711419994e-002 5.98079693317190e-001 1.56456301812799e+000 2.82933835298830e-002 8.39995497135057e-008 453295 145
5.12360841613640e+004 1.73637380389838e+006 6.25368103986950e+000 9.92974844285076e-001 -1.56408363490707e+000 2.84455775111146e-002 8.40981400692229e-008 455684 146
5.12349104520593e+004 1.73635647314674e+006 6.25368142098112e+000 9.06407938095127e-001 -1.56523415463729e+000 2.84946731248901e-002 8.41881821355180e-008 456455 147
5.12355273235397e+004 1.73635594811283e+006 6.25368105710780e+000 8.15010131375772e-001 -1.56734344080935e+000 2.86903628271111e-002 8.42424908638806e-008 459503 148
5.12359824930380e+004 1.73638391932715e+006 6.25368127011895e+000 9.45692184158432e-001 -1.56504240134892e+000 2.89212309437966e-002 8.43289328357985e-008 463266 149
5.12263679316132e+004 1.73634505795857e+006 2.94938572881503e-002 5.05761715068424e-001 1.55679700994903e+000 2.89865233471321e-002 8.56850282287341e-008 464300 150
5.12270907830017e+004 1.73635631802508e+006 2.94940820764217e-002 5.79304654995944e-001 1.56341249839778e+000 2.93234673001289e-002 8.60589785001248e-008 469632 151
5.12268761923527e+004 1.73635858907213e+006 2.94939200432778e-002 4.67415336140865e-001 1.55161967116306e+000 2.98499017553796e-002 8.86798456001984e-008 478041 152
5.12266222158260e+004 1.73634966942445e+006 2.94939253228471e-002 5.41152927738068e-001 1.56034444578387e+000 3.00486595286922e-002 8.94237317520393e-008 481218 153
5.12348024997654e+004 1.73635921383267e+006 6.25368152963251e+000 7.27700009719761e-001 -1.57021974013489e+000 3.04276924909659e-002 8.94280585486078e-008 487185 154
5.12283407853550e+004 1.73636811929739e+006 2.94946010040580e-002 5.41949230023135e-001 1.56005681585131e+000 3.08912436736921e-002 9.02013396249362e-008 494522 155
5.12271897325865e+004 1.73635620306569e+006 2.94941409653691e-002 6.82735474022978e-001 1.56954860362560e+000 3.14008179843587e-002 9.02178526452159e-008 502748 156
5.12271313115056e+004 1.73635439775909e+006 2.94941379964005e-002 6.64084304946076e-001 1.56868571382794e+000 3.14608981849340e-002 9.02575498517754e-008 503752 157
5.12346900754389e+004 1.73637840017868e+006 6.25368192008089e+000 9.23696545484248e-001 -1.56533003128147e+000 3.18410960780280e-002 9.03416288136212e-008 509893 158
5.12284334017289e+004 1.73638986863393e+006 2.94942850725831e-002 5.16396774475652e-001 2.75645352031007e-002 3.19431534809614e-002 9.05136814422957e-008 511502 159
5.12269238698063e+004 1.73636488114693e+006 2.94938406622913e-002 4.35864070045878e-001 1.54644233237709e+000 3.22487438191049e-002 9.49288113908875e-008 516404 160
5.12342401571039e+004 1.73636904886339e+006 6.25368202019849e+000 8.55479983063510e-001 -1.56657642765587e+000 3.27709513537143e-002 9.49954481632105e-008 524804 161
5.12282192760914e+004 1.73636563585061e+006 2.94945732461998e-002 5.72951932321743e-001 1.56274136188849e+000 3.28460767422810e-002 9.54338391314721e-008 526004 162
5.12282642008449e+004 1.73638430574063e+006 2.94942821496631e-002 5.51858769570635e-001 1.56063207571642e+000 3.30342338822792e-002 9.61162436575489e-008 528966 163
5.12352278849997e+004 1.73634885234912e+006 6.25368110893029e+000 8.43075363022799e-001 -1.56648055101169e+000 3.32557008840713e-002 9.61874965067630e-008 532564 164
5.12345333145627e+004 1.73636709102371e+006 6.25368181827041e+000 7.73425456488940e-001 -1.56878159047212e+000 3.36459538587517e-002 9.62139075826938e-008 538820 165
5.12352097293885e+004 1.73638181708903e+006 6.25368167908086e+000 7.42210406914315e-001 -1.57012386349071e+000 3.37756509827641e-002 9.62191686479550e-008 540876 166
5.12321955102714e+004 1.73639376708424e+006 2.94963836295433e-002 6.37240070136151e-001 1.56648055101169e+000 3.39660020030875e-002 9.63510676599815e-008 543924 167
5.12265620392983e+004 1.73634815842743e+006 2.94939163472264e-002 5.91514623366971e-001 1.56446714148381e+000 3.41265053844029e-002 9.66323787357854e-008 546497 168
5.12353253080595e+004 1.73635021404360e+006 6.25368107599158e+000 9.57742892072445e-001 -1.56417951155126e+000 3.41630765874232e-002 9.67367715943871e-008 547082 169
5.12343542939306e+004 1.73636970311742e+006 6.25368196563087e+000 9.51797168343945e-001 -1.56465889477218e+000 3.41749285439056e-002 9.68309622384188e-008 547254 170
5.12357075833248e+004 1.73635808499891e+006 6.25368098966569e+000 9.03205033348524e-001 -1.56533003128147e+000 3.44327328142044e-002 9.69192950136457e-008 551307 171
5.12342512443847e+004 1.73636872044781e+006 6.25368200824272e+000 7.30053525362292e-001 -1.57031561677908e+000 3.48349024755818e-002 9.69225338495200e-008 557721 172
5.12288087075147e+004 1.73637683637100e+006 2.94947222667288e-002 5.60246486973341e-001 1.56149496551408e+000 3.48619809701022e-002 9.74979912728307e-008 558132 173
5.12352806109713e+004 1.73634518760070e+006 6.25368101636608e+000 8.72945546515979e-001 -1.56571353785821e+000 3.48810285886265e-002 9.75830470620081e-008 558449 174
5.12266505121943e+004 1.73635028956298e+006 2.94939310774730e-002 6.29153178041137e-001 1.56686405758843e+000 3.49191613711254e-002 9.77004708715987e-008 559022 175
5.12349308590991e+004 1.73635788675509e+006 6.25368143324010e+000 8.12868963009258e-001 -1.56743931745354e+000 3.51932561782587e-002 9.77527595893825e-008 563455 176
5.12290113528927e+004 1.73637770380606e+006 2.94948241450348e-002 6.59837359425719e-001 1.56801457731864e+000 3.53735807633343e-002 9.78145630557900e-008 566422 177
5.12342379921057e+004 1.73636558448592e+006 6.25368196262435e+000 8.40739542986603e-001 -1.56686405758843e+000 3.55548161932351e-002 9.78766163713190e-008 569321 178
5.12268640009989e+004 1.73635716669905e+006 2.94939371747079e-002 6.20252288054722e-001 1.56619292107913e+000 3.56498300770566e-002 9.80313246740198e-008 570785 179
5.12277966289716e+004 1.73638919047215e+006 2.94939301817025e-002 6.60456705647437e-001 1.56782282403027e+000 3.57817565450081e-002 9.80997228618143e-008 572906 180
5.12263696378568e+004 1.73634616929741e+006 2.94938394035230e-002 5.51009380466564e-001 1.56130321222571e+000 3.58057617207139e-002 9.87157673899238e-008 573316 181
5.12342213583689e+004 1.73636527892013e+006 6.25368196700759e+000 9.69634339529446e-001 -1.56427538819544e+000 3.58951360951636e-002 9.88150925003093e-008 574716 182
5.12345527697924e+004 1.73636135095354e+006 6.25368170961691e+000 8.18903164769433e-001 -1.56734344080935e+000 3.59136175602163e-002 9.88688348488834e-008 575017 183
5.12299745518776e+004 1.73637874145490e+006 2.94953607639980e-002 6.64031218127071e-001 1.56820633060701e+000 3.61482724234170e-002 9.89233876505255e-008 578820 184
5.12308446537904e+004 1.73638864617504e+006 2.94956932766961e-002 6.33807122507196e-001 1.56638467436750e+000 3.62056377078389e-002 9.90614903675415e-008 579723 185
5.12270467169072e+004 1.73635794523271e+006 2.94940290960207e-002 5.02116420163451e-001 1.55612587343974e+000 3.62079588954094e-002 1.00542655852284e-007 579765 186
5.12344089827232e+004 1.73636501561525e+006 6.25368185457523e+000 7.49182475810234e-001 -1.56954860362560e+000 3.63133748666152e-002 1.00556117220477e-007 581399 187
5.12350512395001e+004 1.73635961876632e+006 6.25368139337885e+000 8.43818578488862e-001 -1.56667230430006e+000 3.66697080054474e-002 1.00622391731264e-007 587042 188
5.12351308838251e+004 1.73637475395999e+006 6.25368160452746e+000 9.19927381334931e-001 -1.56533003128147e+000 3.69428640736397e-002 1.00707230438640e-007 591468 189
5.12348989883748e+004 1.73635994130774e+006 6.25368148646305e+000 9.57654414040771e-001 -1.56437126483963e+000 3.70252022186170e-002 1.00806993441927e-007 592778 190
5.12352758316741e+004 1.73634430496085e+006 6.25368100412961e+000 8.72166939837247e-001 -1.56571353785821e+000 3.72955000568041e-002 1.00892216370043e-007 597156 191
5.12298535887715e+004 1.73637796921760e+006 2.94953042707149e-002 6.16023038140700e-001 1.56552178456984e+000 3.75716294421534e-002 1.01086169442652e-007 601509 192
5.12352899027076e+004 1.73635252098502e+006 6.25368113553443e+000 8.34404515918737e-001 -1.56676818094424e+000 3.76234492213407e-002 1.01151666223347e-007 602351 193
5.12355867155479e+004 1.73637747098193e+006 6.25368138836831e+000 7.76823012905226e-001 -1.56887746711631e+000 3.80157160501895e-002 1.01175916904503e-007 608593 194
5.12335337545028e+004 1.73639218993110e+006 6.25368281956110e+000 9.27837317366596e-001 -1.56552178456984e+000 3.80542332330702e-002 1.01254688914057e-007 609228 195
5.12346474735619e+004 1.73636312377496e+006 6.25368168522310e+000 7.71001158421070e-001 -1.56878159047212e+000 3.80906423734636e-002 1.01281283035255e-007 609795 196
5.12338311576918e+004 1.73639363803672e+006 6.25368267301930e+000 8.68008472348563e-001 -1.56676818094424e+000 3.81059806728740e-002 1.01341330662861e-007 610043 197
5.12277840165634e+004 1.73635833523598e+006 2.94944467300685e-002 5.86294419498199e-001 1.56389188161870e+000 3.82674925435952e-002 1.01669573270306e-007 612594 198
5.12268360777431e+004 1.73635480993434e+006 2.94939611162397e-002 4.73679580783392e-001 1.55257843760491e+000 3.83374214739203e-002 1.04021371621949e-007 613747 199
5.12280951390701e+004 1.73638525812868e+006 2.94941687022226e-002 5.24642927027679e-001 1.55804340632344e+000 3.90765084931148e-002 1.05104578736555e-007 625564 200
