7.04131369148035e+004 1.73571161554997e+006 4.05450697801348e-002 4.12643510726230e-001 1.53110206930754e+000 6.01460270153161e-001 1.05231142513642e-008 2189 1
7.04125006139854e+004 1.73568884923920e+006 4.05452350142429e-002 7.04979505153910e-001 1.57050737006745e+000 7.66497636949112e-001 1.05247005040611e-008 2841 2
7.04148529108565e+004 1.73571207722343e+006 4.05460460241488e-002 1.89128345206914e-001 1.29236922528764e+000 1.84951217582883e+000 9.61627945419946e-007 9868 3
7.04127688328551e+004 1.73569196623119e+006 4.05453165595117e-002 2.38639074514660e-001 1.41010574434645e+000 5.49291700390172e+000 1.23927508578313e-006 28711 4
7.04119648354553e+004 1.73570338856673e+006 4.05445875805403e-002 5.09621088341339e-001 1.55171554780725e+000 6.85656805732732e+000 1.24142535860234e-006 31568 5
7.04123701595058e+004 1.73569980696880e+006 4.05449042905096e-002 3.32749117591920e-001 1.49907927014985e+000 1.04050351968619e+001 1.28275555687730e-006 37545 6
7.04112503067463e+004 1.73568528896284e+006 4.05445989202985e-002 5.58765749410211e-001 1.55852278954436e+000 1.19919044440255e+001 1.28364433096305e-006 41079 7
7.04154986322093e+004 1.73571732863753e+006 4.05462948950777e-002 2.82902825731874e-001 1.46312552858058e+000 1.28158108315821e+001 1.39139030047490e-006 45579 8
7.04123708760596e+004 1.73570926105295e+006 4.05446841040845e-002 2.28572197945617e-001 1.97745578630940e-001 1.39680446793963e+001 1.48153760102645e-006 53318 9
7.04166057480671e+004 1.73571682462323e+006 4.05469434514728e-002 1.87328509699116e-001 1.28575373683889e+000 1.39762936158555e+001 2.48037837529567e-006 53766 10
7.04198607335720e+004 1.73568399307182e+006 6.24263041816673e+000 9.89445032445792e-001 -1.56101558229316e+000 1.45263750131438e+001 2.48055635032672e-006 56178 11
7.04204244075139e+004 1.73570259926158e+006 6.24263052815034e+000 8.14342391517598e-001 -1.56619292107913e+000 1.49868043330719e+001 2.48064134438215e-006 58132 12
7.04205721370257e+004 1.73570561599136e+006 6.24263051357760e+000 8.20687574324752e-001 -1.56600116779077e+000 1.61396976701125e+001 2.48073035811886e-006 59083 13
7.04124454388162e+004 1.73568925766115e+006 4.05451937476758e-002 6.51899610517140e-001 1.56705581087680e+000 1.62355461741352e+001 2.48083085250598e-006 59611 14
7.04141493890428e+004 1.73571110170144e+006 4.05456641313004e-002 2.44252120844065e-001 1.41835113574633e+000 1.74486153846392e+001 2.72589976738119e-006 64098 15
7.04197286846748e+004 1.73567591819768e+006 6.24263030567910e+000 8.14464414263890e-001 -1.56580941450240e+000 1.83486310223959e+001 2.72599595827718e-006 67428 16
7.04210536178986e+004 1.73571323414595e+006 6.24263041441613e+000 7.70871788151278e-001 -1.56811045396283e+000 1.98704452183805e+001 2.72603752754343e-006 72659 17
7.04128396450242e+004 1.73570433517597e+006 4.05450686730983e-002 2.09170581285281e-001 1.35181274468215e+000 2.05608461994730e+001 3.28993005681834e-006 77165 18
7.04196044013052e+004 1.73567757775758e+006 6.24263041589544e+000 7.90547955990771e-001 -1.56676818094424e+000 2.06310023605880e+001 3.29000381436977e-006 77817 19
7.04108303835776e+004 1.73567511909690e+006 4.05445946845718e-002 4.67675769303663e-001 1.54481242942595e+000 2.06930886244833e+001 3.29418074165483e-006 79570 20
7.04109197678858e+004 1.73567562649411e+006 4.05446342586576e-002 4.31312990908818e-001 1.53666291467025e+000 2.19087265338177e+001 3.30176245112802e-006 82904 21
7.04134010509297e+004 1.73571483634157e+006 4.05451465542653e-002 2.58894850399036e-001 1.43781409451582e+000 2.22017971868482e+001 3.47943037567163e-006 84872 22
7.04106822412304e+004 1.73567252271047e+006 4.05445700573183e-002 1.80525741593369e-001 1.25938765968810e+000 2.43624384222211e+001 4.67965126307318e-006 95744 23
7.04118438217527e+004 1.73569672969365e+006 4.05446733504795e-002 3.47666398326047e-001 8.38441253395184e-002 2.46874094764957e+001 4.68485050257370e-006 98694 24
7.04202896687336e+004 1.73571614322504e+006 6.24263092171476e+000 8.97226341936048e-001 -1.56370012833033e+000 2.58399082853606e+001 4.68498480861023e-006 104887 25
7.04198759831096e+004 1.73568839673047e+006 6.24263051216193e+000 9.74253200532509e-001 -1.56139908886990e+000 2.69241012557413e+001 4.68515789450400e-006 105506 26
7.04208928386754e+004 1.73571369962496e+006 6.24263051775650e+000 8.57660466451054e-001 -1.56485064806055e+000 2.86599791425913e+001 4.68527065243964e-006 108331 27
7.04135472732922e+004 1.73571325819277e+006 4.05452674833925e-002 4.31923104640275e-001 1.53627940809351e+000 2.87522737331214e+001 4.69295905912549e-006 109435 28
7.04190892989793e+004 1.73570165402825e+006 6.24263127403187e+000 8.49423931076383e-001 -1.56494652470473e+000 2.88892047390293e+001 4.69307137066175e-006 111513 29
7.04206386193166e+004 1.73570756645084e+006 6.24263052085442e+000 9.17543129193570e-001 -1.56302899182104e+000 3.17846892138888e+001 4.69321842886983e-006 123437 30
7.04196757090272e+004 1.73567249202683e+006 6.24263025619434e+000 8.05617765157762e-001 -1.56609704443495e+000 3.42606907549912e+001 4.69330828811901e-006 138011 31
7.04111396552276e+004 1.73567855988584e+006 4.05446922896083e-002 3.63254804164776e-001 1.51422777993103e+000 3.52580340544956e+001 4.71715911011828e-006 140793 32
7.04202605165076e+004 1.73569524982481e+006 6.24263045090894e+000 8.04061975142546e-001 -1.56648055101169e+000 3.59941757022004e+001 4.71723819097357e-006 144309 33
7.04145352941592e+004 1.73570522482713e+006 4.05460232313052e-002 2.08712995986688e-001 1.35066222495193e+000 3.67797852353882e+001 5.28773741522557e-006 149044 34
7.04173219542174e+004 1.73571839763434e+006 6.24263268130425e+000 9.85082719265873e-001 -1.56159084215827e+000 3.98883474228894e+001 5.28790103780744e-006 168623 35
7.04204324743290e+004 1.73570055437015e+006 6.24263047578995e+000 7.82250409242954e-001 -1.56743931745354e+000 4.02509142967396e+001 5.28795793520806e-006 172757 36
7.04127617234851e+004 1.73571222152737e+006 4.05448398357032e-002 5.19504930790945e-001 1.55305782082583e+000 4.26709675569498e+001 5.28980005080708e-006 180356 37
7.04126993053755e+004 1.73571078004402e+006 4.05448375686917e-002 5.21365777671889e-001 1.55334545075838e+000 4.26742053546743e+001 5.29158224196149e-006 180482 38
7.04125495103983e+004 1.73569054054742e+006 4.05452236739237e-002 1.48616793438161e-001 1.02688679754021e+000 4.40742513965287e+001 8.24991409517558e-006 184036 39
7.04113845317684e+004 1.73568382361993e+006 4.05447103179760e-002 1.44071446138806e-001 9.48939085818049e-001 4.73603733701599e+001 1.15446489799606e-005 198562 40
7.04109385167329e+004 1.73567764171904e+006 4.05445980197853e-002 5.75055786040116e-001 1.56044032242805e+000 4.76663951726024e+001 1.15452905701626e-005 201195 41
7.04108102733174e+004 1.73567475016456e+006 4.05445917258404e-002 5.38754019018417e-001 1.55622175008393e+000 5.06232556440122e+001 1.15465463623592e-005 210186 42
7.04129291188425e+004 1.73572074291038e+006 4.05447372850672e-002 1.96144653118671e-001 1.31557137318033e+000 5.11239425919840e+001 1.23360592010818e-005 210605 43
7.04153466888392e+004 1.73571171093675e+006 4.05463385853277e-002 1.51118259737136e-001 1.05804670690024e+000 5.29593539709509e+001 1.51038407775737e-005 217937 44
7.04128066902759e+004 1.73569607431113e+006 4.05452424764398e-002 1.42790207302746e-001 6.74636006805628e-001 5.48999321835850e+001 1.77924428485094e-005 225327 45
7.04122402091625e+004 1.73568783740092e+006 4.05451088413818e-002 6.24536009661288e-001 1.56494652470473e+000 5.65671784625146e+001 1.77926637872052e-005 232109 46
7.04158162625023e+004 1.73571636043863e+006 4.05465001833758e-002 2.41476103365935e-001 1.41413256340220e+000 5.69787067534499e+001 1.80537715393037e-005 235380 47
7.04129053558428e+004 1.73570845982074e+006 4.05450102255334e-002 3.73474209166683e-001 1.51796696905423e+000 5.96700183688574e+001 1.80740057959009e-005 245309 48
7.04111178012398e+004 1.73567943941162e+006 4.05446591964485e-002 4.90921102472179e-001 1.54903100177007e+000 5.99373394338856e+001 1.80768649521414e-005 246857 49
7.04149325045720e+004 1.73570995628269e+006 4.05461412961019e-002 6.20295719227661e-001 1.56427538819544e+000 6.12221605675338e+001 1.80771303389331e-005 247666 50
7.04198706960232e+004 1.73570835815668e+006 6.24263098102931e+000 7.89510762647293e-001 -1.56724756416517e+000 6.15068847043584e+001 1.80771911097553e-005 250722 51
7.04196667647867e+004 1.73567269182265e+006 6.24263026600168e+000 8.48600277538916e-001 -1.56456301812799e+000 6.20123839942197e+001 1.80773153010191e-005 254743 52
7.04206017395552e+004 1.73569567747747e+006 6.24263026462042e+000 7.20598416679212e-001 -1.57031561677908e+000 6.20180701989376e+001 1.80773186340859e-005 255497 53
7.04126526425775e+004 1.73569849577475e+006 4.05450973672149e-002 4.51812812285777e-001 1.54116911694693e+000 6.57479763523404e+001 1.80828299722908e-005 272605 54
7.04148068293835e+004 1.73570623461027e+006 4.05461558523858e-002 2.97881117839146e-001 1.47597299890133e+000 6.62761436479499e+001 1.81626663801844e-005 276633 55
7.04126323797130e+004 1.73569097815545e+006 4.05452611285648e-002 3.01084214929296e-001 1.47865754493851e+000 6.63763937058851e+001 1.82374130668217e-005 277492 56
7.04107817393794e+004 1.73567420861776e+006 4.05445879496027e-002 5.55776192126071e-001 1.55833103625599e+000 7.21449137006326e+001 1.82383341995913e-005 303002 57
7.04200756938892e+004 1.73570112673788e+006 6.24263069436325e+000 9.73917637980208e-001 -1.56159084215827e+000 7.54214396385292e+001 1.82385019773058e-005 310887 58
7.04107128372832e+004 1.73567299489504e+006 4.05445766381879e-002 4.35004178984134e-001 1.53762168111209e+000 7.74576878318137e+001 1.82456255544335e-005 316708 59
7.04200153414302e+004 1.73568281698012e+006 6.24263030179089e+000 8.94053750532471e-001 -1.56331662175359e+000 7.77642777352847e+001 1.82457724089964e-005 318519 60
7.04202315927906e+004 1.73569775889882e+006 6.24263052609859e+000 7.17608859395072e-001 -1.57050737006745e+000 7.93539238142617e+001 1.82457739344799e-005 326018 61
7.04160225251120e+004 1.73572185826863e+006 4.05464905333108e-002 5.43268860631200e-001 1.55612587343974e+000 7.93673416202409e+001 1.82470194258650e-005 326485 62
7.04114454187448e+004 1.73568114473656e+006 4.05448078488488e-002 5.77343712533080e-001 1.56063207571642e+000 7.96846655485696e+001 1.82476373108130e-005 327662 63
7.04214965156262e+004 1.73572124990989e+006 6.24263034672660e+000 9.25078033777066e-001 -1.56302899182104e+000 8.33203772414099e+001 1.82477817467061e-005 346665 64
7.04186469205472e+004 1.73570671294628e+006 6.24263164653684e+000 8.54548886420623e-001 -1.56485064806055e+000 8.48355256401275e+001 1.82478954098778e-005 351295 65
7.04200531665343e+004 1.73571681991274e+006 6.24263107353822e+000 7.61323508253975e-001 -1.56858983718375e+000 8.84052169598232e+001 1.82479268981699e-005 358701 66
7.04116373162058e+004 1.73568651337121e+006 4.05447929558296e-002 3.21462013559964e-001 1.49265553498947e+000 9.32448339422670e+001 1.82986111178677e-005 373883 67
7.04197961159837e+004 1.73569231114478e+006 6.24263064944976e+000 7.17944421947373e-001 -1.57041149342326e+000 9.49924782533536e+001 1.82986134962710e-005 381188 68
7.04127739688116e+004 1.73569003343894e+006 4.05453646137917e-002 6.08245973031383e-001 1.56350837504196e+000 9.50334827598437e+001 1.82989426835419e-005 382809 69
7.04196325632468e+004 1.73567682490612e+006 6.24263038212762e+000 8.36153957417190e-001 -1.56504240134892e+000 9.51344198833481e+001 1.82990560134341e-005 384239 70
7.04130966332470e+004 1.73571064164225e+006 4.05450693356607e-002 1.89524919132361e-001 1.29380737495041e+000 9.51344586823339e+001 1.92399327606316e-005 384295 71
7.04195448337109e+004 1.73569078398370e+006 6.24263075834692e+000 7.83501142392441e-001 -1.56724756416517e+000 9.52630866302524e+001 1.92399945616508e-005 386158 72
7.04111787768625e+004 1.73568152413525e+006 4.05446456246233e-002 3.69844032464513e-001 1.51691232596820e+000 9.55033340436651e+001 1.92612960507468e-005 390805 73
7.04113994884975e+004 1.73568113963652e+006 4.05447815489540e-002 3.69355941479348e-001 1.51672057267983e+000 9.73020722629864e+001 1.92827746229397e-005 395237 74
7.04110073526565e+004 1.73567870161087e+006 4.05446128825701e-002 6.09649234613734e-001 1.56379600497452e+000 9.73112637529641e+001 1.92830823403187e-005 395769 75
7.04145117753423e+004 1.73572214810880e+006 4.05456148133046e-002 1.99042693343092e-001 1.32429614780114e+000 9.73330902327731e+001 2.00150339492103e-005 396037 76
7.04201762104845e+004 1.73571081103878e+006 6.24263086254216e+000 8.14891493875910e-001 -1.56628879772332e+000 9.78104831910407e+001 2.00151160919384e-005 400856 77
7.04161988794274e+004 1.73571519566373e+006 4.05467474382470e-002 6.46530609680317e-001 1.56628879772332e+000 9.81997658481892e+001 2.00152527680604e-005 402423 78
7.04163078512742e+004 1.73571562531819e+006 4.05468000913350e-002 4.41928969836172e-001 1.53867632419813e+000 9.82221917583458e+001 2.00218011641134e-005 403829 79
7.04140526699942e+004 1.73570363173408e+006 4.05457828052587e-002 6.93936446614536e-001 1.56964448026978e+000 9.82655496173341e+001 2.00218152360171e-005 405478 80
7.04123840366784e+004 1.73569166003562e+006 4.05451023724154e-002 5.81553497280134e-001 1.56091970564898e+000 9.90898632791018e+001 2.00223969082444e-005 409518 81
7.04119541738837e+004 1.73568858253878e+006 4.05449269286105e-002 5.30822540509474e-001 1.55497535370952e+000 9.92541959121635e+001 2.00238695406809e-005 410949 82
7.04109847544730e+004 1.73567737786011e+006 4.05446307724776e-002 4.41227339044996e-001 1.53905983077486e+000 9.99182133657523e+001 2.00303211253233e-005 415195 83
7.04111973657373e+004 1.73568375627302e+006 4.05446042324328e-002 3.86469631646720e-001 1.52314430784020e+000 1.00965901394070e+002 2.00463720584993e-005 418316 84
7.04125652516566e+004 1.73570669168657e+006 4.05448558590606e-002 1.54992481931888e-001 1.09889015732292e+000 1.01881421859823e+002 2.25302331358620e-005 425514 85
7.04195061148863e+004 1.73568513822923e+006 6.24263064886566e+000 7.34173447204133e-001 -1.56945272698141e+000 1.02643343308392e+002 2.25302489248544e-005 433108 86
7.04111109802624e+004 1.73568194251078e+006 4.05445968659686e-002 2.38059466469775e-001 1.40933873119297e+000 1.03905941142980e+002 2.28112421970041e-005 441560 87
7.04186119537217e+004 1.73571314270965e+006 6.24263181669169e+000 7.64374076911260e-001 -1.56839808389538e+000 1.03906086327754e+002 2.28112777198214e-005 441709 88
7.04141940220923e+004 1.73570215895959e+006 4.05458984755750e-002 4.45223583986040e-001 1.53963509063997e+000 1.04621593368757e+002 2.28174278735313e-005 449204 89
7.04190899912909e+004 1.73568896236527e+006 6.24263097745914e+000 8.27398825370781e-001 -1.56552178456984e+000 1.05827417801583e+002 2.28175292266656e-005 453899 90
7.04116103267255e+004 1.73568544648821e+006 4.05448023262044e-002 1.54717930752733e-001 1.09668499450667e+000 1.06423717845512e+002 2.53192051600398e-005 456426 91
7.04147689413737e+004 1.73571409700139e+006 4.05459505961058e-002 4.76034327424625e-001 1.54586707251198e+000 1.15900261896484e+002 2.53229747259894e-005 481851 92
7.04115007826463e+004 1.73568514526967e+006 4.05447463456399e-002 3.64383514567972e-001 1.51461128650777e+000 1.16715045344923e+002 2.53464211436001e-005 488254 93
7.04196500224264e+004 1.73567365849504e+006 6.24263029819102e+000 9.28647199106090e-001 -1.56226197866756e+000 1.17529048179100e+002 2.53465868435457e-005 491223 94
7.04152624160082e+004 1.73571869814536e+006 4.05461270708184e-002 3.70698191688553e-001 1.51672057267983e+000 1.18730556620611e+002 2.53678946908693e-005 492480 95
7.04201504746717e+004 1.73568708432309e+006 6.24263032364891e+000 9.10191258729512e-001 -1.56293311517685e+000 1.19859923747654e+002 2.53680472459177e-005 501371 96
7.04119769961528e+004 1.73569160249876e+006 4.05448695882750e-002 6.07422319493916e-001 1.56341249839778e+000 1.20518900235428e+002 2.53683841681365e-005 503862 97
7.04108498955862e+004 1.73567516196691e+006 4.05446049075146e-002 4.68163860288828e-001 1.54490830607013e+000 1.20528396485223e+002 2.53725279312814e-005 504390 98
7.04109871515428e+004 1.73567854904105e+006 4.05446048230039e-002 3.84639290452348e-001 1.52256904797510e+000 1.20601444812155e+002 2.53890455192313e-005 504956 99
7.04131195708748e+004 1.73570219833674e+006 4.05452795441242e-002 2.47302689501351e-001 1.42285733802301e+000 1.21318257325236e+002 2.56176553356778e-005 508908 100
7.04119374220504e+004 1.73569502537730e+006 4.05447669566478e-002 2.12556712494868e-001 1.36005813608203e+000 1.22369026117992e+002 2.61352589789323e-005 517867 101
7.04128699111449e+004 1.73571437657722e+006 4.05448517786152e-002 2.44923245948668e-001 1.71187748191778e-001 1.23990623269742e+002 2.61914886377024e-005 524326 102
7.04198753087236e+004 1.73568945068138e+006 6.24263053714544e+000 7.80786136287457e-001 -1.56734344080935e+000 1.26015796148580e+002 2.61915483216644e-005 533232 103
7.04135724220643e+004 1.73570382365691e+006 4.05455020937754e-002 6.97170049391258e-001 1.56983623355815e+000 1.26944779293159e+002 2.61915588192753e-005 540863 104
7.04147949715090e+004 1.73571339329910e+006 4.05459819886064e-002 4.23076455534147e-001 1.53397836863308e+000 1.27189550907629e+002 2.62004393119255e-005 544015 105
7.04113146491476e+004 1.73568484373533e+006 4.05446463185827e-002 3.33572771129387e-001 1.49975040665914e+000 1.34162967668623e+002 2.62409709304447e-005 558147 106
7.04155560525402e+004 1.73572102431856e+006 4.05462416860593e-002 2.60328617667960e-001 1.43944399746696e+000 1.35320341611040e+002 2.64134249516961e-005 562067 107
7.04118564809904e+004 1.73568358244113e+006 4.05449874085892e-002 6.93966952301108e-001 1.56993211020234e+000 1.37130354762304e+002 2.64134339575316e-005 573118 108
7.04123411757415e+004 1.73570143188344e+006 4.05448497039467e-002 6.04737819075505e-001 1.56302899182104e+000 1.37877194903465e+002 2.64138019338395e-005 574388 109
7.04127568208235e+004 1.73569000015735e+006 4.05453555269861e-002 1.75797360174576e-001 1.23762366145817e+000 1.41099439007395e+002 2.77847323307030e-005 587149 110
7.04127170545008e+004 1.73572080372494e+006 4.05446138902592e-002 6.55438270159591e-001 1.56686405758843e+000 1.41980315361909e+002 2.77848396431960e-005 590074 111
7.04143929587471e+004 1.73570071452826e+006 4.05460466067503e-002 2.41323574933071e-001 1.41413256340220e+000 1.41982218709338e+002 2.80463106056127e-005 590186 112
7.04150291853042e+004 1.73571927846085e+006 4.05459793791633e-002 3.62827724552756e-001 1.51346076677755e+000 1.44348102382058e+002 2.80707145280735e-005 602834 113
7.04192780369298e+004 1.73569233004952e+006 6.24263094788595e+000 8.26056575161575e-001 -1.56561766121403e+000 1.44510013128708e+002 2.80708133917865e-005 603805 114
7.04108275113023e+004 1.73567551858585e+006 4.05445837107873e-002 5.76581070368758e-001 1.56063207571642e+000 1.45593293202784e+002 2.80714330761658e-005 607826 115
7.04114574790340e+004 1.73568014775006e+006 4.05448380495830e-002 1.89524919132361e-001 1.29428675817133e+000 1.46031422936136e+002 2.90103568596395e-005 611714 116
7.04116342488972e+004 1.73568534223369e+006 4.05448185187800e-002 3.87628847736488e-001 1.52352781441694e+000 1.48624883883621e+002 2.90261079401205e-005 621505 117
7.04114527607340e+004 1.73568270258682e+006 4.05447757210787e-002 6.35487551140943e-001 1.56590529114658e+000 1.49718636256398e+002 2.90262690583361e-005 631714 118
7.04108414353205e+004 1.73567571905743e+006 4.05445870420600e-002 2.10848394046788e-001 1.35631894695883e+000 1.51644967109602e+002 2.95654700164038e-005 638984 119
7.04116920306936e+004 1.73568424715340e+006 4.05448773071516e-002 1.95320999581204e-001 1.31355796365246e+000 1.54216959481581e+002 3.03701206337769e-005 653619 120
7.04198011209274e+004 1.73571461922749e+006 6.24263116715602e+000 7.96435553499332e-001 -1.56705581087680e+000 1.55246311880340e+002 3.03701853194330e-005 657663 121
7.04135080439273e+004 1.73570141857804e+006 4.05455211845771e-002 4.86650306351979e-001 1.54797635868404e+000 1.55890201228303e+002 3.03733200423675e-005 659863 122
7.04131939822393e+004 1.73569272218015e+006 4.05455434627163e-002 2.68138073430611e-001 1.44874403195288e+000 1.56993017813192e+002 3.05187358439034e-005 668921 123
7.04125462622947e+004 1.73569737625134e+006 4.05450623011691e-002 1.57219397051707e-001 1.11921600589007e+000 1.57608248102649e+002 3.28494868286855e-005 673415 124
7.04124286343790e+004 1.73571156090316e+006 4.05446636622552e-002 4.64045592601493e-001 1.54356603305155e+000 1.57718588279302e+002 3.28540528590797e-005 674885 125
7.04194617025408e+004 1.73571769199662e+006 6.24263143408957e+000 9.30630068733325e-001 -1.56283723853267e+000 1.58385231028489e+002 3.28542008923779e-005 679379 126
7.04113492518320e+004 1.73568275179764e+006 4.05447150349338e-002 6.79934336477595e-001 1.56906922040468e+000 1.58386212456126e+002 3.28542284990560e-005 679566 127
7.04147279606156e+004 1.73570533422699e+006 4.05461314979656e-002 6.43388523963313e-001 1.56619292107913e+000 1.60421642478894e+002 3.28543712315203e-005 684624 128
7.04213471843789e+004 1.73572035916764e+006 6.24263041183278e+000 9.95881732312664e-001 -1.56139908886990e+000 1.61356781448615e+002 3.28545361550573e-005 687789 129
7.04214761940491e+004 1.73571710152609e+006 6.24263026160730e+000 8.62205813750409e-001 -1.56475477141636e+000 1.63718741825361e+002 3.28546504071397e-005 692666 130
7.04121874467829e+004 1.73568520904700e+006 4.05451398230671e-002 2.42696330828849e-001 1.41643360286264e+000 1.64063778595286e+002 3.31075850174455e-005 698127 131
7.04196961533414e+004 1.73568683100860e+006 6.24263057906028e+000 8.79472032350646e-001 -1.56379600497452e+000 1.64522788526312e+002 3.31077224341800e-005 705295 132
7.04195778613435e+004 1.73571943369874e+006 6.24263140792072e+000 7.84050244750752e-001 -1.56763107074190e+000 1.66393978447668e+002 3.31077741069402e-005 713502 133
7.04155418016349e+004 1.73571486796783e+006 4.05463771437362e-002 3.41412732578611e-001 1.50348959578234e+000 1.66521373034228e+002 3.31432885526366e-005 717163 134
7.04106953380484e+004 1.73567294346368e+006 4.05445677727472e-002 6.41100597470349e-001 1.56648055101169e+000 1.67139368946740e+002 3.31434187105902e-005 719510 135
7.04200608324428e+004 1.73571892698301e+006 6.24263111829922e+000 9.05615405743583e-001 -1.56350837504196e+000 1.69101193141820e+002 3.31435558432824e-005 725870 136
7.04127760340455e+004 1.73569831326989e+006 4.05451725993589e-002 3.68074702643288e-001 1.51595355952635e+000 1.69127129316828e+002 3.31656651746595e-005 726482 137
7.04109350207387e+004 1.73567874995145e+006 4.05445701495000e-002 1.58927715499787e-001 1.13378925580615e+000 1.69132312739481e+002 3.53837268583939e-005 726689 138
7.04113787437861e+004 1.73568856376229e+006 4.05445963830082e-002 7.06565800855698e-001 1.57060324671163e+000 1.70478212649715e+002 3.53837277021038e-005 729412 139
7.04200976864312e+004 1.73570036042121e+006 6.24263066383036e+000 7.23618479649925e-001 -1.57021974013489e+000 1.70634408611948e+002 3.53837320827733e-005 730704 140
7.04174603038073e+004 1.73571524837206e+006 6.24263252823970e+000 9.14340032103420e-001 -1.56322074510941e+000 1.72116661546744e+002 3.53838746493292e-005 731493 141
7.04130625319420e+004 1.73569464011146e+006 4.05454231001335e-002 4.96198586249283e-001 1.54970213827937e+000 1.73430309087304e+002 3.53865359115139e-005 736886 142
7.04196780928227e+004 1.73569124457185e+006 6.24263069244575e+000 9.94905550342333e-001 -1.56101558229316e+000 1.74003769472834e+002 3.53867117446324e-005 741352 143
7.04196659030057e+004 1.73567522578538e+006 6.24263032563224e+000 8.09125919113640e-001 -1.56600116779077e+000 1.77214300474701e+002 3.53868035806137e-005 751790 144
7.04176539349028e+004 1.73571315797990e+006 6.24263236808641e+000 7.32556645815771e-001 -1.56993211020234e+000 1.78465247727879e+002 3.53868115756175e-005 756046 145
7.04141993267748e+004 1.73570241990150e+006 4.05458954378619e-002 2.18078241764555e-001 1.37223446989349e+000 1.78469087112029e+002 3.58388504439669e-005 756341 146
7.04146897134047e+004 1.73572193114597e+006 4.05457222227642e-002 2.74879830163212e-001 1.45535952040162e+000 1.79791535431049e+002 3.59658740716041e-005 759651 147
7.04123633327196e+004 1.73569651097302e+006 4.05449772720794e-002 2.50231235412345e-001 1.42698003372295e+000 1.80060139980485e+002 3.61799203224739e-005 762094 148
7.04127693132033e+004 1.73569948914442e+006 4.05451412957818e-002 1.84582997907559e-001 1.27559081255531e+000 1.80068341978615e+002 3.72550132175140e-005 762309 149
7.04115703076873e+004 1.73568409029965e+006 4.05448109526984e-002 6.95675270749188e-001 1.57002798684652e+000 1.80289501691385e+002 3.72550206794548e-005 764648 150
7.04126560565710e+004 1.73569399651662e+006 4.05452043165877e-002 2.36442665081414e-001 1.40655830851161e+000 1.82347477786135e+002 3.75471081604591e-005 773432 151
7.04154238207033e+004 1.73571029857154e+006 4.05464159073455e-002 3.35830191935779e-001 1.50061329645680e+000 1.82365449718164e+002 3.75863187138802e-005 773696 152
7.04196802234614e+004 1.73569142645544e+006 6.24263069546474e+000 8.68947570483011e-001 -1.56417951155126e+000 1.82397296284912e+002 3.75864480240230e-005 773938 153
7.04123835061950e+004 1.73569955196148e+006 4.05449179176842e-002 1.66645654202719e-001 4.03017473830378e-001 1.86830421116016e+002 3.83977063098730e-005 788262 154
7.04123928123582e+004 1.73569305685558e+006 4.05450748267043e-002 3.50686461296760e-001 1.50837930463576e+000 1.89419527612704e+002 3.84275994615673e-005 800011 155
7.04193964090071e+004 1.73569903818797e+006 6.24263103634198e+000 8.00523315500094e-001 -1.56667230430006e+000 1.91116742273002e+002 3.84276738784966e-005 805311 156
7.04130314652075e+004 1.73572183062708e+006 4.05447707727720e-002 3.55079280163251e-001 1.51000920758690e+000 1.93425059032071e+002 3.84556233371090e-005 807516 157
7.04155219109442e+004 1.73571245979514e+006 4.05464218963608e-002 1.53955288588411e-001 1.08863135639515e+000 1.95944696628138e+002 4.10137635203637e-005 822618 158
7.04197576549778e+004 1.73571331976678e+006 6.24263116183293e+000 8.18430153518361e-001 -1.56619292107913e+000 1.96372856293474e+002 4.10138475832851e-005 825850 159
7.04109464145217e+004 1.73567724429124e+006 4.05446118361271e-002 4.20452966488881e-001 1.53378661534471e+000 1.96469939910129e+002 4.10229221364903e-005 827590 160
7.04106911065052e+004 1.73567244733682e+006 4.05445769153828e-002 1.53680737409256e-001 1.08671382351146e+000 1.96561351667566e+002 4.35978973651117e-005 828027 161
7.04196505575091e+004 1.73567859517638e+006 6.24263041308983e+000 7.34234458577278e-001 -1.56935685033723e+000 1.98272901609924e+002 4.35979149346257e-005 834432 162
7.04198411268366e+004 1.73567988741672e+006 6.24263033363176e+000 7.96099990947030e-001 -1.56657642765587e+000 1.98294773543362e+002 4.35979929979184e-005 834945 163
7.04182283929414e+004 1.73571820817614e+006 6.24263215551449e+000 8.44939595150173e-001 -1.56533003128147e+000 2.02434216757706e+002 4.35980952884384e-005 843031 164
7.04124106952518e+004 1.73569527544665e+006 4.05450333442619e-002 5.87746151654424e-001 1.56149496551408e+000 2.02523706901400e+002 4.35986131691807e-005 843402 165
7.04119366563364e+004 1.73570091670483e+006 4.05446290496679e-002 1.78237815100405e-001 1.24884122882778e+000 2.02811055041953e+002 4.48797540103112e-005 845051 166
7.04195806666234e+004 1.73567890067158e+006 6.24263046042010e+000 9.31606250703657e-001 -1.56226197866756e+000 2.03260080044930e+002 4.48799185545787e-005 848421 167
7.04141474140832e+004 1.73571461359575e+006 4.05455810486350e-002 1.81227372384545e-001 1.26168869914853e+000 2.04107775835214e+002 4.60600052330611e-005 852358 168
7.04110619725529e+004 1.73568192044640e+006 4.05445691917848e-002 1.70397853651181e-001 1.20991531128880e+000 2.04597842182339e+002 4.76564692245764e-005 854563 169
7.04126527416554e+004 1.73569596524690e+006 4.05451564714638e-002 2.20366168257519e-001 1.37712417874691e+000 2.04680806999220e+002 4.80837190750229e-005 856507 170
7.04195731394525e+004 1.73568033296144e+006 6.24263049817466e+000 9.52289106200053e-001 -1.56178259544664e+000 2.04779943910503e+002 4.80838896998995e-005 859635 171
7.04196595348311e+004 1.73568227201914e+006 6.24263049373160e+000 9.83557434937231e-001 -1.56111145893735e+000 2.05335284447641e+002 4.80840672993662e-005 861305 172
7.04176107645660e+004 1.73571701382729e+006 6.24263248289405e+000 7.63458906314074e-001 -1.56849396053957e+000 2.05689767167298e+002 4.80841007302683e-005 864399 173
7.04191434924332e+004 1.73569601721352e+006 6.24263111131928e+000 7.89907336572741e-001 -1.56705581087680e+000 2.06965531380505e+002 4.80841665978727e-005 870915 174
7.04184469537516e+004 1.73571342456005e+006 6.24263191817436e+000 7.70902293837851e-001 -1.56811045396283e+000 2.07224201350041e+002 4.80842081635201e-005 873173 175
7.04128799330863e+004 1.73570213113211e+006 4.05451432752272e-002 2.44160603784347e-001 1.41835113574633e+000 2.07986884347401e+002 4.83294792103793e-005 877174 176
7.04114070659200e+004 1.73568462028157e+006 4.05447046902829e-002 2.69449817953244e-001 1.45027805825983e+000 2.08502525648969e+002 4.84707398659631e-005 884495 177
7.04127379555586e+004 1.73569902916043e+006 4.05451339924184e-002 3.92967342886738e-001 1.52515771736808e+000 2.09226727565829e+002 4.84852305848781e-005 885407 178
7.04195900514182e+004 1.73570639757073e+006 6.24263109670020e+000 8.23616120235746e-001 -1.56590529114658e+000 2.09420197372466e+002 4.84853216570101e-005 886514 179
7.04202807345923e+004 1.73569888894907e+006 6.24263052420407e+000 8.69283133035312e-001 -1.56427538819544e+000 2.10779732758190e+002 4.84854479682134e-005 892919 180
7.04141044829172e+004 1.73571816923062e+006 4.05454733883210e-002 2.28938266184491e-001 1.39332733161412e+000 2.11060243246961e+002 4.88343633723433e-005 894302 181
7.04125959744630e+004 1.73571600479978e+006 4.05446562222411e-002 6.02815960821415e-001 1.56264548524430e+000 2.16214277983283e+002 4.88347626474010e-005 910111 182
7.04121884085071e+004 1.73569006623248e+006 4.05450270383210e-002 2.62219970235477e-001 1.44212854350414e+000 2.17823203450853e+002 4.89995441846734e-005 914754 183
7.04120780798516e+004 1.73569527656744e+006 4.05448420005894e-002 6.08001927538800e-001 1.56341249839778e+000 2.18466645944521e+002 4.89998804006831e-005 917434 184
7.04115598822612e+004 1.73568315813076e+006 4.05448267072488e-002 5.22647016507949e-001 1.55392071062349e+000 2.19373255850075e+002 4.90015636949921e-005 920539 185
7.04148610907918e+004 1.73570599474743e+006 4.05461926599513e-002 7.10958619722189e-001 1.57060324671163e+000 2.20211391944812e+002 4.90015645272758e-005 922633 186
7.04201686998622e+004 1.73569366044806e+006 6.24263046663053e+000 9.82154173354879e-001 -1.56130321222571e+000 2.20964439181025e+002 4.90017372568179e-005 924507 187
7.04144862808982e+004 1.73570851437825e+006 4.05459182800354e-002 6.46530609680317e-001 1.56638467436750e+000 2.20991349251712e+002 4.90018694508581e-005 925467 188
7.04107399822586e+004 1.73567327607593e+006 4.05445856908749e-002 1.41325934347249e-001 8.61595462965789e-001 2.23154575167738e+002 5.24009336663277e-005 930645 189
7.04125024208961e+004 1.73570571048596e+006 4.05448426146047e-002 1.44895099676273e-001 9.65621621906186e-001 2.23402929067633e+002 5.56404080931305e-005 932419 190
7.04120146937833e+004 1.73569565691584e+006 4.05447966664913e-002 2.41903182977955e-001 1.41509132984405e+000 2.23685338403621e+002 5.58982787071776e-005 935892 191
7.04114620140011e+004 1.73568169850381e+006 4.05448044727700e-002 2.51787025427560e-001 1.42928107318339e+000 2.24426814113628e+002 5.61046557133189e-005 944179 192
7.04138264288891e+004 1.73571510356149e+006 4.05453849899708e-002 1.46633923810926e-001 9.96589777977844e-001 2.24706254889303e+002 5.92166979773444e-005 944718 193
7.04198182281347e+004 1.73568645610256e+006 6.24263050009455e+000 8.85817215157800e-001 -1.56360425168615e+000 2.24884036317472e+002 5.92168390203587e-005 946285 194
7.04140145720411e+004 1.73571290157821e+006 4.05455445880648e-002 2.04076131627614e-001 1.33858176778466e+000 2.26090831001194e+002 5.98590919127598e-005 948752 195
7.04150935389859e+004 1.73571010614769e+006 4.05462304239056e-002 6.26061293989931e-001 1.56475477141636e+000 2.27037126817460e+002 5.98593229335833e-005 949574 196
7.04108161062518e+004 1.73567499787739e+006 4.05445893008121e-002 1.70794427576628e-001 1.21221635074923e+000 2.27049679114532e+002 6.14373496930152e-005 950418 197
7.04137501325291e+004 1.73571626431557e+006 4.05453140206165e-002 6.90580821091521e-001 1.56926097369304e+000 2.27063336842550e+002 6.14373719163276e-005 950642 198
7.04196930331199e+004 1.73567323871679e+006 6.24263026365501e+000 9.10008224610075e-001 -1.56274136188849e+000 2.28214108015913e+002 6.14375303406705e-005 955059 199
7.04214023549914e+004 1.73571498040015e+006 6.24263025457900e+000 7.18585041365403e-001 -1.57069912335582e+000 2.28664364689793e+002 6.14375306205637e-005 957507 200
