# 80 rows of flux data
# 12 columns of flux data
# 
# total cross-sectional flux  1.045617e+00 /m^2/yr
#
#                             +x ram      -x wake      +y port -y starboard    +z zenith     -z nadir        Earth          Sun     anti-Sun      rot (x)      rot (y)      rot (z) 
# average speed (km/s)         37.05        38.33        29.62        43.49        32.94        41.64        32.41        28.19        27.80        33.92        35.14        35.88 
# total flux (#/m2/yr)  2.585631e-01 2.170056e-01 3.545837e-01 1.816807e-01 5.493748e-01 3.036563e-04 1.275003e-01 1.708574e-01 1.675089e-01 8.654356e-01 8.032280e-01 7.914645e-01 
# velocity (km/s)
     0.5                0.000000e+00 0.000000e+00 0.000000e+00 0.000000e+00 0.000000e+00 0.000000e+00 0.000000e+00 0.000000e+00 0.000000e+00 0.000000e+00 0.000000e+00 0.000000e+00 
     1.5                0.000000e+00 0.000000e+00 0.000000e+00 0.000000e+00 0.000000e+00 0.000000e+00 0.000000e+00 0.000000e+00 0.000000e+00 0.000000e+00 0.000000e+00 0.000000e+00 
     2.5                3.052366e-05 1.193297e-04 8.451456e-05 8.275507e-05 1.555742e-04 6.483037e-08 3.572162e-05 8.324563e-05 7.977529e-05 2.546556e-04 2.413229e-04 2.493102e-04 
     3.5                3.559395e-04 4.751319e-04 3.805145e-04 4.561229e-04 7.744575e-04 4.398049e-07 1.633835e-04 4.483996e-04 4.218680e-04 1.277457e-03 1.265297e-03 1.311420e-03 
     4.5                9.625198e-04 8.457954e-04 8.340016e-04 9.463684e-04 1.671042e-03 1.087172e-06 3.442377e-04 9.871368e-04 9.540546e-04 2.741198e-03 2.743620e-03 2.820584e-03 
     5.5                1.617558e-03 1.257001e-03 1.426905e-03 1.413894e-03 2.734419e-03 1.762721e-06 5.637571e-04 1.618618e-03 1.586230e-03 4.426223e-03 4.412656e-03 4.484837e-03 
     6.5                2.289772e-03 1.630739e-03 2.205568e-03 1.822342e-03 3.964889e-03 2.421273e-06 8.212910e-04 2.255625e-03 2.236938e-03 6.333589e-03 6.203254e-03 6.235371e-03 
     7.5                2.857514e-03 1.995143e-03 3.078948e-03 2.113534e-03 5.226434e-03 2.942245e-06 1.096772e-03 2.836061e-03 2.831156e-03 8.236716e-03 7.928139e-03 7.877872e-03 
     8.5                3.374112e-03 2.333093e-03 3.964898e-03 2.345484e-03 6.445263e-03 3.393339e-06 1.365814e-03 3.374118e-03 3.379653e-03 1.006357e-02 9.555257e-03 9.422202e-03 
     9.5                3.790829e-03 2.590558e-03 4.830437e-03 2.515262e-03 7.597195e-03 3.706887e-06 1.612879e-03 3.852460e-03 3.855797e-03 1.175842e-02 1.099485e-02 1.076111e-02 
    10.5                4.126814e-03 2.892944e-03 5.707567e-03 2.606548e-03 8.701885e-03 3.966003e-06 1.860043e-03 4.309902e-03 4.302025e-03 1.336545e-02 1.236972e-02 1.202168e-02 
    11.5                4.494530e-03 3.117219e-03 6.747955e-03 2.685240e-03 9.997399e-03 4.150356e-06 2.115444e-03 4.774802e-03 4.754912e-03 1.520742e-02 1.386774e-02 1.336893e-02 
    12.5                4.761109e-03 3.290947e-03 7.571575e-03 2.668781e-03 1.095051e-02 4.262550e-06 2.352497e-03 5.101717e-03 5.077994e-03 1.656764e-02 1.496009e-02 1.434312e-02 
    13.5                4.919682e-03 3.325564e-03 8.295757e-03 2.595292e-03 1.177600e-02 4.115233e-06 2.465892e-03 5.230751e-03 5.206554e-03 1.763678e-02 1.579164e-02 1.502265e-02 
    14.5                4.823183e-03 3.447714e-03 8.710553e-03 2.529714e-03 1.221481e-02 4.047885e-06 2.535857e-03 5.288289e-03 5.259765e-03 1.821140e-02 1.617863e-02 1.532811e-02 
    15.5                4.975683e-03 3.508352e-03 9.491208e-03 2.433833e-03 1.307552e-02 3.928871e-06 2.705342e-03 5.397937e-03 5.370172e-03 1.936182e-02 1.704017e-02 1.603968e-02 
    16.5                4.930563e-03 3.558495e-03 9.706219e-03 2.370183e-03 1.327885e-02 3.841652e-06 2.740266e-03 5.412678e-03 5.385265e-03 1.961971e-02 1.720425e-02 1.616084e-02 
    17.5                4.946127e-03 3.569275e-03 1.003895e-02 2.278414e-03 1.359529e-02 3.768565e-06 2.824486e-03 5.379483e-03 5.352412e-03 2.004189e-02 1.748014e-02 1.637671e-02 
    18.5                4.912543e-03 3.631602e-03 1.039163e-02 2.182402e-03 1.393027e-02 3.753748e-06 2.908420e-03 5.342711e-03 5.315381e-03 2.048518e-02 1.776878e-02 1.659981e-02 
    19.5                4.872013e-03 3.614921e-03 1.049084e-02 2.110421e-03 1.398161e-02 3.708603e-06 2.959560e-03 5.231604e-03 5.202353e-03 2.056344e-02 1.773988e-02 1.655493e-02 
    20.5                4.793414e-03 3.557452e-03 1.041503e-02 1.931081e-03 1.376768e-02 3.374934e-06 2.959096e-03 5.039371e-03 5.013394e-03 2.020635e-02 1.743458e-02 1.623023e-02 
    21.5                4.642432e-03 3.605931e-03 1.052546e-02 1.838656e-03 1.381871e-02 3.287195e-06 2.995352e-03 4.898880e-03 4.873822e-03 2.026800e-02 1.738877e-02 1.616463e-02 
    22.5                4.707065e-03 3.530272e-03 1.073463e-02 1.745408e-03 1.398371e-02 3.268889e-06 3.078065e-03 4.776378e-03 4.752444e-03 2.049934e-02 1.750353e-02 1.624329e-02 
    23.5                4.487088e-03 3.388981e-03 1.018058e-02 1.611014e-03 1.322256e-02 3.074506e-06 2.938493e-03 4.471966e-03 4.450868e-03 1.938911e-02 1.658042e-02 1.539085e-02 
    24.5                4.229669e-03 3.305886e-03 9.786288e-03 1.488475e-03 1.265093e-02 2.966237e-06 2.875182e-03 4.208268e-03 4.188216e-03 1.857954e-02 1.583796e-02 1.470406e-02 
    25.5                4.133389e-03 3.220492e-03 9.565077e-03 1.400928e-03 1.233719e-02 2.704206e-06 2.819466e-03 3.977832e-03 3.957804e-03 1.809867e-02 1.542084e-02 1.429634e-02 
    26.5                3.958974e-03 3.192611e-03 9.216307e-03 1.328258e-03 1.187291e-02 2.550919e-06 2.780137e-03 3.767678e-03 3.747110e-03 1.745798e-02 1.486593e-02 1.378853e-02 
    27.5                3.893142e-03 3.064887e-03 8.868069e-03 1.225554e-03 1.137446e-02 2.452393e-06 2.750061e-03 3.561194e-03 3.542637e-03 1.677550e-02 1.428126e-02 1.326073e-02 
    28.5                3.715835e-03 2.995010e-03 8.499947e-03 1.110137e-03 1.085074e-02 2.264019e-06 2.688407e-03 3.296267e-03 3.279642e-03 1.603252e-02 1.365115e-02 1.267938e-02 
    29.5                3.573513e-03 2.778440e-03 8.076252e-03 9.864541e-04 1.024555e-02 2.102417e-06 2.597706e-03 2.987043e-03 2.972046e-03 1.516281e-02 1.288544e-02 1.197144e-02 
    30.5                3.310850e-03 2.708409e-03 7.709204e-03 9.044894e-04 9.739545e-03 2.077529e-06 2.475983e-03 2.769868e-03 2.755506e-03 1.441545e-02 1.222304e-02 1.135380e-02 
    31.5                3.200755e-03 2.696972e-03 7.495200e-03 8.116803e-04 9.413248e-03 1.942641e-06 2.492240e-03 2.602616e-03 2.590311e-03 1.398380e-02 1.184237e-02 1.100707e-02 
    32.5                3.112281e-03 2.590295e-03 7.057296e-03 7.535069e-04 8.833576e-03 1.916441e-06 2.425301e-03 2.388727e-03 2.376664e-03 1.319939e-02 1.120575e-02 1.046012e-02 
    33.5                3.019125e-03 2.649101e-03 6.822797e-03 7.219068e-04 8.528969e-03 1.832012e-06 2.433477e-03 2.208177e-03 2.195710e-03 1.282093e-02 1.091437e-02 1.022082e-02 
    34.5                3.075171e-03 2.650667e-03 6.894048e-03 6.858803e-04 8.557539e-03 1.990733e-06 2.513710e-03 2.123295e-03 2.111766e-03 1.292041e-02 1.097334e-02 1.029743e-02 
    35.5                2.963704e-03 2.561259e-03 6.342113e-03 6.976490e-04 7.877807e-03 2.176547e-06 2.408899e-03 1.988905e-03 1.976850e-03 1.203439e-02 1.027025e-02 9.719485e-03 
    36.5                2.867577e-03 2.613519e-03 6.176632e-03 6.930113e-04 7.684776e-03 1.999232e-06 2.404099e-03 1.857403e-03 1.844436e-03 1.179148e-02 1.008012e-02 9.559847e-03 
    37.5                2.990626e-03 2.696011e-03 6.242245e-03 7.340070e-04 7.754254e-03 2.302450e-06 2.468923e-03 1.799802e-03 1.785315e-03 1.197055e-02 1.029192e-02 9.806489e-03 
    38.5                2.911532e-03 2.900404e-03 6.070459e-03 8.974030e-04 7.592918e-03 3.057721e-06 2.488992e-03 1.736628e-03 1.717529e-03 1.191650e-02 1.026532e-02 9.907108e-03 
    39.5                3.149789e-03 2.795660e-03 5.996659e-03 1.031830e-03 7.539268e-03 3.796602e-06 2.537019e-03 1.691389e-03 1.668887e-03 1.199692e-02 1.033876e-02 1.007354e-02 
    40.5                3.097770e-03 2.884048e-03 5.896504e-03 1.025323e-03 7.385995e-03 4.027372e-06 2.535589e-03 1.622742e-03 1.601045e-03 1.182247e-02 1.024710e-02 1.002672e-02 
    41.5                3.138296e-03 3.202791e-03 5.860073e-03 1.305416e-03 7.459128e-03 5.181854e-06 2.607107e-03 1.612631e-03 1.583551e-03 1.216223e-02 1.059134e-02 1.050720e-02 
    42.5                3.433947e-03 3.116358e-03 5.605223e-03 1.632101e-03 7.333674e-03 6.219840e-06 2.577109e-03 1.615240e-03 1.577676e-03 1.219138e-02 1.068479e-02 1.074945e-02 
    43.5                3.349075e-03 3.314130e-03 5.218674e-03 1.851238e-03 7.036087e-03 6.674236e-06 2.420848e-03 1.574825e-03 1.530837e-03 1.182773e-02 1.056258e-02 1.070433e-02 
    44.5                3.515503e-03 3.649357e-03 5.242107e-03 2.279415e-03 7.394799e-03 7.102668e-06 2.466773e-03 1.633199e-03 1.577036e-03 1.254097e-02 1.125406e-02 1.145567e-02 
    45.5                3.886818e-03 3.638750e-03 5.131582e-03 2.531237e-03 7.444459e-03 7.504674e-06 2.442559e-03 1.642273e-03 1.581020e-03 1.273733e-02 1.159658e-02 1.184950e-02 
    46.5                3.809157e-03 3.733491e-03 4.913357e-03 2.656563e-03 7.330971e-03 7.200406e-06 2.370650e-03 1.608776e-03 1.544360e-03 1.256669e-02 1.153440e-02 1.179950e-02 
    47.5                3.953455e-03 3.988053e-03 4.781413e-03 2.956880e-03 7.424306e-03 7.397184e-06 2.331492e-03 1.634382e-03 1.562892e-03 1.275556e-02 1.193588e-02 1.225235e-02 
    48.5                4.052110e-03 4.384029e-03 4.528837e-03 3.576208e-03 7.612380e-03 8.045391e-06 2.226124e-03 1.693346e-03 1.607815e-03 1.317684e-02 1.249834e-02 1.293056e-02 
    49.5                4.501227e-03 4.821590e-03 4.505954e-03 4.139637e-03 8.009575e-03 8.806506e-06 2.244967e-03 1.762081e-03 1.663085e-03 1.394824e-02 1.353739e-02 1.405951e-02 
    50.5                4.800147e-03 5.541284e-03 4.393619e-03 5.026071e-03 8.562899e-03 9.807615e-06 2.216159e-03 1.858294e-03 1.739048e-03 1.500782e-02 1.482042e-02 1.547909e-02 
    51.5                5.495499e-03 6.110214e-03 4.205605e-03 6.225733e-03 9.313504e-03 1.076411e-05 2.142945e-03 1.957537e-03 1.811595e-03 1.634638e-02 1.644762e-02 1.727169e-02 
    52.5                6.204092e-03 6.117362e-03 3.874226e-03 6.929738e-03 9.539264e-03 1.097387e-05 1.987978e-03 2.012213e-03 1.852343e-03 1.672359e-02 1.722669e-02 1.813216e-02 
    53.5                6.322985e-03 6.209312e-03 3.507889e-03 7.281461e-03 9.446440e-03 1.081772e-05 1.811032e-03 2.030499e-03 1.866045e-03 1.654398e-02 1.735259e-02 1.829544e-02 
    54.5                6.447695e-03 5.852942e-03 3.133147e-03 7.407988e-03 9.170019e-03 1.037314e-05 1.619334e-03 2.010001e-03 1.845271e-03 1.605317e-02 1.697487e-02 1.792397e-02 
    55.5                6.381593e-03 5.903958e-03 2.908678e-03 7.346902e-03 8.883259e-03 1.023680e-05 1.507352e-03 1.978107e-03 1.818000e-03 1.555102e-02 1.675378e-02 1.768708e-02 
    56.5                6.247263e-03 5.631103e-03 2.638025e-03 7.349126e-03 8.602196e-03 9.879635e-06 1.377711e-03 1.930573e-03 1.773127e-03 1.507202e-02 1.622540e-02 1.716291e-02 
    57.5                6.013838e-03 5.140176e-03 2.304671e-03 6.947281e-03 7.949894e-03 9.048932e-06 1.200843e-03 1.829580e-03 1.683894e-03 1.390171e-02 1.515086e-02 1.602646e-02 
    58.5                5.532662e-03 4.934064e-03 1.957919e-03 6.645144e-03 7.370321e-03 8.207462e-06 1.015531e-03 1.692134e-03 1.555295e-03 1.285314e-02 1.415196e-02 1.497066e-02 
    59.5                5.234355e-03 4.706259e-03 1.685196e-03 6.449179e-03 6.942158e-03 7.573692e-06 8.752880e-04 1.555084e-03 1.424392e-03 1.209187e-02 1.340842e-02 1.419005e-02 
    60.5                5.051131e-03 4.276851e-03 1.457527e-03 6.093334e-03 6.438179e-03 6.859405e-06 7.544293e-04 1.389778e-03 1.268509e-03 1.116839e-02 1.252957e-02 1.325386e-02 
    61.5                4.576584e-03 3.725152e-03 1.146358e-03 5.608063e-03 5.748064e-03 5.756571e-06 5.913152e-04 1.217642e-03 1.108174e-03 9.914074e-03 1.117337e-02 1.182890e-02 
    62.5                4.222789e-03 3.050656e-03 9.212255e-04 4.830161e-03 4.894256e-03 4.903375e-06 4.732941e-04 1.037613e-03 9.452857e-04 8.402137e-03 9.679067e-03 1.023141e-02 
    63.5                3.450297e-03 2.485577e-03 6.775868e-04 3.992280e-03 3.963803e-03 3.881756e-06 3.487129e-04 8.521622e-04 7.775298e-04 6.787767e-03 7.882781e-03 8.336092e-03 
    64.5                2.840802e-03 1.989034e-03 5.190625e-04 3.256657e-03 3.203759e-03 3.099932e-06 2.667383e-04 6.753431e-04 6.156188e-04 5.468457e-03 6.399109e-03 6.766498e-03 
    65.5                2.258410e-03 1.517476e-03 3.690316e-04 2.593467e-03 2.507926e-03 2.367186e-06 1.905176e-04 5.101781e-04 4.636354e-04 4.263293e-03 5.006361e-03 5.299328e-03 
    66.5                1.809227e-03 1.078880e-03 2.554682e-04 1.982046e-03 1.891432e-03 1.778723e-06 1.321581e-04 3.663967e-04 3.315341e-04 3.201417e-03 3.809297e-03 4.031927e-03 
    67.5                1.327599e-03 6.902592e-04 1.601260e-04 1.379200e-03 1.299030e-03 1.221604e-06 8.319121e-05 2.387672e-04 2.151362e-04 2.187627e-03 2.646080e-03 2.800631e-03 
    68.5                8.929516e-04 3.864910e-04 8.834321e-05 8.779210e-04 8.142120e-04 7.560031e-07 4.618419e-05 1.379422e-04 1.231861e-04 1.361572e-03 1.671058e-03 1.769222e-03 
    69.5                5.467137e-04 1.705988e-04 4.272242e-05 4.831306e-04 4.423518e-04 4.190032e-07 2.264000e-05 6.753748e-05 5.963692e-05 7.347167e-04 9.260340e-04 9.796031e-04 
    70.5                2.740009e-04 4.342558e-05 1.614153e-05 2.046227e-04 1.854630e-04 1.875068e-07 8.647351e-06 2.575377e-05 2.249491e-05 3.057626e-04 4.027813e-04 4.251789e-04 
    71.5                9.936930e-05 5.685744e-06 4.543948e-06 5.520386e-05 5.007843e-05 6.849902e-08 2.505808e-06 6.539551e-06 5.693703e-06 8.232355e-05 1.254053e-04 1.309995e-04 
    72.5                1.743964e-05 1.248076e-07 5.631025e-07 7.636430e-06 6.850879e-06 1.300832e-08 3.327919e-07 9.200198e-07 8.091983e-07 1.117779e-05 2.001785e-05 2.073068e-05 
    73.5                1.346546e-06 0.000000e+00 1.780999e-08 3.815980e-07 3.310662e-07 1.260620e-09 1.386194e-08 3.932560e-08 3.404223e-08 5.341322e-07 1.416230e-06 1.441178e-06 
    74.5                0.000000e+00 0.000000e+00 0.000000e+00 0.000000e+00 0.000000e+00 0.000000e+00 0.000000e+00 0.000000e+00 0.000000e+00 0.000000e+00 0.000000e+00 0.000000e+00 
    75.5                0.000000e+00 0.000000e+00 0.000000e+00 0.000000e+00 0.000000e+00 0.000000e+00 0.000000e+00 0.000000e+00 0.000000e+00 0.000000e+00 0.000000e+00 0.000000e+00 
    76.5                0.000000e+00 0.000000e+00 0.000000e+00 0.000000e+00 0.000000e+00 0.000000e+00 0.000000e+00 0.000000e+00 0.000000e+00 0.000000e+00 0.000000e+00 0.000000e+00 
    77.5                0.000000e+00 0.000000e+00 0.000000e+00 0.000000e+00 0.000000e+00 0.000000e+00 0.000000e+00 0.000000e+00 0.000000e+00 0.000000e+00 0.000000e+00 0.000000e+00 
    78.5                0.000000e+00 0.000000e+00 0.000000e+00 0.000000e+00 0.000000e+00 0.000000e+00 0.000000e+00 0.000000e+00 0.000000e+00 0.000000e+00 0.000000e+00 0.000000e+00 
    79.5                0.000000e+00 0.000000e+00 0.000000e+00 0.000000e+00 0.000000e+00 0.000000e+00 0.000000e+00 0.000000e+00 0.000000e+00 0.000000e+00 0.000000e+00 0.000000e+00 


