# 80 rows of flux data
# 12 columns of flux data
# 
# total cross-sectional flux  1.047611e+00 /m^2/yr
#
#                             +x ram      -x wake      +y port -y starboard    +z zenith     -z nadir        Earth          Sun     anti-Sun      rot (x)      rot (y)      rot (z) 
# average speed (km/s)         37.02        38.30        42.78        28.84        33.47        39.67        31.20        28.19        27.75        33.87        35.45        35.47 
# total flux (#/m2/yr)  2.591176e-01 2.174182e-01 1.907659e-01 3.618155e-01 5.343381e-01 3.247884e-04 1.094706e-01 1.716366e-01 1.675040e-01 8.669916e-01 7.931152e-01 8.042336e-01 
# velocity (km/s)
     0.5                0.000000e+00 0.000000e+00 0.000000e+00 0.000000e+00 0.000000e+00 0.000000e+00 0.000000e+00 0.000000e+00 0.000000e+00 0.000000e+00 0.000000e+00 0.000000e+00 
     1.5                0.000000e+00 0.000000e+00 0.000000e+00 0.000000e+00 0.000000e+00 0.000000e+00 0.000000e+00 0.000000e+00 0.000000e+00 0.000000e+00 0.000000e+00 0.000000e+00 
     2.5                2.974800e-05 1.194699e-04 8.106179e-05 8.313389e-05 1.556796e-04 6.571865e-08 2.969257e-05 8.322442e-05 7.823334e-05 2.525626e-04 2.410868e-04 2.462950e-04 
     3.5                3.516955e-04 4.752987e-04 4.480512e-04 3.707306e-04 7.801980e-04 4.243015e-07 1.342426e-04 4.466698e-04 4.172010e-04 1.268969e-03 1.267109e-03 1.294080e-03 
     4.5                9.601136e-04 8.466972e-04 9.448769e-04 8.180392e-04 1.680540e-03 1.086091e-06 2.821558e-04 9.863934e-04 9.486606e-04 2.736418e-03 2.751056e-03 2.804965e-03 
     5.5                1.619298e-03 1.259447e-03 1.426422e-03 1.422874e-03 2.733798e-03 1.810857e-06 4.708157e-04 1.622152e-03 1.584256e-03 4.435132e-03 4.418047e-03 4.492281e-03 
     6.5                2.295880e-03 1.634840e-03 1.857959e-03 2.228656e-03 3.932526e-03 2.530381e-06 6.956394e-04 2.262352e-03 2.238933e-03 6.358768e-03 6.189443e-03 6.286895e-03 
     7.5                2.866482e-03 2.000358e-03 2.166734e-03 3.146549e-03 5.142928e-03 3.095764e-06 9.430748e-04 2.844862e-03 2.834905e-03 8.269271e-03 7.876645e-03 7.980947e-03 
     8.5                3.385603e-03 2.340064e-03 2.422070e-03 4.079887e-03 6.304535e-03 3.638284e-06 1.185576e-03 3.385554e-03 3.388272e-03 1.010733e-02 9.462409e-03 9.584287e-03 
     9.5                3.803368e-03 2.597639e-03 2.601615e-03 4.997914e-03 7.393749e-03 3.980441e-06 1.410422e-03 3.862412e-03 3.862840e-03 1.179800e-02 1.085070e-02 1.097449e-02 
    10.5                4.138141e-03 2.900279e-03 2.709043e-03 5.935076e-03 8.428344e-03 4.294906e-06 1.639581e-03 4.319832e-03 4.307821e-03 1.340747e-02 1.216710e-02 1.229640e-02 
    11.5                4.508368e-03 3.126471e-03 2.807912e-03 7.059092e-03 9.637128e-03 4.587671e-06 1.882456e-03 4.789578e-03 4.763549e-03 1.526186e-02 1.359591e-02 1.373406e-02 
    12.5                4.776014e-03 3.299747e-03 2.803193e-03 7.946542e-03 1.051512e-02 4.727314e-06 2.107099e-03 5.118075e-03 5.086025e-03 1.661849e-02 1.462668e-02 1.476852e-02 
    13.5                4.935240e-03 3.334752e-03 2.728763e-03 8.758149e-03 1.126604e-02 4.637464e-06 2.230207e-03 5.248910e-03 5.216615e-03 1.769314e-02 1.539305e-02 1.552422e-02 
    14.5                4.835769e-03 3.455083e-03 2.657912e-03 9.214976e-03 1.166068e-02 4.530218e-06 2.300468e-03 5.303038e-03 5.265465e-03 1.825685e-02 1.573500e-02 1.586038e-02 
    15.5                4.989730e-03 3.517643e-03 2.576465e-03 1.008336e-02 1.244211e-02 4.547768e-06 2.476009e-03 5.417661e-03 5.380849e-03 1.942515e-02 1.653104e-02 1.666245e-02 
    16.5                4.944790e-03 3.567533e-03 2.522674e-03 1.032226e-02 1.261820e-02 4.560880e-06 2.514451e-03 5.434326e-03 5.398059e-03 1.969072e-02 1.667256e-02 1.681317e-02 
    17.5                4.961195e-03 3.578990e-03 2.433059e-03 1.068935e-02 1.289772e-02 4.482440e-06 2.598521e-03 5.401557e-03 5.365595e-03 2.010955e-02 1.691885e-02 1.705846e-02 
    18.5                4.925845e-03 3.641896e-03 2.338516e-03 1.107249e-02 1.319266e-02 4.375045e-06 2.678858e-03 5.361789e-03 5.324980e-03 2.054135e-02 1.717211e-02 1.730663e-02 
    19.5                4.884375e-03 3.623019e-03 2.272595e-03 1.117685e-02 1.322542e-02 4.328858e-06 2.728147e-03 5.250339e-03 5.211610e-03 2.061491e-02 1.712628e-02 1.726777e-02 
    20.5                4.807862e-03 3.567107e-03 2.093774e-03 1.112664e-02 1.300276e-02 4.162336e-06 2.749296e-03 5.059929e-03 5.025147e-03 2.027429e-02 1.682212e-02 1.696170e-02 
    21.5                4.656152e-03 3.616492e-03 2.012576e-03 1.124471e-02 1.303570e-02 4.102768e-06 2.784627e-03 4.920821e-03 4.886646e-03 2.033773e-02 1.676392e-02 1.690913e-02 
    22.5                4.721861e-03 3.540519e-03 1.921806e-03 1.147122e-02 1.317504e-02 4.004234e-06 2.863277e-03 4.795290e-03 4.761603e-03 2.056125e-02 1.685861e-02 1.700126e-02 
    23.5                4.499533e-03 3.399105e-03 1.776106e-03 1.087913e-02 1.245095e-02 3.733457e-06 2.734736e-03 4.488858e-03 4.458330e-03 1.944093e-02 1.596786e-02 1.610168e-02 
    24.5                4.242406e-03 3.315652e-03 1.658578e-03 1.044495e-02 1.190301e-02 3.596279e-06 2.672718e-03 4.223472e-03 4.193952e-03 1.862415e-02 1.524872e-02 1.538129e-02 
    25.5                4.146047e-03 3.228747e-03 1.553322e-03 1.023778e-02 1.160233e-02 3.370495e-06 2.638657e-03 3.993060e-03 3.964925e-03 1.815056e-02 1.484211e-02 1.496805e-02 
    26.5                3.969788e-03 3.200766e-03 1.481688e-03 9.864724e-03 1.116023e-02 3.260628e-06 2.607957e-03 3.784131e-03 3.755912e-03 1.751252e-02 1.430925e-02 1.443460e-02 
    27.5                3.905245e-03 3.074542e-03 1.386737e-03 9.486720e-03 1.068678e-02 3.201315e-06 2.580728e-03 3.577324e-03 3.551028e-03 1.683611e-02 1.375478e-02 1.388222e-02 
    28.5                3.726868e-03 3.003914e-03 1.267406e-03 9.099603e-03 1.018412e-02 3.058425e-06 2.531377e-03 3.311253e-03 3.286911e-03 1.609428e-02 1.314703e-02 1.327401e-02 
    29.5                3.588154e-03 2.789787e-03 1.174960e-03 8.631002e-03 9.607602e-03 3.180979e-06 2.441637e-03 3.005845e-03 2.982250e-03 1.524806e-02 1.241602e-02 1.255792e-02 
    30.5                3.323314e-03 2.718141e-03 1.077637e-03 8.233790e-03 9.127886e-03 2.925792e-06 2.321880e-03 2.786046e-03 2.763345e-03 1.448048e-02 1.176991e-02 1.190044e-02 
    31.5                3.212832e-03 2.707697e-03 9.924017e-04 8.008189e-03 8.812487e-03 2.920646e-06 2.346157e-03 2.619108e-03 2.598811e-03 1.406005e-02 1.140646e-02 1.154344e-02 
    32.5                3.128275e-03 2.601410e-03 9.595701e-04 7.515392e-03 8.269227e-03 3.099281e-06 2.273630e-03 2.407305e-03 2.386475e-03 1.329102e-02 1.081384e-02 1.096691e-02 
    33.5                3.033266e-03 2.662288e-03 9.278209e-04 7.263479e-03 7.982936e-03 3.110939e-06 2.286940e-03 2.227041e-03 2.205531e-03 1.291818e-02 1.054702e-02 1.070380e-02 
    34.5                3.094967e-03 2.666167e-03 9.398004e-04 7.307803e-03 8.004362e-03 3.541010e-06 2.347189e-03 2.145141e-03 2.122830e-03 1.303999e-02 1.061458e-02 1.080007e-02 
    35.5                2.981171e-03 2.577373e-03 9.638893e-04 6.672378e-03 7.378300e-03 3.656004e-06 2.224936e-03 2.008905e-03 1.985118e-03 1.214637e-02 9.961227e-03 1.015730e-02 
    36.5                2.888802e-03 2.631503e-03 9.845768e-04 6.497107e-03 7.198868e-03 3.977551e-06 2.228439e-03 1.879173e-03 1.854116e-03 1.194078e-02 9.794816e-03 1.001355e-02 
    37.5                3.018681e-03 2.719991e-03 1.105112e-03 6.517921e-03 7.271435e-03 4.850230e-06 2.261948e-03 1.827780e-03 1.798583e-03 1.216951e-02 1.002764e-02 1.030096e-02 
    38.5                2.939418e-03 2.932351e-03 1.351551e-03 6.206349e-03 7.146967e-03 5.662151e-06 2.205468e-03 1.766094e-03 1.727357e-03 1.211098e-02 1.004589e-02 1.035943e-02 
    39.5                3.186348e-03 2.825973e-03 1.534894e-03 6.032678e-03 7.120280e-03 6.165482e-06 2.193347e-03 1.720223e-03 1.675273e-03 1.217656e-02 1.015110e-02 1.048635e-02 
    40.5                3.132648e-03 2.917716e-03 1.536003e-03 5.883513e-03 6.976059e-03 6.167525e-06 2.165185e-03 1.653182e-03 1.608901e-03 1.197179e-02 1.007129e-02 1.039962e-02 
    41.5                3.171864e-03 3.234004e-03 1.855286e-03 5.714751e-03 7.088805e-03 6.761446e-06 2.150095e-03 1.643328e-03 1.588009e-03 1.226684e-02 1.044817e-02 1.079715e-02 
    42.5                3.467004e-03 3.145275e-03 2.188295e-03 5.337894e-03 7.019076e-03 7.168695e-06 2.053973e-03 1.643886e-03 1.578412e-03 1.224231e-02 1.058339e-02 1.094266e-02 
    43.5                3.370734e-03 3.334236e-03 2.326889e-03 4.908760e-03 6.777316e-03 6.724484e-06 1.887749e-03 1.594780e-03 1.524467e-03 1.180083e-02 1.047730e-02 1.078667e-02 
    44.5                3.535491e-03 3.670727e-03 2.744613e-03 4.907192e-03 7.171749e-03 7.111235e-06 1.915030e-03 1.650549e-03 1.567848e-03 1.251471e-02 1.119656e-02 1.151260e-02 
    45.5                3.906802e-03 3.653906e-03 3.012894e-03 4.758424e-03 7.254917e-03 7.719453e-06 1.874285e-03 1.659404e-03 1.570843e-03 1.272859e-02 1.155821e-02 1.189626e-02 
    46.5                3.828835e-03 3.748011e-03 3.122709e-03 4.569517e-03 7.167357e-03 7.867756e-06 1.839049e-03 1.624310e-03 1.534418e-03 1.260000e-02 1.151557e-02 1.186432e-02 
    47.5                3.973482e-03 4.006630e-03 3.409576e-03 4.424396e-03 7.298281e-03 8.183337e-06 1.801723e-03 1.647838e-03 1.551322e-03 1.280046e-02 1.195133e-02 1.230107e-02 
    48.5                4.070410e-03 4.397434e-03 3.981565e-03 4.113886e-03 7.563994e-03 8.342538e-06 1.672075e-03 1.703910e-03 1.592509e-03 1.318852e-02 1.255912e-02 1.289642e-02 
    49.5                4.514296e-03 4.836120e-03 4.505746e-03 4.047697e-03 8.013164e-03 8.827255e-06 1.662047e-03 1.770415e-03 1.646254e-03 1.392711e-02 1.363105e-02 1.395909e-02 
    50.5                4.811322e-03 5.546696e-03 5.330680e-03 3.877518e-03 8.655819e-03 9.321554e-06 1.599905e-03 1.865314e-03 1.720140e-03 1.495114e-02 1.496377e-02 1.528441e-02 
    51.5                5.500151e-03 6.109105e-03 6.421940e-03 3.652457e-03 9.525020e-03 9.794757e-06 1.510859e-03 1.962619e-03 1.791235e-03 1.625255e-02 1.666014e-02 1.696181e-02 
    52.5                6.201986e-03 6.112114e-03 7.026223e-03 3.336107e-03 9.838462e-03 9.866933e-06 1.385598e-03 2.014565e-03 1.831524e-03 1.662206e-02 1.748541e-02 1.775982e-02 
    53.5                6.318023e-03 6.197784e-03 7.298832e-03 2.995563e-03 9.800402e-03 9.588572e-06 1.248343e-03 2.030679e-03 1.845216e-03 1.643497e-02 1.763541e-02 1.788381e-02 
    54.5                6.436092e-03 5.842052e-03 7.351401e-03 2.662110e-03 9.564329e-03 9.070017e-06 1.105637e-03 2.007941e-03 1.824957e-03 1.594136e-02 1.727449e-02 1.748986e-02 
    55.5                6.368339e-03 5.887583e-03 7.263673e-03 2.453361e-03 9.289645e-03 8.866964e-06 1.018443e-03 1.975216e-03 1.798045e-03 1.543624e-02 1.704956e-02 1.724619e-02 
    56.5                6.230609e-03 5.616475e-03 7.226556e-03 2.199587e-03 9.029654e-03 8.397638e-06 9.158170e-04 1.926821e-03 1.754131e-03 1.494969e-02 1.653009e-02 1.670584e-02 
    57.5                5.999363e-03 5.125740e-03 6.794736e-03 1.921118e-03 8.369313e-03 7.653372e-06 7.959129e-04 1.825390e-03 1.666475e-03 1.378952e-02 1.544729e-02 1.559246e-02 
    58.5                5.516469e-03 4.916564e-03 6.442149e-03 1.637012e-03 7.786877e-03 6.828669e-06 6.738638e-04 1.687624e-03 1.540334e-03 1.274237e-02 1.443563e-02 1.454685e-02 
    59.5                5.214658e-03 4.686612e-03 6.208960e-03 1.410079e-03 7.361963e-03 6.237730e-06 5.806385e-04 1.550857e-03 1.411606e-03 1.198718e-02 1.368341e-02 1.377384e-02 
    60.5                5.031976e-03 4.257951e-03 5.839570e-03 1.231384e-03 6.843592e-03 5.711300e-06 5.068691e-04 1.386433e-03 1.258272e-03 1.108140e-02 1.279306e-02 1.286852e-02 
    61.5                4.560026e-03 3.707669e-03 5.341154e-03 9.775851e-04 6.135036e-03 4.887417e-06 4.030615e-04 1.214878e-03 1.100293e-03 9.849614e-03 1.142570e-02 1.148174e-02 
    62.5                4.208068e-03 3.037293e-03 4.590076e-03 7.937200e-04 5.230228e-03 4.236263e-06 3.273740e-04 1.035445e-03 9.393762e-04 8.355300e-03 9.897172e-03 9.941981e-03 
    63.5                3.436533e-03 2.474750e-03 3.779356e-03 5.853879e-04 4.248763e-03 3.390359e-06 2.426369e-04 8.504117e-04 7.729590e-04 6.753144e-03 8.065095e-03 8.096290e-03 
    64.5                2.830116e-03 1.980870e-03 3.078365e-03 4.511181e-04 3.437561e-03 2.722628e-06 1.871693e-04 6.739397e-04 6.122920e-04 5.443342e-03 6.549839e-03 6.573853e-03 
    65.5                2.249485e-03 1.511166e-03 2.444225e-03 3.209255e-04 2.697954e-03 2.082673e-06 1.340662e-04 5.091572e-04 4.612533e-04 4.244949e-03 5.128589e-03 5.145008e-03 
    66.5                1.802563e-03 1.074096e-03 1.863844e-03 2.229747e-04 2.038014e-03 1.584946e-06 9.363143e-05 3.656581e-04 3.299137e-04 3.188473e-03 3.903353e-03 3.914615e-03 
    67.5                1.322828e-03 6.869705e-04 1.294146e-03 1.401205e-04 1.402553e-03 1.087744e-06 5.926406e-05 2.382846e-04 2.141182e-04 2.179474e-03 2.712153e-03 2.718935e-03 
    68.5                8.896045e-04 3.849290e-04 8.218517e-04 7.764900e-05 8.808059e-04 6.760843e-07 3.317525e-05 1.376642e-04 1.226426e-04 1.356964e-03 1.713750e-03 1.717477e-03 
    69.5                5.445781e-04 1.699273e-04 4.514497e-04 3.756452e-05 4.794208e-04 3.775934e-07 1.635868e-05 6.739609e-05 5.937252e-05 7.323852e-04 9.494093e-04 9.511929e-04 
    70.5                2.729429e-04 4.325221e-05 1.909834e-04 1.419044e-05 2.012338e-04 1.714851e-07 6.275095e-06 2.569534e-05 2.239193e-05 3.048209e-04 4.125556e-04 4.132423e-04 
    71.5                9.893053e-05 5.677509e-06 5.155926e-05 4.001381e-06 5.432893e-05 6.237152e-08 1.843195e-06 6.522283e-06 5.663617e-06 8.207476e-05 1.277036e-04 1.278910e-04 
    72.5                1.734952e-05 1.185032e-07 7.105099e-06 4.965700e-07 7.415894e-06 1.213034e-08 2.491741e-07 9.162310e-07 8.045491e-07 1.111279e-05 2.025827e-05 2.028291e-05 
    73.5                1.332967e-06 0.000000e+00 3.542110e-07 1.496766e-08 3.603680e-07 1.090395e-09 1.045623e-08 3.911774e-08 3.371743e-08 5.311159e-07 1.414538e-06 1.415289e-06 
    74.5                0.000000e+00 0.000000e+00 0.000000e+00 0.000000e+00 0.000000e+00 0.000000e+00 0.000000e+00 0.000000e+00 0.000000e+00 0.000000e+00 0.000000e+00 0.000000e+00 
    75.5                0.000000e+00 0.000000e+00 0.000000e+00 0.000000e+00 0.000000e+00 0.000000e+00 0.000000e+00 0.000000e+00 0.000000e+00 0.000000e+00 0.000000e+00 0.000000e+00 
    76.5                0.000000e+00 0.000000e+00 0.000000e+00 0.000000e+00 0.000000e+00 0.000000e+00 0.000000e+00 0.000000e+00 0.000000e+00 0.000000e+00 0.000000e+00 0.000000e+00 
    77.5                0.000000e+00 0.000000e+00 0.000000e+00 0.000000e+00 0.000000e+00 0.000000e+00 0.000000e+00 0.000000e+00 0.000000e+00 0.000000e+00 0.000000e+00 0.000000e+00 
    78.5                0.000000e+00 0.000000e+00 0.000000e+00 0.000000e+00 0.000000e+00 0.000000e+00 0.000000e+00 0.000000e+00 0.000000e+00 0.000000e+00 0.000000e+00 0.000000e+00 
    79.5                0.000000e+00 0.000000e+00 0.000000e+00 0.000000e+00 0.000000e+00 0.000000e+00 0.000000e+00 0.000000e+00 0.000000e+00 0.000000e+00 0.000000e+00 0.000000e+00 


