# 80 rows of flux data
# 12 columns of flux data
# 
# total cross-sectional flux  2.241455e+00 /m^2/yr
#
#                             +x ram      -x wake      +y port -y starboard    +z zenith     -z nadir        Earth          Sun     anti-Sun      rot (x)      rot (y)      rot (z) 
# average speed (km/s)         23.89        24.72        19.31        25.25        22.46        24.72        24.96        24.66        24.68        23.57        23.92        24.24 
# total flux (#/m2/yr)  6.386789e-01 7.489600e-01 2.441355e-01 1.032978e+00 6.103004e-01 1.405335e-03 1.137447e+00 9.753975e-01 9.855896e-01 1.498062e+00 1.636737e+00 2.095634e+00 
# velocity (km/s)
     0.5                0.000000e+00 0.000000e+00 0.000000e+00 0.000000e+00 0.000000e+00 0.000000e+00 0.000000e+00 0.000000e+00 0.000000e+00 0.000000e+00 0.000000e+00 0.000000e+00 
     1.5                0.000000e+00 0.000000e+00 0.000000e+00 0.000000e+00 0.000000e+00 0.000000e+00 0.000000e+00 0.000000e+00 0.000000e+00 0.000000e+00 0.000000e+00 0.000000e+00 
     2.5                5.538585e-06 0.000000e+00 1.158449e-06 1.059099e-06 2.379666e-06 3.708027e-10 1.525946e-06 5.275997e-07 1.198230e-06 3.502501e-06 6.122829e-06 6.166389e-06 
     3.5                1.419277e-04 4.701960e-06 4.945806e-05 7.421177e-05 7.621807e-05 9.627644e-08 8.883787e-05 3.925974e-05 5.602003e-05 1.570586e-04 1.770943e-04 2.125023e-04 
     4.5                5.959468e-04 1.587405e-04 2.447395e-04 4.320262e-04 4.153895e-04 5.449053e-07 5.097341e-04 2.343827e-04 2.938499e-04 8.608421e-04 9.318877e-04 1.123807e-03 
     5.5                1.558603e-03 6.697953e-04 8.147229e-04 1.390050e-03 1.385736e-03 1.765220e-06 1.647704e-03 8.711533e-04 9.812228e-04 2.836918e-03 2.866098e-03 3.482628e-03 
     6.5                2.885804e-03 2.075761e-03 1.803227e-03 2.992099e-03 3.093439e-03 4.027949e-06 3.568926e-03 2.104832e-03 2.231910e-03 6.225826e-03 6.384093e-03 7.664558e-03 
     7.5                5.084698e-03 3.770734e-03 3.211336e-03 5.233429e-03 5.601605e-03 7.031449e-06 6.272677e-03 3.978984e-03 4.075642e-03 1.109326e-02 1.145202e-02 1.358786e-02 
     8.5                7.534571e-03 6.316299e-03 5.037696e-03 8.425651e-03 8.769370e-03 1.137417e-05 1.005589e-02 6.596767e-03 6.618292e-03 1.756722e-02 1.789730e-02 2.144473e-02 
     9.5                9.536659e-03 9.615875e-03 7.107258e-03 1.164127e-02 1.222710e-02 1.611017e-05 1.390709e-02 9.745141e-03 9.740399e-03 2.449893e-02 2.484491e-02 2.977141e-02 
    10.5                1.159114e-02 1.285197e-02 9.028841e-03 1.426891e-02 1.573032e-02 2.013609e-05 1.716555e-02 1.322836e-02 1.330807e-02 3.083663e-02 3.180339e-02 3.749770e-02 
    11.5                1.330732e-02 1.509192e-02 1.048722e-02 1.683431e-02 1.868777e-02 2.326698e-05 2.024387e-02 1.665768e-02 1.679635e-02 3.634067e-02 3.728786e-02 4.377414e-02 
    12.5                1.458885e-02 1.728647e-02 1.139982e-02 1.888530e-02 2.068136e-02 2.647421e-05 2.261700e-02 1.975289e-02 1.989938e-02 4.028916e-02 4.168184e-02 4.883475e-02 
    13.5                1.660890e-02 1.861444e-02 1.211366e-02 2.118386e-02 2.227442e-02 3.020421e-05 2.517280e-02 2.278340e-02 2.292901e-02 4.397793e-02 4.574464e-02 5.381828e-02 
    14.5                1.837123e-02 2.035132e-02 1.271251e-02 2.410416e-02 2.355864e-02 3.450788e-05 2.830091e-02 2.600332e-02 2.617510e-02 4.783934e-02 4.971404e-02 5.933494e-02 
    15.5                2.001324e-02 2.216495e-02 1.299368e-02 2.706272e-02 2.430600e-02 3.940322e-05 3.136940e-02 2.911010e-02 2.930306e-02 5.107471e-02 5.327888e-02 6.459995e-02 
    16.5                2.149490e-02 2.411363e-02 1.309478e-02 2.996070e-02 2.503081e-02 4.378580e-05 3.438033e-02 3.201273e-02 3.222597e-02 5.406271e-02 5.682558e-02 6.963920e-02 
    17.5                2.291405e-02 2.553170e-02 1.296822e-02 3.254792e-02 2.529011e-02 4.760012e-05 3.699752e-02 3.462234e-02 3.485387e-02 5.626930e-02 5.949772e-02 7.380792e-02 
    18.5                2.396228e-02 2.684306e-02 1.271157e-02 3.505030e-02 2.527431e-02 5.146767e-05 3.947918e-02 3.694894e-02 3.719254e-02 5.809198e-02 6.159816e-02 7.743504e-02 
    19.5                2.474631e-02 2.809599e-02 1.241364e-02 3.698043e-02 2.526854e-02 5.435701e-05 4.139132e-02 3.879448e-02 3.905178e-02 5.941106e-02 6.343832e-02 8.032243e-02 
    20.5                2.548793e-02 2.875202e-02 1.185443e-02 3.862394e-02 2.492774e-02 5.681560e-05 4.294491e-02 4.008774e-02 4.036617e-02 6.003480e-02 6.449280e-02 8.227902e-02 
    21.5                2.654863e-02 2.926956e-02 1.126226e-02 4.054857e-02 2.466999e-02 5.904977e-05 4.480912e-02 4.147239e-02 4.178229e-02 6.090403e-02 6.573762e-02 8.457277e-02 
    22.5                2.723482e-02 3.024226e-02 1.087177e-02 4.253474e-02 2.471809e-02 6.168822e-05 4.677164e-02 4.292443e-02 4.326299e-02 6.223731e-02 6.731845e-02 8.713859e-02 
    23.5                2.752084e-02 3.107565e-02 1.024146e-02 4.393086e-02 2.428999e-02 6.365993e-05 4.807338e-02 4.375324e-02 4.412073e-02 6.253122e-02 6.806821e-02 8.862412e-02 
    24.5                2.769636e-02 3.127380e-02 9.491239e-03 4.486114e-02 2.372160e-02 6.479986e-05 4.887661e-02 4.400050e-02 4.439863e-02 6.223607e-02 6.808524e-02 8.906734e-02 
    25.5                2.760954e-02 3.136525e-02 8.583859e-03 4.562590e-02 2.303517e-02 6.506812e-05 4.949366e-02 4.391852e-02 4.434938e-02 6.156835e-02 6.770779e-02 8.896787e-02 
    26.5                2.692693e-02 3.125623e-02 7.653139e-03 4.566292e-02 2.218306e-02 6.389149e-05 4.935673e-02 4.322254e-02 4.367513e-02 6.014974e-02 6.649895e-02 8.765670e-02 
    27.5                2.626815e-02 3.063194e-02 6.729342e-03 4.503811e-02 2.114833e-02 6.224423e-05 4.853144e-02 4.204360e-02 4.251178e-02 5.806009e-02 6.474087e-02 8.544685e-02 
    28.5                2.539215e-02 2.966834e-02 5.861459e-03 4.421911e-02 2.012781e-02 5.988001e-05 4.751774e-02 4.056413e-02 4.104434e-02 5.587198e-02 6.247276e-02 8.268526e-02 
    29.5                2.423008e-02 2.876323e-02 5.055632e-03 4.294505e-02 1.899211e-02 5.735863e-05 4.603660e-02 3.883086e-02 3.931603e-02 5.327948e-02 5.993117e-02 7.943804e-02 
    30.5                2.292771e-02 2.745789e-02 4.219811e-03 4.124469e-02 1.774885e-02 5.405483e-05 4.411237e-02 3.670299e-02 3.718671e-02 5.023244e-02 5.682226e-02 7.541185e-02 
    31.5                2.139115e-02 2.600692e-02 3.435906e-03 3.917270e-02 1.642944e-02 5.014060e-05 4.181023e-02 3.429296e-02 3.476851e-02 4.685925e-02 5.331671e-02 7.083612e-02 
    32.5                1.961570e-02 2.433250e-02 2.742803e-03 3.664203e-02 1.503855e-02 4.580401e-05 3.904432e-02 3.155860e-02 3.201669e-02 4.314143e-02 4.933552e-02 6.560623e-02 
    33.5                1.761712e-02 2.246596e-02 2.168684e-03 3.359696e-02 1.355180e-02 4.120905e-05 3.575446e-02 2.853405e-02 2.896159e-02 3.904757e-02 4.491378e-02 5.973494e-02 
    34.5                1.561927e-02 2.029258e-02 1.681170e-03 3.024296e-02 1.202042e-02 3.648829e-05 3.215255e-02 2.534458e-02 2.573621e-02 3.475233e-02 4.017937e-02 5.344585e-02 
    35.5                1.362981e-02 1.807723e-02 1.271244e-03 2.680665e-02 1.051128e-02 3.180313e-05 2.847328e-02 2.217310e-02 2.252560e-02 3.047751e-02 3.542168e-02 4.712382e-02 
    36.5                1.169792e-02 1.583607e-02 9.247655e-04 2.339673e-02 9.054600e-03 2.723722e-05 2.483223e-02 1.907729e-02 1.938690e-02 2.632281e-02 3.072081e-02 4.089268e-02 
    37.5                9.826450e-03 1.369098e-02 6.604408e-04 2.004315e-02 7.673458e-03 2.301492e-05 2.126011e-02 1.612665e-02 1.639494e-02 2.235048e-02 2.620724e-02 3.488916e-02 
    38.5                7.984418e-03 1.158750e-02 4.575906e-04 1.674587e-02 6.351561e-03 1.896812e-05 1.775508e-02 1.329268e-02 1.351569e-02 1.852921e-02 2.179298e-02 2.903059e-02 
    39.5                6.203768e-03 9.574029e-03 3.089006e-04 1.350338e-02 5.083115e-03 1.520779e-05 1.431367e-02 1.059160e-02 1.076886e-02 1.484693e-02 1.754800e-02 2.336978e-02 
    40.5                4.583320e-03 7.588961e-03 1.983087e-04 1.040247e-02 3.891553e-03 1.168578e-05 1.102528e-02 8.068920e-03 8.202925e-03 1.137507e-02 1.352242e-02 1.799655e-02 
    41.5                3.231946e-03 5.742117e-03 1.217667e-04 7.630153e-03 2.840037e-03 8.616483e-06 8.086739e-03 5.865605e-03 5.960637e-03 8.305685e-03 9.953991e-03 1.322543e-02 
    42.5                2.156136e-03 4.125588e-03 7.144081e-05 5.333422e-03 1.977107e-03 6.029738e-06 5.653079e-03 4.055298e-03 4.120004e-03 5.783573e-03 6.962083e-03 9.245834e-03 
    43.5                1.290198e-03 2.838471e-03 3.960256e-05 3.492848e-03 1.290700e-03 3.968194e-06 3.702887e-03 2.629861e-03 2.670207e-03 3.776080e-03 4.571364e-03 6.064198e-03 
    44.5                6.703724e-04 1.802714e-03 2.046231e-05 2.054209e-03 7.575026e-04 2.403790e-06 2.178462e-03 1.544915e-03 1.566092e-03 2.216080e-03 2.729867e-03 3.601987e-03 
    45.5                2.775884e-04 1.006952e-03 9.339117e-06 1.040234e-03 3.829809e-04 1.271845e-06 1.103633e-03 7.851488e-04 7.941256e-04 1.120465e-03 1.412304e-03 1.849909e-03 
    46.5                8.131811e-05 4.707036e-04 3.696708e-06 4.201562e-04 1.545895e-04 5.699732e-07 4.460060e-04 3.253062e-04 3.280811e-04 4.523514e-04 6.016227e-04 7.743614e-04 
    47.5                1.585375e-05 1.623361e-04 1.164056e-06 1.233254e-04 4.538071e-05 1.963075e-07 1.310023e-04 1.003282e-04 1.004851e-04 1.328522e-04 1.919169e-04 2.408208e-04 
    48.5                1.417162e-06 3.923374e-05 2.574857e-07 2.478355e-05 9.121136e-06 4.808751e-08 2.635021e-05 2.162489e-05 2.152749e-05 2.672327e-05 4.312674e-05 5.238239e-05 
    49.5                1.245294e-08 5.465373e-06 3.619127e-08 2.648812e-06 9.768041e-07 7.059388e-09 2.821558e-06 2.676638e-06 2.643257e-06 2.866837e-06 5.674518e-06 6.527020e-06 
    50.5                0.000000e+00 1.590053e-07 1.161865e-09 4.975732e-08 1.842956e-08 2.395529e-10 5.333624e-08 7.009442e-08 6.784969e-08 5.445520e-08 1.608193e-07 1.712717e-07 
    51.5                0.000000e+00 0.000000e+00 0.000000e+00 0.000000e+00 0.000000e+00 0.000000e+00 0.000000e+00 0.000000e+00 0.000000e+00 0.000000e+00 0.000000e+00 0.000000e+00 
    52.5                0.000000e+00 0.000000e+00 0.000000e+00 0.000000e+00 0.000000e+00 0.000000e+00 0.000000e+00 0.000000e+00 0.000000e+00 0.000000e+00 0.000000e+00 0.000000e+00 
    53.5                0.000000e+00 0.000000e+00 0.000000e+00 0.000000e+00 0.000000e+00 0.000000e+00 0.000000e+00 0.000000e+00 0.000000e+00 0.000000e+00 0.000000e+00 0.000000e+00 
    54.5                0.000000e+00 0.000000e+00 0.000000e+00 0.000000e+00 0.000000e+00 0.000000e+00 0.000000e+00 0.000000e+00 0.000000e+00 0.000000e+00 0.000000e+00 0.000000e+00 
    55.5                0.000000e+00 0.000000e+00 0.000000e+00 0.000000e+00 0.000000e+00 0.000000e+00 0.000000e+00 0.000000e+00 0.000000e+00 0.000000e+00 0.000000e+00 0.000000e+00 
    56.5                0.000000e+00 0.000000e+00 0.000000e+00 0.000000e+00 0.000000e+00 0.000000e+00 0.000000e+00 0.000000e+00 0.000000e+00 0.000000e+00 0.000000e+00 0.000000e+00 
    57.5                0.000000e+00 0.000000e+00 0.000000e+00 0.000000e+00 0.000000e+00 0.000000e+00 0.000000e+00 0.000000e+00 0.000000e+00 0.000000e+00 0.000000e+00 0.000000e+00 
    58.5                0.000000e+00 0.000000e+00 0.000000e+00 0.000000e+00 0.000000e+00 0.000000e+00 0.000000e+00 0.000000e+00 0.000000e+00 0.000000e+00 0.000000e+00 0.000000e+00 
    59.5                0.000000e+00 0.000000e+00 0.000000e+00 0.000000e+00 0.000000e+00 0.000000e+00 0.000000e+00 0.000000e+00 0.000000e+00 0.000000e+00 0.000000e+00 0.000000e+00 
    60.5                0.000000e+00 0.000000e+00 0.000000e+00 0.000000e+00 0.000000e+00 0.000000e+00 0.000000e+00 0.000000e+00 0.000000e+00 0.000000e+00 0.000000e+00 0.000000e+00 
    61.5                0.000000e+00 0.000000e+00 0.000000e+00 0.000000e+00 0.000000e+00 0.000000e+00 0.000000e+00 0.000000e+00 0.000000e+00 0.000000e+00 0.000000e+00 0.000000e+00 
    62.5                0.000000e+00 0.000000e+00 0.000000e+00 0.000000e+00 0.000000e+00 0.000000e+00 0.000000e+00 0.000000e+00 0.000000e+00 0.000000e+00 0.000000e+00 0.000000e+00 
    63.5                0.000000e+00 0.000000e+00 0.000000e+00 0.000000e+00 0.000000e+00 0.000000e+00 0.000000e+00 0.000000e+00 0.000000e+00 0.000000e+00 0.000000e+00 0.000000e+00 
    64.5                0.000000e+00 0.000000e+00 0.000000e+00 0.000000e+00 0.000000e+00 0.000000e+00 0.000000e+00 0.000000e+00 0.000000e+00 0.000000e+00 0.000000e+00 0.000000e+00 
    65.5                0.000000e+00 0.000000e+00 0.000000e+00 0.000000e+00 0.000000e+00 0.000000e+00 0.000000e+00 0.000000e+00 0.000000e+00 0.000000e+00 0.000000e+00 0.000000e+00 
    66.5                0.000000e+00 0.000000e+00 0.000000e+00 0.000000e+00 0.000000e+00 0.000000e+00 0.000000e+00 0.000000e+00 0.000000e+00 0.000000e+00 0.000000e+00 0.000000e+00 
    67.5                0.000000e+00 0.000000e+00 0.000000e+00 0.000000e+00 0.000000e+00 0.000000e+00 0.000000e+00 0.000000e+00 0.000000e+00 0.000000e+00 0.000000e+00 0.000000e+00 
    68.5                0.000000e+00 0.000000e+00 0.000000e+00 0.000000e+00 0.000000e+00 0.000000e+00 0.000000e+00 0.000000e+00 0.000000e+00 0.000000e+00 0.000000e+00 0.000000e+00 
    69.5                0.000000e+00 0.000000e+00 0.000000e+00 0.000000e+00 0.000000e+00 0.000000e+00 0.000000e+00 0.000000e+00 0.000000e+00 0.000000e+00 0.000000e+00 0.000000e+00 
    70.5                0.000000e+00 0.000000e+00 0.000000e+00 0.000000e+00 0.000000e+00 0.000000e+00 0.000000e+00 0.000000e+00 0.000000e+00 0.000000e+00 0.000000e+00 0.000000e+00 
    71.5                0.000000e+00 0.000000e+00 0.000000e+00 0.000000e+00 0.000000e+00 0.000000e+00 0.000000e+00 0.000000e+00 0.000000e+00 0.000000e+00 0.000000e+00 0.000000e+00 
    72.5                0.000000e+00 0.000000e+00 0.000000e+00 0.000000e+00 0.000000e+00 0.000000e+00 0.000000e+00 0.000000e+00 0.000000e+00 0.000000e+00 0.000000e+00 0.000000e+00 
    73.5                0.000000e+00 0.000000e+00 0.000000e+00 0.000000e+00 0.000000e+00 0.000000e+00 0.000000e+00 0.000000e+00 0.000000e+00 0.000000e+00 0.000000e+00 0.000000e+00 
    74.5                0.000000e+00 0.000000e+00 0.000000e+00 0.000000e+00 0.000000e+00 0.000000e+00 0.000000e+00 0.000000e+00 0.000000e+00 0.000000e+00 0.000000e+00 0.000000e+00 
    75.5                0.000000e+00 0.000000e+00 0.000000e+00 0.000000e+00 0.000000e+00 0.000000e+00 0.000000e+00 0.000000e+00 0.000000e+00 0.000000e+00 0.000000e+00 0.000000e+00 
    76.5                0.000000e+00 0.000000e+00 0.000000e+00 0.000000e+00 0.000000e+00 0.000000e+00 0.000000e+00 0.000000e+00 0.000000e+00 0.000000e+00 0.000000e+00 0.000000e+00 
    77.5                0.000000e+00 0.000000e+00 0.000000e+00 0.000000e+00 0.000000e+00 0.000000e+00 0.000000e+00 0.000000e+00 0.000000e+00 0.000000e+00 0.000000e+00 0.000000e+00 
    78.5                0.000000e+00 0.000000e+00 0.000000e+00 0.000000e+00 0.000000e+00 0.000000e+00 0.000000e+00 0.000000e+00 0.000000e+00 0.000000e+00 0.000000e+00 0.000000e+00 
    79.5                0.000000e+00 0.000000e+00 0.000000e+00 0.000000e+00 0.000000e+00 0.000000e+00 0.000000e+00 0.000000e+00 0.000000e+00 0.000000e+00 0.000000e+00 0.000000e+00 


