3.43462506967764e+005 1.70285376231882e+006 1.99027892007875e-001 4.37524379544597e-001 1.40483252891629e+000 3.05915839087751e-002 2.26629774896928e-007 32909 1
3.43450864817547e+005 1.70281113442407e+006 1.99026174154530e-001 3.40927911433747e-001 1.19457504821924e+000 4.10598786030162e-002 5.96614547508579e-007 44334 2
3.43467103510535e+005 1.70285053000322e+006 6.08414914630016e+000 7.88037411076372e-001 -1.55123616458632e+000 8.70606803415085e-002 6.59571626571416e-007 95996 3
3.43461320069920e+005 1.70282489403953e+006 6.08414949201081e+000 9.03549712984959e-001 -1.53206083574938e+000 8.70606803415085e-002 7.06142060215088e-007 95996 4
3.43451639001386e+005 1.70281387511683e+006 1.99026299089712e-001 3.71859831307015e-001 1.28824652958769e+000 9.46795342238204e-002 1.02173319088228e-006 104491 5
3.43460993235944e+005 1.70281960925085e+006 6.08414907492693e+000 7.25501138289112e-001 -1.56552178456984e+000 1.29674920486906e-001 1.09726342611377e-006 144298 6
3.43461417946551e+005 1.70285412935427e+006 1.99027235706243e-001 4.77958070645477e-001 1.45008630497147e+000 1.63716516286337e-001 1.28506593479905e-006 181799 7
3.43455518968623e+005 1.70282890569377e+006 1.99026777815988e-001 4.38869245626044e-001 1.40665418515580e+000 1.72965735739773e-001 1.51023897231935e-006 192043 8
3.43461434275444e+005 1.70281837985230e+006 6.08414868611548e+000 7.49065530933587e-001 -1.55967330927457e+000 2.13514922125565e-001 1.58063695910617e-006 236653 9
3.43456831490218e+005 1.70283525952161e+006 1.99026795294277e-001 5.12632226571466e-001 1.47990394131291e+000 2.28026795944433e-001 1.74213277802046e-006 253144 10
3.43459740965785e+005 1.70284583750800e+006 1.99027233146532e-001 4.97400156388127e-001 1.46763173085726e+000 2.55337543409163e-001 1.91450309535713e-006 283950 11
3.43461743117869e+005 1.70282196070475e+006 6.08414891941046e+000 8.50690628740281e-001 -1.53982684392834e+000 2.96947161275357e-001 1.96769245556067e-006 329645 12
3.43461612965369e+005 1.70282431944500e+006 6.08414926132885e+000 7.34944437078399e-001 -1.56312486846522e+000 3.04196815248775e-001 2.04110292471074e-006 337720 13
3.43459186328079e+005 1.70284735872394e+006 1.99026747027040e-001 3.46833627704446e-001 1.21576378658406e+000 3.16056937673397e-001 2.40027118454165e-006 350039 14
3.43462712047883e+005 1.70285090272569e+006 1.99028333203671e-001 3.76011374428002e-001 1.29802594729453e+000 3.29080839108269e-001 2.70910692969431e-006 364032 15
3.43460723002962e+005 1.70285332463081e+006 1.99026935145148e-001 6.93516714526015e-001 1.56705581087680e+000 3.81916741223751e-001 2.79251391126539e-006 422568 16
3.43460632206352e+005 1.70281508373057e+006 6.08414876355819e+000 8.52357093232508e-001 -1.53953921399579e+000 4.21586634260535e-001 2.84547428366677e-006 465894 17
3.43452764924490e+005 1.70281843648185e+006 1.99026415286657e-001 3.46745919046961e-001 1.21557203329569e+000 4.46201177896977e-001 3.20481689127262e-006 492029 18
3.43453811984014e+005 1.70282321168450e+006 1.99026462641393e-001 6.30571134670489e-001 1.54538768929105e+000 4.91510881793813e-001 3.30761272170373e-006 541215 19
3.43456623066563e+005 1.70283525980066e+006 1.99026677649208e-001 3.24584864922256e-001 1.12132529206214e+000 5.25089888240332e-001 3.70680084492944e-006 579091 20
3.43459932642018e+005 1.70284901963358e+006 1.99026979129025e-001 3.09586684492212e-001 6.52296748710593e-001 5.87497281550921e-001 4.00534449455989e-006 647548 21
3.43463814654888e+005 1.70284426637721e+006 6.08415028926611e+000 8.76009194534468e-001 -1.53599177816095e+000 6.31851618682285e-001 4.05520406547095e-006 697059 22
3.43463884519242e+005 1.70283232747748e+006 6.08414889096539e+000 7.95931190250080e-001 -1.54960626163518e+000 6.39435346838456e-001 4.11679361556831e-006 705541 23
3.43465547169321e+005 1.70285170167835e+006 6.08415015789098e+000 7.81049954696683e-001 -1.55267431424909e+000 6.46007127629147e-001 4.18099819306866e-006 713071 24
3.43456041666577e+005 1.70283247911666e+006 1.99026666055890e-001 3.92734491788598e-001 1.33369205893124e+000 6.87376521229565e-001 4.46426063249833e-006 758898 25
3.43454868798804e+005 1.70282536839040e+006 1.99026813532802e-001 5.52218067316651e-001 1.50684527832881e+000 6.99161901255886e-001 4.60166440851504e-006 772003 26
3.43452956273334e+005 1.70281906847405e+006 1.99026451333388e-001 3.01956031290961e-001 9.16820410016175e-001 7.10574170475376e-001 5.01404216769962e-006 784792 27
3.43466079415007e+005 1.70284883080404e+006 6.08414953079018e+000 7.73302356618785e-001 -1.55430421720023e+000 7.17304318374905e-001 5.07967227221854e-006 792085 28
3.43457663785140e+005 1.70284102200934e+006 1.99026609086431e-001 3.82852649711882e-001 3.56804931333354e-001 7.24605197270055e-001 5.18732808513376e-006 799862 29
3.43461663473897e+005 1.70282414870548e+006 6.08414921339315e+000 8.43089211758192e-001 -1.54107324030274e+000 7.31737863200519e-001 5.24158024769009e-006 807968 30
3.43465989106129e+005 1.70284588852439e+006 6.08414924686441e+000 8.70249659359578e-001 -1.53685466795862e+000 7.40558262454249e-001 5.29217016722296e-006 817061 31
3.43453542809601e+005 1.70282214608405e+006 1.99026432029995e-001 3.68906973171666e-001 1.28086402798547e+000 7.42939260157031e-001 5.61264831196826e-006 820000 32
3.43459697108075e+005 1.70281004882802e+006 6.08414871815977e+000 9.85235709323251e-001 -1.52237729468673e+000 7.88680766371416e-001 5.65112813779413e-006 872849 33
3.43460949274043e+005 1.70282129216057e+006 6.08414929128465e+000 9.58016789283541e-001 -1.52534947065645e+000 8.25396342632988e-001 5.69205996914631e-006 913214 34
3.43453381262173e+005 1.70282080100696e+006 1.99026493962442e-001 6.61824652954538e-001 1.55698876323740e+000 8.52835772870579e-001 5.78449888110146e-006 943730 35
3.43466930090679e+005 1.70285617659012e+006 1.99030113155587e-001 3.00143385702925e-001 8.32448963133640e-001 8.64027397201496e-001 6.17389683044693e-006 956681 36
3.43461197008189e+005 1.70284689375690e+006 1.99027934565247e-001 3.27362305742635e-001 1.13561091204566e+000 8.64850584696991e-001 6.56833164996772e-006 957654 37
3.43463427592199e+005 1.70283116405843e+006 6.08414901638868e+000 7.84002812832033e-001 -1.55200317773980e+000 8.85941333512060e-001 6.63200463810180e-006 980903 38
3.43465566928479e+005 1.70285146373103e+006 6.08415011965832e+000 9.42989372634335e-001 -1.52717112689596e+000 9.50231292376874e-001 6.67438867719126e-006 1052454 39
3.43450446040699e+005 1.70280939427397e+006 1.99026135897358e-001 5.94142805594786e-001 1.52947216635640e+000 1.00021868654572e+000 6.79150027752256e-006 1108115 40
3.43460465088055e+005 1.70284656662811e+006 1.99027558779121e-001 3.95862767238919e-001 1.33963641087069e+000 1.02410052138867e+000 7.07025637448611e-006 1134271 41
3.43458272200124e+005 1.70283712434933e+006 1.99027396035026e-001 4.27584065029558e-001 1.39140979873043e+000 1.02742833571160e+000 7.30808157501144e-006 1137999 42
3.43459666537262e+005 1.70284394351441e+006 1.99027406715722e-001 4.29309001960109e-001 1.39380671483505e+000 1.03569717939820e+000 7.54391137618401e-006 1147472 43
3.43460981387393e+005 1.70285640343864e+006 1.99026730531417e-001 6.71238715524663e-001 1.10114325846126e-001 1.05462007679411e+000 7.55375980885478e-006 1167893 44
3.43452908524829e+005 1.70281895565608e+006 1.99026437229442e-001 3.03388606029893e-001 9.43857623676260e-001 1.05481028844337e+000 7.97017321527811e-006 1168124 45
3.43460830876472e+005 1.70282001809055e+006 6.08414921308136e+000 7.96720568167451e-001 -1.54941450834681e+000 1.08172304686241e+000 8.03162834604293e-006 1198216 46
3.43456443788335e+005 1.70283704375601e+006 1.99026373437746e-001 4.79302936726923e-001 1.45142857799005e+000 1.14253161209628e+000 8.21830373450635e-006 1266095 47
3.43457570943272e+005 1.70283338879580e+006 1.99027425488972e-001 5.04446085206140e-001 1.47348020615253e+000 1.14548133882063e+000 8.38551999229314e-006 1269535 48
3.43459728141496e+005 1.70285399258537e+006 1.99026297727604e-001 3.87822806969402e-001 1.32381676458022e+000 1.15498634789574e+000 8.67602571796330e-006 1279910 49
3.43451108009209e+005 1.70281230202217e+006 1.99026178494804e-001 3.43091391651726e-001 1.20262868633076e+000 1.15513946920002e+000 9.04204614756215e-006 1280028 50
3.43460611627579e+005 1.70284519290646e+006 1.99027797823935e-001 3.66188004789611e-001 1.27376915631581e+000 1.15644090284778e+000 9.36708500825609e-006 1281379 51
3.43458342589500e+005 1.70284019950162e+006 1.99027085749476e-001 3.53821084084136e-001 1.23858242790002e+000 1.24938746364497e+000 9.71365151459949e-006 1383794 52
3.43456088914796e+005 1.70283259001762e+006 1.99026680095586e-001 3.00406511675382e-001 8.03206586657308e-001 1.27918091509760e+000 1.00917919483326e-005 1417064 53
3.43467420138203e+005 1.70285469178041e+006 6.08414944131650e+000 8.39025377294691e-001 -1.54184025345622e+000 1.30269962679900e+000 1.01466251226514e-005 1444075 54
3.43459688607418e+005 1.70285386161860e+006 1.99026290324904e-001 3.15053857475483e-001 1.06245703253273e+000 1.30504953020785e+000 1.05600283847328e-005 1446640 55
3.43461580043671e+005 1.70282637798428e+006 6.08414951420999e+000 8.86241871241126e-001 -1.53445775185400e+000 1.31676863224145e+000 1.06086275609298e-005 1459957 56
3.43464488758741e+005 1.70284264396317e+006 6.08414972421115e+000 9.56028726380533e-001 -1.52563710058901e+000 1.32288820482828e+000 1.06497474212790e-005 1466937 57
3.43462887287893e+005 1.70283041498763e+006 6.08414923602304e+000 8.87002012939335e-001 -1.53436187520981e+000 1.34950613853267e+000 1.06982548486943e-005 1496507 58
3.43459651881053e+005 1.70284127268530e+006 1.99027702432103e-001 5.95750797648690e-001 1.53014330286569e+000 1.37197863385421e+000 1.08146753678803e-005 1521760 59
3.43457610484415e+005 1.70284156113873e+006 1.99026517646912e-001 3.00318803017896e-001 8.08959185308390e-001 1.38852829005567e+000 1.11951530421956e-005 1540738 60
3.43461305240209e+005 1.70284617440760e+006 1.99028077514513e-001 3.12276416655105e-001 1.04126829416791e+000 1.39256729541792e+000 1.16116177556540e-005 1545363 61
3.43457852234233e+005 1.70284363113745e+006 1.99026418464914e-001 3.60136107423102e-001 1.25727837351604e+000 1.39534229076785e+000 1.19470468672089e-005 1548460 62
3.43461149788354e+005 1.70285132084852e+006 1.99027404040937e-001 3.34671360533105e-001 1.16926361415448e+000 1.39592322603677e+000 1.23284429635087e-005 1549092 63
3.43459510922692e+005 1.70280929425542e+006 6.08414873733875e+000 9.88948709156810e-001 -1.52199378810999e+000 1.40764582378225e+000 1.23666049543242e-005 1561396 64
3.43463305879609e+005 1.70284193657585e+006 6.08415031119138e+000 9.81522709489692e-001 -1.52285667790765e+000 1.44432506480221e+000 1.24054066475879e-005 1601996 65
3.43452709012927e+005 1.70281927954387e+006 1.99026287779578e-001 3.00845054962810e-001 7.83743627887814e-001 1.44673286692721e+000 1.27751851171898e-005 1604728 66
3.43463354372116e+005 1.70284289313030e+006 6.08415039270088e+000 8.45164983318685e-001 -1.54078561037019e+000 1.48433002137718e+000 1.28291441061462e-005 1647122 67
3.43462511914878e+005 1.70283304129549e+006 6.08414974677151e+000 8.03854205642949e-001 -1.54807223532823e+000 1.49095082806321e+000 1.28894040217651e-005 1654430 68
3.43456335857479e+005 1.70283499483366e+006 1.99026545735174e-001 3.24847990894713e-001 5.47503576616718e-001 1.50350386740997e+000 1.31197087540947e-005 1667725 69
3.43453048666513e+005 1.70282038229735e+006 1.99026353934125e-001 4.44248709951830e-001 1.41346142689291e+000 1.53756287153071e+000 1.33391687984371e-005 1704606 70
3.43451913915595e+005 1.70281540495382e+006 1.99026280101612e-001 3.82969594588530e-001 1.31374971694082e+000 1.54784121616944e+000 1.36370621742086e-005 1716150 71
3.43464284107138e+005 1.70283477442400e+006 6.08414894398967e+000 9.26003129301283e-001 -1.52918453642384e+000 1.56486387511237e+000 1.36811792976036e-005 1734879 72
3.43465694312337e+005 1.70285306338105e+006 6.08415022984546e+000 8.05169835505234e-001 -1.54788048203986e+000 1.60966573135885e+000 1.37412225433478e-005 1782883 73
3.43459329352355e+005 1.70280800791979e+006 6.08414869338727e+000 8.12654307610675e-001 -1.54634645573290e+000 1.63621803703698e+000 1.38000537857432e-005 1811717 74
3.43451942174342e+005 1.70281629641296e+006 1.99026194583664e-001 6.98662289098506e-001 1.56868571382794e+000 1.65739816278293e+000 1.38821157034383e-005 1835212 75
3.43460109423508e+005 1.70281357421036e+006 6.08414888675177e+000 7.90347072390161e-001 -1.55066090472121e+000 1.65984748779503e+000 1.39446680176654e-005 1837902 76
3.43461658604067e+005 1.70282337086483e+006 6.08414912760705e+000 9.39071719266643e-001 -1.52755463347270e+000 1.67793882143047e+000 1.39874427460680e-005 1858056 77
3.43458871059791e+005 1.70284905695757e+006 1.99026375835736e-001 6.78927841164238e-001 1.07621533097324e-001 1.70239945130491e+000 1.39968308788366e-005 1884866 78
3.43453821379581e+005 1.70282422839226e+006 1.99026352223654e-001 5.70958483799416e-001 1.51758346247749e+000 1.73692809668606e+000 1.41245881306095e-005 1923908 79
3.43454465980298e+005 1.70282732567866e+006 1.99026363446856e-001 3.48587800854159e-001 4.48463003173925e-001 1.74023351825039e+000 1.42888414548689e-005 1927534 80
3.43457432589737e+005 1.70284006265805e+006 1.99026587813946e-001 4.35624025299075e-001 2.67831405529954e-001 1.74561180725772e+000 1.43502376496121e-005 1933872 81
3.43465019823032e+005 1.70285484614166e+006 6.08415081336435e+000 8.48907219371406e-001 -1.54021035050508e+000 1.74894295621127e+000 1.44036737825714e-005 1937947 82
3.43453426324825e+005 1.70282353876102e+006 1.99026207785451e-001 5.10468746353487e-001 1.47827403836177e+000 1.79172347712011e+000 1.45666548014566e-005 1984427 83
3.43452129275586e+005 1.70281752435688e+006 1.99026160403333e-001 3.88232114037668e-001 1.32477553102206e+000 1.80545194032083e+000 1.48565570750947e-005 1999545 84
3.43463060698940e+005 1.70283712179594e+006 6.08414990153329e+000 9.22991798727609e-001 -1.52956804300058e+000 1.80711066414584e+000 1.49009921827367e-005 2001244 85
3.43460481146739e+005 1.70281478364605e+006 6.08414881464589e+000 8.27155472314967e-001 -1.54375778633992e+000 1.80936398273626e+000 1.49575744308127e-005 2003570 86
3.43452786990181e+005 1.70281857242411e+006 1.99026412265703e-001 3.66480366981230e-001 1.27463204611347e+000 1.82500405938330e+000 1.52821286764872e-005 2021002 87
3.43463252360701e+005 1.70283029956498e+006 6.08414901687508e+000 7.75290419521793e-001 -1.55382483397931e+000 1.83208953977750e+000 1.53473885801195e-005 2029001 88
3.43456813873699e+005 1.70284087376465e+006 1.99026146356336e-001 5.09182352710364e-001 1.47721939527573e+000 1.85581810261319e+000 1.55112607018156e-005 2054785 89
3.43459113114789e+005 1.70284993449248e+006 1.99026412548274e-001 5.37132178229121e-001 1.49725761391034e+000 1.86721651531071e+000 1.56572015074506e-005 2066552 90
3.43455347053875e+005 1.70282726604002e+006 1.99026867426294e-001 3.60048398765616e-001 1.25708662022767e+000 1.87136480172019e+000 1.59927895397588e-005 2071393 91
3.43450657157639e+005 1.70281011502422e+006 1.99026172997341e-001 4.99095857099516e-001 1.46916575716422e+000 1.89058044251799e+000 1.61639010543903e-005 2092268 92
3.43461325462346e+005 1.70285452258844e+006 1.99027138761566e-001 4.75297574701746e-001 2.22673506118961e-001 1.92689816049528e+000 1.62061951753007e-005 2131879 93
3.43463312714244e+005 1.70283989591901e+006 6.08415007506964e+000 8.24845811001179e-001 -1.54423716956084e+000 1.93567917307411e+000 1.62631273013540e-005 2141432 94
3.43463286294311e+005 1.70285213817363e+006 1.99028516631853e-001 5.00177597208505e-001 1.46993277031770e+000 1.94370113946018e+000 1.64334390003364e-005 2150643 95
3.43455016450708e+005 1.70283043688337e+006 1.99026319968049e-001 6.10310434791306e-001 1.53685466795862e+000 1.98669460294693e+000 1.65438643377915e-005 2198446 96
3.43453440839306e+005 1.70282186171464e+006 1.99026406854184e-001 6.34927331325609e-001 1.54711346888638e+000 1.99673694184190e+000 1.66451192359077e-005 2209253 97
3.43464414874019e+005 1.70284153352237e+006 6.08414963951483e+000 7.11789351502190e-001 -1.56926097369304e+000 1.99891309515923e+000 1.67238885224957e-005 2211580 98
3.43456158872229e+005 1.70283562646019e+006 1.99026373972501e-001 3.40927911433747e-001 1.19447917157506e+000 2.00240407089545e+000 1.70938592802725e-005 2215194 99
3.43456502793096e+005 1.70283061444242e+006 1.99027138502879e-001 5.06229494575014e-001 1.47491835581530e+000 2.04552366328715e+000 1.72598054012717e-005 2262028 100
3.43462017059104e+005 1.70283177424896e+006 6.08414988180371e+000 8.71886887632643e-001 -1.53656703802606e+000 2.05328699515169e+000 1.73101860671855e-005 2269910 101
3.43460461419189e+005 1.70281381410075e+006 6.08414871542335e+000 9.78920685984285e-001 -1.52304843119602e+000 2.05646622078484e+000 1.73492153820615e-005 2273407 102
3.43461443408147e+005 1.70282001684460e+006 6.08414886728588e+000 9.67489324291990e-001 -1.52429482757042e+000 2.06776473335957e+000 1.73892687803194e-005 2285459 103
3.43454550513854e+005 1.70282464048134e+006 1.99026716773031e-001 5.37307595544092e-001 1.49744936719871e+000 2.07019189799098e+000 1.75351068428516e-005 2288219 104
3.43463029653161e+005 1.70283993615991e+006 6.08415023938032e+000 7.14566792322569e-001 -1.56849396053957e+000 2.10925172644925e+000 1.76132040167365e-005 2331756 105
3.43450785980637e+005 1.70281070384155e+006 1.99026178674650e-001 5.27484225905701e-001 1.49083387874996e+000 2.10963642629054e+000 1.77650068667609e-005 2332164 106
3.43457309670901e+005 1.70283877491376e+006 1.99026665018446e-001 5.51808760248385e-001 1.50655764839625e+000 2.11856958017060e+000 1.79026324258123e-005 2342509 107
3.43459403499452e+005 1.70284294024154e+006 1.99027372474206e-001 4.04662869206644e-001 1.35555193380535e+000 2.13133110215814e+000 1.81691870302764e-005 2356790 108
3.43461602495358e+005 1.70282731320662e+006 6.08414960798750e+000 8.37972873404863e-001 -1.54193613010041e+000 2.13228883408300e+000 1.82241719876892e-005 2357900 109
3.43466091293704e+005 1.70284295568423e+006 6.08414885538717e+000 8.87265138911792e-001 -1.53436187520981e+000 2.14134883361573e+000 1.82726477731034e-005 2367883 110
3.43456568390029e+005 1.70283727599941e+006 1.99026417317038e-001 4.91026660610837e-001 1.46216676213874e+000 2.14989555160253e+000 1.84498756593413e-005 2378397 111
3.43452787906725e+005 1.70281989567619e+006 1.99026262172604e-001 3.21164227280316e-001 1.10224583986938e+000 2.20003965031697e+000 1.88546423273047e-005 2433509 112
3.43459689682651e+005 1.70280994937763e+006 6.08414871103038e+000 9.29277585847413e-001 -1.52870515320292e+000 2.20726590115527e+000 1.88984172967498e-005 2441688 113
3.43466027695671e+005 1.70285660854388e+006 6.08415044522226e+000 9.98011937096992e-001 -1.52122677495651e+000 2.22218042199362e+000 1.89358195955726e-005 2458160 114
3.43458938567304e+005 1.70283836594066e+006 1.99027630749773e-001 4.61030299750748e-001 1.43282850901822e+000 2.22435578866305e+000 1.91386715792248e-005 2460625 115
3.43454551670362e+005 1.70282837931492e+006 1.99026291879429e-001 6.24460764865656e-001 1.54289489654225e+000 2.24915255985127e+000 1.92436863239412e-005 2487864 116
3.43459831589537e+005 1.70281102085313e+006 6.08414875290843e+000 9.55210112244000e-001 -1.52563710058901e+000 2.32406055485723e+000 1.92848837514538e-005 2570101 117
3.43456643681572e+005 1.70283377213159e+006 1.99026858605047e-001 5.91716199404351e-001 1.52822576998199e+000 2.37446504262367e+000 1.94030483652614e-005 2625046 118
3.43464156084159e+005 1.70283424234105e+006 6.08414895567125e+000 9.81318055955559e-001 -1.52285667790765e+000 2.38590629157193e+000 1.94418678633275e-005 2637978 119
3.43463653114976e+005 1.70285394133030e+006 1.99028518395872e-001 5.64029499858050e-001 1.51365252006592e+000 2.40704702045968e+000 1.95730749312884e-005 2660963 120
3.43462484421830e+005 1.70282403287745e+006 6.08414873694702e+000 8.16045709033453e-001 -1.54577119586779e+000 2.46658158423127e+000 1.96313687924351e-005 2727874 121
3.43457589856665e+005 1.70283866469711e+006 1.99026835671288e-001 3.99049515127564e-001 1.34558076281014e+000 2.50610512159472e+000 1.99056292647803e-005 2769937 122
3.43454374626768e+005 1.70282479198380e+006 1.99026600275742e-001 5.89698900282181e-001 1.52726700354015e+000 2.52252989133738e+000 2.00246800910968e-005 2788523 123
3.43454532926124e+005 1.70282729079187e+006 1.99026405195252e-001 4.96990849319860e-001 1.46734410092471e+000 2.54462553162288e+000 2.01973577234023e-005 2813230 124
3.43452577964468e+005 1.70281835819329e+006 1.99026318694876e-001 6.94130675128415e-001 1.56734344080935e+000 2.62196819853557e+000 2.02806025750415e-005 2898299 125
3.43462613154172e+005 1.70282444501062e+006 6.08414871121239e+000 9.50532317178100e-001 -1.52621236045412e+000 2.62840907984335e+000 2.03222484288067e-005 2904948 126
3.43459427875332e+005 1.70280871144230e+006 6.08414871786619e+000 7.55936042436629e-001 -1.55804340632344e+000 2.65485391593977e+000 2.03912451195717e-005 2932732 127
3.43461893511515e+005 1.70282469217121e+006 6.08414914543997e+000 8.52532510547479e-001 -1.53953921399579e+000 2.69955612269833e+000 2.04441815212243e-005 2981664 128
3.43450804108888e+005 1.70281075047808e+006 1.99026183596445e-001 5.64643460460450e-001 1.51413190328684e+000 2.69978681023879e+000 2.05750785011426e-005 2981897 129
3.43454466043177e+005 1.70282563001627e+006 1.99026556479049e-001 3.04674999673016e-001 9.63128829157384e-001 2.70081833524702e+000 2.09933163461169e-005 2982924 130
3.43461713914793e+005 1.70282282930085e+006 6.08414903475398e+000 7.08485658736898e-001 -1.57012386349071e+000 2.70242661537023e+000 2.10728960385489e-005 2984894 131
3.43450775429291e+005 1.70281092554150e+006 1.99026147486830e-001 6.43347362444230e-001 1.55037327478866e+000 2.70676880780902e+000 2.11712654246935e-005 2990080 132
3.43458425487906e+005 1.70283787304046e+006 1.99027397320796e-001 4.14076931776770e-001 1.37117982680746e+000 2.71273719959648e+000 2.14255041612022e-005 2996182 133
3.43457364111912e+005 1.70284046223205e+006 1.99026503693753e-001 6.96294155346394e-001 1.56791870067446e+000 2.71295965673835e+000 2.15081811873527e-005 2996516 134
3.43461506976479e+005 1.70284926355540e+006 1.99027839754848e-001 3.76420681496269e-001 1.29898471373638e+000 2.74851733447965e+000 2.18163611086103e-005 3035215 135
3.43460376743117e+005 1.70281316630839e+006 6.08414868947390e+000 9.44480419811591e-001 -1.52688349696341e+000 2.75403120048246e+000 2.18585975497504e-005 3041487 136
3.43463598565892e+005 1.70283055947082e+006 6.08414885109406e+000 9.79388465490875e-001 -1.52304843119602e+000 2.76451357639861e+000 2.18975858654302e-005 3052551 137
3.43466239789218e+005 1.70285608404847e+006 1.99029734157162e-001 4.34980828477514e-001 1.40147684636982e+000 2.82461930556164e+000 2.21270110292395e-005 3118878 138
3.43463196967915e+005 1.70283783559005e+006 6.08414990588044e+000 7.25705791823245e-001 -1.56552178456984e+000 2.84240348876470e+000 2.22024944124112e-005 3137618 139
3.43457006635272e+005 1.70283283776820e+006 1.99027169766875e-001 3.18299077802452e-001 1.08460453733940e+000 2.85035039044850e+000 2.26115698781529e-005 3146656 140
3.43458207933462e+005 1.70284567537227e+006 1.99026386516694e-001 3.00845054962810e-001 7.84127134464553e-001 2.87728946932171e+000 2.29814906030791e-005 3176285 141
3.43450645825881e+005 1.70281025699984e+006 1.99026150443245e-001 3.78408744399277e-001 1.30368266930143e+000 2.90501376333580e+000 2.32865152393274e-005 3207272 142
3.43459035170167e+005 1.70285012251951e+006 1.99026347164024e-001 4.03902727508436e-001 1.35420966078677e+000 2.94939074195383e+000 2.35540959389418e-005 3256026 143
3.43461842760296e+005 1.70283020586402e+006 6.08414980164758e+000 8.23062401632304e-001 -1.54452479949339e+000 2.95590238912556e+000 2.36113002454331e-005 3263287 144
3.43460964192997e+005 1.70281958413421e+006 6.08414908845717e+000 8.82090328120139e-001 -1.53503301171911e+000 2.96989873993403e+000 2.36604050705114e-005 3278550 145
3.43460416060684e+005 1.70285689199416e+006 1.99026355916576e-001 6.20513875278802e-001 1.54116911694693e+000 2.98904501205634e+000 2.37668896615059e-005 3300802 146
3.43463590887542e+005 1.70284534318349e+006 6.08415053809732e+000 9.19395743770698e-001 -1.53004742622150e+000 2.98904940435196e+000 2.38117089081123e-005 3300813 147
3.43456772111588e+005 1.70283200239034e+006 1.99027132506066e-001 6.15602190459606e-001 1.53915570741905e+000 2.99424561820298e+000 2.39200648973954e-005 3306389 148
3.43464568127333e+005 1.70285691442349e+006 6.08415130365875e+000 7.68975396182827e-001 -1.55526298364208e+000 3.00988602008630e+000 2.39865112153636e-005 3322589 149
3.43461546095033e+005 1.70285714071000e+006 1.99026965278133e-001 5.92651758417531e-001 1.52860927655873e+000 3.01624729829443e+000 2.41042677570076e-005 3329626 150
3.43465270398448e+005 1.70284702821658e+006 6.08414978214564e+000 9.69974402920750e-001 -1.52410307428205e+000 3.02571182170590e+000 2.41440953887575e-005 3339889 151
3.43451539426235e+005 1.70281457111422e+006 1.99026163681390e-001 5.41985390609993e-001 1.50051741981262e+000 3.02700169422780e+000 2.42872102114285e-005 3341364 152
3.43459868990819e+005 1.70284540993693e+006 1.99027354055387e-001 6.85242864503204e-001 1.56456301812799e+000 3.03736111088357e+000 2.43728477762389e-005 3352208 153
3.43460420116571e+005 1.70281406715772e+006 6.08414876753392e+000 7.96632859509965e-001 -1.54941450834681e+000 3.10440750481789e+000 2.44343177935436e-005 3425081 154
3.43462908853618e+005 1.70285310381651e+006 1.99028193737933e-001 3.34495943218133e-001 5.01674540696432e-001 3.10992163669526e+000 2.46338075248613e-005 3431323 155
3.43451645815057e+005 1.70281529649547e+006 1.99026141155450e-001 9.76406371136363e-001 5.20130794701987e-002 3.13869079176115e+000 2.46358504859434e-005 3462747 156
3.43464628214611e+005 1.70285677674832e+006 1.99028745917782e-001 6.72700526482757e-001 1.09634942625202e-001 3.20114648443587e+000 2.46456093985089e-005 3532361 157
3.43452664733765e+005 1.70281986177997e+006 1.99026196523563e-001 4.17906876486976e-001 1.37722005539109e+000 3.20550133687100e+000 2.48950502229766e-005 3537316 158
3.43463577503069e+005 1.70283090252974e+006 6.08414890202681e+000 8.69957297167959e-001 -1.53685466795862e+000 3.20732469689944e+000 2.49456775533535e-005 3539116 159
3.43450944111049e+005 1.70281147454091e+006 1.99026180188759e-001 4.35302426888294e-001 1.40205210623493e+000 3.24350459137697e+000 2.51747524755744e-005 3580162 160
3.43456447587734e+005 1.70283612541415e+006 1.99026480104836e-001 6.04784789369711e-001 1.53436187520981e+000 3.25149311998804e+000 2.52873996966796e-005 3588637 161
3.43456495631864e+005 1.70283332923324e+006 1.99026825470266e-001 5.53533697178936e-001 1.50761229148228e+000 3.25272432401289e+000 2.54240926967992e-005 3590110 162
3.43453120333073e+005 1.70282119669595e+006 1.99026301682481e-001 5.60988933065215e-001 1.51202261711478e+000 3.25540169430410e+000 2.55568568144735e-005 3593215 163
3.43464858111549e+005 1.70283707394210e+006 6.08414888181072e+000 9.15478090403006e-001 -1.53052680944243e+000 3.28345760448981e+000 2.56020999780438e-005 3624364 164
3.43459039184538e+005 1.70284005442221e+006 1.99027495348875e-001 4.16708191501339e-001 1.37530252250740e+000 3.30255031143592e+000 2.58530272757493e-005 3645523 165
3.43455490809024e+005 1.70283328521308e+006 1.99026263459078e-001 6.59164157010807e-001 1.55602999679556e+000 3.30775656176670e+000 2.59462877157900e-005 3651453 166
3.43453119522135e+005 1.70282041465555e+006 1.99026390235300e-001 3.11311621422763e-001 6.36860608996857e-001 3.31019507524796e+000 2.62352094490731e-005 3654088 167
3.43454388332342e+005 1.70282337844489e+006 1.99026768896250e-001 4.21210569252268e-001 1.38220564088870e+000 3.33192317883606e+000 2.64806028877549e-005 3678769 168
3.43467328354903e+005 1.70285474257071e+006 6.08414949888994e+000 9.68424883305170e-001 -1.52429482757042e+000 3.34633763937769e+000 2.65205712083586e-005 3695179 169
3.43466189745169e+005 1.70285368428479e+006 6.08415002094641e+000 8.65337974540382e-001 -1.53762168111209e+000 3.35607590719555e+000 2.65717963289734e-005 3705842 170
3.43462835037270e+005 1.70283010929573e+006 6.08414923071423e+000 8.71857651413481e-001 -1.53656703802606e+000 3.37209506612176e+000 2.66221807117021e-005 3723441 171
3.43460197421223e+005 1.70284874408975e+006 1.99027159904007e-001 6.70595518703102e-001 1.55986506256294e+000 3.37868526057209e+000 2.67119838105735e-005 3730794 172
3.43458099300055e+005 1.70284405685507e+006 1.99026509429494e-001 6.92142612225407e-001 1.56667230430006e+000 3.40402312300958e+000 2.67957553909060e-005 3758116 173
3.43468387381339e+005 1.70285579214485e+006 6.08414902075084e+000 9.92164693264616e-001 -1.52180203482162e+000 3.43452424912805e+000 2.68336454206624e-005 3791481 174
3.43456464090661e+005 1.70283551382561e+006 1.99026559026778e-001 3.01371306907724e-001 7.67828104953154e-001 3.51299223009674e+000 2.71960763609778e-005 3879069 175
3.43458501974591e+005 1.70284001954713e+006 1.99027196172033e-001 5.70695357826959e-001 1.51739170918912e+000 3.51729937592163e+000 2.73239619289374e-005 3884104 176
3.43457519807067e+005 1.70284357433907e+006 1.99026237342011e-001 6.91499415403846e-001 1.56648055101169e+000 3.58410173507540e+000 2.74079049609557e-005 3958830 177
3.43465330364019e+005 1.70285612345759e+006 1.99029216490619e-001 3.09849810464669e-001 1.02027130909146e+000 3.64091055234238e+000 2.78262792427885e-005 4021879 178
3.43460181480236e+005 1.70281344622289e+006 6.08414883152207e+000 7.48597751426997e-001 -1.55976918591876e+000 3.66395584054725e+000 2.78967741184848e-005 4047942 179
3.43459910886859e+005 1.70284334402970e+006 1.99027612833026e-001 5.37541485297388e-001 1.49754524384289e+000 3.66576389260029e+000 2.80424736408578e-005 4049813 180
3.43454717770913e+005 1.70282689916841e+006 1.99026554077279e-001 6.45013826936457e-001 1.55094853465377e+000 3.72052104340135e+000 2.81402859007147e-005 4109083 181
3.43463181574526e+005 1.70285417595650e+006 1.99028225604602e-001 6.02182765864303e-001 1.53311547883541e+000 3.73666530771345e+000 2.82540014876249e-005 4127563 182
3.43450899309593e+005 1.70281161204267e+006 1.99026139256698e-001 3.20462558020431e-001 1.09812314416944e+000 3.76658484648870e+000 2.86598683388313e-005 4161454 183
3.43455556766401e+005 1.70282873272522e+006 1.99026818832245e-001 4.21415222786401e-001 1.38249327082125e+000 3.80573985272314e+000 2.89050131236253e-005 4202757 184
3.43463228899683e+005 1.70285314882209e+006 1.99028369215271e-001 3.19088455719823e-001 5.80676895504624e-001 3.81387155765970e+000 2.91574624322376e-005 4211835 185
3.43460713971774e+005 1.70281688465413e+006 6.08414892240075e+000 7.51492137124023e-001 -1.55909804940947e+000 3.82919169099364e+000 2.92273608278197e-005 4228607 186
3.43459217602811e+005 1.70280763405218e+006 6.08414871389408e+000 8.42796849566573e-001 -1.54107324030274e+000 3.84725452336234e+000 2.92816544025878e-005 4248426 187
3.43456383260081e+005 1.70283811803749e+006 1.99026217010183e-001 3.26572927825264e-001 1.13167996963408e+000 3.85086566437857e+000 2.96774620210557e-005 4252579 188
3.43467978671244e+005 1.70285398116790e+006 6.08414904526003e+000 9.24921389192293e-001 -1.52937628971221e+000 3.90952461993503e+000 2.97216930900501e-005 4316769 189
3.43464464243124e+005 1.70284469972580e+006 6.08414997202952e+000 9.02555681533455e-001 -1.53225258903775e+000 3.94375430187345e+000 2.97683767832902e-005 4354002 190
3.43461243526558e+005 1.70281819626563e+006 6.08414877285978e+000 8.31628613846735e-001 -1.54299077318644e+000 3.94415394956088e+000 2.98242904603270e-005 4354546 191
3.43455807667502e+005 1.70283387755458e+006 1.99026374843549e-001 3.24350975168961e-001 1.12007889568773e+000 3.97433839936382e+000 3.02238714289616e-005 4386972 192
3.43460162179610e+005 1.70285188304714e+006 1.99026782752001e-001 5.86190553982755e-001 1.52544534730064e+000 3.98263678283874e+000 3.03444856558034e-005 4395957 193
3.43460339728829e+005 1.70285386685829e+006 1.99026657151880e-001 3.01371306907724e-001 9.02151283455916e-001 3.99004527161722e+000 3.07539247698292e-005 4404354 194
3.43460759676380e+005 1.70284609578132e+006 1.99027778604413e-001 4.75268338482584e-001 1.44749763557848e+000 4.10142765377346e+000 3.09440131443945e-005 4527309 195
3.43455312809473e+005 1.70282866776168e+006 1.99026688561022e-001 5.71513971963492e-001 1.51787109241005e+000 4.12711620852763e+000 3.10714993186751e-005 4554871 196
3.43461003468036e+005 1.70285629869846e+006 1.99026754912465e-001 5.70432231854502e-001 1.51719995590075e+000 4.13128468629058e+000 3.11995133868470e-005 4559662 197
3.43459942813582e+005 1.70281220395253e+006 6.08414882480612e+000 8.05549906354338e-001 -1.54768872875149e+000 4.17907214647522e+000 3.12594940609963e-005 4611108 198
3.43462895207552e+005 1.70283539735134e+006 6.08414979864481e+000 9.39364081458262e-001 -1.52755463347270e+000 4.18556902731250e+000 3.13022395063634e-005 4618391 199
3.43462746505565e+005 1.70283128789154e+006 6.08414941482030e+000 8.56274746600200e-001 -1.53896395413068e+000 4.19528371758389e+000 3.13546673171022e-005 4628868 200
3.43461854825674e+005 1.70285731045969e+006 1.99027120172073e-001 5.75431625331184e-001 1.51988450193793e+000 4.20198577341395e+000 3.14802649353095e-005 4636570 201
3.43451639518043e+005 1.70281510404343e+006 1.99026159506604e-001 5.08714573203774e-001 1.47693176534318e+000 4.21149412018598e+000 3.16444643091238e-005 4646566 202
3.43459849455613e+005 1.70281078546326e+006 6.08414871603405e+000 8.01018292384247e-001 -1.54855161854915e+000 4.22089575005491e+000 3.17051952319822e-005 4657073 203
3.43468225485386e+005 1.70285253233860e+006 6.08414874108098e+000 7.76956884014020e-001 -1.55353720404675e+000 4.24030205164378e+000 3.17701472705463e-005 4678206 204
3.43459188884098e+005 1.70280731305108e+006 6.08414869356335e+000 7.10386012982420e-001 -1.56954860362560e+000 4.29083982874866e+000 3.18492593267202e-005 4734392 205
3.43458388907900e+005 1.70284213140976e+006 1.99026892002460e-001 5.25437690564369e-001 1.48929985244301e+000 4.30906036659806e+000 3.20023469867056e-005 4754871 206
3.43464983234451e+005 1.70285567804931e+006 1.99029071303436e-001 3.00143385702925e-001 8.38393315073092e-001 4.35427840052789e+000 3.23938445849340e-005 4805354 207
3.43466401583159e+005 1.70285366046113e+006 6.08414989869628e+000 8.50076668137881e-001 -1.54001859721671e+000 4.35946229697650e+000 3.24471188114850e-005 4810834 208
3.43461736340907e+005 1.70282656772637e+006 6.08414944760773e+000 7.93416875402158e-001 -1.55008564485611e+000 4.36362022950903e+000 3.25091391872146e-005 4815391 209
3.43456780393806e+005 1.70283953234536e+006 1.99026280139810e-001 6.51650448686204e-001 1.55334545075838e+000 4.37017366308341e+000 3.26047775704201e-005 4822459 210
3.43464450836988e+005 1.70284447635890e+006 6.08414995417123e+000 9.77049567957925e-001 -1.52333606112857e+000 4.37736401749915e+000 3.26439720478202e-005 4830954 211
3.43464167759715e+005 1.70285509491377e+006 1.99028677508395e-001 3.02774645427494e-001 7.37339332102420e-001 4.38167935774474e+000 3.29912236618867e-005 4835643 212
3.43461767320796e+005 1.70284965961867e+006 1.99027941586870e-001 6.44429102553220e-001 1.55066090472121e+000 4.39804285403317e+000 3.30892307148567e-005 4852807 213
3.43461060217348e+005 1.70285353994107e+006 1.99027100927079e-001 5.65228184843688e-001 1.55847485122227e-001 4.41527829469899e+000 3.31095345758071e-005 4872325 214
3.43466354847581e+005 1.70284305154384e+006 6.08414871757554e+000 9.14133224321559e-001 -1.53071856273080e+000 4.43192422862257e+000 3.31549246535981e-005 4891449 215
3.43459175377037e+005 1.70284110459719e+006 1.99027452673651e-001 6.28319945795024e-001 1.54442892284921e+000 4.45380897510885e+000 3.32585299232324e-005 4915887 216
3.43454443928910e+005 1.70282740794142e+006 1.99026341640250e-001 3.95219570417357e-001 1.33848589114048e+000 4.48580669117883e+000 3.35382091040161e-005 4951016 217
3.43457100884666e+005 1.70284133753740e+006 1.99026255530768e-001 3.24643337360580e-001 1.12161292199469e+000 4.53546922301932e+000 3.39372944170233e-005 5005461 218
3.43461117691331e+005 1.70281694508285e+006 6.08414870145813e+000 7.86137056830850e-001 -1.55152379451888e+000 4.56279462059003e+000 3.40005871492468e-005 5035637 219
3.43457213546231e+005 1.70283236039281e+006 1.99027340860597e-001 6.48171338605940e-001 1.55209905438398e+000 4.58498104831902e+000 3.40973563529046e-005 5060315 220
3.43466860069006e+005 1.70284570713814e+006 6.08414873473940e+000 8.99047335234030e-001 -1.53273197225867e+000 4.62703830040337e+000 3.41444426314060e-005 5107633 221
3.43455945926104e+005 1.70283551191648e+006 1.99026266844212e-001 3.37975053298397e-001 1.18297397427290e+000 4.63707209693754e+000 3.45198225681167e-005 5118303 222
3.43462790159930e+005 1.70283823229754e+006 6.08415018059405e+000 8.49199581563025e-001 -1.54011447386090e+000 4.67239521844203e+000 3.45732180792114e-005 5157536 223
3.43458810098247e+005 1.70283786509167e+006 1.99027615260430e-001 4.38372229900292e-001 1.40598304864650e+000 4.70859297253952e+000 3.47989280053700e-005 5198074 224
3.43455751771275e+005 1.70282819243863e+006 1.99026990368114e-001 3.88816838420906e-001 1.32592605075228e+000 4.76467884302164e+000 3.50879552936900e-005 5259418 225
3.43466560500760e+005 1.70284728858504e+006 6.08414908378291e+000 7.95668064277623e-001 -1.54970213827937e+000 4.76784821588593e+000 3.51495897862456e-005 5262944 226
3.43464500689844e+005 1.70284245221891e+006 6.08414969565436e+000 9.51818710821222e-001 -1.52611648380993e+000 4.77925922195168e+000 3.51911117359735e-005 5276189 227
3.43466256186930e+005 1.70284518235794e+006 6.08414901577692e+000 8.05052890628586e-001 -1.54788048203986e+000 4.78247213890250e+000 3.52511741720050e-005 5279807 228
3.43463335957456e+005 1.70283904232990e+006 6.08414996479897e+000 8.23208582728114e-001 -1.54452479949339e+000 4.78260351943629e+000 3.53083561331827e-005 5279907 229
3.43454332768821e+005 1.70282361818708e+006 1.99026710254547e-001 6.23729859386609e-001 1.54260726660970e+000 4.78728660392564e+000 3.54136409495280e-005 5285366 230
3.43459805933864e+005 1.70281041628098e+006 6.08414869857275e+000 7.09041146900974e-001 -1.56993211020234e+000 4.78909006104878e+000 3.54930835344633e-005 5287450 231
3.43450710315149e+005 1.70281041886205e+006 1.99026168412068e-001 6.67087172403676e-001 1.55881041947691e+000 4.80897733326440e+000 3.55839278591590e-005 5308175 232
3.43460030243254e+005 1.70281233439734e+006 6.08414879031645e+000 8.10139992762754e-001 -1.54682583895383e+000 4.84330953301788e+000 3.56431622266337e-005 5346260 233
3.43459621598851e+005 1.70285162716366e+006 1.99026506829348e-001 3.47739950498465e-001 4.51339302499466e-001 4.85090665925060e+000 3.58092843609101e-005 5355133 234
3.43457547157977e+005 1.70283506551981e+006 1.99027221225844e-001 6.76939778261230e-001 1.56197434873501e+000 4.85941029583853e+000 3.58972481072866e-005 5364868 235
3.43451727178161e+005 1.70281463571379e+006 1.99026262278336e-001 3.51716076304480e-001 1.23206281609546e+000 4.88322132248024e+000 3.62475969406029e-005 5390866 236
3.43451580032177e+005 1.70281478243925e+006 1.99026162542872e-001 6.65420707911449e-001 1.55823515961180e+000 4.89158898883579e+000 3.63389418911583e-005 5399953 237
3.43450782976731e+005 1.70281084113583e+006 1.99026161352856e-001 4.35156245792485e-001 1.40186035294656e+000 4.92471780007179e+000 3.65681786501699e-005 5436203 238
3.43459877124804e+005 1.70284840686740e+006 1.99027017543975e-001 6.36856921790293e-001 1.54778460539567e+000 4.92688298046200e+000 3.66687614162762e-005 5438537 239
3.43461092834795e+005 1.70281704165314e+006 6.08414872647652e+000 9.18752546949136e-001 -1.53004742622150e+000 4.95085373749092e+000 3.67136497210358e-005 5464850 240
3.43454067863251e+005 1.70282361107177e+006 1.99026561577360e-001 3.65720225283021e-001 1.27261863658559e+000 4.96925388142578e+000 3.70394889221417e-005 5485298 241
3.43461689652772e+005 1.70282566991208e+006 6.08414937176455e+000 8.03240245040550e-001 -1.54816811197241e+000 4.97340907226106e+000 3.70998503474035e-005 5489780 242
3.43452540344668e+005 1.70281851378366e+006 1.99026279756801e-001 4.97867935894717e-001 1.46811111407819e+000 4.98445112965320e+000 3.72718730861327e-005 5501181 243
3.43461495121933e+005 1.70281991392629e+006 6.08414882638937e+000 9.47930293672692e-001 -1.52649999038667e+000 5.00093396844632e+000 3.73137713850324e-005 5519001 244
3.43450456779835e+005 1.70280930160560e+006 1.99026152504947e-001 4.05598428219825e-001 1.35727771340068e+000 5.00427679983423e+000 3.75790748852610e-005 5522470 245
3.43462242156257e+005 1.70282860342866e+006 6.08414939387939e+000 7.42779743813783e-001 -1.56120733558153e+000 5.00795789802498e+000 3.76507913072595e-005 5526719 246
3.43457236094387e+005 1.70283381740673e+006 1.99027187750280e-001 5.58240728463998e-001 1.51039271416364e+000 5.01453479295907e+000 3.77849845316259e-005 5533867 247
3.43457211734446e+005 1.70283479494636e+006 1.99027062742643e-001 6.63344936350956e-001 1.55746814645833e+000 5.03388928160384e+000 3.78769586003178e-005 5555244 248
3.43457209863750e+005 1.70283747227956e+006 1.99026756959676e-001 6.96264919127232e-001 1.56791870067446e+000 5.03894775377665e+000 3.79596432642134e-005 5560571 249
3.43457792517076e+005 1.70283601352033e+006 1.99027251782504e-001 3.27333069523473e-001 1.13551503540147e+000 5.05763457466696e+000 3.83541380059140e-005 5581048 250
3.43459549803257e+005 1.70284624321794e+006 1.99027079097695e-001 3.28122447440843e-001 5.30821040528581e-001 5.06239230732650e+000 3.85732213826613e-005 5586417 251
3.43460059622212e+005 1.70284307871296e+006 1.99027726961516e-001 4.01125286688057e-001 1.34931995193335e+000 5.07096419262484e+000 3.88445995533048e-005 5596107 252
3.43451375500747e+005 1.70281354703395e+006 1.99026187736535e-001 3.62153406545271e-001 1.26303097216712e+000 5.11395832235803e+000 3.91765443035639e-005 5643012 253
3.43461105362604e+005 1.70281977454991e+006 6.08414903046793e+000 8.51246116904356e-001 -1.53973096728416e+000 5.12260723393567e+000 3.92296571754536e-005 5652799 254
3.43459208102025e+005 1.70280757071515e+006 6.08414871204631e+000 8.70775911304492e-001 -1.53666291467025e+000 5.15682084782323e+000 3.92801795268467e-005 5690865 255
3.43462041399539e+005 1.70282755975758e+006 6.08414938837588e+000 8.79605249491380e-001 -1.53541651829585e+000 5.16341972467613e+000 3.93295907540281e-005 5698444 256
3.43456251668799e+005 1.70283357857239e+006 1.99026659422773e-001 3.50488155099681e-001 1.22803599703970e+000 5.16513298374341e+000 3.96821418782014e-005 5700258 257
3.43458161212860e+005 1.70284521431222e+006 1.99026412628730e-001 3.01342070688562e-001 9.01480146946623e-001 5.16595026849898e+000 4.00914511533338e-005 5701135 258
3.43456321593420e+005 1.70283457171179e+006 1.99026585844601e-001 3.82911122150206e-001 1.31355796365246e+000 5.17194382923380e+000 4.03894295901306e-005 5707662 259
3.43453107576920e+005 1.70282014257520e+006 1.99026414462279e-001 4.06855585643785e-001 1.35938699957274e+000 5.21614221214644e+000 4.06530528630661e-005 5756616 260
3.43455522074262e+005 1.70283090442750e+006 1.99026552077088e-001 6.08585497860755e-001 1.53608765480514e+000 5.23932058580860e+000 4.07641650071577e-005 5783272 261
3.43458363872902e+005 1.70283958837018e+006 1.99027167317011e-001 5.41956154390831e-001 1.50042154316843e+000 5.26852952489935e+000 4.09072958486455e-005 5815833 262
3.43456765340148e+005 1.70283875425590e+006 1.99026360204841e-001 3.29028770234862e-001 5.26410714896084e-001 5.27647069826379e+000 4.11234156337254e-005 5824392 263
3.43466196136072e+005 1.70284889499259e+006 6.08414947223105e+000 7.20004729086678e-001 -1.56705581087680e+000 5.30736123534367e+000 4.12002207035976e-005 5857980 264
3.43455647240246e+005 1.70283054815268e+006 1.99026663258723e-001 5.60871988188567e-001 1.51192674047060e+000 5.34814535362851e+000 4.13330449794428e-005 5902984 265
3.43453220103228e+005 1.70282095143037e+006 1.99026385898865e-001 3.81741673383731e-001 1.31106517090365e+000 5.37721832941337e+000 4.16328377079079e-005 5935161 266
3.43459576861786e+005 1.70280922842690e+006 6.08414869263616e+000 7.18133611060318e-001 -1.56743931745354e+000 5.38267999797864e+000 4.17100838305541e-005 5941184 267
3.43461409659467e+005 1.70282036936773e+006 6.08414892645484e+000 7.63712876733689e-001 -1.55631762672811e+000 5.44337390165209e+000 4.17775426789104e-005 6007206 268
3.43453453930382e+005 1.70282068294654e+006 1.99026548406847e-001 4.33957560806848e-001 1.40023044999542e+000 5.45770648491764e+000 4.20081103690023e-005 6023389 269
3.43464015485453e+005 1.70284056453075e+006 6.08414975459875e+000 7.26846004370558e-001 -1.56523415463729e+000 5.49209028982806e+000 4.20833333742792e-005 6062128 270
3.43454334336748e+005 1.70282326361409e+006 1.99026751496205e-001 4.17789931610328e-001 1.37702830210273e+000 5.51648609806400e+000 4.23329184456680e-005 6088832 271
3.43456083505015e+005 1.70283322230031e+006 1.99026605077976e-001 3.02891590304141e-001 7.35038292641987e-001 5.55700849566296e+000 4.26789952147650e-005 6133239 272
3.43453874950274e+005 1.70282175682482e+006 1.99026663763000e-001 4.16298884433073e-001 1.37472726264229e+000 5.56064169471768e+000 4.29304369133580e-005 6137125 273
3.43451812379863e+005 1.70281596512023e+006 1.99026159047118e-001 4.62492110708842e-001 2.35808606372265e-001 5.56456121853324e+000 4.29779516647503e-005 6141069 274
3.43459807740584e+005 1.70281070018932e+006 6.08414872986809e+000 7.61870994926490e-001 -1.55670113330485e+000 5.69234654559804e+000 4.30457701965602e-005 6281204 275
3.43460480537617e+005 1.70284574281047e+006 1.99027661261851e-001 6.60655204188063e-001 1.55650938001648e+000 5.69533149636932e+000 4.31385688504785e-005 6284388 276
3.43460583924047e+005 1.70281552111116e+006 6.08414884058731e+000 9.56174907476342e-001 -1.52554122394482e+000 5.69664262627199e+000 4.31796747036178e-005 6285838 277
3.43453482035609e+005 1.70282258191632e+006 1.99026348129401e-001 5.56545027752609e-001 1.50943394772179e+000 5.77389248810346e+000 4.33147611794286e-005 6370962 278
3.43460852542136e+005 1.70281681393197e+006 6.08414883615522e+000 8.36657243542578e-001 -1.54212788338878e+000 5.78055515352596e+000 4.33699368392286e-005 6378226 279
3.43453042172148e+005 1.70282006415457e+006 1.99026386479784e-001 3.01400543126885e-001 9.03397679830317e-001 5.78668994860628e+000 4.37796913604288e-005 6384795 280
3.43451911887320e+005 1.70281513200670e+006 1.99026310023490e-001 4.21707584978020e-001 1.38297265404218e+000 5.84773741088371e+000 4.40244847331308e-005 6451817 281
3.43460138061597e+005 1.70285405438455e+006 1.99026522008947e-001 6.36418378502865e-001 1.22578289590136e-001 5.84872037408267e+000 4.40368050580352e-005 6452814 282
3.43461937860352e+005 1.70284776592657e+006 1.99028253356297e-001 3.32361699219316e-001 1.15919656651509e+000 5.88165731212041e+000 4.44223814939287e-005 6489399 283
3.43455477923063e+005 1.70283261295774e+006 1.99026332701862e-001 5.83413113162377e-001 1.52410307428205e+000 5.89914551824649e+000 4.45442550476405e-005 6508760 284
3.43462898756745e+005 1.70282721666956e+006 6.08414886551809e+000 7.36903263762245e-001 -1.56264548524430e+000 5.90252480396572e+000 4.46172366193243e-005 6512494 285
3.43452323290653e+005 1.70281715420244e+006 1.99026312017439e-001 5.87710837379173e-001 1.52630823709830e+000 5.94019178325662e+000 4.47371701554920e-005 6553600 286
3.43462530307398e+005 1.70283175646699e+006 6.08414959015398e+000 7.96895985482422e-001 -1.54941450834681e+000 5.94958089251437e+000 4.47985955289046e-005 6564647 287
3.43452245275374e+005 1.70281780155931e+006 1.99026194311900e-001 3.15989416488663e-001 1.06926427426984e+000 6.01835484974815e+000 4.52108590869453e-005 6640198 288
3.43451250443444e+005 1.70281333770682e+006 1.99026140991195e-001 3.51774548742804e-001 1.23225456938383e+000 6.02492863040672e+000 4.55611034684946e-005 6647791 289
3.43465384598801e+005 1.70284819790325e+006 6.08414985083500e+000 8.34376818447952e-001 -1.54260726660970e+000 6.02773336137656e+000 4.56166121889459e-005 6650739 290
3.43462398139871e+005 1.70283490495853e+006 6.08415002309557e+000 7.38540492035310e-001 -1.56226197866756e+000 6.02803669505145e+000 4.56892380665234e-005 6651108 291
3.43452556716586e+005 1.70281878682058e+006 1.99026257918954e-001 3.09615920711374e-001 1.01835377620777e+000 6.03917233462989e+000 4.61078139387761e-005 6663747 292
3.43466853205545e+005 1.70285353747502e+006 6.08414962985117e+000 9.76406371136363e-001 -1.52343193777276e+000 6.07249167846640e+000 4.61470654188239e-005 6698767 293
3.43464652747634e+005 1.70284502898442e+006 6.08414990313307e+000 7.33277972586172e-001 -1.56360425168615e+000 6.08963104963910e+000 4.62208436869102e-005 6717950 294
3.43451028354156e+005 1.70281203916670e+006 1.99026163462764e-001 4.27525592591234e-001 1.39140979873043e+000 6.10192444139328e+000 4.64587404531938e-005 6731674 295
3.43465193776938e+005 1.70285031312524e+006 6.08415019926551e+000 7.23279185632809e-001 -1.56619292107913e+000 6.10582575905502e+000 4.65347823540982e-005 6735970 296
3.43454467769430e+005 1.70282825202149e+006 1.99026259022237e-001 5.84114782422262e-001 1.45780437482833e-001 6.10711434939219e+000 4.65524587838706e-005 6737428 297
3.43458104001699e+005 1.70283873363621e+006 1.99027117955857e-001 5.09913258189411e-001 1.47779465514084e+000 6.10739827613393e+000 4.67158233778034e-005 6737681 298
3.43451952678024e+005 1.70281622463734e+006 1.99026208680341e-001 6.42879582937640e-001 1.55018152150029e+000 6.19387718139083e+000 4.68143499136687e-005 6833568 299
3.43464810317051e+005 1.70285268210806e+006 6.08415068528195e+000 9.65735151142277e-001 -1.52458245750298e+000 6.23241214221858e+000 4.68545640806393e-005 6877563 300
