1.19604615963929e+005 1.73298809252454e+006 6.89071405366976e-002 6.00077758084648e-001 1.55746814645833e+000 1.44532393550726e-003 1.14666235123267e-007 1519 1
1.19603717478482e+005 1.73298042316763e+006 6.89069285182394e-002 5.78062885055753e-001 1.55382483397931e+000 1.66090005707391e-003 2.39152935809514e-007 1839 2
1.19612471484852e+005 1.73300339383667e+006 6.21426895454118e+000 9.73278095686042e-001 -1.55468772377697e+000 2.21580491382773e-003 2.78721751922130e-007 2373 3
1.19604424023772e+005 1.73298766292624e+006 6.89070473326550e-002 4.00482089866496e-001 1.49764112048708e+000 1.56190821072196e-002 5.57131691534397e-007 16834 4
1.19606578102192e+005 1.73299826439390e+006 6.89078642180368e-002 2.78888654372238e-001 1.37827469847713e+000 1.64135503467997e-002 1.16454477863139e-006 17685 5
1.19606003736495e+005 1.73299855613672e+006 6.89075227967683e-002 5.51311744522633e-001 1.54855161854915e+000 2.45589742913017e-002 1.30269427239815e-006 26502 6
1.19613133125743e+005 1.73300928170156e+006 6.21426880794747e+000 7.96135843784213e-001 -1.56370012833033e+000 3.16580723994565e-002 1.36426126923596e-006 34180 7
1.19606690509960e+005 1.73300841574309e+006 6.89075264119870e-002 4.70707488293331e-001 1.52736288018433e+000 4.14390608052068e-002 1.55972603746309e-006 45098 8
1.19606800466456e+005 1.73300524376104e+006 6.89077152847086e-002 4.35477844203266e-001 1.51422777993103e+000 7.36092526248537e-002 1.79152426500852e-006 80145 9
1.19605056287220e+005 1.73300118007971e+006 6.89068746752703e-002 5.70578412950312e-001 1.55229080767235e+000 7.45885027643454e-002 1.91962823429121e-006 81197 10
1.19603668916563e+005 1.73298035149563e+006 6.89069034697006e-002 2.01266492497448e-001 1.11327165395062e+000 9.47296505825819e-002 3.05751188970026e-006 103070 11
1.19607383325141e+005 1.73301888676249e+006 6.89075092630222e-002 3.55984564302115e-001 1.46830286736656e+000 1.08203574199968e-001 3.41734159216969e-006 117863 12
1.19606690135801e+005 1.73301533277647e+006 6.89072520343235e-002 2.41992545789946e-001 3.09537745750298e-001 1.23619643856614e-001 3.67492769550219e-006 133968 13
1.19614066237783e+005 1.73301618531241e+006 6.21426854571302e+000 7.62601900405537e-001 -1.56619292107913e+000 1.24734118068344e-001 3.74260931620667e-006 135257 14
1.19612445196657e+005 1.73297791104336e+006 6.21426795953242e+000 9.01678594958599e-001 -1.55746814645833e+000 1.25735140059803e-001 3.78942358529547e-006 136437 15
1.19613064217130e+005 1.73302468550366e+006 6.21426945809343e+000 7.84207466366166e-001 -1.56465889477218e+000 1.37418613236731e-001 3.85307006307211e-006 149352 16
1.19613229702689e+005 1.73302440001974e+006 6.89106482591427e-002 2.91547937269332e-001 2.06470353251747e-001 1.57772437978050e-001 3.96813324906711e-006 171422 17
1.19605324587070e+005 1.73299137968280e+006 6.89074172094077e-002 3.27713140372577e-001 1.44327906323435e+000 1.83856777637697e-001 4.39856435121446e-006 200674 18
1.19612442409517e+005 1.73298996194575e+006 6.21426843881943e+000 8.65221029663735e-001 -1.55938567934202e+000 2.08401752367178e-001 4.44982957694811e-006 227660 19
1.19605788844546e+005 1.73300862017029e+006 6.89070004867821e-002 5.62304562927500e-001 1.55066090472121e+000 2.09004586399322e-001 4.58211290496578e-006 228388 20
1.19606170613589e+005 1.73301223300821e+006 6.89070765374107e-002 6.93516714526015e-001 1.56926097369304e+000 2.25344514314025e-001 4.66552037172427e-006 246069 21
1.19605905659264e+005 1.73301193377957e+006 6.89069362357221e-002 6.75594912179783e-001 1.56734344080935e+000 2.29952658363084e-001 4.75387271877860e-006 251073 22
1.19604678458098e+005 1.73298873034682e+006 6.89071511463378e-002 1.83607816123672e-001 8.91988359172338e-001 2.33027758390805e-001 5.96204613254456e-006 254563 23
1.19604171852668e+005 1.73298502959128e+006 6.89070068855940e-002 2.01500382250743e-001 1.11490155690176e+000 2.37781934939434e-001 7.09793540748869e-006 260267 24
1.19606705878930e+005 1.73301611236413e+006 6.89072301759791e-002 6.00954844659504e-001 1.55737226981414e+000 2.38033529066564e-001 7.21223363953363e-006 260503 25
1.19604383730751e+005 1.73298706641429e+006 6.89070478357648e-002 5.61866019640071e-001 1.55075678136540e+000 2.45540965158611e-001 7.34474447642625e-006 268869 26
1.19613733529285e+005 1.73301596778678e+006 6.21426872816284e+000 8.05579142573500e-001 -1.56312486846522e+000 2.47189603824532e-001 7.40473461232229e-006 270666 27
1.19605217965846e+005 1.73299919254778e+006 6.89070463047009e-002 2.29596388865309e-001 3.49614183019501e-001 2.51026470160364e-001 7.72990649314131e-006 275173 28
1.19607934677269e+005 1.73301196283540e+006 6.89081003379864e-002 1.84017123191939e-001 7.01673220465712e-001 2.58639035921364e-001 8.72700137770712e-006 283565 29
1.19607059073747e+005 1.73300090374728e+006 6.89080358246067e-002 3.94313247623339e-001 1.49409368465224e+000 2.71061553600042e-001 9.01500694865012e-006 296768 30
1.19606169425374e+005 1.73301221422659e+006 6.89070765994485e-002 6.71355660401311e-001 1.56686405758843e+000 2.82834124790720e-001 9.10459116436556e-006 309642 31
1.19603949849713e+005 1.73298472665403e+006 6.89068913958111e-002 2.77719205605763e-001 1.37635716559343e+000 2.95283184810669e-001 9.71741525546222e-006 323369 32
1.19607508782349e+005 1.73301829753089e+006 6.89076046668188e-002 1.88431792285382e-001 6.18164663380840e-001 2.96933061934384e-001 1.05671340969093e-005 325042 33
1.19610031926174e+005 1.73302048390368e+006 6.89089670285337e-002 7.06673013148861e-001 1.57050737006745e+000 3.08042202786732e-001 1.06471635708172e-005 338356 34
1.19604621791452e+005 1.73298736857335e+006 6.89071725782138e-002 3.16544904652739e-001 1.43129448271126e+000 3.14125478030003e-001 1.11109663486671e-005 345530 35
1.19607784682538e+005 1.73300929147498e+006 6.89081200797054e-002 4.83688369601205e-001 1.53148557588427e+000 3.22638912545464e-001 1.12951074024623e-005 354370 36
1.19614796719726e+005 1.73301504300184e+006 6.21426808092317e+000 8.65571864293677e-001 -1.55957743263039e+000 3.24812950478993e-001 1.13463270369033e-005 356677 37
1.19612775085889e+005 1.73299808075341e+006 6.21426856958189e+000 8.87206666473468e-001 -1.55833103625599e+000 3.24943787285959e-001 1.13948382796431e-005 356817 38
1.19606940765013e+005 1.73301706595560e+006 6.89073272731273e-002 5.92710230855854e-001 1.55602999679556e+000 3.57563535933528e-001 1.15126612623588e-005 392798 39
1.19606831243697e+005 1.73299966572543e+006 6.89079540530421e-002 6.63812715857546e-001 1.56609704443495e+000 3.64511175893157e-001 1.16044999461386e-005 400673 40
1.19614970137054e+005 1.73302367955318e+006 6.89116763312714e-002 2.06119704878320e-001 4.59680570543535e-001 3.70049425928225e-001 1.21384736405328e-005 406863 41
1.19604042230580e+005 1.73298535756803e+006 6.89069194434131e-002 3.98172428552707e-001 1.49639472411267e+000 3.90905307980081e-001 1.24204228875378e-005 430634 42
1.19604102906663e+005 1.73298474134547e+006 6.89069787146529e-002 2.38542671928844e-001 1.28537023026215e+000 4.07623955824390e-001 1.32578542129251e-005 448590 43
1.19612011067078e+005 1.73300595458738e+006 6.21426932046071e+000 8.78903580231495e-001 -1.55881041947691e+000 4.21900552914184e-001 1.33073797032614e-005 464299 44
1.19606215281401e+005 1.73300030081401e+006 6.89075751342299e-002 2.21293302623335e-001 1.22295453489792e+000 4.34126426052016e-001 1.42751659256161e-005 477447 45
1.19604321151159e+005 1.73298476468725e+006 6.89071031280639e-002 5.31781950122497e-001 1.54442892284921e+000 4.39845310129910e-001 1.44247088276920e-005 483495 46
1.19612407991423e+005 1.73297721910940e+006 6.21426795347179e+000 9.72605662645319e-001 -1.55449597048860e+000 4.42496520865543e-001 1.44643377305852e-005 486368 47
1.19605374152540e+005 1.73299173153081e+006 6.89074317289406e-002 3.81098476562169e-001 1.48623179982910e+000 4.47993262548076e-001 1.47745751060687e-005 492380 48
1.19612569229283e+005 1.73300181936891e+006 6.21426883599770e+000 8.15636401965187e-001 -1.56235785531175e+000 4.52726920754819e-001 1.48329495439258e-005 497580 49
1.19610154018634e+005 1.73302386666411e+006 6.89089030642191e-002 5.88470979077382e-001 1.55526298364208e+000 4.74752549930751e-001 1.49526465224507e-005 521575 50
1.19604480179765e+005 1.73298999109502e+006 6.89069873033885e-002 4.91172841706646e-001 1.53388249198889e+000 4.85334543577122e-001 1.51306871742824e-005 533063 51
1.19612716741975e+005 1.73298685337059e+006 6.21426815804928e+000 9.62080623747042e-001 -1.55497535370952e+000 4.87170369549990e-001 1.51712764320607e-005 535226 52
1.19603462926523e+005 1.73297772605206e+006 6.89068892315220e-002 3.98055483676060e-001 1.49639472411267e+000 4.90892809322342e-001 1.54534079459453e-005 539536 53
1.19603455397538e+005 1.73297775043598e+006 6.89068839410912e-002 2.99120118032259e-001 1.40962636112552e+000 4.90944314305517e-001 1.59770146138170e-005 539581 54
1.19607274245473e+005 1.73301366485098e+006 6.89076535944910e-002 6.43727433293334e-001 1.56350837504196e+000 5.06149515935902e-001 1.60752741527939e-005 557161 55
1.19612546916963e+005 1.73298402789547e+006 6.21426814358115e+000 8.66098116238591e-001 -1.55928980269784e+000 5.10766913157561e-001 1.61264251773071e-005 562029 56
1.19606625714408e+005 1.73300052194128e+006 6.89078020805475e-002 2.87893409874097e-001 1.39303970168157e+000 5.37969664422331e-001 1.66943922645978e-005 591573 57
1.19614013284445e+005 1.73300630604492e+006 6.21426818452614e+000 7.86107820611688e-001 -1.56437126483963e+000 5.40854694405808e-001 1.67577006260306e-005 594848 58
1.19612831385906e+005 1.73299164008331e+006 6.21426828194919e+000 7.36581665351464e-001 -1.56811045396283e+000 5.49023059062087e-001 1.68307544810361e-005 603453 59
1.19605735833882e+005 1.73299600440134e+006 6.89074700817787e-002 4.98072589428850e-001 1.53580002487259e+000 5.61013660156611e-001 1.70034260674883e-005 616503 60
1.19605372044126e+005 1.73300310820813e+006 6.89069795907624e-002 2.47985970718131e-001 1.31211981398968e+000 5.63465129846864e-001 1.77780590108417e-005 619632 61
1.19608040699582e+005 1.73302415207812e+006 6.89076780925389e-002 1.82496839795521e-001 7.62459012878811e-001 5.65321854081219e-001 1.88646334366389e-005 621955 62
1.19607681436787e+005 1.73301541045577e+006 6.89078182530326e-002 3.70953508512997e-001 1.47932868144780e+000 5.69166089818720e-001 1.91936430345312e-005 626194 63
1.19613115231686e+005 1.73299510873861e+006 6.21426825642978e+000 8.43381573949811e-001 -1.56063207571642e+000 5.81471915022759e-001 1.92478749846822e-005 639910 64
1.19613903206187e+005 1.73299884207093e+006 6.21426795188155e+000 7.26348988644806e-001 -1.56906922040468e+000 5.88218420618568e-001 1.93232123290292e-005 647094 65
1.19606807510673e+005 1.73300533600176e+006 6.89077156741045e-002 4.72666314977177e-001 1.52803401669362e+000 5.89241980286568e-001 1.95169050312567e-005 648539 66
1.19611815077839e+005 1.73301029159442e+006 6.21426960492578e+000 8.07771859010641e-001 -1.56293311517685e+000 5.93041807263818e-001 1.95765374034132e-005 652534 67
1.19614413668006e+005 1.73300613581168e+006 6.21426794783962e+000 8.64168525773907e-001 -1.55957743263039e+000 5.94319512191291e-001 1.96279402043984e-005 653750 68
1.19609522655963e+005 1.73302411777108e+006 6.89085305257073e-002 1.82292186261388e-001 7.81634341715751e-001 5.96882284089086e-001 2.07388663909817e-005 656639 69
1.19612975292066e+005 1.73301935937734e+006 6.21426929804791e+000 7.22928351002866e-001 -1.56954860362560e+000 6.05753994075686e-001 2.08149902491715e-005 666468 70
1.19614574712656e+005 1.73301172557009e+006 6.21426807692259e+000 7.97860780714764e-001 -1.56360425168615e+000 6.10495340020476e-001 2.08762647530355e-005 671709 71
1.19612026819817e+005 1.73300780649004e+006 6.21426938481945e+000 9.09133830844878e-001 -1.55737226981414e+000 6.14177720872482e-001 2.09222385485895e-005 675785 72
1.19608039185634e+005 1.73302143032447e+006 6.89077851020777e-002 2.21117885308364e-001 1.22199576845607e+000 6.16525588982594e-001 2.18913771884810e-005 678421 73
1.19604572341148e+005 1.73299035645677e+006 6.89070257502943e-002 6.07562230190089e-001 1.55861866618854e+000 6.23207748422238e-001 2.20029603861635e-005 685783 74
1.19612829486996e+005 1.73302138669795e+006 6.21426946214053e+000 8.22857748098171e-001 -1.56207022537919e+000 6.33627681721729e-001 2.20602135750961e-005 697131 75
1.19604466232519e+005 1.73298607763869e+006 6.89071344081813e-002 2.03663862468722e-001 1.12985831339457e+000 6.54555089057471e-001 2.31777387629813e-005 720100 76
1.19604416927118e+005 1.73298666156073e+006 6.89070829474221e-002 3.73263169826786e-001 1.48115033768731e+000 6.60378633618744e-001 2.35023398438198e-005 726549 77
1.19612624012013e+005 1.73298440800317e+006 6.21426811437232e+000 8.96737673920241e-001 -1.55775577639088e+000 6.71340982070162e-001 2.35497236399931e-005 738230 78
1.19604954979789e+005 1.73298868645666e+006 6.89073116930101e-002 5.34033138997962e-001 1.54490830607013e+000 6.75318076929859e-001 2.36978850462926e-005 742978 79
1.19608689801855e+005 1.73302701946614e+006 6.89079372142012e-002 5.36752107380017e-001 1.54519593600269e+000 6.82764801731469e-001 2.38444013982636e-005 751226 80
1.19606380519030e+005 1.73300337169529e+006 6.89075483117220e-002 1.84075595630262e-001 9.05123459425642e-001 6.87321399974197e-001 2.50584568602929e-005 756292 81
1.19604605962981e+005 1.73298727152108e+006 6.89071673346753e-002 6.39809779925643e-001 1.56322074510941e+000 7.07753916365648e-001 2.51580446993951e-005 778338 82
1.19605161325298e+005 1.73299806315800e+006 6.89070585405881e-002 3.65837170159668e-001 1.47587712225715e+000 7.15171208376484e-001 2.54971527528898e-005 786579 83
1.19606857864522e+005 1.73299994220489e+006 6.89079583826663e-002 6.96264919127232e-001 1.56964448026978e+000 7.17761741703456e-001 2.55798377042802e-005 789476 84
1.19612365355877e+005 1.73299858190810e+006 6.21426882475431e+000 7.24185508426827e-001 -1.56926097369304e+000 7.22408431976462e-001 2.56556711092747e-005 794314 85
1.19612439449581e+005 1.73297784190430e+006 6.21426796009237e+000 9.47988766111016e-001 -1.55545473693045e+000 7.27174503175279e-001 2.56975999218949e-005 799224 86
1.19612843884867e+005 1.73298571229522e+006 6.21426803979962e+000 9.09309248159849e-001 -1.55718051652577e+000 7.36302976612349e-001 2.57435540889187e-005 809399 87
1.19613358037469e+005 1.73299137563419e+006 6.21426796901022e+000 9.98187354411964e-001 -1.55372895733512e+000 7.58570789351161e-001 2.57809824574803e-005 835116 88
1.19605267823929e+005 1.73299399667460e+006 6.89072808823926e-002 6.93896785375120e-001 1.56945272698141e+000 7.59052992234882e-001 2.58642894730346e-005 835655 89
1.19605063892055e+005 1.73298951135964e+006 6.89073415453882e-002 6.32062181847744e-001 1.56216610202338e+000 7.60215242026734e-001 2.59665817740175e-005 836969 90
1.19607968141454e+005 1.73301090200533e+006 6.89081616036954e-002 5.69993688567074e-001 1.55209905438398e+000 7.67349735272239e-001 2.60949745754518e-005 844752 91
1.19613464187854e+005 1.73299242560453e+006 6.21426794966775e+000 7.75202710864307e-001 -1.56504240134892e+000 7.67896902550514e-001 2.61602590455119e-005 845317 92
1.19614446586532e+005 1.73300969327192e+006 6.21426806994745e+000 9.22377838125209e-001 -1.55679700994903e+000 7.85978793675023e-001 2.62047927317645e-005 865580 93
1.19611828715118e+005 1.73302326324821e+006 6.21427011125601e+000 8.52649455424127e-001 -1.56034444578387e+000 7.96036405978860e-001 2.62577361320819e-005 877004 94
1.19603988375367e+005 1.73298219606543e+006 6.89070138243972e-002 4.41763631323070e-001 1.51700820261238e+000 8.08368629765333e-001 2.64823746570509e-005 890724 95
1.19613259097061e+005 1.73299342818080e+006 6.21426810719255e+000 8.73114808837442e-001 -1.55900217276528e+000 8.16000644814872e-001 2.65326255181976e-005 899481 96
1.19612769994767e+005 1.73298706654735e+006 6.21426813591618e+000 8.97205453426831e-001 -1.55775577639088e+000 8.30238449074549e-001 2.65799549810882e-005 915199 97
1.19605538713656e+005 1.73300135453547e+006 6.89071448171414e-002 1.90273674092581e-001 5.93716119113742e-001 8.36927932905670e-001 2.73828430045689e-005 922264 98
1.19604723704217e+005 1.73298895563122e+006 6.89071682018463e-002 1.92144792118941e-001 1.03311877941221e+000 8.39975970606429e-001 2.85892408478073e-005 925754 99
1.19612399908003e+005 1.73297765493273e+006 6.21426797538989e+000 8.06543937805842e-001 -1.56274136188849e+000 8.53091164803161e-001 2.86490730429228e-005 939962 100
1.19612165239949e+005 1.73302681424349e+006 6.21427005874409e+000 8.58438226818179e-001 -1.56005681585131e+000 8.70551339158613e-001 2.87012340228226e-005 958893 101
1.19612999300440e+005 1.73300629643106e+006 6.21426876647209e+000 8.36715715980902e-001 -1.56111145893735e+000 8.82440668447771e-001 2.87564212899591e-005 972010 102
1.19604296731667e+005 1.73298836756523e+006 6.89069462992603e-002 4.16415829309720e-001 1.50579063524277e+000 8.92720672672322e-001 2.90120752554479e-005 983416 103
1.19606398384176e+005 1.73301217250132e+006 6.89072097430336e-002 5.21783163169134e-001 1.54184025345622e+000 9.00980337573920e-001 2.91679839970858e-005 992102 104
1.19613787303782e+005 1.73301221601270e+006 6.21426854856725e+000 9.47988766111016e-001 -1.55574236686300e+000 9.11869312491846e-001 2.92099129930054e-005 1004602 105
1.19608341626175e+005 1.73301001078336e+006 6.89084114189491e-002 4.65912748350782e-001 1.52573297723319e+000 9.14411180460581e-001 2.94098160689133e-005 1007750 106
1.19604212274991e+005 1.73298418374805e+006 6.89070636263875e-002 3.28882589139052e-001 1.44452545960875e+000 9.14658108268089e-001 2.98369550868145e-005 1008072 107
1.19604863492253e+005 1.73299156361958e+006 6.89071451114714e-002 2.75760378921917e-001 1.37280972975860e+000 9.15453050128521e-001 3.04589581182937e-005 1009069 108
1.19612440576383e+005 1.73297852524496e+006 6.21426798653239e+000 7.56140695970762e-001 -1.56638467436750e+000 9.25963970295705e-001 3.05279186688793e-005 1020923 109
1.19612420901171e+005 1.73299873252857e+006 6.21426879882507e+000 8.91241264717808e-001 -1.55813928296762e+000 9.38045293296115e-001 3.05759479710420e-005 1034015 110
1.19614134250887e+005 1.73302260967705e+006 6.21426876130250e+000 7.12900327830342e-001 -1.57050737006745e+000 9.42071483452984e-001 3.06544475422727e-005 1038043 111
1.19604561152058e+005 1.73298622960762e+006 6.89071828972725e-002 4.39249316475148e-001 1.51595355952635e+000 9.42733305572208e-001 3.08819116298032e-005 1038734 112
1.19612830587432e+005 1.73301879223828e+006 6.21426935867058e+000 9.61495899363805e-001 -1.55526298364208e+000 9.45878597663494e-001 3.09225553954010e-005 1042385 113
1.19604311136509e+005 1.73298565769014e+006 6.89070619812622e-002 3.48529328415836e-001 1.46255026871548e+000 9.49976701057041e-001 3.12993067527836e-005 1046820 114
1.19607740725302e+005 1.73300840300109e+006 6.89081300511527e-002 2.05476508056758e-001 1.14136351069674e+000 9.53396964251025e-001 3.24011360358780e-005 1050616 115
1.19603826261179e+005 1.73298249345957e+006 6.89069089339001e-002 4.97663282360584e-001 1.53580002487259e+000 9.61727682223552e-001 3.25741202097366e-005 1060281 116
1.19606406386622e+005 1.73299837703388e+006 6.89077611373063e-002 5.33126816203944e-001 1.54462067613758e+000 9.69747051035595e-001 3.27228351956164e-005 1069045 117
1.19607895127800e+005 1.73302419945052e+006 6.89075926144125e-002 2.00681768114210e-001 1.10847782174139e+000 9.70049998887704e-001 3.38653093886421e-005 1069312 118
1.19613942215706e+005 1.73301720664571e+006 6.21426865742167e+000 7.41347169074851e-001 -1.56791870067446e+000 9.82226563780533e-001 3.39373340628762e-005 1082971 119
1.19606792884366e+005 1.73301092042984e+006 6.89074859293380e-002 3.62182642764433e-001 1.47309669957579e+000 9.90364633430992e-001 3.42839223467654e-005 1091500 120
1.19614893418460e+005 1.73302033780496e+006 6.21426823526685e+000 8.85160131132137e-001 -1.55861866618854e+000 9.93724197663893e-001 3.43326808576962e-005 1095090 121
1.19612443487882e+005 1.73297832911254e+006 6.21426797708575e+000 8.78143438533286e-001 -1.55861866618854e+000 9.95906613977643e-001 3.43823005970139e-005 1097285 122
1.19612514584505e+005 1.73298523983120e+006 6.21426821018976e+000 7.26144335110673e-001 -1.56897334376049e+000 1.00316915307650e+000 3.44576846485192e-005 1105124 123
1.19603703153766e+005 1.73298067404087e+006 6.89069103477865e-002 4.25742183222360e-001 1.51020096087527e+000 1.00647942742288e+000 3.47012470137231e-005 1108592 124
1.19606365113831e+005 1.73299716181474e+006 6.89077856013284e-002 6.94159911347577e-001 1.56945272698141e+000 1.00746289491392e+000 3.47844845732941e-005 1109683 125
1.19612557592295e+005 1.73300718574989e+006 6.21426905539423e+000 7.70407970921759e-001 -1.56552178456984e+000 1.00990733465903e+000 3.48506664327070e-005 1112430 126
1.19612349422580e+005 1.73299130050449e+006 6.21426854528072e+000 9.08227508050860e-001 -1.55727639316996e+000 1.01447598928388e+000 3.48967411594169e-005 1117802 127
1.19605811065752e+005 1.73300076639396e+006 6.89073245400534e-002 3.40723257899614e-001 1.45564715033418e+000 1.02101913621988e+000 3.52924367094637e-005 1125225 128
1.19612519697098e+005 1.73298105112450e+006 6.21426804121696e+000 7.42311964307193e-001 -1.56753519409772e+000 1.02486308138365e+000 3.53642555140732e-005 1129705 129
1.19612585011453e+005 1.73298428478828e+006 6.21426813188635e+000 9.09046122187392e-001 -1.55718051652577e+000 1.02722552979019e+000 3.54102389496196e-005 1132022 130
1.19614520285221e+005 1.73300858529529e+006 6.21426798370404e+000 9.17816987935956e-001 -1.55698876323740e+000 1.04001479535257e+000 3.54552610645509e-005 1145672 131
1.19606668035628e+005 1.73300101068413e+006 6.89078070135495e-002 3.20608739116240e-001 1.43570480834376e+000 1.05743598971580e+000 3.59065034874468e-005 1165280 132
1.19605908760274e+005 1.73299820037011e+006 6.89074823532777e-002 2.30561184097651e-001 1.25890827646718e+000 1.07708025742129e+000 3.68017170408352e-005 1187550 133
1.19613638845009e+005 1.73301441787882e+006 6.21426872110406e+000 8.02480103342341e-001 -1.56331662175359e+000 1.08463904199474e+000 3.68622181232366e-005 1195982 134
1.19606210733644e+005 1.73299611467697e+006 6.89077384456804e-002 4.20187301581603e-001 1.50751641483810e+000 1.08564481688450e+000 3.71128787659136e-005 1197012 135
1.19604389026622e+005 1.73298555248655e+006 6.89071108836932e-002 5.71426263306006e-001 1.55257843760491e+000 1.09597245760047e+000 3.72405656201394e-005 1208313 136
1.19606543320210e+005 1.73299951430105e+006 6.89077947009154e-002 6.39137346884919e-001 1.56302899182104e+000 1.11453113931016e+000 3.73403839647740e-005 1228677 137
1.19613334613040e+005 1.73301128779546e+006 6.21426877175214e+000 8.24611921247884e-001 -1.56187847209082e+000 1.12088800752113e+000 3.73973694545255e-005 1235903 138
1.19612641842028e+005 1.73298725665061e+006 6.21426821705011e+000 9.69740513167455e-001 -1.55468772377697e+000 1.12939029599411e+000 3.74372565265971e-005 1245443 139
1.19612439720472e+005 1.73297823356744e+006 6.21426797546206e+000 8.76243084287763e-001 -1.55871454283273e+000 1.14614785359268e+000 3.74871133804502e-005 1263857 140
1.19609935329549e+005 1.73302319618253e+006 6.89088040486564e-002 6.63052574159337e-001 1.56580941450240e+000 1.15497094437080e+000 3.75791837253753e-005 1273900 141
1.19612300293300e+005 1.73298982831327e+006 6.21426851513996e+000 7.60993908351634e-001 -1.56609704443495e+000 1.16587406285374e+000 3.76471803418149e-005 1285613 142
1.19606365217867e+005 1.73301894106312e+006 6.89069224196803e-002 1.83403162589539e-001 7.20465042725913e-001 1.17336640893385e+000 3.86737884797300e-005 1293420 143
1.19604861923426e+005 1.73299306326416e+006 6.89070847703064e-002 4.58925291971093e-001 1.52343193777276e+000 1.17638569045895e+000 3.88804268571251e-005 1296873 144
1.19604536517773e+005 1.73299061803319e+006 6.89069948089842e-002 3.32624825191773e-001 1.44816877208777e+000 1.18937904881540e+000 3.92972548449061e-005 1310462 145
1.19612567340160e+005 1.73298128704882e+006 6.21426802320720e+000 7.31172964806517e-001 -1.56849396053957e+000 1.18951841250460e+000 3.93715029319033e-005 1310628 146
1.19604595346771e+005 1.73298625688763e+006 6.89072014541208e-002 4.55329237014182e-001 1.52218554139836e+000 1.19814079502897e+000 3.95817360776985e-005 1319778 147
1.19607837477984e+005 1.73301363012588e+006 6.89079784318721e-002 5.45493736909419e-001 1.54720934553056e+000 1.19852593666887e+000 3.97231435578874e-005 1320258 148
1.19614151247040e+005 1.73301762919839e+006 6.21426855412573e+000 8.73319462371575e-001 -1.55919392605365e+000 1.19855768161024e+000 3.97733686286335e-005 1320309 149
1.19612492965340e+005 1.73301638129084e+006 6.21426945700023e+000 8.49901250822910e-001 -1.56044032242805e+000 1.20299709685999e+000 3.98266894431800e-005 1325056 150
1.19613120438849e+005 1.73302412938264e+006 6.21426940376264e+000 9.16413649416186e-001 -1.55718051652577e+000 1.20752856740046e+000 3.98718634931775e-005 1329751 151
1.19608226140937e+005 1.73301501920501e+006 6.89081465807063e-002 1.89981311900962e-001 5.97455308236946e-001 1.20827045877737e+000 4.06819296501870e-005 1330549 152
1.19613904144245e+005 1.73301015770988e+006 6.21426839987886e+000 7.09801288599182e-001 -1.57069912335582e+000 1.22903970695412e+000 4.07611852156447e-005 1353507 153
1.19613218003402e+005 1.73300208287047e+006 6.21426847385310e+000 7.59853695804320e-001 -1.56628879772332e+000 1.23391415627296e+000 4.08294065683111e-005 1358992 154
1.19606157056311e+005 1.73300401193920e+006 6.89073946009067e-002 2.57692395479875e-001 1.33599309839167e+000 1.25569842021252e+000 4.15455889524509e-005 1383702 155
1.19613984894483e+005 1.73300559934526e+006 6.21426817281783e+000 8.76973989766810e-001 -1.55890629612110e+000 1.26097014938342e+000 4.15953545504324e-005 1389596 156
1.19612432026366e+005 1.73297799632536e+006 6.21426797047671e+000 8.56245510381038e-001 -1.55976918591876e+000 1.26261214139995e+000 4.16478096859261e-005 1391434 157
1.19606645097664e+005 1.73301750366271e+006 6.89071401246872e-002 3.27274597085149e-001 1.44260792672506e+000 1.26278146654498e+000 4.20794734613133e-005 1391593 158
1.19612552675525e+005 1.73298068806738e+006 6.21426800788601e+000 8.65571864293677e-001 -1.55928980269784e+000 1.27594926621538e+000 4.21306929283485e-005 1406704 159
1.19613523120534e+005 1.73299920463109e+006 6.21426818453560e+000 9.52461907642784e-001 -1.55545473693045e+000 1.28413176188741e+000 4.21721897495165e-005 1415811 160
1.19604361702887e+005 1.73298614676780e+006 6.89070716364647e-002 5.65315893501173e-001 1.55142791787469e+000 1.28824172237435e+000 4.23029297853277e-005 1420098 161
1.19605262551872e+005 1.73300264370003e+006 6.89069351208008e-002 2.38659616805492e-001 1.28556198355052e+000 1.29136290435244e+000 4.31395056665332e-005 1423694 162
1.19607527493233e+005 1.73300405681152e+006 6.89081798603132e-002 4.76788621879002e-001 1.52937628971221e+000 1.29292631969878e+000 4.33295439520552e-005 1425557 163
1.19604727248274e+005 1.73299325871847e+006 6.89069996792102e-002 5.19561210512832e-001 1.54145674687948e+000 1.29376750474769e+000 4.34869215676057e-005 1426507 164
1.19612319576103e+005 1.73299152868513e+006 6.21426857146636e+000 8.46217487208513e-001 -1.56044032242805e+000 1.29513655303478e+000 4.35407543732487e-005 1428099 165
1.19609869606471e+005 1.73301824653012e+006 6.89089624915627e-002 4.16152703337263e-001 1.50540712866604e+000 1.29787084349744e+000 4.37967576835008e-005 1431006 166
1.19605186305161e+005 1.73299891909038e+006 6.89070389607607e-002 4.14427766406712e-001 1.50473599215674e+000 1.29839485303014e+000 4.40550996264302e-005 1431449 167
1.19607441602814e+005 1.73301248029784e+006 6.89077966578444e-002 4.68514771856190e-001 1.52659586703085e+000 1.30744429556314e+000 4.42525759737264e-005 1440999 168
1.19603969078176e+005 1.73298416439822e+006 6.89069247244967e-002 1.83052327959597e-001 7.32545499893185e-001 1.31008694951216e+000 4.52976287442555e-005 1443911 169
1.19612661279561e+005 1.73298210484421e+006 6.21426800167417e+000 8.30079094231155e-001 -1.56130321222571e+000 1.31606493021554e+000 4.53537914829605e-005 1450197 170
1.19613351254012e+005 1.73300766604610e+006 6.21426861863574e+000 8.88843894746534e-001 -1.55833103625599e+000 1.31617062093972e+000 4.54021063586389e-005 1450314 171
1.19614242301352e+005 1.73302001444427e+006 6.21426859638045e+000 9.59332419145826e-001 -1.55535886028626e+000 1.31737323925244e+000 4.54429521088045e-005 1451718 172
1.19604538657172e+005 1.73298849951504e+006 6.89070800076567e-002 3.76742279907049e-001 1.48345137714774e+000 1.32082346255373e+000 4.57610599258104e-005 1455687 173
1.19604695761425e+005 1.73299015373300e+006 6.89071046659745e-002 4.55680071644124e-001 1.52228141804254e+000 1.32523581939328e+000 4.59709381187248e-005 1460697 174
1.19614864115231e+005 1.73301312934039e+006 6.21426796636377e+000 7.98036198029735e-001 -1.56360425168615e+000 1.33254307176024e+000 4.60321829950845e-005 1469170 175
1.19613209906256e+005 1.73301862785505e+006 6.21426913431504e+000 7.94469379291986e-001 -1.56389188161870e+000 1.34162780911688e+000 4.60940345445513e-005 1479276 176
1.19605821586525e+005 1.73299500081454e+006 6.89075591080238e-002 3.64609248954869e-001 1.47501423245949e+000 1.35913410574421e+000 4.64356319695000e-005 1499512 177
1.19614942619510e+005 1.73302272896947e+006 6.21426830179247e+000 9.45415978824771e-001 -1.55593412015137e+000 1.36332155059102e+000 4.64778125220032e-005 1504351 178
1.19615528768157e+005 1.73302580545205e+006 6.89119128808703e-002 9.85235709323251e-001 1.76892408520768e-002 1.37479357587645e+000 4.64784939640435e-005 1516695 179
1.19606084536868e+005 1.73301516557788e+006 6.89069108698393e-002 4.70298181225064e-001 1.52717112689596e+000 1.38010391859508e+000 4.66743315466108e-005 1522582 180
1.19608629052807e+005 1.73301531916074e+006 6.89083660811930e-002 5.87476947625878e-001 1.55516710699789e+000 1.38259430040281e+000 4.67944743672463e-005 1525418 181
1.19604160173356e+005 1.73298797316625e+006 6.89068835059505e-002 2.31350562015022e-001 1.26178457579272e+000 1.38610809111573e+000 4.76838020404153e-005 1529174 182
1.19612869924736e+005 1.73300548641030e+006 6.21426880866430e+000 7.41317932855689e-001 -1.56782282403027e+000 1.40231393244178e+000 4.77558329437393e-005 1546708 183
1.19610408796688e+005 1.73302385761458e+006 6.89090497395158e-002 2.93506763953178e-001 1.40128509308145e+000 1.41108953882268e+000 4.83009643579179e-005 1556257 184
1.19604903488372e+005 1.73299520687961e+006 6.89070236765051e-002 5.30495556479375e-001 1.54404541627247e+000 1.42141925366790e+000 4.84513046645788e-005 1567808 185
1.19612943869786e+005 1.73300229846736e+006 6.21426863983326e+000 7.86984907186545e-001 -1.56427538819544e+000 1.43545330264322e+000 4.85144578662702e-005 1582560 186
1.19603486028844e+005 1.73297836220213e+006 6.89068772846360e-002 2.43045049679774e-001 3.06469693136387e-001 1.43609810744510e+000 4.87671475302804e-005 1583377 187
1.19613485585975e+005 1.73300015621280e+006 6.21426824381107e+000 7.23279185632809e-001 -1.56935685033723e+000 1.43717828267029e+000 4.88431901581232e-005 1584513 188
1.19612779318152e+005 1.73299252815703e+006 6.21426834705392e+000 7.80465230313446e-001 -1.56465889477218e+000 1.44565064845852e+000 4.89075099577552e-005 1594373 189
1.19604983758001e+005 1.73299464299364e+006 6.89070921256038e-002 4.20362718896574e-001 1.50761229148228e+000 1.44840508570382e+000 4.91579420568603e-005 1597231 190
1.19605554131311e+005 1.73299384399177e+006 6.89074513606476e-002 2.82426236890826e-001 1.38431492706076e+000 1.45322107412148e+000 4.97494275091584e-005 1602380 191
1.19604534022004e+005 1.73298700583086e+006 6.89071365497562e-002 3.30636762288765e-001 1.44625123920408e+000 1.46126209765398e+000 5.01716887005048e-005 1611345 192
1.19612622318372e+005 1.73298215505924e+006 6.21426802604022e+000 7.07374682408746e-001 -1.57069912335582e+000 1.46752007554901e+000 5.02515436365354e-005 1618611 193
1.19612670777496e+005 1.73299575369263e+006 6.21426853724480e+000 9.66495292840486e-001 -1.55487947706534e+000 1.47452762271252e+000 5.02917260708721e-005 1626041 194
1.19613399874060e+005 1.73299421250756e+006 6.21426805743414e+000 8.71389871906892e-001 -1.55909804940947e+000 1.47682475437240e+000 5.03421960889127e-005 1628515 195
1.19612733419294e+005 1.73299927141476e+006 6.21426864070697e+000 9.74973796397431e-001 -1.55459184713279e+000 1.48080710096478e+000 5.03816135998023e-005 1632321 196
1.19612797360965e+005 1.73298562857817e+006 6.21426806319996e+000 9.47228624412807e-001 -1.55555061357463e+000 1.48377494990319e+000 5.04236165340762e-005 1635422 197
1.19605564121327e+005 1.73300494874670e+006 6.89070169488522e-002 5.77068853604249e-001 1.55344132740257e+000 1.49186200537801e+000 5.05485746565654e-005 1644848 198
1.19604456755598e+005 1.73299156676863e+006 6.89069113972597e-002 2.95231700883729e-001 1.40406551576281e+000 1.49656747496200e+000 5.10869776062540e-005 1650024 199
1.19604680443707e+005 1.73299562703326e+006 6.89068789287266e-002 3.69462461335741e-001 1.47846579165014e+000 1.50799444936836e+000 5.14188890234308e-005 1662799 200
1.19603619709698e+005 1.73297973368385e+006 6.89068996977439e-002 1.87379288395555e-001 9.71661850489822e-001 1.51214714425074e+000 5.26447203506613e-005 1667322 201
1.19612533011977e+005 1.73299275952042e+006 6.21426849767865e+000 8.17478283772385e-001 -1.56216610202338e+000 1.52120823314233e+000 5.27028057296166e-005 1677273 202
1.19607795613623e+005 1.73302713204299e+006 6.89074192292302e-002 3.30695234727089e-001 1.44596360927152e+000 1.52410183183667e+000 5.31248874633024e-005 1680574 203
1.19605681780622e+005 1.73299390167015e+006 6.89075223835510e-002 4.10480876819859e-001 1.50281845927305e+000 1.53027543091079e+000 5.33886918669236e-005 1687554 204
1.19612606194382e+005 1.73299762970170e+006 6.21426864869709e+000 8.16601197197529e-001 -1.56226197866756e+000 1.53675606359800e+000 5.34469146352819e-005 1695126 205
1.19612959706675e+005 1.73300705041580e+006 6.21426881909722e+000 7.75553545494250e-001 -1.56513827799310e+000 1.54426484389064e+000 5.35121341871055e-005 1702900 206
1.19605743634620e+005 1.73300693379026e+006 6.89070413638843e-002 4.37115072476331e-001 1.51489891644032e+000 1.55040521596146e+000 5.37420353349100e-005 1710029 207
1.19612834620494e+005 1.73298632775971e+006 6.21426806951663e+000 7.28395523986138e-001 -1.56878159047212e+000 1.55500379033365e+000 5.38169077466590e-005 1715425 208
1.19607609199024e+005 1.73301375684111e+006 6.89078423101520e-002 5.64526515583802e-001 1.55104441129795e+000 1.56254612484270e+000 5.39480493266430e-005 1723667 209
1.19612841808317e+005 1.73298688894444e+006 6.21426808763348e+000 9.45123616633152e-001 -1.55564649021882e+000 1.56529969225137e+000 5.39902584079382e-005 1726704 210
1.19607049519310e+005 1.73301448908916e+006 6.89074918661861e-002 3.55692202110496e-001 1.46811111407819e+000 1.57374997794870e+000 5.43507319937366e-005 1736043 211
1.19607205905314e+005 1.73301590799983e+006 6.89075254378645e-002 5.14941887885255e-001 1.54011447386090e+000 1.58021584224959e+000 5.45112257565115e-005 1743243 212
1.19605964071229e+005 1.73299468345554e+006 6.89076535159855e-002 6.03469159507426e-001 1.55794752967925e+000 1.58034056943847e+000 5.46244797872971e-005 1743465 213
1.19607495409444e+005 1.73302347714251e+006 6.89073916890923e-002 2.54856482221173e-001 1.32918585665456e+000 1.58156146459717e+000 5.53570998383516e-005 1744812 214
1.19604043833770e+005 1.73298264140827e+006 6.89070280226322e-002 6.64222022925812e-001 1.56628879772332e+000 1.58482031180878e+000 5.54488141448343e-005 1748581 215
1.19604617765563e+005 1.73299126639941e+006 6.89070157709721e-002 3.95687349923947e-001 1.49495657444990e+000 1.58919434267885e+000 5.57346428033317e-005 1753484 216
1.19606545619688e+005 1.73300416035040e+006 6.89076118692911e-002 3.53645666769164e-001 1.46657708777123e+000 1.59669286717189e+000 5.60996634959699e-005 1761723 217
1.19608479857028e+005 1.73302136205972e+006 6.89080408815911e-002 4.14427766406712e-001 1.50454423886837e+000 1.60175930497223e+000 5.63580021568897e-005 1767207 218
1.19612430643028e+005 1.73302536030726e+006 6.89101513039465e-002 1.93138823570445e-001 1.04308995040742e+000 1.60586205698867e+000 5.75578147434412e-005 1771828 219
1.19608947154496e+005 1.73301236859574e+006 6.89086657150669e-002 6.61473818324595e-001 1.56571353785821e+000 1.61736677442838e+000 5.76503691785299e-005 1785253 220
1.19604939347354e+005 1.73298847194023e+006 6.89073112179216e-002 6.11245993804486e-001 1.55919392605365e+000 1.61959076842071e+000 5.77604790373573e-005 1787719 221
1.19612502469441e+005 1.73297846063445e+006 6.21426794842577e+000 9.75412339684859e-001 -1.55440009384442e+000 1.63108401710230e+000 5.77998574472084e-005 1800550 222
1.19607252257713e+005 1.73300220672516e+006 6.89080951242552e-002 2.02055870414818e-001 1.11864074602496e+000 1.63794433116645e+000 5.89309501454019e-005 1808087 223
1.19612964823787e+005 1.73299758168808e+006 6.21426844083340e+000 9.15741216375463e-001 -1.55698876323740e+000 1.64778237605241e+000 5.89761970859137e-005 1818874 224
1.19612433554586e+005 1.73297772771459e+006 6.21426795895149e+000 9.03695894080768e-001 -1.55737226981414e+000 1.64986089907436e+000 5.90227816978718e-005 1821147 225
1.19614705812184e+005 1.73302196435156e+006 6.21426840748074e+000 7.70788041770863e-001 -1.56561766121403e+000 1.66001111838475e+000 5.90888918171432e-005 1832116 226
1.19608262635154e+005 1.73301019444417e+006 6.89083587751238e-002 2.99470952662201e-001 1.40981811441389e+000 1.67015975185939e+000 5.96111661970355e-005 1843178 227
1.19611024672232e+005 1.73302504399517e+006 6.89093564066902e-002 4.95207439950986e-001 1.53474538178655e+000 1.67594556184150e+000 5.97860367404148e-005 1849553 228
1.19604893629194e+005 1.73298826592540e+006 6.89072931275567e-002 4.71643047306511e-001 1.52784226340526e+000 1.67678729050615e+000 5.99806535562129e-005 1850391 229
1.19613428756490e+005 1.73300416741904e+006 6.21426843544652e+000 9.86697520281345e-001 -1.55420834055605e+000 1.69024909505758e+000 6.00190477948910e-005 1865548 230
1.19603682601127e+005 1.73298017174662e+006 6.89069184534084e-002 2.66814095858382e-001 1.35583956373791e+000 1.69836842016657e+000 6.06854855174057e-005 1874760 231
1.19605631359467e+005 1.73300329104470e+006 6.89071212680118e-002 3.54961296631449e-001 1.46763173085726e+000 1.69931003099421e+000 6.10475761544252e-005 1875806 232
1.19609857874603e+005 1.73302561548264e+006 6.89086636747495e-002 2.98243031457402e-001 1.40799645817438e+000 1.70393365560024e+000 6.15744361128484e-005 1880748 233
1.19613271583337e+005 1.73302441288267e+006 6.89106718009318e-002 1.88753390696163e-001 6.13754337748344e-001 1.70675877091709e+000 6.24157149252536e-005 1884059 234
1.19606211768252e+005 1.73300188605409e+006 6.89075102837010e-002 3.76479153934592e-001 1.48316374721519e+000 1.71754797959506e+000 6.27343040346020e-005 1896030 235
1.19605075734492e+005 1.73299457825573e+006 6.89071475136899e-002 3.78291799522629e-001 1.48441014358959e+000 1.74521525466012e+000 6.30495786167040e-005 1924707 236
1.19604989603371e+005 1.73299504869778e+006 6.89070794020680e-002 5.43856508636353e-001 1.54701759224219e+000 1.76053668363636e+000 6.31919236685592e-005 1941249 237
1.19608633089915e+005 1.73301330750777e+006 6.89084481343958e-002 4.66555945172344e-001 1.52592473052156e+000 1.76178222343790e+000 6.33912226728917e-005 1942692 238
1.19612792136886e+005 1.73299364057395e+006 6.21426838378692e+000 8.76886281109325e-001 -1.55881041947691e+000 1.77152203422923e+000 6.34409991654871e-005 1953468 239
1.19608786721262e+005 1.73301936263184e+006 6.89082963607764e-002 6.26244174234530e-001 1.56111145893735e+000 1.77197376201208e+000 6.35453928411381e-005 1953937 240
1.19603473449844e+005 1.73297774319042e+006 6.89068945958252e-002 4.85968794695832e-001 1.53244434232612e+000 1.77372569110156e+000 6.37276450401744e-005 1955766 241
1.19604730459417e+005 1.73298723989553e+006 6.89072400868393e-002 2.84911315519585e-001 1.38843762276070e+000 1.77517837723161e+000 6.43082861911165e-005 1957510 242
1.19605154809815e+005 1.73299184600075e+006 6.89073012229784e-002 4.68280882102895e-001 1.52669174367504e+000 1.77781600256751e+000 6.45059804322696e-005 1960546 243
1.19606191147529e+005 1.73300842825951e+006 6.89072391341900e-002 2.81812276288426e-001 1.38316440733055e+000 1.78734128355555e+000 6.51001751487191e-005 1971557 244
1.19603594053226e+005 1.73297908154920e+006 6.89069108113365e-002 2.24626231607789e-001 1.23685664830470e+000 1.79103814051998e+000 6.60412808625798e-005 1975599 245
1.19606253486911e+005 1.73301512176469e+006 6.89070096333128e-002 4.04136617261731e-001 1.49936690008240e+000 1.79161404676989e+000 6.63142162112573e-005 1976343 246
1.19607019182474e+005 1.73301545432241e+006 6.89074361860842e-002 2.77222189880011e-001 1.37520664586322e+000 1.80545167083554e+000 6.69293202342794e-005 1992034 247
1.19612587331843e+005 1.73301411327841e+006 6.21426931290749e+000 9.48368836960121e-001 -1.55574236686300e+000 1.80998023390881e+000 6.69712122712179e-005 1997181 248
1.19604700640707e+005 1.73299280920374e+006 6.89070022154734e-002 4.81671070479035e-001 1.53100619266335e+000 1.81722338599140e+000 6.71570507173929e-005 2005077 249
1.19613424640197e+005 1.73300032425444e+006 6.21426828547306e+000 9.07788964763432e-001 -1.55737226981414e+000 1.84303496260126e+000 6.72031744859495e-005 2033997 250
1.19610846992777e+005 1.73302693284024e+006 6.89091794997270e-002 2.10680555067573e-001 1.17166053025910e+000 1.84763118265886e+000 6.82600011881203e-005 2039272 251
1.19605279450470e+005 1.73299993443064e+006 6.89070522099852e-002 3.14059826023979e-001 1.42832230674154e+000 1.86380085284590e+000 6.87317171952061e-005 2057694 252
1.19614508926577e+005 1.73302608290662e+006 6.21426868380124e+000 9.23313397138390e-001 -1.55689288659322e+000 1.88190365555364e+000 6.87761517277390e-005 2077805 253
1.19612420255530e+005 1.73297775489986e+006 6.21426796766682e+000 7.76138269877487e-001 -1.56485064806055e+000 1.89498273790247e+000 6.88412631230241e-005 2092415 254
1.19604800880290e+005 1.73299480744166e+006 6.89069805808101e-002 5.26782556645816e-001 1.54318252647481e+000 1.90055494653278e+000 6.89939409764217e-005 2098801 255
1.19613049411609e+005 1.73302101628417e+006 6.21426932115748e+000 8.47182282440855e-001 -1.56063207571642e+000 1.90455407160345e+000 6.90476391059468e-005 2103034 256
1.19613400241185e+005 1.73299829453422e+006 6.21426821902996e+000 8.73904186754813e-001 -1.55900217276528e+000 1.90503711292441e+000 6.90977901621807e-005 2103634 257
1.19614927745702e+005 1.73301963115006e+006 6.21426818754246e+000 9.79593119025008e-001 -1.55459184713279e+000 1.91515199699819e+000 6.91367999039538e-005 2114892 258
1.19605040042676e+005 1.73299520856835e+006 6.89071020327208e-002 6.53141495863460e-001 1.56485064806055e+000 1.92261496423567e+000 6.92319714248452e-005 2122599 259
1.19610833562075e+005 1.73302586383430e+006 6.89092141583679e-002 6.32910032203439e-001 1.56197434873501e+000 1.92599057404796e+000 6.93339623283192e-005 2126330 260
1.19605509078528e+005 1.73300435782755e+006 6.89070087595170e-002 2.11557641642429e-001 1.17664611575671e+000 1.93059279731226e+000 7.03833628659481e-005 2131694 261
1.19612490691557e+005 1.73297853722951e+006 6.21426795822605e+000 8.58087392188236e-001 -1.55967330927457e+000 1.93851445604441e+000 7.04355705564684e-005 2140003 262
1.19605309957580e+005 1.73299889740594e+006 6.89071108336905e-002 4.31969497903840e-001 1.51278963026826e+000 1.93907037407570e+000 7.06715112506001e-005 2140667 263
1.19603782398368e+005 1.73298211725936e+006 6.89068986544757e-002 2.29245554235366e-001 3.50860579393902e-001 1.94218548556163e+000 7.09988940718760e-005 2144004 264
1.19612690642704e+005 1.73298825531112e+006 6.21426822860963e+000 8.83610611516557e-001 -1.55842691290017e+000 1.95316454539162e+000 7.10478407744197e-005 2155938 265
1.19612827667956e+005 1.73298937131591e+006 6.21426819415301e+000 9.93977338852653e-001 -1.55382483397931e+000 1.95765422302620e+000 7.10856188545137e-005 2160651 266
1.19605653032904e+005 1.73300192346649e+006 6.89071879203042e-002 5.03130455343855e-001 1.53714229789117e+000 1.95897087097963e+000 7.12545024139452e-005 2162142 267
1.19603546150654e+005 1.73297914010273e+006 6.89068809797797e-002 2.65820064406878e-001 1.35382615421003e+000 1.96180315177250e+000 7.19261384077548e-005 2165194 268
1.19605017532265e+005 1.73299944417721e+006 6.89069212223757e-002 4.97487865045612e-001 1.53560827158422e+000 1.97831384227770e+000 7.20992556342585e-005 2183230 269
1.19613576819599e+005 1.73302636665952e+006 6.21426923034780e+000 8.54871408080429e-001 -1.56024856913968e+000 1.97846868128419e+000 7.21518967145169e-005 2183411 270
1.19607059855052e+005 1.73302463344145e+006 6.89070957238086e-002 5.03481289973798e-001 1.53704642124699e+000 1.98569020682858e+000 7.23205209388304e-005 2191244 271
1.19606801582436e+005 1.73300609328043e+006 6.89076822538822e-002 6.66736337773734e-001 1.56638467436750e+000 1.99124273876969e+000 7.24114761094072e-005 2197400 272
1.19612847272854e+005 1.73299178344308e+006 6.21426827850791e+000 9.04163673587358e-001 -1.55746814645833e+000 1.99342419298594e+000 7.24580077751121e-005 2199829 273
1.19607954919415e+005 1.73300728340049e+006 6.89082974389364e-002 7.01644383453018e-001 1.57012386349071e+000 1.99431768269552e+000 7.25393045055128e-005 2200933 274
1.19604913716238e+005 1.73299169871145e+006 6.89071686006391e-002 2.11966948710696e-001 1.17894715521714e+000 2.01562362292932e+000 7.35852494416551e-005 2223528 275
1.19604078386759e+005 1.73298345419843e+006 6.89070156505286e-002 3.62124170326110e-001 1.47328845286416e+000 2.01821678482667e+000 7.39319673676796e-005 2226512 276
1.19612570560273e+005 1.73299997964714e+006 6.21426876230983e+000 9.59917143529063e-001 -1.55516710699789e+000 2.02383728748703e+000 7.39727582785825e-005 2232875 277
1.19612480590457e+005 1.73298103308116e+006 6.21426806296086e+000 8.54959116737915e-001 -1.55986506256294e+000 2.03211513045583e+000 7.40253872620318e-005 2242060 278
1.19605518311661e+005 1.73299967183366e+006 6.89071997959251e-002 2.21088649089202e-001 1.22209164510025e+000 2.03271761749078e+000 7.49948416653774e-005 2242743 279
1.19609009263009e+005 1.73302080904396e+006 6.89083668343267e-002 3.85191547244833e-001 1.48853283928953e+000 2.03354728598306e+000 7.52979310258826e-005 2243480 280
1.19607582892360e+005 1.73300615962291e+006 6.89081283278016e-002 2.76637465496773e-001 1.37424787942137e+000 2.03843988060933e+000 7.59157813069803e-005 2248856 281
1.19614155294978e+005 1.73300874317739e+006 6.21426819957442e+000 8.10549299831020e-001 -1.56274136188849e+000 2.04084023799772e+000 7.59749649709750e-005 2251595 282
1.19606908915043e+005 1.73300391465427e+006 6.89078302472453e-002 5.93207246581606e-001 1.55622175008393e+000 2.04542103327445e+000 7.60925712154505e-005 2256614 283
1.19606485550135e+005 1.73301006523589e+006 6.89073433252366e-002 3.51686840085318e-001 1.46494718482009e+000 2.05348379699405e+000 7.64620161807868e-005 2265560 284
1.19613358077575e+005 1.73300104032840e+006 6.21426835208400e+000 8.05140599286072e-001 -1.56302899182104e+000 2.05513611976020e+000 7.65220781815492e-005 2267304 285
1.19607797612183e+005 1.73300569030807e+006 6.89082702426297e-002 3.78145618426820e-001 1.48421839030122e+000 2.06671129540115e+000 7.68376157090826e-005 2279589 286
1.19614870133249e+005 1.73302294235578e+006 6.21426835187887e+000 7.74764167576879e-001 -1.56533003128147e+000 2.08071593980239e+000 7.69029816094162e-005 2295412 287
1.19606757733863e+005 1.73299899298116e+006 6.89079385016689e-002 4.89798739406038e-001 1.53340310876797e+000 2.08940145526112e+000 7.70821197814487e-005 2305518 288
1.19604573124473e+005 1.73298916092448e+006 6.89070735865200e-002 2.98564629868183e-001 1.40876347132786e+000 2.10689777118807e+000 7.76077980971806e-005 2324793 289
1.19606054726815e+005 1.73299600463237e+006 6.89076532127690e-002 5.46604713237570e-001 1.54759285210730e+000 2.10932326837994e+000 7.77485753068443e-005 2327591 290
1.19605077284628e+005 1.73299913408551e+006 6.89069678288553e-002 5.72566475853319e-001 1.55267431424909e+000 2.11020174648467e+000 7.78757036427552e-005 2328479 291
1.19607429507539e+005 1.73301519765352e+006 6.89076820063651e-002 7.06205233642271e-001 1.57050737006745e+000 2.11042730874013e+000 7.79558497856638e-005 2328753 292
1.19611518982249e+005 1.73302150735997e+006 6.21427021953454e+000 7.85172261598508e-001 -1.56456301812799e+000 2.12337797864722e+000 7.80193242976534e-005 2343533 293
1.19604810614076e+005 1.73299704768617e+006 6.89068973765932e-002 3.78496453056762e-001 1.20564880062258e-001 2.12536021610202e+000 7.80573399869071e-005 2345721 294
1.19607204481160e+005 1.73300285331567e+006 6.89080420577148e-002 2.09218744109479e-001 1.16379864543596e+000 2.13054146415701e+000 7.91268881227742e-005 2351671 295
1.19613172747412e+005 1.73299139341828e+006 6.21426807612742e+000 8.49608888631291e-001 -1.56024856913968e+000 2.13792763219501e+000 7.91802492052544e-005 2359817 296
1.19612485699056e+005 1.73297882257791e+006 6.21426797240428e+000 8.67092147690095e-001 -1.55919392605365e+000 2.14198807994535e+000 7.92312712553833e-005 2364055 297
1.19606289632824e+005 1.73300617354507e+006 6.89073850616618e-002 7.06409887176404e-001 1.57060324671163e+000 2.14831927095428e+000 7.93113663270344e-005 2371130 298
1.19614078265861e+005 1.73301190898890e+006 6.21426836929954e+000 9.70091347797397e-001 -1.55487947706534e+000 2.15066135596277e+000 7.93512217929281e-005 2373626 299
1.19605035686293e+005 1.73299554577215e+006 6.89070861654058e-002 3.16691085748549e-001 1.43139035935545e+000 2.15695171144566e+000 7.98145599469618e-005 2380547 300
