3.81284791933326e+005 1.69474130754392e+006 2.21296468903300e-001 5.81892829765959e-001 1.51796696905423e+000 7.03072899103122e-002 1.22537708495757e-007 76682 1
3.81300221379641e+005 1.69477761111427e+006 6.06187945270763e+000 7.21729666017229e-001 -1.56609704443495e+000 8.76378523504406e-002 1.98939206504095e-007 95589 2
3.81293548652242e+005 1.69474048066103e+006 6.06187850855822e+000 8.00989056165085e-001 -1.54605882580035e+000 1.00453004258337e-001 2.59671449035539e-007 109716 3
3.81293754619388e+005 1.69474105836891e+006 6.06187846587943e+000 8.57414959147513e-001 -1.53512888836329e+000 1.71992564421738e-001 3.11939230266456e-007 187768 4
3.81294666339997e+005 1.69477701506963e+006 2.21297502783939e-001 6.06392781423614e-001 1.53100619266335e+000 1.89585962020086e-001 4.23916004970441e-007 207389 5
3.81295202584338e+005 1.69475161185538e+006 6.06187898618647e+000 8.07918040106451e-001 -1.54462067613758e+000 2.63003689016878e-001 4.83506065067631e-007 288051 6
3.81294696828234e+005 1.69477458145010e+006 2.21297827406310e-001 3.15901707831178e-001 9.01863653523362e-001 2.90789089280286e-001 8.52569016340468e-007 318753 7
3.81297361343178e+005 1.69478422165596e+006 2.21298105764956e-001 6.57906999586846e-001 1.55382483397931e+000 2.94486922038699e-001 9.46218681930558e-007 322822 8
3.81295128078245e+005 1.69478180962562e+006 2.21297156292220e-001 6.44107504142439e-001 1.54826398861660e+000 2.94531578346892e-001 1.04432840470116e-006 322877 9
3.81295377889509e+005 1.69474922079895e+006 6.06187858559956e+000 9.63279308732679e-001 -1.51959687200537e+000 3.12489549311787e-001 1.08475864377830e-006 342636 10
3.81290016460751e+005 1.69476138063552e+006 2.21296866793321e-001 5.15497376049330e-001 1.47175442655721e+000 3.58371179617806e-001 1.24416253952703e-006 393746 11
3.81293135003208e+005 1.69477155994743e+006 2.21297332033102e-001 5.40318926117766e-001 1.49112150868252e+000 3.63968892020984e-001 1.38814857366801e-006 400037 12
3.81285752222409e+005 1.69474565144301e+006 2.21296459352095e-001 3.16106361365311e-001 7.73580703604236e-001 4.07650110446420e-001 1.71638682227621e-006 447523 13
3.81285561755454e+005 1.69474470709081e+006 2.21296471704871e-001 5.20993785251764e-001 1.47635650547807e+000 4.52193622266197e-001 1.87218397069527e-006 495224 14
3.81295746426456e+005 1.69475662469284e+006 6.06187931416263e+000 7.99848843617772e-001 -1.54634645573290e+000 4.66641067987007e-001 1.93310727426875e-006 511620 15
3.81294684242775e+005 1.69474586151891e+006 6.06187855069691e+000 7.30734421519088e-001 -1.56341249839778e+000 5.00004128213620e-001 2.00745159732827e-006 548341 16
3.81288674477672e+005 1.69475391388657e+006 2.21297056566177e-001 3.32624825191773e-001 1.08354989425336e+000 5.17497821112741e-001 2.37855816571588e-006 567926 17
3.81291596439120e+005 1.69476994973302e+006 2.21296671398835e-001 3.24175557853990e-001 1.01921666600543e+000 5.38993351044824e-001 2.75708757569014e-006 592171 18
3.81296954123901e+005 1.69478400293978e+006 2.21297904698984e-001 6.97931383619459e-001 1.56811045396283e+000 5.57753646321774e-001 2.83933856445496e-006 612376 19
3.81295713438542e+005 1.69478152904419e+006 2.21297520494374e-001 5.99668451016382e-001 1.52755463347270e+000 5.80775333889773e-001 2.95407989837023e-006 637846 20
3.81296122792924e+005 1.69478704176655e+006 2.21297053840853e-001 3.78584161714248e-001 1.26724954451125e+000 5.89328137500997e-001 3.25555413867555e-006 646911 21
3.81299311156987e+005 1.69478432122087e+006 2.21299188234772e-001 3.15989416488663e-001 9.04164692983795e-001 6.00483755557400e-001 3.62506170281127e-006 659556 22
3.81294178800165e+005 1.69477825250022e+006 2.21297072616717e-001 3.96622908937128e-001 1.31096929425947e+000 6.35781546800062e-001 3.90065708620488e-006 698339 23
3.81286674524907e+005 1.69474732098731e+006 2.21296766388029e-001 3.59434438163217e-001 1.20847716162603e+000 7.43146913703551e-001 4.23179957803082e-006 815756 24
3.81298626080147e+005 1.69477422950726e+006 6.06187992137304e+000 7.43510649292830e-001 -1.55996093920713e+000 7.74172970910960e-001 4.30336007935802e-006 849923 25
3.81294604365702e+005 1.69474797626912e+006 6.06187886277575e+000 9.88334748554410e-001 -1.51662469603565e+000 7.93027475698604e-001 4.34156367212703e-006 871586 26
3.81299025396302e+005 1.69477999469369e+006 6.06188042557425e+000 9.91609205100541e-001 -1.51633706610309e+000 8.24680999995918e-001 4.37948968157713e-006 906543 27
3.81288982943794e+005 1.69475872217839e+006 2.21296622253588e-001 4.02762514961122e-001 1.32400851786859e+000 8.25890913108857e-001 4.64682796019953e-006 907847 28
3.81299003119378e+005 1.69476597422718e+006 6.06187866650823e+000 9.73131914590233e-001 -1.51844635227515e+000 8.89651388214240e-001 4.68636075801993e-006 979133 29
3.81284665360592e+005 1.69474112783898e+006 2.21296420522843e-001 3.19322345473118e-001 9.65717498550371e-001 9.04901599286183e-001 5.06422826652916e-006 996373 30
3.81295500400591e+005 1.69477794251163e+006 2.21297854022717e-001 6.28583071767481e-001 1.54155262352367e+000 9.21026204337945e-001 5.16772986733523e-006 1013441 31
3.81284468671770e+005 1.69474018007773e+006 2.21296429811981e-001 4.79741480014351e-001 1.43781409451582e+000 9.34310674344726e-001 5.35370857945180e-006 1028115 32
3.81294416283057e+005 1.69477176310227e+006 2.21298025958795e-001 5.02662675837265e-001 1.46044098254341e+000 9.37532123428052e-001 5.52200396928799e-006 1031687 33
3.81291474128423e+005 1.69476608129527e+006 2.21297091502602e-001 6.16508513253624e-001 1.53599177816095e+000 9.87824687642968e-001 5.62999846649944e-006 1086748 34
3.81284269177413e+005 1.69473935600340e+006 2.21296421896754e-001 3.14936912598836e-001 8.61020203100681e-001 1.01099883277042e+000 5.98925021764804e-006 1112203 35
3.81299621395235e+005 1.69478479836582e+006 6.06188069781961e+000 9.42170758497802e-001 -1.52237729468673e+000 1.01826732676091e+000 6.03170594134151e-006 1120189 36
3.81297479122623e+005 1.69476203380834e+006 6.06187902451966e+000 8.95217390523823e-001 -1.52899278313547e+000 1.02320375702838e+000 6.07922943814205e-006 1125986 37
3.81286345836290e+005 1.69474621191771e+006 2.21296721924517e-001 4.48926505017730e-001 1.40070983321635e+000 1.03711786577563e+000 6.29323875621959e-006 1141490 38
3.81292326739341e+005 1.69477263443012e+006 2.21296742328072e-001 3.75631303578898e-001 1.25919590639973e+000 1.04750126906974e+000 6.59916773667099e-006 1152450 39
3.81290146844597e+005 1.69476133864337e+006 2.21296945326207e-001 3.24087849196504e-001 1.01844965285195e+000 1.04932137075208e+000 6.97774369974463e-006 1154477 40
3.81292096912461e+005 1.69476392228538e+006 2.21297714076156e-001 5.87623128721687e-001 1.52113089831233e+000 1.12335587137096e+000 7.09768736286971e-006 1235246 41
3.81302053585292e+005 1.69478392433553e+006 6.06187922142061e+000 8.93726343346567e-001 -1.52928041306803e+000 1.15950288174190e+000 7.14538603485558e-006 1274138 42
3.81284276282437e+005 1.69473946182138e+006 2.21296412516345e-001 5.62801578653252e-001 1.50646177175207e+000 1.19574371359093e+000 7.27716607642048e-006 1313677 43
3.81288089099488e+005 1.69475173127997e+006 2.21297003586826e-001 4.64860244460955e-001 1.42093980513932e+000 1.25890282185418e+000 7.47601652188837e-006 1383616 44
3.81291858868081e+005 1.69476739788452e+006 2.21297141223769e-001 3.38881376092415e-001 1.11998301904355e+000 1.26896529994967e+000 7.83885484861362e-006 1394683 45
3.81297671522117e+005 1.69475950690842e+006 6.06187859716974e+000 7.82248639682320e-001 -1.55027739814447e+000 1.31307349344138e+000 7.90284021584484e-006 1443177 46
3.81293750395329e+005 1.69474078770401e+006 6.06187843405072e+000 7.53363255150383e-001 -1.55727639316996e+000 1.33202153064060e+000 7.97235565113913e-006 1464736 47
3.81303202168629e+005 1.69478469694372e+006 2.21301326019953e-001 3.60662359368016e-001 4.68692975096896e-001 1.33234435915379e+000 8.13112943142177e-006 1465068 48
3.81290625284803e+005 1.69476442291268e+006 2.21296824316430e-001 3.69813295965684e-001 4.39067092043824e-001 1.37760067671833e+000 8.27253137504099e-006 1515564 49
3.81300649543132e+005 1.69478440815931e+006 2.21299928910898e-001 3.88904547078391e-001 3.87964840693380e-001 1.41005803018983e+000 8.38517807274778e-006 1551911 50
3.81286561955283e+005 1.69474775936161e+006 2.21296647774087e-001 3.14878440160512e-001 8.54596467940306e-001 1.42425823664166e+000 8.74258572725650e-006 1567753 51
3.81294254100463e+005 1.69477076335090e+006 2.21298061197362e-001 6.21829505141087e-001 1.53848457090976e+000 1.43531962079675e+000 8.84856648675938e-006 1579540 52
3.81289623753303e+005 1.69475909110244e+006 2.21296935533739e-001 4.01183759126381e-001 1.32074871196631e+000 1.45909173816159e+000 9.11800184125337e-006 1605839 53
3.81293924715429e+005 1.69478074370595e+006 2.21296615143610e-001 4.56907992848923e-001 1.41106451078829e+000 1.48224000239673e+000 9.32422781446418e-006 1630887 54
3.81288416917398e+005 1.69475542956929e+006 2.21296720397514e-001 3.43471462500830e-001 1.14318516693625e+000 1.51857871020141e+000 9.68034510901758e-006 1671625 55
3.81290421809331e+005 1.69475975751950e+006 2.21297299537537e-001 4.03990436165921e-001 1.32650131061739e+000 1.57381252025421e+000 9.94606493449217e-006 1731618 56
3.81295672143315e+005 1.69475702461994e+006 6.06187940641593e+000 9.38720884636700e-001 -1.52276080126347e+000 1.60288732085690e+000 9.98886546945303e-006 1761972 57
3.81293679204015e+005 1.69477640020037e+006 2.21297026079412e-001 6.16566985691948e-001 1.53599177816095e+000 1.68029216890269e+000 1.00968374361799e-005 1848478 58
3.81297648005018e+005 1.69478486849731e+006 2.21298185028121e-001 3.36951785627731e-001 1.10934071153905e+000 1.69766986133931e+000 1.04623491446325e-005 1867777 59
3.81287517594046e+005 1.69475311598319e+006 2.21296507647185e-001 4.04312034576702e-001 1.32717244712668e+000 1.77544208735973e+000 1.07276485183012e-005 1954527 60
3.81290115896945e+005 1.69476159464028e+006 2.21296895598590e-001 5.18830305033785e-001 1.47453484923856e+000 1.78006208972158e+000 1.08848511079070e-005 1960042 61
3.81298137587139e+005 1.69476573349597e+006 6.06187912219319e+000 7.63859057829498e-001 -1.55468772377697e+000 1.78118067990602e+000 1.09522798771745e-005 1961400 62
3.81289178473533e+005 1.69475762053355e+006 2.21296871267407e-001 4.33694434834391e-001 1.37875408169805e+000 1.79019475484193e+000 1.11822482286526e-005 1971177 63
3.81301938389594e+005 1.69478147730226e+006 6.06187897691918e+000 7.21115705414830e-001 -1.56628879772332e+000 1.81209690992515e+000 1.12587929740830e-005 1994902 64
3.81293499736891e+005 1.69477789606573e+006 2.21296736277950e-001 5.57392878108304e-001 1.78474373149815e-001 1.82701916744569e+000 1.12827395480951e-005 2011196 65
3.81298248862838e+005 1.69476520777795e+006 6.06187899326982e+000 7.40236192746699e-001 -1.56082382900479e+000 1.90589787400034e+000 1.13549989570030e-005 2097674 66
3.81290777101534e+005 1.69476077670620e+006 2.21297370298792e-001 3.60516178272206e-001 1.21221635074923e+000 1.90757412206597e+000 1.16844234074040e-005 2099720 67
3.81294770589258e+005 1.69478466949089e+006 2.21296594164778e-001 5.86687569708507e-001 1.52055563844722e+000 1.90839589494094e+000 1.18047848004580e-005 2100620 68
3.81297017490544e+005 1.69477846642176e+006 2.21298639852139e-001 5.71163137333549e-001 1.51154323389386e+000 1.94640002562967e+000 1.19323979667553e-005 2143086 69
3.81299921115480e+005 1.69477408571768e+006 6.06187917588555e+000 7.11496989310571e-001 -1.56916509704886e+000 1.94746357870233e+000 1.20112384667590e-005 2144264 70
3.81299882984180e+005 1.69478360324220e+006 2.21299600103387e-001 3.40460131927157e-001 5.53160298623615e-001 1.96269840780446e+000 1.22208704283606e-005 2160868 71
3.81291273894349e+005 1.69476530384723e+006 2.21297077280899e-001 3.51394477893700e-001 1.17798838877529e+000 1.97628569675270e+000 1.25647272178731e-005 2176139 72
3.81294894446651e+005 1.69477644318951e+006 2.21297703153092e-001 4.27876427221177e-001 1.36954992385632e+000 1.98715129799649e+000 1.28011970812916e-005 2188213 73
3.81294393515608e+005 1.69474387030963e+006 6.06187846237054e+000 9.78306725381885e-001 -1.51777521576586e+000 1.98762680801728e+000 1.28402699114525e-005 2188706 74
3.81287551104208e+005 1.69475235011359e+006 2.21296623239636e-001 4.41705158884746e-001 1.39064278557695e+000 1.99727988568647e+000 1.30616574763182e-005 2199182 75
3.81296868623003e+005 1.69478272477763e+006 2.21298018181530e-001 6.28612307986643e-001 1.54155262352367e+000 2.01885063072108e+000 1.31651484871244e-005 2222096 76
3.81293555424872e+005 1.69474027809487e+006 6.06187847915834e+000 9.92398583017911e-001 -1.51614531281472e+000 2.02286531177148e+000 1.32030077638107e-005 2226576 77
3.81294589651730e+005 1.69474734162446e+006 6.06187879084662e+000 9.75938591629773e-001 -1.51806284569842e+000 2.02723603011492e+000 1.32422900798436e-005 2231213 78
3.81296779422355e+005 1.69476070964498e+006 6.06187925017066e+000 7.13572760871065e-001 -1.56849396053957e+000 2.05404744560158e+000 1.33206267963157e-005 2260537 79
3.81294438988906e+005 1.69477114092575e+006 2.21298117326240e-001 6.70449337607292e-001 1.55861866618854e+000 2.07694008409489e+000 1.34104716832448e-005 2285837 80
3.81285006554526e+005 1.69474249100688e+006 2.21296439903070e-001 6.32237599162716e-001 1.54327840311899e+000 2.09501051117209e+000 1.35126666574824e-005 2305839 81
3.81300362548541e+005 1.69478560930052e+006 2.21299615959257e-001 4.81758779136521e-001 1.43982750404370e+000 2.09934799020846e+000 1.36969856569968e-005 2310744 82
3.81298826708663e+005 1.69478414910732e+006 2.21298937907369e-001 3.16866503063520e-001 9.24874048127689e-001 2.10807187237016e+000 1.40701517163081e-005 2320261 83
3.81302771831484e+005 1.69478247152298e+006 2.21301365530807e-001 3.19790124979708e-001 7.09726858577227e-001 2.13167625059735e+000 1.43685706649635e-005 2345690 84
3.81297022434516e+005 1.69476777954729e+006 6.06188000702166e+000 7.25910445357378e-001 -1.56485064806055e+000 2.14892780425955e+000 1.44440069543041e-005 2364982 85
3.81297814050121e+005 1.69476481883472e+006 6.06187918832511e+000 9.77955890751943e-001 -1.51787109241005e+000 2.15947890111392e+000 1.44831108275044e-005 2376496 86
3.81295232757853e+005 1.69474998628651e+006 6.06187876383569e+000 7.69560120566064e-001 -1.55324957411420e+000 2.19226043376989e+000 1.45494439154489e-005 2411931 87
3.81297449110895e+005 1.69478464966490e+006 2.21298100976068e-001 3.31747738616917e-001 1.07770141895810e+000 2.19322956253671e+000 1.49215493462362e-005 2413087 88
3.81299728870846e+005 1.69477804952462e+006 6.06187978470604e+000 7.95258757209357e-001 -1.54740109881893e+000 2.19549818455281e+000 1.49832504905595e-005 2415589 89
3.81293256919987e+005 1.69473856592383e+006 6.06187843045900e+000 8.26249149520949e-001 -1.54088148701437e+000 2.20349465137202e+000 1.50399647264099e-005 2423889 90
3.81298673632177e+005 1.69477211940009e+006 6.06187962804132e+000 9.34013853351638e-001 -1.52343193777276e+000 2.24823644991572e+000 1.50832426153625e-005 2473916 91
3.81300872446433e+005 1.69478374253558e+006 6.06187986179749e+000 8.10169228981915e-001 -1.54423716956084e+000 2.25873572006765e+000 1.51424684058426e-005 2485893 92
3.81295778516246e+005 1.69477688641862e+006 2.21298143660616e-001 5.59527122107121e-001 1.50425660893582e+000 2.28243115152159e+000 1.52759317622967e-005 2512279 93
3.81285046313540e+005 1.69474212083947e+006 2.21296509006141e-001 6.20630820155450e-001 1.53800518768883e+000 2.29543990064134e+000 1.53823617025238e-005 2527308 94
3.81295131473445e+005 1.69474999607731e+006 6.06187882195707e+000 8.87002012939335e-001 -1.53023917950987e+000 2.31070015261572e+000 1.54308614282922e-005 2543779 95
3.81292221066394e+005 1.69477033027987e+006 2.21296974119982e-001 3.16135597584473e-001 9.08287388683737e-001 2.33953874627363e+000 1.58011874090270e-005 2575458 96
3.81287436117761e+005 1.69475225707843e+006 2.21296570415464e-001 6.20279985525507e-001 1.53781343440046e+000 2.43712403489968e+000 1.59077491564710e-005 2683106 97
3.81287488642629e+005 1.69475023375314e+006 2.21296855574534e-001 3.63878343475822e-001 1.22362567140721e+000 2.52355170547906e+000 1.62318734195176e-005 2778890 98
3.81288436896186e+005 1.69475282113350e+006 2.21297061209721e-001 3.55195186384744e-001 1.19294514526811e+000 2.53140331384944e+000 1.65697309649315e-005 2787499 99
3.81294860465521e+005 1.69478224058208e+006 2.21296951542738e-001 9.91082953155627e-001 5.61357751701407e-002 2.56365660433064e+000 1.65718645024659e-005 2821887 100
3.81293933523560e+005 1.69477091520558e+006 2.21297861966508e-001 4.86231920668289e-001 1.44452545960875e+000 2.59239281400828e+000 1.67525833967275e-005 2853970 101
3.81298211370406e+005 1.69476473785067e+006 6.06187895494766e+000 8.81827202147683e-001 -1.53110206930754e+000 2.61464794572540e+000 1.68017131721014e-005 2878298 102
3.81285740545197e+005 1.69474485691545e+006 2.21296553187507e-001 3.14907676379674e-001 8.58048027130955e-001 2.62437726432215e+000 1.71601191768715e-005 2888541 103
3.81295357859728e+005 1.69475107608552e+006 6.06187883128038e+000 8.17244394019090e-001 -1.54270314325388e+000 2.68362085973524e+000 1.72182203636084e-005 2953359 104
3.81289897857649e+005 1.69476396575818e+006 2.21296473538941e-001 5.37921556146492e-001 1.48939572908719e+000 2.71962120810878e+000 1.73636016765832e-005 2992989 105
3.81285045877697e+005 1.69474278191377e+006 2.21296425230217e-001 3.15492400762911e-001 8.89303813135166e-001 2.72509092248937e+000 1.77300149145996e-005 2999061 106
3.81302696344816e+005 1.69478104496507e+006 6.06187849660918e+000 8.92439949703445e-001 -1.52947216635640e+000 2.87185581337098e+000 1.77778653575960e-005 3160641 107
3.81291582485421e+005 1.69476933824147e+006 2.21296740826982e-001 3.83028067026853e-001 1.27894649510178e+000 2.87268716633233e+000 1.80727545685611e-005 3161470 108
3.81299037529624e+005 1.69478510903857e+006 2.21298935016198e-001 6.86470785708003e-001 1.56427538819544e+000 2.87664495669610e+000 1.81580553342618e-005 3165913 109
3.81288979684460e+005 1.69475560403900e+006 2.21297014417900e-001 4.11211782298905e-001 1.34059517731254e+000 2.91947485016230e+000 1.84144896858991e-005 3213473 110
3.81299162294407e+005 1.69477880509313e+006 6.06188019837692e+000 7.33424153681981e-001 -1.56274136188849e+000 2.94779336090563e+000 1.84882351217689e-005 3243907 111
3.81298317463977e+005 1.69476448507939e+006 6.06187886342345e+000 7.45206350004219e-001 -1.55948155598621e+000 2.99523999295340e+000 1.85594374984975e-005 3295783 112
3.81295900458650e+005 1.69477936216822e+006 2.21297899323002e-001 3.94284011404177e-001 1.30579195547349e+000 3.00571249194599e+000 1.88382543086390e-005 3307073 113
3.81293395663896e+005 1.69477363891536e+006 2.21297215738240e-001 6.97843674961974e-001 1.56811045396283e+000 3.01742120563760e+000 1.89205280421384e-005 3320168 114
3.81292299822906e+005 1.69477362663564e+006 2.21296601841593e-001 3.82531051301101e-001 4.03688610339671e-001 3.02480632850904e+000 1.90418250123387e-005 3328643 115
3.81302677006800e+005 1.69478179225419e+006 6.06187860189453e+000 9.30680924367183e-001 -1.52391132099368e+000 3.04703572595514e+000 1.90854455885421e-005 3352525 116
3.81294464242704e+005 1.69474621416322e+006 6.06187871881530e+000 7.43949192580258e-001 -1.55976918591876e+000 3.13330229433005e+000 1.91569131691915e-005 3447509 117
3.81290800060923e+005 1.69476082198356e+006 2.21297377472326e-001 3.62650422271023e-001 1.21950297570727e+000 3.14456384035419e+000 1.94829669015647e-005 3460428 118
3.81293027010864e+005 1.69476979460269e+006 2.21297494442392e-001 6.28319945795024e-001 1.54145674687948e+000 3.19971595324973e+000 1.95865635923173e-005 3521859 119
3.81292990350708e+005 1.69476645098010e+006 2.21297896337960e-001 5.69847507471265e-001 1.51077622074038e+000 3.22427763692348e+000 1.97148199592560e-005 3549279 120
3.81299498880194e+005 1.69478562227815e+006 6.06188087073158e+000 9.87516134417877e-001 -1.51681644932402e+000 3.22801506750873e+000 1.97530936565192e-005 3553405 121
3.81299061963330e+005 1.69476883003939e+006 6.06187899431286e+000 7.22957587222028e-001 -1.56571353785821e+000 3.25674519697082e+000 1.98292098183476e-005 3584224 122
3.81301733883929e+005 1.69478310985557e+006 2.21300701943803e-001 3.97353814416175e-001 3.68789511856441e-001 3.27115854976413e+000 1.99315932225313e-005 3600580 123
3.81301898857216e+005 1.69477756906624e+006 6.06187850529047e+000 8.39873227650385e-001 -1.53838869426557e+000 3.27898471661678e+000 1.99862988963742e-005 3609663 124
3.81292964078484e+005 1.69477457023060e+006 2.21296855674555e-001 3.14878440160512e-001 8.28326267433699e-001 3.28570234198405e+000 2.03354121476060e-005 3616976 125
3.81294786212193e+005 1.69478342337731e+006 2.21296760389932e-001 4.37904450393702e-001 2.96306768852809e-001 3.30719213934693e+000 2.04023796289077e-005 3640895 126
3.81301243862670e+005 1.69477805140875e+006 6.06187893409524e+000 9.15536562841330e-001 -1.52602060716575e+000 3.30933615963062e+000 2.04476077632513e-005 3643290 127
3.81292540985963e+005 1.69477410963854e+006 2.21296676254487e-001 3.29818148152232e-001 1.06456631870479e+000 3.33015136362330e+000 2.08218265579352e-005 3666238 128
3.81295200790307e+005 1.69475010560664e+006 6.06187879686671e+000 7.68770742648694e-001 -1.55344132740257e+000 3.34437302287829e+000 2.08883098052695e-005 3683002 129
3.81302247969391e+005 1.69478386882104e+006 6.06187910523653e+000 8.39960936307871e-001 -1.53838869426557e+000 3.39798367961129e+000 2.09430029127026e-005 3741322 130
3.81297088261778e+005 1.69477901667080e+006 2.21298610071885e-001 6.17794906896747e-001 1.53656703802606e+000 3.41768362682982e+000 2.10505054496901e-005 3763277 131
3.81300285307358e+005 1.69477625232750e+006 6.06187924511326e+000 9.83978551899290e-001 -1.51719995590075e+000 3.49131855294852e+000 2.10890833187052e-005 3847079 132
3.81296551493923e+005 1.69476380880592e+006 6.06187976978260e+000 7.28541705081947e-001 -1.56408363490707e+000 3.52459466177827e+000 2.11639211494408e-005 3883566 133
3.81284459983845e+005 1.69474023258629e+006 2.21296418297741e-001 4.48809560141083e-001 2.80870629139073e-001 3.52689113296638e+000 2.12241459243793e-005 3885890 134
3.81287825928328e+005 1.69475292031179e+006 2.21296705540830e-001 6.96498808880527e-001 1.56772694738609e+000 3.53630797608355e+000 2.13067694679256e-005 3896339 135
3.81298345239400e+005 1.69476735280529e+006 6.06187921018224e+000 9.05479303449643e-001 -1.52745875682852e+000 3.56028447596159e+000 2.13531130896860e-005 3922219 136
3.81299239534003e+005 1.69476944045814e+006 6.06187897171595e+000 7.12081713693809e-001 -1.56897334376049e+000 3.56159690627281e+000 2.14318112064359e-005 3923646 137
3.81297649565978e+005 1.69476231832530e+006 6.06187896474536e+000 7.72483742482252e-001 -1.55257843760491e+000 3.60876736081405e+000 2.14975924463529e-005 3976028 138
3.81295835970148e+005 1.69475106479782e+006 6.06187856133378e+000 9.35738790282189e-001 -1.52314430784020e+000 3.65811641007989e+000 2.15406944277674e-005 4030328 139
3.81285824436770e+005 1.69474468901121e+006 2.21296621519458e-001 4.36325694558960e-001 1.38278090075381e+000 3.70214589037157e+000 2.17677986413360e-005 4079257 140
3.81288113371812e+005 1.69475416076500e+006 2.21296710238642e-001 6.28436890671671e-001 1.54155262352367e+000 3.75186179404927e+000 2.18713532157922e-005 4134567 141
3.81296082289471e+005 1.69478142813110e+006 2.21297740398899e-001 3.61539445942872e-001 1.21566790993988e+000 3.76446933670719e+000 2.21991514680479e-005 4148036 142
3.81296125676928e+005 1.69475243400093e+006 6.06187857163696e+000 7.26436697302292e-001 -1.56465889477218e+000 3.81199257598399e+000 2.22744674962402e-005 4200694 143
3.81290984558119e+005 1.69476048027280e+006 2.21297524267897e-001 5.39880382830338e-001 1.49083387874996e+000 3.84926813570898e+000 2.24187076479828e-005 4242250 144
3.81295598441716e+005 1.69475377534706e+006 6.06187903723713e+000 8.44726440031257e-001 -1.53742992782373e+000 3.89155793929711e+000 2.24727225388147e-005 4288798 145
3.81295515380504e+005 1.69475465356576e+006 6.06187919485665e+000 8.64285470650555e-001 -1.53397836863308e+000 3.89367230988511e+000 2.25240784459086e-005 4291006 146
3.81294429287209e+005 1.69474409099760e+006 6.06187847016608e+000 7.97042166578231e-001 -1.54692171559801e+000 3.91185835659485e+000 2.25854755735887e-005 4311489 147
3.81299498896369e+005 1.69478531356499e+006 6.06188083171508e+000 7.27401492534634e-001 -1.56446714148381e+000 3.91763595232720e+000 2.26605719155648e-005 4317691 148
3.81298936744826e+005 1.69478315932095e+006 2.21299124770070e-001 4.00365144989848e-001 3.62365776696066e-001 3.92121124705742e+000 2.27595930011260e-005 4321421 149
3.81285348212815e+005 1.69474396160139e+006 2.21296445970007e-001 4.86436574202422e-001 1.44481308954131e+000 3.93917309665476e+000 2.29401512522573e-005 4341497 150
3.81301484892446e+005 1.69478493638434e+006 2.21300331313472e-001 3.15024621256321e-001 8.66005788598285e-001 3.95847357067968e+000 2.33007163680831e-005 4362951 151
3.81286892236513e+005 1.69475057417863e+006 2.21296477600338e-001 5.95136837046291e-001 1.52525359401227e+000 3.98485641058524e+000 2.34173766746223e-005 4392760 152
3.81286173586260e+005 1.69474653606284e+006 2.21296584225735e-001 4.12118105092924e-001 1.34232095690786e+000 3.98637669485511e+000 2.36726748148742e-005 4394620 153
3.81297289721892e+005 1.69478595530980e+006 2.21297846486574e-001 3.93962412993396e-001 3.76267890102847e-001 4.02618253809363e+000 2.37790231739558e-005 4438971 154
3.81290072935748e+005 1.69476022947310e+006 2.21297043966915e-001 4.40126403050004e-001 1.38834174611652e+000 4.03818606639188e+000 2.40020674780857e-005 4452018 155
3.81298205782672e+005 1.69476115315141e+006 6.06187850513154e+000 8.56625581230142e-001 -1.53532064165166e+000 4.09814478403205e+000 2.40544416374281e-005 4517977 156
3.81288864117091e+005 1.69475643049412e+006 2.21296845084589e-001 6.96528045099689e-001 1.56772694738609e+000 4.10669355926535e+000 2.41370575514377e-005 4527200 157
3.81293879939701e+005 1.69477145609162e+006 2.21297763528827e-001 4.03961199946759e-001 1.32640543397320e+000 4.14041631549880e+000 2.44028133344930e-005 4564903 158
3.81291308961601e+005 1.69476583245901e+006 2.21297030182653e-001 3.66626548077039e-001 1.23244632267220e+000 4.16284320954702e+000 2.47226215385857e-005 4590527 159
3.81298666132687e+005 1.69476431956541e+006 6.06187864668885e+000 7.70115608730140e-001 -1.55315369747002e+000 4.16974277700214e+000 2.47888492983116e-005 4597864 160
3.81292131695035e+005 1.69476650228360e+006 2.21297407613817e-001 6.21390961853658e-001 1.53829281762139e+000 4.17027475608179e+000 2.48949940174073e-005 4598466 161
3.81298437657005e+005 1.69477595603592e+006 6.06188024535273e+000 9.04982287723891e-001 -1.52755463347270e+000 4.21060302494944e+000 2.49413938444764e-005 4643851 162
3.81290692705515e+005 1.69476373565590e+006 2.21296949020106e-001 4.94096463622834e-001 1.45238734443190e+000 4.21502649835098e+000 2.51160135130484e-005 4648444 163
3.81302604415539e+005 1.69478210302948e+006 2.21301318068493e-001 3.48617037073321e-001 5.15001394238105e-001 4.22064823688449e+000 2.53025663217882e-005 4654819 164
3.81298395577337e+005 1.69476646626280e+006 6.06187906989029e+000 8.58350518160693e-001 -1.53503301171911e+000 4.23521171959409e+000 2.53547086739790e-005 4670881 165
3.81285057074562e+005 1.69474231574318e+006 2.21296490422490e-001 3.58060335862608e-001 1.20358745277261e+000 4.23917862570447e+000 2.56880304262029e-005 4674965 166
3.81297229968848e+005 1.69478265759978e+006 2.21298229608283e-001 3.37127202942702e-001 5.70993354441969e-001 4.26038025809925e+000 2.59084014030256e-005 4697333 167
3.81284698892591e+005 1.69474123293035e+006 2.21296426076509e-001 3.98610971840135e-001 1.31537961989196e+000 4.26912451628666e+000 2.61812988044914e-005 4707152 168
3.81301092222070e+005 1.69478503743514e+006 2.21300098014690e-001 3.14995385037160e-001 8.63896502426222e-001 4.29489659880428e+000 2.65412897719841e-005 4734481 169
3.81297662895107e+005 1.69475828567531e+006 6.06187844770219e+000 8.08005748763936e-001 -1.54462067613758e+000 4.30687344315270e+000 2.66008656023653e-005 4748173 170
3.81289720969407e+005 1.69475775508637e+006 2.21297158946266e-001 4.06387806137195e-001 1.33129514282662e+000 4.32190117376930e+000 2.68634594512501e-005 4765420 171
3.81291866898398e+005 1.69476830695719e+006 2.21297030867819e-001 5.61573657448453e-001 1.50559888195441e+000 4.33276338622907e+000 2.69958668367183e-005 4777710 172
3.81295472890577e+005 1.69475152972190e+006 6.06187882399663e+000 7.95814245373432e-001 -1.54720934553056e+000 4.34479888465093e+000 2.70574729932130e-005 4790812 173
3.81302122568180e+005 1.69478171581392e+006 6.06187890361856e+000 8.45135747099523e-001 -1.53742992782373e+000 4.35849807356901e+000 2.71114303489622e-005 4805556 174
3.81291426718318e+005 1.69476365736091e+006 2.21297371153104e-001 4.53516591426145e-001 1.40675006179998e+000 4.38362375821928e+000 2.73209166416910e-005 4833302 175
3.81287964212380e+005 1.69475240301167e+006 2.21296848569148e-001 5.60608862216111e-001 1.50502362208930e+000 4.43568519678282e+000 2.74538208452652e-005 4891512 176
3.81288514816584e+005 1.69475649893660e+006 2.21296640259688e-001 5.26665611769168e-001 1.48086270775475e+000 4.43629834650300e+000 2.76060139951845e-005 4892152 177
3.81284927320514e+005 1.69474211154155e+006 2.21296443350657e-001 3.74286437497451e-001 4.25931991790521e-001 4.51336632959907e+000 2.77398614578049e-005 4977860 178
3.81286365056436e+005 1.69474630529828e+006 2.21296720919903e-001 6.63608062323413e-001 1.55612587343974e+000 4.51978749087958e+000 2.78317535880986e-005 4984849 179
3.81293826638317e+005 1.69477875764101e+006 2.21296811008825e-001 3.14907676379674e-001 8.24874708243049e-001 4.54186215073219e+000 2.81796879565901e-005 5009540 180
3.81288695524209e+005 1.69475487242767e+006 2.21296947269033e-001 6.92171848444569e-001 1.56628879772332e+000 4.55034596628199e+000 2.82634516140519e-005 5018541 181
3.81289719345672e+005 1.69475747312199e+006 2.21297193662197e-001 3.35460738450475e-001 1.10090356685079e+000 4.55204943076207e+000 2.86309853634161e-005 5020560 182
3.81289835767739e+005 1.69476063044973e+006 2.21296860101510e-001 4.72900204730472e-001 1.43023983962523e+000 4.56414974170440e+000 2.88227345813314e-005 5033960 183
3.81301043890281e+005 1.69478146566074e+006 6.06187947781537e+000 8.08298110955555e-001 -1.54462067613758e+000 4.57123456830781e+000 2.88822630150054e-005 5041556 184
3.81294838390934e+005 1.69478246339291e+006 2.21296910992207e-001 4.94447298252777e-001 1.45267497436445e+000 4.57237492600858e+000 2.90566161755265e-005 5042817 185
3.81298991120433e+005 1.69478540567397e+006 2.21298871470687e-001 6.91850250033788e-001 1.56609704443495e+000 4.57983611409070e+000 2.91404654432656e-005 5051064 186
3.81291600465120e+005 1.69477086567775e+006 2.21296557926049e-001 3.40547840584642e-001 5.52680915402692e-001 4.58094203418897e+000 2.93498159576028e-005 5052283 187
3.81290500808510e+005 1.69476340956103e+006 2.21296882449738e-001 4.79624535137704e-001 1.43762234122745e+000 4.58809165612092e+000 2.95358896698960e-005 5060102 188
3.81297369309088e+005 1.69476906720036e+006 6.06187997491247e+000 9.70793017057282e-001 -1.51873398220771e+000 4.62536712568742e+000 2.95756329069509e-005 5102825 189
3.81287939634192e+005 1.69475339887784e+006 2.21296708931618e-001 3.23415416155781e-001 1.01212179433576e+000 4.65042653573852e+000 2.99544518443524e-005 5130340 190
3.81296259247246e+005 1.69475490206741e+006 6.06187880848116e+000 8.55982384408581e-001 -1.53541651829585e+000 4.67130284588205e+000 3.00069128012440e-005 5154100 191
3.81288843677422e+005 1.69475763574168e+006 2.21296681315175e-001 6.02884435124189e-001 1.52928041306803e+000 4.68722515222495e+000 3.01203201925417e-005 5171291 192
3.81295454607035e+005 1.69474860619982e+006 6.06187846485275e+000 9.09046122187392e-001 -1.52688349696341e+000 4.71244235547740e+000 3.01662635581018e-005 5198377 193
3.81299608185480e+005 1.69478003443891e+006 6.06188010329079e+000 8.88112989267487e-001 -1.53014330286569e+000 4.73447810223532e+000 3.02146297210706e-005 5223395 194
3.81299904168615e+005 1.69477188816440e+006 6.06187890772751e+000 7.44563153182657e-001 -1.55967330927457e+000 4.75869214343342e+000 3.02859676406448e-005 5250095 195
3.81287140275029e+005 1.69475160014906e+006 2.21296487268523e-001 3.22538329580924e-001 1.00339701971496e+000 4.77944102182950e+000 3.06649636686690e-005 5273630 196
3.81284316234230e+005 1.69473940646804e+006 2.21296441948877e-001 6.11596828434429e-001 1.53369073870052e+000 4.80022626973470e+000 3.07748663170589e-005 5296062 197
3.81299455078333e+005 1.69476707635353e+006 6.06187855193957e+000 7.93387639182996e-001 -1.54778460539567e+000 4.82632423971543e+000 3.08368886003576e-005 5324609 198
3.81295215971808e+005 1.69474883575813e+006 6.06187862788392e+000 8.97497815618450e-001 -1.52860927655873e+000 4.84235608116214e+000 3.08841460882850e-005 5341684 199
3.81295875189999e+005 1.69477683581489e+006 2.21298204348610e-001 5.47511036031588e-001 1.49620297082430e+000 4.86062487875828e+000 3.10240587432588e-005 5361425 200
3.81294263722373e+005 1.69474462353364e+006 6.06187863044314e+000 8.22916220536495e-001 -1.54155262352367e+000 4.89667853812597e+000 3.10812806855162e-005 5400786 201
3.81294307369509e+005 1.69478000886171e+006 2.21296922900165e-001 3.46424320636180e-001 5.24589058656575e-001 4.92415548812538e+000 3.12736369506821e-005 5430875 202
3.81301511250426e+005 1.69478514233814e+006 2.21300320093162e-001 3.18825329747366e-001 9.58334996948149e-001 4.98225053598983e+000 3.16508553125940e-005 5493945 203
3.81298882909847e+005 1.69477252930943e+006 6.06187956230123e+000 8.35195432584484e-001 -1.53925158406323e+000 5.00314262992230e+000 3.17062388560165e-005 5517181 204
3.81291873288721e+005 1.69477166537792e+006 2.21296610104207e-001 4.48838796360245e-001 1.40051807992798e+000 5.00697945156760e+000 3.19203331341359e-005 5521551 205
3.81293099658085e+005 1.69477490731301e+006 2.21296889227105e-001 4.16415829309720e-001 1.35008696508683e+000 5.06391576008191e+000 3.21703135381297e-005 5585909 206
3.81284209444483e+005 1.69473913030674e+006 2.21296416867072e-001 5.71455499525168e-001 1.51183086382641e+000 5.09616718910001e+000 3.22977852843470e-005 5621281 207
3.81292472144366e+005 1.69476730452114e+006 2.21297497451297e-001 6.82173061491206e-001 1.56283723853267e+000 5.14215652169320e+000 3.23842718983762e-005 5672292 208
3.81286966663997e+005 1.69474861574699e+006 2.21296766861038e-001 3.16574140871901e-001 9.19025572832423e-001 5.15132469599202e+000 3.27565417141561e-005 5682283 209
3.81297683822597e+005 1.69475991515061e+006 6.06187864184614e+000 9.72196355577052e-001 -1.51854222891934e+000 5.15347712571203e+000 3.27961584537432e-005 5684544 210
3.81298438497923e+005 1.69476653760936e+006 6.06187905480025e+000 8.97176217207669e-001 -1.52870515320292e+000 5.18387638942879e+000 3.28434534083087e-005 5718433 211
3.81290766845617e+005 1.69476605781179e+006 2.21296697242605e-001 3.80104445110666e-001 1.27137224021119e+000 5.18714218670601e+000 3.31426646213702e-005 5721871 212
3.81294945262940e+005 1.69477231914475e+006 2.21298252786631e-001 5.15877446898435e-001 1.47204205648976e+000 5.19742984682843e+000 3.33018148047316e-005 5733048 213
3.81292737938981e+005 1.69476704935127e+006 2.21297678969979e-001 6.31740583436964e-001 1.54299077318644e+000 5.24198728764841e+000 3.34041859297312e-005 5782514 214
3.81296652783067e+005 1.69478138458039e+006 2.21298066301785e-001 5.63590956570622e-001 1.50684527832881e+000 5.26517877140187e+000 3.35355634858207e-005 5808255 215
3.81299093919394e+005 1.69477442254808e+006 6.06187968301671e+000 7.75436600617602e-001 -1.55190730109561e+000 5.31669114573155e+000 3.36007940841117e-005 5865214 216
3.81284626191091e+005 1.69474082182815e+006 2.21296437190500e-001 3.28210156098329e-001 1.05296524475845e+000 5.37092080803673e+000 3.39765998793985e-005 5924844 217
3.81287028943843e+005 1.69475082609912e+006 2.21296522547533e-001 6.39809779925643e-001 1.54653820902127e+000 5.43122645570256e+000 3.40761612752657e-005 5990575 218
3.81299275964601e+005 1.69477418976595e+006 6.06187955136284e+000 9.62256041062013e-001 -1.51978862529374e+000 5.47395111947412e+000 3.41166865583204e-005 6039298 219
3.81289233665442e+005 1.69475529772191e+006 2.21297195765698e-001 3.93143798856864e-001 1.30329916272469e+000 5.50761360997977e+000 3.43970947648797e-005 6075888 220
3.81294690230152e+005 1.69477137911694e+006 2.21298228332182e-001 4.76291606153250e-001 1.43397902874844e+000 5.54597823170324e+000 3.45859516118731e-005 6117720 221
3.81290791400816e+005 1.69476834902702e+006 2.21296421527208e-001 9.06590279777794e-001 6.70657126071963e-002 5.54954357533470e+000 3.45890518945845e-005 6121706 222
3.81289993434377e+005 1.69476350957766e+006 2.21296584857981e-001 5.07632833094785e-001 1.46494718482009e+000 5.56324865468777e+000 3.47538240650222e-005 6137454 223
3.81286573540128e+005 1.69474844406760e+006 2.21296567763563e-001 5.83442349381539e-001 1.51882985885189e+000 5.57006272616026e+000 3.48756524628023e-005 6145016 224
3.81293586119258e+005 1.69477746829224e+006 2.21296838843040e-001 5.13012297420570e-001 2.11743568681906e-001 5.57523479034461e+000 3.49096783660063e-005 6150965 225
3.81290006128695e+005 1.69476346803977e+006 2.21296597235957e-001 4.69450330869370e-001 2.55079811853389e-001 5.58301588364121e+000 3.49593364185333e-005 6159357 226
3.81290104764500e+005 1.69476115324264e+006 2.21296945119336e-001 4.91348259021618e-001 1.44970279839473e+000 5.62161526893239e+000 3.51360549056933e-005 6202548 227
3.81292679878072e+005 1.69477028244204e+006 2.21297237843675e-001 3.20024014733003e-001 9.74729903103732e-001 5.67343126544403e+000 3.55144307791940e-005 6258411 228
3.81298338288014e+005 1.69478630247568e+006 2.21298391513662e-001 5.46721658114218e-001 1.49562771095920e+000 5.68839407204778e+000 3.56547821868640e-005 6275701 229
3.81286317694769e+005 1.69474830789760e+006 2.21296441278981e-001 6.35336638393875e-001 1.54462067613758e+000 5.71184496939377e+000 3.57558873452973e-005 6301584 230
3.81297724614371e+005 1.69475841479503e+006 6.06187842935439e+000 7.21232650291477e-001 -1.56619292107913e+000 5.73152338948829e+000 3.58324047548568e-005 6323910 231
3.81286599904769e+005 1.69474970801984e+006 2.21296422862560e-001 3.69579406212389e-001 1.24165048051393e+000 5.73660791456917e+000 3.61476228021826e-005 6329126 232
3.81288249724394e+005 1.69475359587254e+006 2.21296858195668e-001 3.30227455220499e-001 1.06753849467452e+000 5.74137196443597e+000 3.65214352433746e-005 6334021 233
3.81290764196479e+005 1.69476226004745e+006 2.21297175622406e-001 5.90049734912123e-001 1.52247317133091e+000 5.84235439221738e+000 3.66403042045873e-005 6448519 234
3.81287917154743e+005 1.69475393147708e+006 2.21296629009445e-001 6.03615340603236e-001 1.52966391964476e+000 5.86350314872719e+000 3.67534114989768e-005 6471991 235
3.81294302419575e+005 1.69477756935475e+006 2.21297228362318e-001 6.58842558600026e-001 1.55420834055605e+000 5.89880052342799e+000 3.68467694522710e-005 6511179 236
3.81290185130670e+005 1.69476280717971e+006 2.21296781271139e-001 6.34108717189076e-001 1.54404541627247e+000 5.91112062626316e+000 3.69483042928234e-005 6524592 237
3.81296883025950e+005 1.69475727992295e+006 6.06187875861195e+000 7.77278482424801e-001 -1.55142791787469e+000 5.91887102798416e+000 3.70131947165943e-005 6533370 238
3.81289897857649e+005 1.69476396575818e+006 2.21296473538941e-001 5.37921556146492e-001 1.48939572908719e+000 5.96919024434819e+000 3.71585760295691e-005 6589785 239
3.81297201624747e+005 1.69475928166526e+006 6.06187883261480e+000 8.29494369847918e-001 -1.54030622714927e+000 6.01732483946858e+000 3.72148022925218e-005 6642765 240
3.81286759594572e+005 1.69474922340826e+006 2.21296573782793e-001 5.32220493409925e-001 1.48517715674306e+000 6.03290026534557e+000 3.73635791605382e-005 6659408 241
3.81293926955945e+005 1.69474144951140e+006 6.06187841851437e+000 8.22389968591581e-001 -1.54164850016785e+000 6.03416178941168e+000 3.74208818507833e-005 6660642 242
3.81298125800581e+005 1.69476962892991e+006 6.06187962102813e+000 7.30617476642441e-001 -1.56350837504196e+000 6.14325046292558e+000 3.74952524081832e-005 6780036 243
3.81284099609998e+005 1.69473867251909e+006 2.21296413024974e-001 3.59697564135673e-001 1.20943592806787e+000 6.14371367659140e+000 3.78259822110049e-005 6780618 244
3.81298702296370e+005 1.69478264852985e+006 2.21299057640576e-001 3.22129022512658e-001 6.82402014984588e-001 6.14745553791797e+000 3.81102054452936e-005 6784991 245
3.81292017846730e+005 1.69476691404133e+006 2.21297291646092e-001 6.55831228026353e-001 1.55305782082583e+000 6.16988744651317e+000 3.82045071973633e-005 6810663 246
3.81296303471009e+005 1.69478228832325e+006 2.21297755929567e-001 4.72870968511310e-001 1.43014396298105e+000 6.18888098273627e+000 3.83962798954665e-005 6830721 247
3.81299697661494e+005 1.69477874959345e+006 6.06187989069168e+000 9.11560437035314e-001 -1.52659586703085e+000 6.24919360204728e+000 3.84419443516931e-005 6896326 248
3.81290710069480e+005 1.69476217392185e+006 2.21297156105747e-001 5.44031925951325e-001 1.49380605471969e+000 6.25103090659886e+000 3.85838071851050e-005 6898409 249
3.81293693331248e+005 1.69477884505619e+006 2.21296725095618e-001 5.37716902612359e-001 1.48920397579882e+000 6.32480269399945e+000 3.87293079768184e-005 6978964 250
3.81285075685825e+005 1.69474265399626e+006 2.21296458134647e-001 5.34354737408743e-001 1.48680705969420e+000 6.33939272172885e+000 3.88768011196532e-005 6994002 251
3.81294914868008e+005 1.69477931227424e+006 2.21297352100132e-001 3.36981021846893e-001 1.10953246482742e+000 6.35691209527542e+000 3.92422779052280e-005 7013390 252
3.81286536941679e+005 1.69474947831145e+006 2.21296416525660e-001 3.56832414657809e-001 1.19908125049593e+000 6.37643136107648e+000 3.95775427567312e-005 7034671 253
3.81287523235790e+005 1.69475075222536e+006 2.21296809490868e-001 3.25871258565379e-001 1.03426929914243e+000 6.39219606200301e+000 3.99551755777751e-005 7052400 254
3.81284188062781e+005 1.69473890689397e+006 2.21296433088137e-001 4.67257614432229e-001 1.42381610446486e+000 6.39649577672465e+000 4.01518729607643e-005 7057452 255
3.81292605226238e+005 1.69477383506142e+006 2.21296747027264e-001 3.17188101474300e-001 9.31393659932249e-001 6.40009647211415e+000 4.05260290258366e-005 7061018 256
3.81294020331937e+005 1.69474251368226e+006 6.06187850053949e+000 9.56204143695504e-001 -1.52045976180303e+000 6.40465595068795e+000 4.05671221247800e-005 7066222 257
3.81288256294044e+005 1.69475653105434e+006 2.21296491008033e-001 5.29618469904518e-001 1.48316374721519e+000 6.43906880933692e+000 4.07174855157326e-005 7103275 258
3.81296247555572e+005 1.69478213601257e+006 2.21297743771529e-001 6.14403505473969e-001 1.53493713507492e+000 6.44348902496713e+000 4.08262916303356e-005 7108252 259
3.81298317920231e+005 1.69478338823080e+006 2.21298748303060e-001 4.58896055751931e-001 1.41355730353710e+000 6.48472626753224e+000 4.10306385696648e-005 7154642 260
3.81296069147532e+005 1.69477787191339e+006 2.21298182362893e-001 5.97271081045108e-001 1.52630823709830e+000 6.48671922649345e+000 4.11463892373186e-005 7156818 261
3.81292398076883e+005 1.69477171836048e+006 2.21296898142473e-001 4.08902120985117e-001 3.45203857387005e-001 6.52874544457133e+000 4.12366260424128e-005 7202065 262
3.81294942016262e+005 1.69478629333111e+006 2.21296485263393e-001 6.46680291428684e-001 1.54931863170263e+000 6.53588758421332e+000 4.13338813569657e-005 7210509 263
3.81288895484514e+005 1.69475713825748e+006 2.21296773271409e-001 5.28507493576367e-001 1.48230085741752e+000 6.57876048771643e+000 4.14849294908057e-005 7257946 264
3.81298639141386e+005 1.69477310798800e+006 6.06187977232655e+000 8.60660179474482e-001 -1.53464950514237e+000 6.59529283794669e+000 4.15367637800968e-005 7275603 265
3.81301157296841e+005 1.69478024120590e+006 6.06187925940690e+000 8.41978235430040e-001 -1.53800518768883e+000 6.59538035642105e+000 4.15911683347018e-005 7275711 266
3.81293894455810e+005 1.69477072281458e+006 2.21297864334799e-001 3.83408137875958e-001 1.27990526154363e+000 6.60989835390609e+000 4.18854994385531e-005 7291770 267
3.81298550744288e+005 1.69477810259535e+006 6.06188045307084e+000 8.41422747265965e-001 -1.53810106433302e+000 6.61549401574475e+000 4.19399832121903e-005 7298102 268
3.81298678990089e+005 1.69478614327922e+006 2.21298602973020e-001 3.49172525237397e-001 1.16868835428938e+000 6.62894107578600e+000 4.22873135732644e-005 7312748 269
3.81296916255869e+005 1.69475956903861e+006 6.06187902919712e+000 7.34272004037676e-001 -1.56245373195593e+000 6.67874848738554e+000 4.23608716299505e-005 7367886 270
3.81293602134855e+005 1.69477329511699e+006 2.21297375137405e-001 6.28553835548319e-001 1.54155262352367e+000 6.70321812060204e+000 4.24643838223328e-005 7395718 271
3.81285309959894e+005 1.69474403756521e+006 2.21296414887425e-001 3.16457195995254e-001 9.16436903439436e-001 6.74425589039495e+000 4.28362192213223e-005 7440277 272
3.81292522811416e+005 1.69477182448070e+006 2.21296954787398e-001 4.34600757628409e-001 1.38009635471664e+000 6.76553145103751e+000 4.30651933562259e-005 7464439 273
3.81296489429971e+005 1.69475504664539e+006 6.06187869747297e+000 8.78698926697361e-001 -1.53158145252846e+000 6.77073523700973e+000 4.31147096883686e-005 7470125 274
3.81298444057658e+005 1.69478501447150e+006 2.21298613660897e-001 3.95716586143109e-001 1.30895588473159e+000 6.77897331487090e+000 4.33915468172714e-005 7479671 275
3.81297108583572e+005 1.69476508545022e+006 6.06187961822069e+000 8.40721078006080e-001 -1.53819694097720e+000 6.78435441081082e+000 4.34461308511601e-005 7485580 276
3.81289996198719e+005 1.69476240035185e+006 2.21296726566990e-001 3.58586587807522e-001 1.20540910901212e+000 6.79150238060986e+000 4.37786096253660e-005 7493469 277
3.81284182664964e+005 1.69473884723706e+006 2.21296437594605e-001 6.39283527980729e-001 1.54634645573290e+000 6.79855512475701e+000 4.38783509519406e-005 7501094 278
3.81292790071667e+005 1.69477340846210e+006 2.21296904743256e-001 6.73606849276775e-001 1.55976918591876e+000 6.82521062343965e+000 4.39672731115226e-005 7530989 279
3.81291615334235e+005 1.69476934753576e+006 2.21296758101263e-001 4.85851849819184e-001 1.44414195303201e+000 6.83482163084216e+000 4.41482943440765e-005 7541795 280
3.81299851112882e+005 1.69478458397510e+006 6.06188054171679e+000 8.61946573117604e-001 -1.53445775185400e+000 6.83840752584754e+000 4.41999582368083e-005 7545697 281
3.81293546505748e+005 1.69477709827852e+006 2.21296863348087e-001 6.52761425014355e-001 1.55181142445143e+000 6.86741490269648e+000 4.42952362218678e-005 7577723 282
3.81289336582095e+005 1.69475771271967e+006 2.21296948417220e-001 5.64701932898774e-001 1.50761229148228e+000 6.87210972758999e+000 4.44260522062488e-005 7582519 283
3.81295825329285e+005 1.69475040117110e+006 6.06187848345497e+000 7.47954554605435e-001 -1.55871454283273e+000 6.87600165316304e+000 4.44966796572253e-005 7586404 284
3.81293062805683e+005 1.69477033727713e+006 2.21297445975878e-001 4.81261763410769e-001 1.43934812082278e+000 6.89470095388632e+000 4.46814060053877e-005 7607270 285
3.81288748594876e+005 1.69475678818115e+006 2.21296735008311e-001 3.23210762621648e-001 1.01010838480789e+000 6.89963511443376e+000 4.50602746328224e-005 7612662 286
3.81286793775093e+005 1.69474912879481e+006 2.21296604934599e-001 3.89489271461629e-001 1.29486201803644e+000 6.92988377285757e+000 4.53458316848306e-005 7646445 287
3.81289154894220e+005 1.69475833005584e+006 2.21296768372449e-001 4.82226558643111e-001 1.44040276390881e+000 6.94155008323259e+000 4.55297714664462e-005 7659557 288
3.81288947313449e+005 1.69475551842410e+006 2.21297007055394e-001 3.14878440160512e-001 8.27271624347667e-001 6.94752817931529e+000 4.58785466618007e-005 7665764 289
3.81292440076369e+005 1.69476950306038e+006 2.21297201644301e-001 6.33494756586677e-001 1.54375778633992e+000 6.96568189868696e+000 4.59802973296500e-005 7685524 290
3.81293058349986e+005 1.69473775393612e+006 6.06187843937983e+000 7.81166899573331e-001 -1.55046915143284e+000 6.98573726857151e+000 4.60444780419261e-005 7707877 291
3.81290334706840e+005 1.69476459503908e+006 2.21296639371546e-001 4.32524986067916e-001 1.37693242545854e+000 7.01834839548114e+000 4.62757342092027e-005 7744245 292
3.81294048970832e+005 1.69477948500329e+006 2.21296843970004e-001 5.55726413616077e-001 1.50176381618702e+000 7.04328018461881e+000 4.64111909970403e-005 7771493 293
3.81294366280505e+005 1.69474527561633e+006 6.06187865523996e+000 9.07028823065223e-001 -1.52717112689596e+000 7.07335473545046e+000 4.64573600433970e-005 7804604 294
3.81285950565169e+005 1.69474623361308e+006 2.21296497186647e-001 3.92792964226921e-001 1.30253214957121e+000 7.07577983403599e+000 4.67382604023205e-005 7807461 295
3.81287667539307e+005 1.69475099719752e+006 2.21296859582208e-001 3.36016226614551e-001 1.10416337275307e+000 7.08133233922269e+000 4.71050630450152e-005 7813878 296
3.81290479505755e+005 1.69476695168809e+006 2.21296422919892e-001 3.33560384204953e-001 1.08939836954863e+000 7.09024328875280e+000 4.74750201641603e-005 7823682 297
3.81285455242918e+005 1.69474446114913e+006 2.21296442960395e-001 7.00855005535647e-001 1.56916509704886e+000 7.11188496246557e+000 4.75565183838736e-005 7847636 298
3.81289794838159e+005 1.69476031458688e+006 2.21296877025402e-001 6.36739976913645e-001 1.54519593600269e+000 7.11927027015664e+000 4.76571354632366e-005 7855553 299
3.81298979663169e+005 1.69477820770608e+006 6.06188022546290e+000 8.35780156967722e-001 -1.53915570741905e+000 7.12254341573743e+000 4.77124336311318e-005 7859693 300
